1,1
2,1
3,2
4,1
5,2
6,1
7,2
8,1
9,6
10,1
11,8
12,3
13,2
14,1
15,2
16,1
17,2
18,1
19,2
20,1
21,4892
22,47
23,4
24,1
25,10
26,5
27,2
28,1
29,2
30,1
31,44
32,7
33,2
34,1
35,2
36,1
37,4
38,1
39,2
40,9
41,12
42,11
43,2
44,1
45,2
46,1
47,2
48,3
49,4
50,1
51,4
52,367
53,4
54,5
55,2
56,1
57,2
58,1
59,12
60,1
61,12
62,4891
63,2
64,1
65,46
66,1
67,2
68,3
69,2
70,3
71,4
72,3
73,2
74,9
75,6
76,1
77,4
78,1
79,4
80,1
81,4
82,27
83,2
84,1
85,2
86,1
87,6
88,1
89,2
90,1
91,4
92,43
93,6
94,1
95,6
96,3
97,4
98,1
99,2
100,3
101,56
102,3
103,30
104,1
105,2
106,1
107,4
108,3
109,2
110,3
111,4
112,3
113,2
114,5
115,2
116,1
117,2
118,1
119,8
120,1
121,16
122,11
123,2
124,5
125,10
126,3
127,4
128,1
129,18
130,1
131,12
132,19
133,2
134,1
135,10
136,3
137,2
138,5
139,12
140,1
141,8
142,3
143,2
144,1
145,2
146,3
147,2
148,1
149,18
150,1
151,24
152,3
153,2
154,1
155,366
156,1
157,2
158,3
159,2
160,1
161,4
162,7
163,4
164,1
165,2
166,17
167,2
168,1
169,4
170,1
171,12
172,11
173,2
174,1
175,2
176,11
177,6
178,3
179,2
180,23
181,4
182,11
183,4
184,9
185,4890
186,1
187,4
188,1
189,2
190,1
191,24
192,3
193,2
194,45
195,14
196,1
197,6
198,1
199,2
200,1
201,8
202,3
203,2
204,5
205,274
206,1
207,10
208,5
209,2
210,3
211,24
212,3
213,2
214,1
215,2
216,1
217,2
218,1
219,6
220,1
221,8
222,3
223,2
224,5
225,6
226,1
227,2
228,1
229,8
230,3
231,4
232,7
233,6
234,1
235,2
236,3
237,2
238,5
239,4
240,1
241,20
242,3
243,44
244,9
245,26
246,7
247,16
248,1
249,2
250,3
251,220
252,3
253,2
254,1
255,6
256,3
257,2
258,1
259,4
260,5
261,4
262,1775
263,16
264,9
265,2
266,1
267,2
268,5
269,2
270,1
271,4
272,3
273,4
274,1
275,42
276,1
277,4
278,5
279,28
280,1
281,4
282,11
283,2
284,5
285,6
286,1
287,2
288,1
289,4
290,3
291,4
292,11
293,2
294,1
295,6
296,1
297,6
298,13
299,2
300,3
301,20
302,55
303,10
304,1
305,2
306,9
307,6
308,29
309,2
310,1
311,0
312,7
313,10
314,1
315,14
316,1
317,6
318,1
319,4
320,3
321,8
322,3
323,2
324,1
325,14
326,1
327,2
328,1
329,2
330,7
331,232
332,3
333,6
334,5
335,2
336,3
337,22
338,1
339,150
340,1
341,4
342,3
343,2
344,1
345,18
346,15
347,2
348,5
349,2
350,1
351,16
352,3
353,8
354,1
355,2
356,7
357,2
358,7
359,6
360,5
361,4
362,15
363,4
364,1
365,10
366,1
367,2
368,1
369,6
370,1
371,4
372,31
373,6
374,9
375,2
376,3
377,2
378,3
379,2
380,3
381,624
382,3
383,4
384,1
385,2
386,17
387,4
388,1
389,4
390,5
391,68
392,11
393,2
394,1
395,18
396,1
397,4
398,1
399,8
400,7
401,4
402,27
403,2
404,9
405,10
406,1
407,2
408,1
409,2
410,1
411,5512
412,6087
413,4
414,125
415,6
416,11
417,10
418,3
419,2
420,1
421,4
422,7
423,2
424,5
425,2
426,1
427,34
428,1
429,22
430,1
431,4
432,11
433,8
434,1
435,2
436,1
437,2
438,3
439,2
440,1
441,88
442,91
443,6
444,9
445,2
446,17
447,2
448,7
449,8
450,5
451,12
452,23
453,2
454,1
455,2
456,1
457,34
458,1
459,2
460,5
461,16
462,7
463,4
464,365
465,54
466,3
467,6
468,3967
469,2
470,1
471,36
472,23
473,2
474,5
475,2
476,1
477,2
478,1
479,6
480,1
481,4
482,3
483,10
484,1
485,6
486,3
487,8
488,3
489,2
490,3
491,16
492,11
493,18
494,1
495,2
496,1
497,16
498,1
499,28
500,1
501,76
502,11
503,2
504,1
505,6
506,3
507,26
508,1
509,4
510,3
511,4
512,11
513,4
514,5
515,10
516,11
517,2
518,1
519,4
520,1
521,104
522,3
523,2
524,1
525,2
526,49
527,10
528,1
529,236
530,5
531,8
532,19
533,2
534,1
535,6
536,1
537,4
538,1
539,22
540,1
541,4
542,3
543,4
544,5
545,10
546,1
547,2
548,3
549,2
550,9
551,8
552,3
553,2
554,4889
555,114
556,1
557,2
558,3
559,8
560,3
561,8
562,3
563,6
564,9
565,2
566,1
567,2
568,59
569,4
570,1
571,12
572,23
573,2
574,1
575,2
576,65
577,2
578,1
579,6
580,3
581,44
582,55
583,42
584,13
585,2
586,3
587,2
588,7
589,2
590,5
591,24
592,3
593,2
594,0
595,2
596,1
597,6
598,5
599,2
600,3
601,12
602,7
603,16
604,1
605,2
606,3
607,6
608,1
609,2
610,25
611,4
612,7
613,4
614,273
615,2
616,1
617,4
618,3
619,6
620,9
621,4
622,75
623,4
624,1
625,6
626,1
627,2
628,3
629,2
630,1
631,4
632,23
633,2
634,1
635,2
636,1
637,8
638,1
639,4
640,5
641,8
642,3
643,2
644,1
645,2
646,9
647,6
648,3
649,4
650,1
651,4
652,7
653,30
654,13
655,6
656,5
657,6
658,1
659,2
660,1
661,36
662,7
663,8
664,25
665,2
666,1
667,4
668,1
669,8
670,3
671,4
672,3
673,2
674,5
675,54
676,1
677,2
678,7
679,4
680,1
681,180
682,3
683,2
684,249
685,30
686,7
687,6
688,1
689,2
690,1
691,4
692,3
693,4
694,1
695,6
696,1
697,2
698,5
699,2
700,1
701,72
702,19
703,2
704,1
705,10
706,75
707,2
708,5
709,4
710,1
711,12
712,3
713,4
714,1
715,22
716,3
717,2
718,1
719,4
720,3
721,8
722,19
723,6
724,5
725,2
726,11
727,6
728,43
729,4
730,3
731,8
732,3
733,4
734,25
735,74
736,1
737,6
738,1
739,6
740,15
741,4
742,3
743,6
744,57
745,2
746,1
747,2
748,1
749,2
750,5
751,12
752,219
753,4
754,53
755,2
756,1
757,6
758,1
759,2
760,3
761,8
762,39
763,2
764,5
765,6
766,1
767,2
768,15
769,2
770,1
771,12
772,15
773,6
774,33
775,2
776,3
777,4
778,1
779,4
780,1
781,12
782,3
783,2
784,1
785,1774
786,1
787,2
788,15
789,6
790,3
791,8
792,403
793,52
794,1
795,2
796,15
797,10
798,1
799,2
800,1
801,8
802,15
803,4
804,1
805,274
806,1
807,4
808,1
809,8
810,5
811,4
812,3
813,8
814,1
815,2
816,1
817,2
818,3
819,14
820,1
821,136
822,15
823,6
824,41
825,6
826,1
827,4
828,3
829,2
830,3
831,4
832,55
833,4
834,13
835,46
836,27
837,2
838,3
839,2
840,5
841,8
842,3
843,2
844,1
845,10
846,7
847,4
848,1
849,4
850,1
851,4
852,59
853,2
854,5
855,2
856,3
857,96
858,11
859,2
860,1
861,20
862,163
863,10
864,1
865,14
866,3
867,6
868,5
869,2
870,1
871,8
872,3
873,2
874,1
875,10
876,7
877,4
878,1
879,2
880,3
881,12
882,3
883,4
884,5
885,6
886,1
887,4
888,1
889,130
890,5
891,16
892,3
893,12
894,5
895,14
896,1
897,2
898,1
899,2
900,1
901,0
902,19
903,2
904,1
905,54
906,9
907,32
908,9
909,4
910,1
911,4
912,3
913,6
914,1
915,2
916,7
917,8
918,1
919,12
920,5
921,4
922,63
923,28
924,221
925,6
926,1
927,6
928,5
929,4
930,1
931,44
932,0
933,4
934,1
935,6
936,29
937,2
938,9
939,2
940,1
941,56
942,411
943,4
944,13
945,2
946,1
947,4
948,1
949,2
950,5
951,4
952,39
953,2
954,1
955,218
956,3
957,2
958,9
959,2
960,1
961,4
962,7
963,2
964,5
965,2
966,1
967,2
968,1
969,12
970,1
971,276
972,363
973,2
974,13
975,34
976,1
977,14
978,3
979,2
980,1
981,8
982,3
983,8
984,5
985,2
986,1
987,4
988,1
989,6
990,1
991,4
992,231
993,2
994,5
995,2
996,3
997,2
998,5
999,16
1000,1
1001,4
1002,23
1003,4
1004,1
1005,2
1006,9
1007,2
1008,1
1009,4
1010,21
1011,8
1012,27
1013,4
1014,1
1015,38
1016,149
1017,22
1018,65
1019,4
1020,3
1021,108
1022,3
1023,2
1024,9
1025,2
1026,3
1027,2
1028,1
1029,2
1030,1
1031,4
1032,3
1033,2
1034,17
1035,2
1036,11
1037,14
1038,17
1039,6
1040,1
1041,12
1042,15
1043,4
1044,13
1045,6
1046,1
1047,2
1048,3
1049,2
1050,15
1051,4
1052,15
1053,2
1054,153
1055,2
1056,1
1057,4
1058,7
1059,10
1060,3
1061,16
1062,3
1063,10
1064,1
1065,10
1066,5
1067,6
1068,1
1069,18
1070,1
1071,4
1072,127
1073,6
1074,1
1075,18
1076,5
1077,2
1078,289
1079,4
1080,3
1081,8
1082,3
1083,2
1084,1
1085,14
1086,1
1087,4
1088,3
1089,4
1090,5
1091,12
1092,7
1093,2
1094,9
1095,2
1096,17
1097,4
1098,3
1099,2
1100,1
1101,120
1102,3
1103,2
1104,45
1105,2
1106,5
1107,4
1108,1
1109,6
1110,1
1111,12
1112,3
1113,8
1114,29
1115,30
1116,1
1117,4
1118,5
1119,2
1120,1
1121,8
1122,7
1123,2
1124,1
1125,6
1126,3
1127,2
1128,7
1129,10
1130,1
1131,4
1132,11
1133,2
1134,13
1135,2
1136,1
1137,20
1138,1
1139,2
1140,81
1141,4
1142,623
1143,6
1144,29
1145,2
1146,21
1147,4
1148,3
1149,2
1150,1
1151,12
1152,3
1153,20
1154,1
1155,2
1156,1
1157,16
1158,3
1159,2
1160,3
1161,140
1162,7
1163,2
1164,1
1165,6
1166,3
1167,2
1168,13
1169,4
1170,7
1171,4
1172,67
1173,10
1174,5
1175,10
1176,1
1177,2
1178,1
1179,2
1180,1
1181,4
1182,127
1183,4
1184,17
1185,18
1186,1
1187,6
1188,3
1189,4
1190,3
1191,4
1192,35
1193,2
1194,1
1195,90
1196,7
1197,14
1198,1
1199,6
1200,13
1201,4
1202,3
1203,8
1204,9
1205,26
1206,1
1207,2
1208,1
1209,8
1210,9
1211,8
1212,7
1213,4
1214,9
1215,6
1216,9
1217,2
1218,5
1219,6
1220,1
1221,12
1222,19
1223,2
1224,1
1225,14
1226,1
1227,4
1228,5
1229,2
1230,149
1231,120
1232,5511
1233,2
1234,1
1235,6086
1236,3
1237,20
1238,3
1239,10
1240,1
1241,124
1242,3
1243,6
1244,5
1245,38
1246,3
1247,10
1248,5
1249,48
1250,9
1251,8
1252,3
1253,2
1254,1
1255,18
1256,1
1257,8
1258,17
1259,4
1260,1
1261,4
1262,3
1263,8
1264,5
1265,6
1266,1
1267,2
1268,1
1269,18
1270,5
1271,4
1272,987
1273,6
1274,1
1275,2
1276,3
1277,2
1278,1
1279,8
1280,33
1281,8
1282,7
1283,6
1284,1
1285,6
1286,21
1287,2
1288,1
1289,2
1290,9
1291,128
1292,3
1293,2
1294,1
1295,10
1296,5
1297,12
1298,7
1299,6
1300,5
1301,4
1302,3
1303,4
1304,1
1305,86
1306,1
1307,6
1308,1
1309,2
1310,1
1311,244
1312,7
1313,2
1314,141
1315,2
1316,1
1317,4
1318,3
1319,2
1320,23
1321,4
1322,87
1323,2
1324,5
1325,90
1326,5
1327,2
1328,5
1329,4
1330,1
1331,8
1332,3
1333,14
1334,1
1335,2
1336,1
1337,16
1338,1
1339,16
1340,1
1341,12
1342,71
1343,6
1344,73
1345,2
1346,7
1347,2
1348,3
1349,4
1350,1
1351,4
1352,11
1353,6
1354,5
1355,22
1356,3
1357,8
1358,1
1359,2
1360,1
1361,12
1362,3
1363,2
1364,1
1365,2
1366,7
1367,12
1368,3
1369,4
1370,33
1371,740
1372,19
1373,48
1374,7097
1375,158
1376,1
1377,4
1378,1
1379,4
1380,1
1381,4
1382,15
1383,8
1384,29
1385,6
1386,1
1387,2
1388,3
1389,2
1390,3
1391,364
1392,3
1393,46
1394,53
1395,54
1396,5
1397,2
1398,27
1399,4
1400,5
1401,12
1402,7
1403,3966
1404,1
1405,2
1406,1
1407,2
1408,7
1409,4
1410,1
1411,8
1412,35
1413,2
1414,1
1415,22
1416,3
1417,8
1418,1
1419,8
1420,1
1421,4
1422,23
1423,4
1424,1
1425,2
1426,5
1427,4
1428,1
1429,142
1430,1
1431,8
1432,3
1433,2
1434,205
1435,2
1436,5
1437,24
1438,5
1439,8
1440,3
1441,4
1442,3
1443,2
1444,5
1445,2
1446,1
1447,4
1448,9
1449,2
1450,1
1451,16
1452,3
1453,20
1454,5
1455,3058
1456,5
1457,2
1458,1
1459,2
1460,7
1461,8
1462,3
1463,2
1464,1
1465,6
1466,1
1467,4
1468,3
1469,2
1470,1
1471,28
1472,15
1473,20
1474,1
1475,10
1476,3
1477,8
1478,17
1479,4
1480,11
1481,4
1482,11
1483,8
1484,1
1485,22
1486,1
1487,6
1488,1
1489,2
1490,15
1491,32
1492,7
1493,22
1494,1
1495,2
1496,27
1497,2
1498,1
1499,2
1500,3
1501,32
1502,75
1503,2
1504,0
1505,10
1506,1
1507,4
1508,1
1509,2
1510,9
1511,8
1512,19
1513,2
1514,5
1515,266
1516,1
1517,2
1518,3
1519,14
1520,25
1521,100
1522,3
1523,4
1524,0
1525,2
1526,3
1527,16
1528,1
1529,2
1530,5
1531,0
1532,3
1533,4
1534,17
1535,10
1536,5
1537,2
1538,3
1539,8
1540,19
1541,4
1542,3
1543,2
1544,9
1545,2
1546,1
1547,10
1548,1
1549,4
1550,1
1551,4
1552,27
1553,4
1554,9
1555,10
1556,3
1557,2
1558,1
1559,6
1560,1
1561,80
1562,103
1563,12
1564,1
1565,2
1566,5
1567,12
1568,1
1569,26
1570,5
1571,104
1572,7
1573,2
1574,1
1575,574
1576,5
1577,48
1578,1
1579,2
1580,9
1581,4
1582,3
1583,2
1584,1
1585,6
1586,235
1587,12
1588,3
1589,4
1590,5
1591,4
1592,7
1593,4
1594,105
1595,18
1596,1
1597,2
1598,1
1599,2
1600,1
1601,4
1602,439
1603,2
1604,5
1605,22
1606,1
1607,4
1608,3
1609,18
1610,3
1611,372
1612,11
1613,12
1614,9
1615,250
1616,21
1617,2
1618,25
1619,12
1620,5
1621,12
1622,3
1623,8
1624,1
1625,2
1626,1
1627,2
1628,3
1629,2
1630,1
1631,4
1632,7
1633,4
1634,9
1635,6
1636,3
1637,24
1638,23
1639,2
1640,1
1641,96
1642,143
1643,2
1644,1
1645,22
1646,1
1647,12
1648,1
1649,8
1650,3
1651,4
1652,7
1653,4
1654,0
1655,2
1656,1
1657,4
1658,1
1659,4
1660,11
1661,4888
1662,35
1663,10
1664,113
1665,382
1666,7
1667,10
1668,1
1669,2
1670,1
1671,8
1672,3
1673,2
1674,1
1675,6
1676,7
1677,16
1678,3
1679,2
1680,1
1681,60
1682,7
1683,12
1684,1
1685,2
1686,9
1687,4
1688,5
1689,4
1690,7
1691,8
1692,11
1693,2
1694,1
1695,10
1696,1
1697,2
1698,3
1699,2
1700,1
1701,16
1702,31
1703,58
1704,5
1705,14
1706,3
1707,2
1708,3
1709,2
1710,5
1711,32
1712,11
1713,2
1714,13
1715,22
1716,1
1717,6
1718,1
1719,2
1720,5
1721,4
1722,23
1723,16
1724,1
1725,14
1726,3
1727,64
1728,3
1729,4
1730,1
1731,4
1732,3
1733,4
1734,5
1735,6
1736,5
1737,2
1738,203
1739,2
1740,13
1741,12
1742,43
1743,2
1744,1
1745,54
1746,1
1747,6
1748,41
1749,2
1750,3
1751,12
1752,7
1753,2
1754,1
1755,2
1756,19
1757,2
1758,1
1759,168
1760,1
1761,4
1762,35
1763,6
1764,5
1765,2
1766,1
1767,294
1768,1
1769,4
1770,1
1771,8
1772,23
1773,4
1774,9
1775,2
1776,3
1777,6
1778,1
1779,2
1780,13
1781,0
1782,7
1783,4
1784,1
1785,2
1786,5
1787,10
1788,5
1789,2
1790,5
1791,4
1792,3
1793,4
1794,1
1795,6
1796,1
1797,4
1798,1
1799,2
1800,1
1801,24
1802,11
1803,2
1804,69
1805,6
1806,1
1807,32
1808,15
1809,30
1810,3
1811,96
1812,43
1813,8
1814,1
1815,154
1816,3
1817,2
1818,23
1819,4
1820,5
1821,8
1822,31
1823,6
1824,1
1825,2
1826,1
1827,68
1828,1
1829,24
1830,5
1831,72
1832,3
1833,2
1834,1
1835,6
1836,1
1837,2
1838,3
1839,2
1840,1
1841,272
1842,119
1843,6
1844,1
1845,6
1846,119
1847,2
1848,11
1849,4
1850,3
1851,12
1852,3
1853,2
1854,13
1855,2
1856,5
1857,4
1858,1
1859,8
1860,3
1861,8
1862,3
1863,2
1864,1
1865,74
1866,5
1867,10
1868,3
1869,56
1870,83
1871,60
1872,11
1873,4
1874,5
1875,2
1876,19
1877,2
1878,5
1879,6
1880,1
1881,692
1882,19
1883,2
1884,1
1885,214
1886,1
1887,2
1888,5
1889,326
1890,1
1891,8
1892,3
1893,2
1894,9
1895,22
1896,7
1897,460
1898,1
1899,16
1900,3
1901,4
1902,3
1903,2
1904,1
1905,6
1906,1
1907,2
1908,3
1909,4
1910,7
1911,16
1912,71
1913,12
1914,1
1915,2
1916,3
1917,20
1918,7
1919,4
1920,3
1921,20
1922,7
1923,4
1924,37
1925,2
1926,5
1927,6
1928,1
1929,14
1930,5
1931,4
1932,15
1933,2
1934,1
1935,18
1936,1
1937,8
1938,1
1939,4
1940,5
1941,4
1942,7
1943,2
1944,125
1945,6
1946,3
1947,2
1948,1
1949,516
1950,1
1951,4
1952,3
1953,2
1954,1
1955,6
1956,1
1957,2
1958,29
1959,2
1960,1
1961,12
1962,183
1963,14
1964,5
1965,2
1966,1
1967,4
1968,1
1969,6
1970,5
1971,904
1972,3
1973,4
1974,5
1975,18
1976,1
1977,2
1978,5
1979,2
1980,1
1981,976
1982,35
1983,4
1984,17
1985,6
1986,3
1987,4
1988,7
1989,10
1990,3
1991,24
1992,7
1993,6
1994,1
1995,10
1996,1
1997,4
1998,11
1999,2
2000,3
2001,16
2002,991
2003,6
2004,1
2005,2
2006,7
2007,2
2008,33
2009,2
2010,1
2011,36
2012,3
2013,26
2014,33
2015,2
2016,1
2017,2
2018,1
2019,6
2020,11
2021,4
2022,3
2023,28
2024,53
2025,6
2026,7
2027,4
2028,83
2029,2
2030,1
2031,4
2032,3
2033,6
2034,1
2035,2
2036,3
2037,2
2038,1
2039,42
2040,9
2041,172
2042,179
2043,4
2044,1
2045,2
2046,3
2047,12
2048,1
2049,22
2050,3
2051,248
2052,7
2053,6
2054,29
2055,6
2056,33
2057,6
2058,1
2059,4
2060,5
2061,12
2062,3
2063,12
2064,45
2065,122
2066,1
2067,130
2068,1
2069,2
2070,15
2071,4
2072,3
2073,4
2074,1
2075,2
2076,3
2077,4
2078,3
2079,2224
2080,5
2081,24
2082,23
2083,2
2084,5
2085,22
2086,1
2087,4
2088,1
2089,2
2090,1
2091,476
2092,7
2093,4
2094,49
2095,22
2096,1
2097,2
2098,3
2099,6
2100,1
2101,4
2102,71
2103,6
2104,1
2105,18
2106,1
2107,2
2108,1
2109,10
2110,1
2111,12
2112,83
2113,2
2114,9
2115,2
2116,3
2117,74
2118,1
2119,10
2120,1
2121,4
2122,11
2123,4
2124,17
2125,2
2126,3
2127,2
2128,39
2129,2
2130,1
2131,12
2132,11
2133,8
2134,93
2135,2
2136,53
2137,6
2138,3
2139,4
2140,35
2141,12
2142,11
2143,4
2144,21
2145,2
2146,5
2147,2
2148,7
2149,14
2150,1
2151,28
2152,27
2153,2
2154,21
2155,2
2156,3
2157,16
2158,1
2159,2
2160,23
2161,16
2162,7
2163,2
2164,1
2165,18
2166,11
2167,14
2168,5
2169,4
2170,63
2171,4
2172,3
2173,2
2174,1
2175,2
2176,9
2177,10
2178,17
2179,4
2180,5
2181,12
2182,3
2183,42
2184,1
2185,2
2186,3
2187,54
2188,1
2189,2
2190,1
2191,4
2192,7
2193,102
2194,1
2195,2
2196,21
2197,4
2198,3
2199,16
2200,1
2201,24
2202,3
2203,4
2204,73
2205,2
2206,5
2207,16
2208,5
2209,4
2210,5
2211,4
2212,35
2213,2
2214,9
2215,18
2216,5
2217,2
2218,1
2219,14
2220,1
2221,52
2222,3
2223,4
2224,29
2225,2
2226,3
2227,4
2228,5
2229,12
2230,1
2231,56
2232,3
2233,14
2234,1
2235,222
2236,5
2237,2
2238,3
2239,2
2240,1
2241,12
2242,3
2243,2
2244,9
2245,2
2246,1
2247,2
2248,4297
2249,4
2250,3
2251,12
2252,11
2253,4
2254,1
2255,218
2256,3
2257,6
2258,3
2259,2
2260,1
2261,52
2262,19
2263,4
2264,1
2265,18
2266,3
2267,2
2268,1
2269,8
2270,5
2271,228
2272,3
2273,4
2274,13
2275,58
2276,1
2277,6
2278,1
2279,2
2280,3
2281,4
2282,7
2283,2
2284,5
2285,38
2286,1
2287,16
2288,1
2289,4
2290,1
2291,4
2292,3
2293,4
2294,5
2295,22
2296,3
2297,8
2298,7
2299,6
2300,1
2301,28
2302,3
2303,14
2304,1
2305,6
2306,1
2307,2
2308,3
2309,8
2310,2541
2311,20
2312,11
2313,144
2314,5
2315,14
2316,1
2317,2
2318,5
2319,6
2320,1
2321,32
2322,27
2323,2
2324,1
2325,2
2326,1
2327,2
2328,1
2329,4
2330,3
2331,32
2332,23
2333,4
2334,1
2335,2
2336,3
2337,4
2338,1
2339,24
2340,1
2341,36
2342,11
2343,4
2344,25
2345,2
2346,5
2347,12
2348,1
2349,6
2350,11
2351,4
2352,19
2353,10
2354,1773
2355,2
2356,3
2357,8
2358,33
2359,2
2360,1
2361,76
2362,3
2363,14
2364,57
2365,6
2366,5
2367,6
2368,1
2369,2
2370,1
2371,536
2372,7
2373,4
2374,1
2375,402
2376,1
2377,4
2378,51
2379,2
2380,17
2381,20
2382,3
2383,20
2384,1
2385,270
2386,67
2387,14
2388,5
2389,4
2390,9
2391,52
2392,23
2393,4
2394,65
2395,10
2396,1
2397,2
2398,1
2399,2
2400,9
2401,20
2402,7
2403,16
2404,1
2405,14
2406,41
2407,20
2408,3
2409,4
2410,1
2411,144
2412,3
2413,2
2414,273
2415,10
2416,1
2417,4
2418,1
2419,2
2420,3
2421,8
2422,3
2423,2
2424,5
2425,2
2426,7
2427,2
2428,1
2429,4
2430,7
2431,4
2432,3
2433,2
2434,5
2435,2
2436,1
2437,2
2438,7
2439,8
2440,3
2441,8
2442,3
2443,28
2444,1
2445,18
2446,3
2447,6
2448,3
2449,2
2450,1
2451,4
2452,3
2453,2
2454,169
2455,2
2456,13
2457,2
2458,7
2459,6
2460,5
2461,64
2462,135
2463,8
2464,21
2465,14
2466,3
2467,8
2468,5
2469,46
2470,7
2471,40
2472,11
2473,4
2474,5
2475,2
2476,9
2477,4
2478,1
2479,2
2480,3
2481,36
2482,15
2483,2
2484,1
2485,26
2486,1
2487,10
2488,9
2489,2
2490,3
2491,4
2492,3
2493,2
2494,1
2495,54
2496,1
2497,2
2498,3
2499,8
2500,1
2501,12
2502,7
2503,10
2504,45
2505,2
2506,1
2507,26
2508,1
2509,20
2510,1
2511,4
2512,1123
2513,2
2514,1
2515,66
2516,1
2517,34
2518,5
2519,4
2520,1
2521,4
2522,7
2523,44
2524,21
2525,2
2526,1
2527,2
2528,1
2529,6
2530,1
2531,24
2532,3
2533,4
2534,9
2535,2
2536,1
2537,6
2538,9
2539,4
2540,3
2541,632
2542,35
2543,6
2544,9
2545,2
2546,3
2547,22
2548,1
2549,2
2550,1
2551,12
2552,3
2553,2
2554,49
2555,58
2556,29
2557,300
2558,1
2559,2
2560,15
2561,4
2562,7
2563,2
2564,1
2565,2
2566,5
2567,2
2568,1
2569,2
2570,95
2571,72
2572,3
2573,10
2574,5153
2575,174
2576,1
2577,2
2578,3
2579,12
2580,9
2581,4
2582,19
2583,68
2584,5
2585,162
2586,1
2587,2
2588,9
2589,2
2590,5
2591,12
2592,7
2593,2
2594,13
2595,6
2596,3
2597,2
2598,1
2599,6
2600,5
2601,8
2602,3
2603,4
2604,17
2605,6
2606,1
2607,2
2608,1
2609,6
2610,1
2611,8
2612,7
2613,10
2614,1
2615,2
2616,3
2617,2
2618,1
2619,2
2620,5
2621,8
2622,15
2623,2
2624,9
2625,22
2626,1
2627,6
2628,1
2629,4
2630,3
2631,8
2632,15
2633,22
2634,1
2635,6
2636,1
2637,4
2638,21
2639,2
2640,1
2641,4
2642,11
2643,4
2644,609
2645,2
2646,1
2647,2
2648,3
2649,6
2650,1
2651,4
2652,7
2653,2
2654,5
2655,10
2656,3
2657,2
2658,11
2659,8
2660,3
2661,0
2662,3
2663,8
2664,13
2665,2
2666,129
2667,8
2668,35
2669,4
2670,1
2671,260
2672,15
2673,14
2674,5
2675,2
2676,7
2677,12
2678,11
2679,2
2680,1
2681,4
2682,1183
2683,6
2684,13
2685,26
2686,5
2687,2
2688,19
2689,2
2690,1
2691,20
2692,3
2693,16
2694,1
2695,2
2696,1
2697,4
2698,1
2699,4
2700,9
2701,44
2702,0
2703,6
2704,1
2705,18
2706,1
2707,2
2708,1
2709,4
2710,7
2711,48
2712,11
2713,2
2714,53
2715,10
2716,1
2717,8
2718,17
2719,6
2720,31
2721,4
2722,15
2723,8
2724,1
2725,46
2726,3
2727,6
2728,3
2729,6
2730,5
2731,4
2732,3
2733,2
2734,17
2735,2
2736,3
2737,4
2738,5
2739,12
2740,1
2741,44
2742,3
2743,2
2744,1
2745,186
2746,1
2747,6
2748,1
2749,8
2750,7
2751,4
2752,23
2753,4
2754,9
2755,10
2756,11
2757,2
2758,1
2759,4
2760,3
2761,32
2762,3
2763,8
2764,1
2765,62
2766,1
2767,28
2768,27
2769,2
2770,9
2771,220
2772,3
2773,2
2774,5
2775,2
2776,15
2777,2
2778,15
2779,46
2780,5
2781,4
2782,7
2783,4
2784,5
2785,22
2786,3
2787,14
2788,1
2789,2
2790,1
2791,20
2792,43
2793,20
2794,1081
2795,0
2796,1
2797,2
2798,3
2799,6
2800,21
2801,20
2802,3
2803,6
2804,5
2805,58
2806,9
2807,28
2808,1
2809,4
2810,1
2811,4
2812,15
2813,8
2814,5
2815,22
2816,1
2817,2
2818,7
2819,2
2820,7
2821,4
2822,55
2823,10
2824,21
2825,410
2826,3
2827,2
2828,3
2829,2
2830,11
2831,12
2832,31
2833,4
2834,1
2835,10
2836,19
2837,10
2838,1
2839,6
2840,3
2841,4
2842,7
2843,2
2844,9
2845,2
2846,1
2847,4
2848,1
2849,4
2850,11
2851,4
2852,3
2853,2
2854,5
2855,38
2856,29
2857,20
2858,1
2859,6
2860,7
2861,4
2862,3
2863,2
2864,217
2865,6
2866,1
2867,2
2868,21
2869,38
2870,1
2871,1168
2872,0
2873,8
2874,5
2875,38
2876,1
2877,2
2878,25
2879,4
2880,3
2881,8
2882,3
2883,2
2884,13
2885,6
2886,5
2887,14
2888,1
2889,2
2890,1
2891,4
2892,11
2893,4
2894,1
2895,170
2896,3
2897,18
2898,1
2899,8
2900,1
2901,8
2902,3
2903,6
2904,9
2905,2
2906,11
2907,10
2908,5
2909,2
2910,9
2911,4
2912,275
2913,6
2914,1
2915,362
2916,1
2917,2
2918,1
2919,2
2920,11
2921,12
2922,15
2923,4
2924,33
2925,2
2926,3
2927,2
2928,1
2929,2
2930,13
2931,208
2932,3
2933,2
2934,5
2935,654
2936,1
2937,4
2938,11
2939,4
2940,1
2941,4
2942,7
2943,6
2944,1
2945,2
2946,1
2947,0
2948,7
2949,4
2950,1
2951,4
2952,3
2953,2
2954,1
2955,2
2956,1
2957,8
2958,7
2959,2
2960,3
2961,20
2962,11
2963,4
2964,157
2965,2
2966,5
2967,2
2968,11
2969,2
2970,3
2971,8
2972,3
2973,6
2974,57
2975,230
2976,163
2977,16
2978,1
2979,4
2980,3
2981,4
2982,7
2983,6
2984,1
2985,2
2986,21
2987,2
2988,1
2989,4
2990,1
2991,12
2992,27
2993,4
2994,9
2995,2
2996,15
2997,8
2998,3
2999,2
3000,1
3001,16
3002,3
3003,4
3004,1
3005,22
3006,9
3007,2
3008,3
3009,2
3010,1
3011,4
3012,11
3013,6
3014,1
3015,306
3016,25
3017,8
3018,23
3019,16
3020,1
3021,3544
3022,303
3023,6
3024,53
3025,42
3026,3
3027,2
3028,313
3029,20
3030,27
3031,4
3032,7
3033,10
3034,41
3035,26
3036,17
3037,2
3038,3
3039,4
3040,3
3041,12
3042,35
3043,12
3044,37
3045,50
3046,1
3047,148
3048,39
3049,2
3050,21
3051,8
3052,7
3053,64
3054,1
3055,302
3056,3
3057,2
3058,1
3059,2
3060,13
3061,4
3062,107
3063,4
3064,5
3065,2
3066,5
3067,24
3068,1
3069,2
3070,1
3071,8
3072,31
3073,2
3074,1
3075,6
3076,1
3077,2
3078,3
3079,6
3080,1
3081,4
3082,23
3083,2
3084,9
3085,30
3086,1
3087,2
3088,49
3089,4
3090,3
3091,16
3092,3
3093,10
3094,1
3095,2
3096,3
3097,8
3098,1
3099,4
3100,9
3101,16
3102,11
3103,24
3104,1
3105,2
3106,15
3107,10
3108,1
3109,4
3110,13
3111,36
3112,3
3113,16
3114,1
3115,2
3116,5
3117,18
3118,5
3119,16
3120,17
3121,4
3122,11
3123,6
3124,1
3125,14
3126,1
3127,4
3128,3
3129,14
3130,31
3131,12
3132,3
3133,4
3134,5
3135,2
3136,3
3137,2
3138,1
3139,14
3140,1
3141,24
3142,15
3143,2
3144,1
3145,66
3146,1
3147,2
3148,11
3149,14
3150,3
3151,4
3152,3
3153,36
3154,1
3155,14
3156,1
3157,2
3158,1
3159,4
3160,1
3161,152
3162,3
3163,2
3164,1
3165,22
3166,1
3167,2
3168,3
3169,2
3170,3
3171,28
3172,19
3173,6
3174,1
3175,2
3176,9
3177,4
3178,1
3179,2
3180,1
3181,8
3182,15
3183,2
3184,1
3185,2
3186,7
3187,4
3188,9
3189,2
3190,3
3191,92
3192,3
3193,10
3194,9
3195,2
3196,1
3197,4
3198,187
3199,16
3200,5
3201,108
3202,3
3203,6
3204,9
3205,14
3206,17
3207,2
3208,1
3209,6
3210,1
3211,32
3212,3
3213,4
3214,0
3215,126
3216,5
3217,2
3218,5
3219,26
3220,3
3221,4
3222,3
3223,36
3224,17
3225,2
3226,1
3227,4
3228,5
3229,4
3230,1
3231,28
3232,3
3233,288
3234,293
3235,10
3236,3
3237,2
3238,45
3239,2
3240,1
3241,16
3242,7
3243,4
3244,13
3245,2
3246,3
3247,8
3248,1
3249,4
3250,1
3251,212
3252,7
3253,6
3254,13
3255,10
3256,1
3257,6
3258,5
3259,2
3260,3
3261,4
3262,7
3263,2
3264,1
3265,38
3266,3
3267,2
3268,1
3269,4
3270,11
3271,60
3272,11
3273,2
3274,5
3275,6
3276,5
3277,6
3278,1
3279,18
3280,1
3281,8
3282,367
3283,4
3284,1
3285,0
3286,1
3287,16
3288,0
3289,4
3290,3
3291,8
3292,31
3293,2
3294,13
3295,10
3296,1
3297,2
3298,5
3299,10
3300,3
3301,4
3302,119
3303,2
3304,5
3305,2
3306,5
3307,2
3308,1
3309,8
3310,1
3311,44
3312,31
3313,18
3314,1
3315,22
3316,3
3317,4
3318,5
3319,2
3320,3
3321,372
3322,3
3323,16
3324,81
3325,2
3326,5
3327,6
3328,11
3329,12
3330,3
3331,8
3332,11
3333,6
3334,9
3335,2
3336,1
3337,2
3338,7
3339,2
3340,25
3341,28
3342,43
3343,6
3344,29
3345,18
3346,1
3347,2
3348,5
3349,2
3350,3
3351,40
3352,7
3353,4
3354,1
3355,78
3356,1
3357,6
3358,17
3359,4
3360,1
3361,4
3362,7
3363,8
3364,1
3365,6
3366,7
3367,16
3368,1
3369,16
3370,3
3371,24
3372,23
3373,6
3374,5
3375,38
3376,3
3377,2
3378,1
3379,28
3380,1
3381,4
3382,7
3383,6
3384,1
3385,6
3386,9
3387,10
3388,1
3389,2
3390,1
3391,12
3392,3
3393,14
3394,1
3395,10
3396,5
3397,10
3398,1
3399,12
3400,15
3401,12
3402,3
3403,12
3404,1
3405,18
3406,5
3407,10
3408,1
3409,2
3410,19
3411,4
3412,3
3413,2
3414,9
3415,30
3416,1
3417,14
3418,1
3419,80
3420,1
3421,64
3422,3
3423,2
3424,1
3425,622
3426,3
3427,2
3428,5
3429,10
3430,1
3431,28
3432,7
3433,2
3434,1
3435,2
3436,9
3437,20
3438,1
3439,12
3440,3
3441,204
3442,3
3443,2
3444,1
3445,14
3446,1
3447,2
3448,1
3449,4
3450,7
3451,8
3452,11
3453,16
3454,33
3455,2
3456,9
3457,4
3458,19
3459,4
3460,3
3461,12
3462,11
3463,4
3464,1
3465,2
3466,17
3467,42
3468,11
3469,4
3470,15
3471,8
3472,19
3473,2
3474,5
3475,2
3476,1
3477,12
3478,1
3479,2
3480,17
3481,4
3482,139
3483,10
3484,3797
3485,6
3486,1
3487,2
3488,1
3489,2
3490,5
3491,120
3492,7
3493,14
3494,5
3495,6
3496,1
3497,2
3498,3
3499,6
3500,1
3501,4
3502,3
3503,12
3504,5
3505,2
3506,3
3507,8
3508,5
3509,6
3510,1
3511,300
3512,3
3513,24
3514,13
3515,66
3516,7
3517,2
3518,9
3519,2
3520,1
3521,4
3522,7
3523,10
3524,9
3525,2
3526,3
3527,46
3528,7
3529,40
3530,1
3531,108
3532,27
3533,2
3534,1
3535,10
3536,1
3537,4
3538,1
3539,2
3540,83
3541,40
3542,3
3543,2
3544,1
3545,126
3546,7
3547,6
3548,3
3549,10
3550,7
3551,16
3552,3
3553,2
3554,17
3555,2
3556,1
3557,2
3558,3
3559,2
3560,5
3561,12
3562,19
3563,2
3564,1
3565,6
3566,3
3567,2
3568,3
3569,2
3570,1
3571,12
3572,3
3573,8
3574,57
3575,34
3576,7
3577,2
3578,1
3579,4
3580,1
3581,4
3582,95
3583,4
3584,89
3585,2
3586,9
3587,6
3588,5
3589,2
3590,13
3591,16
3592,23
3593,4
3594,1
3595,10
3596,5
3597,2
3598,5
3599,12
3600,1
3601,8
3602,3
3603,2
3604,57
3605,2
3606,5
3607,6
3608,7
3609,8
3610,5
3611,8
3612,3
3613,40
3614,25
3615,2
3616,1
3617,8
3618,1
3619,4
3620,1
3621,4
3622,71
3623,2
3624,9
3625,2
3626,7
3627,8
3628,1
3629,8
3630,1
3631,12
3632,7
3633,2
3634,29
3635,6
3636,63
3637,16
3638,3
3639,16
3640,13
3641,8
3642,3
3643,2
3644,5
3645,2
3646,1
3647,8
3648,25
3649,3234
3650,1
3651,32
3652,27
3653,4
3654,9
3655,18
3656,5
3657,2
3658,1
3659,6
3660,1
3661,136
3662,11
3663,4
3664,5
3665,18
3666,5
3667,2
3668,1
3669,6
3670,79
3671,20
3672,3
3673,2
3674,13
3675,2
3676,1
3677,4
3678,7
3679,2
3680,3
3681,32
3682,3
3683,4
3684,13
3685,2
3686,1
3687,2
3688,3
3689,148
3690,1
3691,64
3692,119
3693,8
3694,9
3695,5510
3696,1
3697,4
3698,1
3699,2
3700,13
3701,20
3702,7
3703,4
3704,6085
3705,10
3706,1
3707,2
3708,3
3709,2
3710,19
3711,24
3712,31
3713,2
3714,17
3715,14
3716,9
3717,22
3718,11
3719,12
3720,1
3721,4
3722,123
3723,2
3724,1
3725,2
3726,1
3727,90
3728,5
3729,4
3730,13
3731,4
3732,11
3733,24
3734,37
3735,566
3736,5
3737,2
3738,1
3739,2
3740,9
3741,12
3742,3
3743,4
3744,37
3745,478
3746,47
3747,6
3748,1
3749,8
3750,5
3751,16
3752,7
3753,2
3754,1
3755,2
3756,3
3757,2
3758,1
3759,2
3760,1
3761,16
3762,3
3763,2
3764,17
3765,10
3766,5
3767,32
3768,3
3769,6
3770,7
3771,4
3772,351
3773,16
3774,1
3775,6
3776,3
3777,8
3778,63
3779,24
3780,11
3781,8
3782,3
3783,506
3784,1
3785,2
3786,51
3787,4
3788,7
3789,82
3790,1
3791,4
3792,99
3793,8
3794,5
3795,322
3796,11
3797,24
3798,1
3799,8
3800,1
3801,44
3802,47
3803,4
3804,1
3805,18
3806,17
3807,2
3808,1
3809,4
3810,9
3811,8
3812,3
3813,2
3814,21
3815,986
3816,1
3817,4
3818,5
3819,2
3820,5
3821,4
3822,7
3823,2
3824,1
3825,2
3826,3
3827,2
3828,1
3829,2
3830,1
3831,12
3832,3
3833,4
3834,969
3835,2
3836,7
3837,10
3838,3
3839,32
3840,1
3841,36
3842,7
3843,2
3844,533
3845,6
3846,7
3847,4
3848,5
3849,16
3850,1
3851,16
3852,3
3853,2
3854,5
3855,6
3856,7
3857,20
3858,5
3859,30
3860,1
3861,4
3862,11
3863,2
3864,5
3865,2
3866,1
3867,12
3868,91
3869,8
3870,39
3871,200
3872,127
3873,6
3874,1
3875,2
3876,3
3877,4
3878,1
3879,4
3880,5
3881,108
3882,3
3883,26
3884,9
3885,2
3886,1
3887,4
3888,11
3889,6
3890,11
3891,20
3892,3
3893,6
3894,1
3895,2
3896,5
3897,2
3898,13
3899,4
3900,1
3901,12
3902,3
3903,18
3904,5
3905,2
3906,1
3907,2
3908,3
3909,8
3910,3
3911,60
3912,399
3913,10
3914,85
3915,18
3916,9
3917,6
3918,105
3919,2
3920,5
3921,8
3922,15
3923,6
3924,9
3925,58
3926,1
3927,2
3928,1
3929,4
3930,1
3931,8
3932,243
3933,2
3934,1
3935,6
3936,1
3937,296
3938,1
3939,2
3940,3
3941,140
3942,23
3943,4
3944,1
3945,6
3946,11
3947,18
3948,11
3949,2
3950,3
3951,48
3952,11
3953,2
3954,9
3955,2
3956,1
3957,4
3958,3
3959,22
3960,3
3961,12
3962,3
3963,16
3964,0
3965,86
3966,1
3967,20
3968,1
3969,4
3970,1
3971,4
3972,19
3973,2
3974,89
3975,2
3976,1
3977,4
3978,1
3979,96
3980,1
3981,8
3982,39
3983,4
3984,29
3985,70
3986,3
3987,2
3988,5
3989,2
3990,1
3991,8
3992,7
3993,2
3994,1
3995,2
3996,1
3997,2
3998,13
3999,4
4000,9
4001,12
4002,3
4003,6
4004,1
4005,62
4006,7
4007,6
4008,3
4009,4
4010,15
4011,16
4012,7
4013,6
4014,1
4015,2
4016,15
4017,10
4018,5
4019,10
4020,7
4021,8
4022,11
4023,16
4024,1
4025,70
4026,467
4027,4
4028,5
4029,4
4030,23
4031,72
4032,7
4033,2
4034,1
4035,18
4036,1
4037,6
4038,1
4039,14
4040,1
4041,12
4042,3
4043,2
4044,5
4045,70
4046,3
4047,82
4048,1
4049,12
4050,1
4051,12
4052,3
4053,2
4054,1
4055,10
4056,5
4057,6
4058,5
4059,2
4060,9
4061,4
4062,3
4063,2
4064,21
4065,42
4066,1
4067,2
4068,1
4069,16
4070,7
4071,4
4072,27
4073,2
4074,25
4075,2
4076,1
4077,116
4078,15
4079,4
4080,1
4081,0
4082,11
4083,4
4084,1
4085,2
4086,5
4087,2
4088,1
4089,8
4090,1
4091,32
4092,7
4093,2
4094,1
4095,26
4096,7
4097,6
4098,9
4099,2
4100,11
4101,168
4102,2495
4103,2
4104,5
4105,78
4106,3
4107,30
4108,1
4109,32
4110,1
4111,4
4112,739
4113,2
4114,0
4115,18
4116,1
4117,2
4118,47
4119,20
4120,3
4121,0
4122,15
4123,4
4124,157
4125,6
4126,1
4127,2
4128,3
4129,12
4130,3
4131,28
4132,7
4133,6
4134,1
4135,6
4136,3
4137,4
4138,1
4139,28
4140,3
4141,4
4142,3
4143,6
4144,13
4145,14
4146,1
4147,8
4148,7
4149,2
4150,9
4151,28
4152,7
4153,4
4154,5
4155,34
4156,3
4157,2
4158,1
4159,16
4160,1
4161,8
4162,3
4163,2
4164,1
4165,34
4166,1
4167,4
4168,1
4169,2
4170,3
4171,8
4172,363
4173,4
4174,5
4175,2
4176,1
4177,2
4178,45
4179,2
4180,1
4181,52
4182,3
4183,2
4184,53
4185,34
4186,5
4187,4
4188,3
4189,54
4190,1
4191,12
4192,3
4193,26
4194,13
4195,3510
4196,3
4197,20
4198,39
4199,4
4200,11
4201,32
4202,11
4203,8
4204,1
4205,6
4206,7
4207,8
4208,3965
4209,4
4210,3
4211,16
4212,131
4213,12
4214,1
4215,10
4216,1
4217,162
4218,1
4219,2
4220,1
4221,20
4222,371
4223,6
4224,1
4225,26
4226,3
4227,2
4228,3
4229,6
4230,1
4231,12
4232,7
4233,4
4234,0
4235,34
4236,55
4237,30
4238,1
4239,34
4240,3
4241,4
4242,191
4243,2
4244,21
4245,2
4246,9
4247,2
4248,1
4249,2
4250,7
4251,4
4252,11
4253,2
4254,5
4255,26
4256,7
4257,6
4258,9
4259,2
4260,9
4261,24
4262,3
4263,4
4264,1
4265,22
4266,9
4267,10
4268,3
4269,4
4270,1
4271,36
4272,3
4273,2
4274,1
4275,6
4276,15
4277,4
4278,7
4279,4
4280,3
4281,4
4282,3
4283,2
4284,5
4285,2
4286,141
4287,24
4288,3
4289,18
4290,31
4291,8
4292,7
4293,10
4294,89
4295,2
4296,3
4297,2
4298,1
4299,6
4300,1
4301,204
4302,3
4303,2
4304,1
4305,0
4306,1
4307,4
4308,1
4309,4
4310,23
4311,40
4312,3
4313,4
4314,1
4315,42
4316,7
4317,4
4318,1
4319,2
4320,1
4321,16
4322,3
4323,2
4324,5
4325,2
4326,3
4327,4
4328,1
4329,20
4330,15
4331,4
4332,39
4333,2
4334,1
4335,18
4336,1
4337,4
4338,5
4339,2
4340,3
4341,60
4342,691
4343,8
4344,5
4345,6
4346,1
4347,2
4348,1
4349,4
4350,1
4351,44
4352,15
4353,6
4354,129
4355,2
4356,57
4357,2
4358,19
4359,2
4360,13
4361,4
4362,7
4363,10
4364,3057
4365,18
4366,11
4367,4
4368,1
4369,2
4370,1
4371,2424
4372,27
4373,6
4374,1
4375,2
4376,1
4377,30
4378,7
4379,6
4380,3
4381,16
4382,7
4383,2
4384,1
4385,2
4386,3
4387,4
4388,1
4389,14
4390,23
4391,12
4392,3
4393,28
4394,5
4395,2
4396,1
4397,2
4398,23
4399,80
4400,3
4401,4
4402,187
4403,2
4404,29
4405,6
4406,1
4407,2
4408,5
4409,50
4410,1
4411,84
4412,27
4413,18
4414,1
4415,14
4416,9
4417,2
4418,19
4419,12
4420,1
4421,308
4422,411
4423,4
4424,9
4425,2
4426,3
4427,2
4428,13
4429,2
4430,7
4431,8
4432,0
4433,16
4434,9
4435,6
4436,3
4437,2
4438,1
4439,10
4440,15
4441,8
4442,3
4443,2
4444,1
4445,10
4446,1
4447,4
4448,7
4449,2
4450,5
4451,20
4452,391
4453,4
4454,21
4455,6
4456,1
4457,4
4458,165
4459,2
4460,5
4461,480
4462,7
4463,2
4464,21
4465,10
4466,1
4467,4
4468,3
4469,14
4470,3
4471,76
4472,31
4473,2
4474,1
4475,6
4476,11
4477,2
4478,21
4479,4
4480,3
4481,44
4482,3
4483,2
4484,1
4485,2
4486,1
4487,26
4488,1
4489,4
4490,1
4491,4
4492,3
4493,2
4494,0
4495,6
4496,1
4497,6
4498,5
4499,2
4500,1
4501,4
4502,31
4503,10
4504,17
4505,74
4506,45
4507,2
4508,1
4509,2
4510,7
4511,0
4512,31
4513,4
4514,9
4515,134
4516,5
4517,4
4518,1
4519,6
4520,3
4521,4
4522,3
4523,6
4524,13
4525,1230
4526,1
4527,2
4528,21
4529,8
4530,19
4531,4836
4532,7
4533,24
4534,5
4535,18
4536,9
4537,2
4538,1
4539,2
4540,1
4541,4
4542,31
4543,2
4544,265
4545,6
4546,5
4547,8
4548,9
4549,6
4550,1
4551,28
4552,3
4553,2
4554,9
4555,514
4556,13
4557,4
4558,29
4559,24
4560,1
4561,32
4562,99
4563,8
4564,1
4565,2
4566,1
4567,6
4568,3
4569,2
4570,1
4571,0
4572,11
4573,4
4574,1
4575,6
4576,23
4577,2
4578,3
4579,8
4580,15
4581,68
4582,3
4583,2
4584,1
4585,26
4586,1
4587,6
4588,1
4589,4
4590,9
4591,4
4592,0
4593,2
4594,1
4595,2
4596,15
4597,30
4598,3
4599,2
4600,1
4601,16
4602,119
4603,4
4604,9
4605,270
4606,3
4607,4
4608,5
4609,6
4610,1
4611,8
4612,7
4613,2
4614,1
4615,10
4616,7
4617,2
4618,3
4619,18
4620,1
4621,24
4622,3
4623,2
4624,5
4625,2
4626,1
4627,10
4628,1
4629,4
4630,5
4631,8
4632,0
4633,4
4634,1
4635,18
4636,1
4637,2
4638,1
4639,8
4640,9
4641,68
4642,467
4643,6
4644,1
4645,2
4646,3
4647,8
4648,5
4649,4
4650,195
4651,8
4652,3
4653,4
4654,13
4655,26
4656,1
4657,12
4658,3
4659,2
4660,5
4661,8
4662,19
4663,8
4664,9
4665,2
4666,1
4667,2
4668,3
4669,2
4670,1
4671,16
4672,3
4673,14
4674,21
4675,2
4676,5
4677,2
4678,1
4679,120
4680,7
4681,8
4682,79
4683,4
4684,1
4685,102
4686,1
4687,2
4688,11
4689,2
4690,5
4691,4
4692,15
4693,20
4694,1
4695,6
4696,1
4697,4
4698,11
4699,6
4700,11
4701,12
4702,15
4703,2
4704,321
4705,6
4706,25
4707,2
4708,3
4709,4
4710,3
4711,8
4712,103
4713,4
4714,5
4715,6
4716,9
4717,4
4718,1
4719,2
4720,1
4721,36
4722,3
4723,24
4724,573
4725,0
4726,1
4727,4
4728,3
4729,2
4730,47
4731,4
4732,7
4733,10
4734,13
4735,2
4736,1
4737,4
4738,3
4739,8
4740,145
4741,144
4742,3
4743,2
4744,9
4745,2
4746,5
4747,2
4748,1
4749,2
4750,1
4751,8
4752,3
4753,2
4754,5
4755,10
4756,3
4757,234
4758,5
4759,14
4760,11
4761,240
4762,47
4763,2
4764,5
4765,10
4766,3
4767,2
4768,1
4769,4
4770,15
4771,4
4772,3
4773,2
4774,1
4775,6
4776,1
4777,2
4778,3
4779,10
4780,21
4781,104
4782,11
4783,28
4784,17
4785,22
4786,3
4787,4
4788,3
4789,8
4790,1
4791,140
4792,7
4793,2
4794,81
4795,2
4796,1
4797,358
4798,3
4799,10
4800,3
4801,192
4802,3
4803,2
4804,1
4805,438
4806,3
4807,6
4808,1
4809,10
4810,53
4811,4
4812,19
4813,2
4814,21
4815,2
4816,1
4817,10
4818,3
4819,8
4820,3
4821,56
4822,7
4823,2
4824,5
4825,34
4826,17
4827,10
4828,3
4829,2
4830,1
4831,28
4832,371
4833,8
4834,21
4835,10
4836,19
4837,4
4838,11
4839,6
4840,1
4841,8
4842,23
4843,20
4844,249
4845,14
4846,1
4847,20
4848,1
4849,68
4850,1
4851,484
4852,11
4853,24
4854,1
4855,2
4856,11
4857,4
4858,5
4859,4
4860,5
4861,5040
4862,11
4863,4
4864,1
4865,2
4866,19
4867,4
4868,7
4869,6
4870,3
4871,56
4872,7
4873,2
4874,1
4875,26
4876,1
4877,2
4878,1
4879,4
4880,1
4881,4
4882,175
4883,2
4884,17
4885,2
4886,1
4887,6
4888,13
4889,2
4890,1
4891,160
4892,3
4893,4
4894,5
4895,6
4896,5
4897,36
4898,3
4899,2
4900,1
4901,8
4902,31
4903,2
4904,5
4905,22
4906,1
4907,2
4908,1
4909,4
4910,23
4911,4
4912,3
4913,22
4914,1
4915,6
4916,1
4917,2
4918,1
4919,2
4920,1
4921,8
4922,95
4923,6
4924,1
4925,142
4926,3
4927,92
4928,1
4929,2
4930,3
4931,12
4932,15
4933,6
4934,21
4935,10
4936,341
4937,6
4938,1
4939,16
4940,11
4941,192
4942,31
4943,2
4944,1
4945,2
4946,7
4947,2
4948,1
4949,2
4950,7
4951,48
4952,3
4953,8
4954,29
4955,6
4956,1
4957,4
4958,3
4959,6
4960,1
4961,0
4962,63
4963,8
4964,1
4965,574
4966,1
4967,2
4968,9
4969,12
4970,3
4971,12
4972,7
4973,2
4974,5
4975,2
4976,3
4977,2
4978,7
4979,10
4980,1
4981,8
4982,4887
4983,2
4984,1
4985,34
4986,1
4987,2
4988,9
4989,6
4990,1
4991,112
4992,19
4993,46
4994,381
4995,6
4996,5
4997,6
4998,5
4999,2
5000,9
5001,236
5002,47
5003,8
5004,21
5005,478
5006,1
5007,4
5008,5
5009,2
5010,3
5011,12
5012,7
5013,4
5014,5
5015,2
5016,7
5017,6
5018,1
5019,4
5020,5
5021,4
5022,3
5023,32
5024,5
5025,6
5026,1
5027,6
5028,1
5029,6
5030,15
5031,4
5032,3
5033,2
5034,1
5035,6
5036,1
5037,2
5038,3
5039,12
5040,3
5041,12
5042,59
5043,6
5044,1
5045,6
5046,1
5047,16
5048,11
5049,216
5050,1
5051,44
5052,39
5053,12
5054,1
5055,2
5056,19
5057,8
5058,1
5059,12
5060,3
5061,4
5062,11
5063,4
5064,17
5065,6
5066,3
5067,2
5068,15
5069,6
5070,5
5071,648
5072,7
5073,6
5074,13
5075,10
5076,1
5077,4
5078,1
5079,2
5080,3
5081,8
5082,3
5083,4
5084,9
5085,18
5086,7
5087,2
5088,1
5089,20
5090,1
5091,24
5092,35
5093,2
5094,5
5095,6
5096,1
5097,2
5098,3
5099,2
5100,1
5101,4
5102,15
5103,22
5104,6089
5105,30
5106,3
5107,2
5108,57
5109,8
5110,1
5111,4
5112,15
5113,36
5114,13
5115,6
5116,193
5117,2
5118,35
5119,102
5120,1
5121,12
5122,9731
5123,2
5124,45
5125,30
5126,1
5127,36
5128,1
5129,4
5130,3
5131,92
5132,31
5133,6
5134,1
5135,10
5136,35
5137,2
5138,1
5139,4
5140,7
5141,12
5142,3
5143,4
5144,21
5145,2
5146,5
5147,10
5148,1
5149,2
5150,5
5151,4
5152,3
5153,6
5154,1
5155,74
5156,1
5157,8
5158,1
5159,4
5160,7
5161,28
5162,3
5163,8
5164,5
5165,22
5166,1
5167,2
5168,15
5169,38
5170,11
5171,4
5172,19
5173,16
5174,13
5175,42
5176,1
5177,2
5178,5
5179,4
5180,63
5181,24
5182,3
5183,2
5184,1
5185,62
5186,3
5187,2
5188,7
5189,4
5190,1
5191,16
5192,3
5193,4
5194,1
5195,2
5196,9
5197,2
5198,3
5199,4
5200,169
5201,4
5202,7
5203,16
5204,5
5205,6
5206,3
5207,4
5208,3
5209,2
5210,1
5211,12
5212,19
5213,202
5214,1
5215,262
5216,1
5217,4
5218,7
5219,12
5220,297
5221,4
5222,11
5223,8
5224,1
5225,42
5226,5
5227,4
5228,1
5229,2
5230,31
5231,72
5232,7
5233,2
5234,53
5235,2
5236,3
5237,2
5238,3
5239,2
5240,5
5241,4
5242,7
5243,40
5244,1
5245,6
5246,1
5247,4
5248,15
5249,2
5250,1
5251,4
5252,11
5253,54
5254,1
5255,6
5256,1
5257,2
5258,1
5259,4
5260,3
5261,8
5262,3
5263,2
5264,1
5265,2
5266,1
5267,18
5268,1
5269,2
5270,1
5271,44
5272,127
5273,4
5274,9
5275,10
5276,167
5277,10
5278,11
5279,2
5280,3
5281,20
5282,3
5283,2
5284,129
5285,34
5286,11
5287,150
5288,5
5289,4
5290,15
5291,4
5292,3
5293,4
5294,1
5295,14
5296,1
5297,4
5298,7
5299,8
5300,293
5301,192
5302,3
5303,4
5304,1133
5305,2
5306,3
5307,4
5308,1
5309,2
5310,3
5311,8
5312,7
5313,8
5314,13
5315,22
5316,3
5317,22
5318,3
5319,4
5320,1
5321,8
5322,11
5323,2
5324,1
5325,30
5326,9
5327,2
5328,5
5329,316
5330,5
5331,32
5332,111
5333,4
5334,1
5335,6
5336,1
5337,2
5338,5
5339,12
5340,3
5341,32
5342,0
5343,4
5344,229
5345,6
5346,9
5347,2
5348,3
5349,4
5350,7
5351,36
5352,71
5353,12
5354,1
5355,34
5356,1
5357,4
5358,1
5359,4
5360,9
5361,4
5362,11
5363,4
5364,1
5365,2
5366,1
5367,2
5368,1
5369,4
5370,19
5371,6028
5372,3
5373,2
5374,9
5375,2
5376,1
5377,30
5378,3
5379,2
5380,1
5381,12
5382,1327
5383,4
5384,5
5385,6
5386,9
5387,2
5388,3
5389,2
5390,3
5391,8
5392,15
5393,2
5394,45
5395,10
5396,1
5397,14
5398,1
5399,4
5400,5
5401,8
5402,23
5403,2
5404,9
5405,10
5406,1
5407,252
5408,1
5409,2
5410,1
5411,68
5412,7
5413,10
5414,5
5415,2
5416,5
5417,14
5418,1
5419,2
5420,31
5421,140
5422,3
5423,14
5424,13
5425,2
5426,29
5427,42
5428,3
5429,2
5430,11
5431,20
5432,95
5433,16
5434,1
5435,42
5436,7
5437,6
5438,7
5439,2
5440,1
5441,4
5442,3
5443,30
5444,153
5445,46
5446,3
5447,2
5448,3
5449,2
5450,1
5451,40
5452,27
5453,22
5454,1
5455,6
5456,3
5457,2
5458,3
5459,4
5460,5
5461,80
5462,7
5463,24
5464,5
5465,30
5466,297
5467,2
5468,5
5469,6
5470,7
5471,20
5472,1575
5473,2
5474,1
5475,10
5476,1
5477,18
5478,1
5479,2
5480,67
5481,64
5482,215
5483,6
5484,1
5485,322
5486,23
5487,6
5488,7
5489,4
5490,5
5491,8
5492,71
5493,2
5494,1
5495,2
5496,1
5497,28
5498,1
5499,8
5500,9
5501,4
5502,27
5503,2
5504,5
5505,26
5506,7
5507,2
5508,45
5509,4
5510,1
5511,24
5512,43
5513,2
5514,5
5515,18
5516,1
5517,6
5518,1
5519,2
5520,3
5521,68
5522,271
5523,4
