1 1
2 1
3 1
4 1
5 1
6 1
7 1
8 1
9 1
10 1
11 1
12 1
13 1
14 1
15 1
16 1
17 1
18 1
19 1
20 1
21 1
22 1
23 3
24 1
25 1
26 1
27 1
28 1
29 8
30 1
31 9
32 1
33 1
34 1
35 1
36 1
37 37
38 1
39 2
40 1
41 121
42 1
43 211
44 1
45 1
46 3
47 695
48 1
49 43
50 1
51 5
52 3
53 4889
54 1
55 10
56 2
57 9
58 8
59 41241
60 1
61 76301
62 9
63 7
64 17
65 64
66 1
67 853513
68 8
69 69
70 1
71 3882809
72 3
73 11957417
74 37
75 11
76 19
77 1280
78 2
79 100146415
80 5
81 2593
82 121
83 838216959
84 1
85 6205
86 211
87 1536
88 55
89 13379363737
90 1
91 53872
92 201
93 6795
94 695
95 107692
96 9
97 411322824001
98 43
99 2883
100 55
101 3547404378125
102 5
103 9069094643165
104 351
105 13
106 4889
107 63434933542623
108 19
109 161784800122409
110 10
111 480852
112 468
113 1612072001362952
114 9
115 44697909
116 10752
117 132678
118 41421
119 1238459625
120 4
121 12188792628211
122 76301
123 8425472
124 45756
125 57708445601
126 7
127 2604529186263992195
128 359057
129 37821539
130 64
131 28496379729272136525
132 11
133 157577452812
134 853513
135 75961
136 111744
137 646901570175200968153
138 69
139 1753848916484925681747
140 39
141 1257700495
142 3882809
143 36027143124175
144 507
145 1467250393088
146 11957417
147 5874617
148 4827501
149 687887859687174720123201
150 11
151 2333546653547742584439257
152 1666737
153 2416282880
154 1280
155 84473643916800
156 156
157 56234327700401832767069245
158 100146415
159 223233182255
160 31365
161 17033926767658911
162 2593
163 2708534744692077051875131636
164 82817240
165 92620
166 838216959
167 28121189830322933178315382891
168 84
169 546489564291684778075637
170 6205
171 503009425548
172 792653572
173 1702546266654155847516780034265
174 1536
175 4733255370496
176 29371375
177 81730647171051
178 13379363737
179 77281577212030298592756974721745
180 75
181 211421757749987541697225501539625
182 53872
183 767392851521600
184 1486137318
185 13767756481797006325
186 6795
187 38816037673830728480329
188 24260850805
189 105778197511
190 107692
191 165008365487223656458987611326929859
192 61353
193 546617105913568165545650752630767041
194 411322824001
195 22151168
196 82708823
197 5532802218713600706095993713290631720
198 2883
199 18844055286602530802019847012721555487
200 14907805
201 252655290579982532
202 3547404378125
203 4413278155436385292173312
204 15440
205 78821910689378365476000
206 9069094643165
207 57569648362893621
208 29904190875
209 4551326160887085824176768000
210 13
211 49238446584179914120276706365116286443831
212 6789574466337
213 20748314966568340907
214 63434933542623
215 8562946718506556895170449
216 1714617
217 3724911233451940358045813517
218 161784800122409
219 219406633996698095616
220 856220
221 5562629629465863945291002496000
222 480852
223 217076412323050485246172261728619107578141363
224 14989501800
225 15175377535571
226 1612072001362952
227 2888747573690533630075559971022165906726932055
228 238203
229 10934752550628778589695733157034481831976032377
230 44697909
231 298807787520
232 248372639563776
233 348185729880711782527290176798948867695747163449
234 132678
235 81765924684755483300654973515
236 4509195165737013
237 130445289884021402281355
238 1238459625
239 19252683042543984486813299844961436592191498141760
240 6400
241 74361351053524744837764467869162082791741351378657
242 12188792628211
243 14948557667133129512662807
244 30953273659007535
245 122845138181874350560487
246 8425472
247 13453389127871713260541632243338018775
248 12239782830975744
249 13898958132089743179099753
250 57708445601
251 95469181654584518651828574432658888070113445087403827
252 71344
253 256271685260834247944985594908530991952
254 2604529186263992195
255 16881405898800
256 10449592865393414737
