0,
1, 0,
2, 1, 0,
3, 1, 0,
4, 3, 1, 0,
5, 1, 0,
6,
7, 1, 0,
8, 7, 1, 0,
9, 4, 3, 1, 0,
10, 8, 7, 1, 0,
11, 1, 0,
12, 16, 15, 9, 4, 3, 1, 0,
13, 1, 0,
14, 10, 8, 7, 1, 0,
15, 9, 4, 3, 1, 0,
16, 15, 9, 4, 3, 1, 0,
17, 1, 0,
18, 21, 11, 1, 0,
19, 1, 0,
20, 22, 14, 10, 8, 7, 1, 0,
21, 11, 1, 0,
22, 14, 10, 8, 7, 1, 0,
23, 1, 0,
24, 36, 55, 17, 1, 0,
25, 6,
26, 16, 15, 9, 4, 3, 1, 0,
27, 13, 1, 0,
28,
29, 1, 0,
30, 42, 54, 66, 78, 90, 144, 259, 45, 33, 15, 9, 4, 3, 1, 0,
31, 1, 0,
32, 31, 1, 0,
33, 15, 9, 4, 3, 1, 0,
34, 20, 22, 14, 10, 8, 7, 1, 0,
35, 13, 1, 0,
36, 55, 17, 1, 0,
37, 1, 0,
38, 22, 14, 10, 8, 7, 1, 0,
39, 17, 1, 0,
40, 50, 43, 1, 0,
41, 1, 0,
42, 54, 66, 78, 90, 144, 259, 45, 33, 15, 9, 4, 3, 1, 0,
43, 1, 0,
44, 40, 50, 43, 1, 0,
45, 33, 15, 9, 4, 3, 1, 0,
46, 26, 16, 15, 9, 4, 3, 1, 0,
47, 1, 0,
48, 76, 64, 63, 41, 1, 0,
49, 8, 7, 1, 0,
50, 43, 1, 0,
51, 21, 11, 1, 0,
52, 46, 26, 16, 15, 9, 4, 3, 1, 0,
53, 1, 0,
54, 66, 78, 90, 144, 259, 45, 33, 15, 9, 4, 3, 1, 0,
55, 17, 1, 0,
56, 64, 63, 41, 1, 0,
57, 23, 1, 0,
58, 32, 31, 1, 0,
59, 1, 0,
60, 108, 172, 136, 134, 70, 74, 40, 50, 43, 1, 0,
61, 1, 0,
62, 34, 20, 22, 14, 10, 8, 7, 1, 0,
63, 41, 1, 0,
64, 63, 41, 1, 0,
65, 19, 1, 0,
66, 78, 90, 144, 259, 45, 33, 15, 9, 4, 3, 1, 0,
67, 1, 0,
68, 58, 32, 31, 1, 0,
69, 27, 13, 1, 0,
70, 74, 40, 50, 43, 1, 0,
71, 1, 0,
72, 123, 45, 33, 15, 9, 4, 3, 1, 0,
73, 1, 0,
74, 40, 50, 43, 1, 0,
75, 49, 8, 7, 1, 0,
76, 64, 63, 41, 1, 0,
77, 19, 1, 0,
78, 90, 144, 259, 45, 33, 15, 9, 4, 3, 1, 0,
79, 1, 0,
80, 106, 56, 64, 63, 41, 1, 0,
81, 40, 50, 43, 1, 0,
82, 44, 40, 50, 43, 1, 0,
83, 1, 0,
84, 140, 196, 203, 37, 1, 0,
85, 23, 1, 0,
86, 46, 26, 16, 15, 9, 4, 3, 1, 0,
87, 33, 15, 9, 4, 3, 1, 0,
88, 92, 76, 64, 63, 41, 1, 0,
89, 1, 0,
90, 144, 259, 45, 33, 15, 9, 4, 3, 1, 0,
91, 21, 11, 1, 0,
92, 76, 64, 63, 41, 1, 0,
93, 35, 13, 1, 0,
94, 50, 43, 1, 0,
95, 25, 6,
96, 156, 236, 184, 176, 196, 203, 37, 1, 0,
97, 1, 0,
98, 73, 1, 0,
99, 57, 23, 1, 0,
100, 117, 65, 19, 1, 0,
101, 1, 0,
102, 114, 126, 186, 198, 270, 450, 759, 393, 135, 105, 87, 33, 15, 9, 4, 3, 1, 0,
103, 1, 0,
104, 106, 56, 64, 63, 41, 1, 0,
105, 87, 33, 15, 9, 4, 3, 1, 0,
106, 56, 64, 63, 41, 1, 0,
107, 1, 0,
108, 172, 136, 134, 70, 74, 40, 50, 43, 1, 0,
109, 1, 0,
110, 106, 56, 64, 63, 41, 1, 0,
111, 41, 1, 0,
112, 136, 134, 70, 74, 40, 50, 43, 1, 0,
113, 1, 0,
114, 126, 186, 198, 270, 450, 759, 393, 135, 105, 87, 33, 15, 9, 4, 3, 1, 0,
115, 29, 1, 0,
116, 94, 50, 43, 1, 0,
117, 65, 19, 1, 0,
118, 62, 34, 20, 22, 14, 10, 8, 7, 1, 0,
119, 25, 6,
120, 240, 504, 1056, 1968, 3240, 7650, 14112, 32571, 27333, 12161, 1, 0,
121, 12, 16, 15, 9, 4, 3, 1, 0,
122, 64, 63, 41, 1, 0,
123, 45, 33, 15, 9, 4, 3, 1, 0,
124, 100, 117, 65, 19, 1, 0,
125, 31, 1, 0,
126, 186, 198, 270, 450, 759, 393, 135, 105, 87, 33, 15, 9, 4, 3, 1, 0,
127, 1, 0,
128, 127, 1, 0,
129, 47, 1, 0,
130, 122, 64, 63, 41, 1, 0,
131, 1, 0,
132, 204, 300, 568, 512, 511, 81, 40, 50, 43, 1, 0,
133, 27, 13, 1, 0,
134, 70, 74, 40, 50, 43, 1, 0,
135, 105, 87, 33, 15, 9, 4, 3, 1, 0,
136, 134, 70, 74, 40, 50, 43, 1, 0,
137, 1, 0,
138, 150, 222, 234, 312, 528, 960, 2088, 3762, 5598, 6570, 10746, 13254, 13830, 19434, 20886, 21606, 25098, 26742, 26754, 40446, 63234, 77406, 110754, 171486, 253458, 295740, 647748, 1077612, 1467588, 1956812, 2109796, 1889486, 953914, 668966, 353578, 176792, 254128, 308832, 502104, 753216, 1240176, 2422288, 2697920, 3727264, 3655076, 2760844, 2100740, 2310856, 2455544, 3212776, 3751064, 3282196, 2723020, 3035684, 2299240, 2988440, 5297320, 8325080, 11222920, 15359480, 19199440, 28875608, 25266172, 19406148, 26552604, 40541052, 54202884, 72270540, 147793668, 228408732, 348957876, 508132204, 404465636, 303708376, 290504024, 312058216, 294959384, 290622016, 286081174, 151737434, 75868720, 108199856, 101437396, 76247552, 76099654, 42387146, 21679318, 12752594, 7278382, 3660794, 1855066, 927536, 932464, 1013592, 1546008, 2425752, 5084088, 8436192, 13709064, 20563656, 33082104, 57142536, 99483384, 245978376, 487384824, 745600776, 1118401224, 1677601896, 2538372504, 4119772776, 8030724504, 14097017496, 21148436904, 40381357656, 60572036544, 100039354704, 179931895322, 94685963278, 51399021218, 28358080762, 18046051430, 17396081338, 8698040672, 8426226964, 6319670230, 5422685354, 3217383766, 1739126474, 996366646, 636221402, 318217798, 195756362, 101900794, 54202694, 49799866, 24930374, 17971642, 11130830, 8904682, 4913018, 3126502, 1574810, 1473382, 736694, 541162, 312470, 249994, 127286, 69898, 34952, 34708, 26038, 13994, 7000, 11720, 14740, 19532, 16588, 18692, 14026, 7016, 6154, 3674, 2374, 1190, 1402, 704, 820, 944, 916, 694, 350, 394, 200, 265, 59, 1, 0,
139, 1, 0,
140, 196, 203, 37, 1, 0,
141, 51, 21, 11, 1, 0,
142, 74, 40, 50, 43, 1, 0,
143, 25, 6,
144, 259, 45, 33, 15, 9, 4, 3, 1, 0,
145, 35, 13, 1, 0,
146, 76, 64, 63, 41, 1, 0,
147, 81, 40, 50, 43, 1, 0,
148, 118, 62, 34, 20, 22, 14, 10, 8, 7, 1, 0,
149, 1, 0,
150, 222, 234, 312, 528, 960, 2088, 3762, 5598, 6570, 10746, 13254, 13830, 19434, 20886, 21606, 25098, 26742, 26754, 40446, 63234, 77406, 110754, 171486, 253458, 295740, 647748, 1077612, 1467588, 1956812, 2109796, 1889486, 953914, 668966, 353578, 176792, 254128, 308832, 502104, 753216, 1240176, 2422288, 2697920, 3727264, 3655076, 2760844, 2100740, 2310856, 2455544, 3212776, 3751064, 3282196, 2723020, 3035684, 2299240, 2988440, 5297320, 8325080, 11222920, 15359480, 19199440, 28875608, 25266172, 19406148, 26552604, 40541052, 54202884, 72270540, 147793668, 228408732, 348957876, 508132204, 404465636, 303708376, 290504024, 312058216, 294959384, 290622016, 286081174, 151737434, 75868720, 108199856, 101437396, 76247552, 76099654, 42387146, 21679318, 12752594, 7278382, 3660794, 1855066, 927536, 932464, 1013592, 1546008, 2425752, 5084088, 8436192, 13709064, 20563656, 33082104, 57142536, 99483384, 245978376, 487384824, 745600776, 1118401224, 1677601896, 2538372504, 4119772776, 8030724504, 14097017496, 21148436904, 40381357656, 60572036544, 100039354704, 179931895322, 94685963278, 51399021218, 28358080762, 18046051430, 17396081338, 8698040672, 8426226964, 6319670230, 5422685354, 3217383766, 1739126474, 996366646, 636221402, 318217798, 195756362, 101900794, 54202694, 49799866, 24930374, 17971642, 11130830, 8904682, 4913018, 3126502, 1574810, 1473382, 736694, 541162, 312470, 249994, 127286, 69898, 34952, 34708, 26038, 13994, 7000, 11720, 14740, 19532, 16588, 18692, 14026, 7016, 6154, 3674, 2374, 1190, 1402, 704, 820, 944, 916, 694, 350, 394, 200, 265, 59, 1, 0,
151, 1, 0,
152, 148, 118, 62, 34, 20, 22, 14, 10, 8, 7, 1, 0,
153, 81, 40, 50, 43, 1, 0,
154, 134, 70, 74, 40, 50, 43, 1, 0,
155, 37, 1, 0,
156, 236, 184, 176, 196, 203, 37, 1, 0,
157, 1, 0,
158, 82, 44, 40, 50, 43, 1, 0,
159, 57, 23, 1, 0,
160, 218, 112, 136, 134, 70, 74, 40, 50, 43, 1, 0,
161, 31, 1, 0,
162, 201, 71, 1, 0,
163, 1, 0,
164, 130, 122, 64, 63, 41, 1, 0,
165, 123, 45, 33, 15, 9, 4, 3, 1, 0,
166, 86, 46, 26, 16, 15, 9, 4, 3, 1, 0,
167, 1, 0,
168, 312, 528, 960, 2088, 3762, 5598, 6570, 10746, 13254, 13830, 19434, 20886, 21606, 25098, 26742, 26754, 40446, 63234, 77406, 110754, 171486, 253458, 295740, 647748, 1077612, 1467588, 1956812, 2109796, 1889486, 953914, 668966, 353578, 176792, 254128, 308832, 502104, 753216, 1240176, 2422288, 2697920, 3727264, 3655076, 2760844, 2100740, 2310856, 2455544, 3212776, 3751064, 3282196, 2723020, 3035684, 2299240, 2988440, 5297320, 8325080, 11222920, 15359480, 19199440, 28875608, 25266172, 19406148, 26552604, 40541052, 54202884, 72270540, 147793668, 228408732, 348957876, 508132204, 404465636, 303708376, 290504024, 312058216, 294959384, 290622016, 286081174, 151737434, 75868720, 108199856, 101437396, 76247552, 76099654, 42387146, 21679318, 12752594, 7278382, 3660794, 1855066, 927536, 932464, 1013592, 1546008, 2425752, 5084088, 8436192, 13709064, 20563656, 33082104, 57142536, 99483384, 245978376, 487384824, 745600776, 1118401224, 1677601896, 2538372504, 4119772776, 8030724504, 14097017496, 21148436904, 40381357656, 60572036544, 100039354704, 179931895322, 94685963278, 51399021218, 28358080762, 18046051430, 17396081338, 8698040672, 8426226964, 6319670230, 5422685354, 3217383766, 1739126474, 996366646, 636221402, 318217798, 195756362, 101900794, 54202694, 49799866, 24930374, 17971642, 11130830, 8904682, 4913018, 3126502, 1574810, 1473382, 736694, 541162, 312470, 249994, 127286, 69898, 34952, 34708, 26038, 13994, 7000, 11720, 14740, 19532, 16588, 18692, 14026, 7016, 6154, 3674, 2374, 1190, 1402, 704, 820, 944, 916, 694, 350, 394, 200, 265, 59, 1, 0,
169, 14, 10, 8, 7, 1, 0,
170, 154, 134, 70, 74, 40, 50, 43, 1, 0,
171, 89, 1, 0,
172, 136, 134, 70, 74, 40, 50, 43, 1, 0,
173, 1, 0,
174, 186, 198, 270, 450, 759, 393, 135, 105, 87, 33, 15, 9, 4, 3, 1, 0,
175, 73, 1, 0,
176, 196, 203, 37, 1, 0,
177, 63, 41, 1, 0,
178, 92, 76, 64, 63, 41, 1, 0,
179, 1, 0,
180, 366, 378, 582, 594, 846, 1026, 1374, 1386, 2358, 2790, 4698, 6192, 11540, 12736, 12664, 11096, 11104, 10820, 11944, 10466, 5236, 6860, 9940, 14252, 14308, 15218, 10894, 6746, 3376, 3196, 2852, 2524, 1900, 2440, 3140, 3496, 3704, 3256, 3584, 4600, 6560, 9316, 8072, 7078, 3542, 3370, 2714, 1606, 1058, 601, 1, 0,
181, 1, 0,
182, 154, 134, 70, 74, 40, 50, 43, 1, 0,
183, 65, 19, 1, 0,
184, 176, 196, 203, 37, 1, 0,
185, 43, 1, 0,
186, 198, 270, 450, 759, 393, 135, 105, 87, 33, 15, 9, 4, 3, 1, 0,
187, 29, 1, 0,
188, 148, 118, 62, 34, 20, 22, 14, 10, 8, 7, 1, 0,
189, 131, 1, 0,
190, 170, 154, 134, 70, 74, 40, 50, 43, 1, 0,
191, 1, 0,
192, 316, 244, 190, 170, 154, 134, 70, 74, 40, 50, 43, 1, 0,
193, 1, 0,
194, 100, 117, 65, 19, 1, 0,
195, 141, 51, 21, 11, 1, 0,
196, 203, 37, 1, 0,
197, 1, 0,
198, 270, 450, 759, 393, 135, 105, 87, 33, 15, 9, 4, 3, 1, 0,
199, 1, 0,
200, 265, 59, 1, 0,
201, 71, 1, 0,
202, 104, 106, 56, 64, 63, 41, 1, 0,
203, 37, 1, 0,
204, 300, 568, 512, 511, 81, 40, 50, 43, 1, 0,
205, 47, 1, 0,
206, 106, 56, 64, 63, 41, 1, 0,
207, 105, 87, 33, 15, 9, 4, 3, 1, 0,
208, 226, 116, 94, 50, 43, 1, 0,
209, 31, 1, 0,
210, 366, 378, 582, 594, 846, 1026, 1374, 1386, 2358, 2790, 4698, 6192, 11540, 12736, 12664, 11096, 11104, 10820, 11944, 10466, 5236, 6860, 9940, 14252, 14308, 15218, 10894, 6746, 3376, 3196, 2852, 2524, 1900, 2440, 3140, 3496, 3704, 3256, 3584, 4600, 6560, 9316, 8072, 7078, 3542, 3370, 2714, 1606, 1058, 601, 1, 0,
211, 1, 0,
212, 166, 86, 46, 26, 16, 15, 9, 4, 3, 1, 0,
213, 75, 49, 8, 7, 1, 0,
214, 110, 106, 56, 64, 63, 41, 1, 0,
215, 49, 8, 7, 1, 0,
216, 384, 636, 876, 1196, 1156, 993, 335, 73, 1, 0,
217, 39, 17, 1, 0,
218, 112, 136, 134, 70, 74, 40, 50, 43, 1, 0,
219, 77, 19, 1, 0,
220, 284, 220, 284, 220, 284, 220, 284, 220, 284, 220, 284, 220, 284, 220, 284, 220, 284, 220, 284, 220, 284, 220, 284, 220, 284, 220, 284, 220, 284, 220, 284, 220, 284, 220, 284, 220, 284, 220, 284, 220, 284, 220, 284, 220, 284, 220, 284, 220, 284, 220, 284, 220, 284, 220, 284, 220, 284, 220, 284, 220, 284, 220, 284, 220, 284, 220, 284, 220, 284, 220, 284, 220, 284, 220, 284, 220, 284, 220, 284, 220, 284, 220, 284, 220, 284, 220, 284, 220, 284, 220, 284, 220, 284, 220, 284, 220, 284, 220, 284, 220, 284, 220, 284, 220, 284, 220, 284, 220, 284, 220, 284, 220, 284, 220, 284, 220, 284, 220, 284, 220, 284, 220, 284, 220, 284, 220, 284, 220, 284, 220, 284, 220, 284, 220, 284, 220, 284, 220, 284, 220, 284, 220, 284, 220, 284, 220, 284, 220, 284, 220, 284, 220, 284, 220, 284, 220, 284, 220, 284, 220, 284, 220, 284, 220, 284, 220, 284, 220, 284, 220, 284, 220, 284, 220, 284, 220, 284, 220, 284, 220, 284, 220, 284, 220, 284, 220, 284, 220, 284, 220, 284, 220, 284, 220, 284, 220, 284, 220, 284, 220, 284, 220, 284, 220, 284, 220, 284, 220, 284, 220, 284, 220, 284, 220, 284, 220, 284, 220, 284, 220, 284, 220, 284, 220, 284, 220, 284, 220, 284, 220, 284, 220, 284, 220, 284, 220, 284, 220, 284, 220, 284, 220, 284, 220, 284, 220, 284, 220, 284, 220, 284, 220, 284, 220, 284, 220,
221, 31, 1, 0,
222, 234, 312, 528, 960, 2088, 3762, 5598, 6570, 10746, 13254, 13830, 19434, 20886, 21606, 25098, 26742, 26754, 40446, 63234, 77406, 110754, 171486, 253458, 295740, 647748, 1077612, 1467588, 1956812, 2109796, 1889486, 953914, 668966, 353578, 176792, 254128, 308832, 502104, 753216, 1240176, 2422288, 2697920, 3727264, 3655076, 2760844, 2100740, 2310856, 2455544, 3212776, 3751064, 3282196, 2723020, 3035684, 2299240, 2988440, 5297320, 8325080, 11222920, 15359480, 19199440, 28875608, 25266172, 19406148, 26552604, 40541052, 54202884, 72270540, 147793668, 228408732, 348957876, 508132204, 404465636, 303708376, 290504024, 312058216, 294959384, 290622016, 286081174, 151737434, 75868720, 108199856, 101437396, 76247552, 76099654, 42387146, 21679318, 12752594, 7278382, 3660794, 1855066, 927536, 932464, 1013592, 1546008, 2425752, 5084088, 8436192, 13709064, 20563656, 33082104, 57142536, 99483384, 245978376, 487384824, 745600776, 1118401224, 1677601896, 2538372504, 4119772776, 8030724504, 14097017496, 21148436904, 40381357656, 60572036544, 100039354704, 179931895322, 94685963278, 51399021218, 28358080762, 18046051430, 17396081338, 8698040672, 8426226964, 6319670230, 5422685354, 3217383766, 1739126474, 996366646, 636221402, 318217798, 195756362, 101900794, 54202694, 49799866, 24930374, 17971642, 11130830, 8904682, 4913018, 3126502, 1574810, 1473382, 736694, 541162, 312470, 249994, 127286, 69898, 34952, 34708, 26038, 13994, 7000, 11720, 14740, 19532, 16588, 18692, 14026, 7016, 6154, 3674, 2374, 1190, 1402, 704, 820, 944, 916, 694, 350, 394, 200, 265, 59, 1, 0,
223, 1, 0,
224, 280, 440, 640, 890, 730, 602, 454, 230, 202, 104, 106, 56, 64, 63, 41, 1, 0,
225, 178, 92, 76, 64, 63, 41, 1, 0,
226, 116, 94, 50, 43, 1, 0,
227, 1, 0,
228, 332, 256, 255, 177, 63, 41, 1, 0,
229, 1, 0,
230, 202, 104, 106, 56, 64, 63, 41, 1, 0,
231, 153, 81, 40, 50, 43, 1, 0,
232, 218, 112, 136, 134, 70, 74, 40, 50, 43, 1, 0,
233, 1, 0,
234, 312, 528, 960, 2088, 3762, 5598, 6570, 10746, 13254, 13830, 19434, 20886, 21606, 25098, 26742, 26754, 40446, 63234, 77406, 110754, 171486, 253458, 295740, 647748, 1077612, 1467588, 1956812, 2109796, 1889486, 953914, 668966, 353578, 176792, 254128, 308832, 502104, 753216, 1240176, 2422288, 2697920, 3727264, 3655076, 2760844, 2100740, 2310856, 2455544, 3212776, 3751064, 3282196, 2723020, 3035684, 2299240, 2988440, 5297320, 8325080, 11222920, 15359480, 19199440, 28875608, 25266172, 19406148, 26552604, 40541052, 54202884, 72270540, 147793668, 228408732, 348957876, 508132204, 404465636, 303708376, 290504024, 312058216, 294959384, 290622016, 286081174, 151737434, 75868720, 108199856, 101437396, 76247552, 76099654, 42387146, 21679318, 12752594, 7278382, 3660794, 1855066, 927536, 932464, 1013592, 1546008, 2425752, 5084088, 8436192, 13709064, 20563656, 33082104, 57142536, 99483384, 245978376, 487384824, 745600776, 1118401224, 1677601896, 2538372504, 4119772776, 8030724504, 14097017496, 21148436904, 40381357656, 60572036544, 100039354704, 179931895322, 94685963278, 51399021218, 28358080762, 18046051430, 17396081338, 8698040672, 8426226964, 6319670230, 5422685354, 3217383766, 1739126474, 996366646, 636221402, 318217798, 195756362, 101900794, 54202694, 49799866, 24930374, 17971642, 11130830, 8904682, 4913018, 3126502, 1574810, 1473382, 736694, 541162, 312470, 249994, 127286, 69898, 34952, 34708, 26038, 13994, 7000, 11720, 14740, 19532, 16588, 18692, 14026, 7016, 6154, 3674, 2374, 1190, 1402, 704, 820, 944, 916, 694, 350, 394, 200, 265, 59, 1, 0,
235, 53, 1, 0,
236, 184, 176, 196, 203, 37, 1, 0,
237, 83, 1, 0,
238, 194, 100, 117, 65, 19, 1, 0,
239, 1, 0,
240, 504, 1056, 1968, 3240, 7650, 14112, 32571, 27333, 12161, 1, 0,
241, 1, 0,
242, 157, 1, 0,
243, 121, 12, 16, 15, 9, 4, 3, 1, 0,
244, 190, 170, 154, 134, 70, 74, 40, 50, 43, 1, 0,
245, 97, 1, 0,
246, 258, 270, 450, 759, 393, 135, 105, 87, 33, 15, 9, 4, 3, 1, 0,
247, 33, 15, 9, 4, 3, 1, 0,
248, 232, 218, 112, 136, 134, 70, 74, 40, 50, 43, 1, 0,
249, 87, 33, 15, 9, 4, 3, 1, 0,
250, 218, 112, 136, 134, 70, 74, 40, 50, 43, 1, 0,
251, 1, 0,
252, 476, 532, 588, 1008, 2216, 1954, 980, 1414, 1034, 694, 350, 394, 200, 265, 59, 1, 0,
253, 35, 13, 1, 0,
254, 130, 122, 64, 63, 41, 1, 0,
255, 177, 63, 41, 1, 0,
256, 255, 177, 63, 41, 1, 0,
257, 1, 0,
258, 270, 450, 759, 393, 135, 105, 87, 33, 15, 9, 4, 3, 1, 0,
259, 45, 33, 15, 9, 4, 3, 1, 0,
260, 328, 302, 154, 134, 70, 74, 40, 50, 43, 1, 0,
261, 129, 47, 1, 0,
262, 134, 70, 74, 40, 50, 43, 1, 0,
263, 1, 0,
264, 456, 744, 1176, 2244, 3804, 5100, 10524, 14060, 17860, 22460, 24748, 20612, 15466, 11894, 6946, 3998, 2002, 2030, 2290, 1850, 1684, 1270, 1034, 694, 350, 394, 200, 265, 59, 1, 0,
265, 59, 1, 0,
266, 214, 110, 106, 56, 64, 63, 41, 1, 0,
267, 93, 35, 13, 1, 0,
268, 208, 226, 116, 94, 50, 43, 1, 0,
269, 1, 0,
270, 450, 759, 393, 135, 105, 87, 33, 15, 9, 4, 3, 1, 0,
271, 1, 0,
272, 286, 218, 112, 136, 134, 70, 74, 40, 50, 43, 1, 0,
273, 175, 73, 1, 0,
274, 140, 196, 203, 37, 1, 0,
275, 97, 1, 0,
276, 396, 696, 1104, 1872, 3770, 3790, 3050, 2716, 2772, 5964, 10164, 19628, 19684, 22876, 26404, 30044, 33796, 38780, 54628, 54684, 111300, 263676, 465668, 465724, 465780, 1026060, 2325540, 5335260, 11738916, 23117724, 45956820, 121129260, 266485716, 558454764, 1092873236, 1470806764, 1471882804, 1642613196, 2737688884, 2740114636, 2791337780, 4946860492, 4946860548, 9344070652, 9344070708, 15573451404, 27078171764, 27284104204, 27410152084, 27410152140, 76787720100, 220578719452, 254903331620, 361672366300, 603062136740, 921203207260, 1381419996068, 1395444575644, 1395478688996, 1395546402460, 2069258468900, 3065057872156, 3277068463844, 3429776547484, 3597527970596, 4028517592540, 5641400009252, 5641400009308, 5641400009364, 9709348326636, 16331909651988, 31948891146732, 54770416120644, 100509779504316, 208751080955844, 388416032284476, 749365894850244, 1414070378301756, 2556878765995204, 2556878765995260, 6726041614128900, 15626498692840700, 23762659088671300, 35168735451235260, 78257359358590020, 186897487211247036, 340813223900632644, 592585414385033916, 1326583294186844484, 2594892903616159356, 4946738730471899844, 8244565422068579772, 13740942370114299844, 13780400058385352252, 13780400058385352308, 14272557426581383244, 14272557426581383300, 21155073391000330684,
277, 1, 0,
278, 142, 74, 40, 50, 43, 1, 0,
279, 137, 1, 0,
280, 440, 640, 890, 730, 602, 454, 230, 202, 104, 106, 56, 64, 63, 41, 1, 0,
281, 1, 0,
282, 294, 390, 618, 630, 1242, 1638, 2730, 5334, 6954, 7926, 7938, 12753, 7267, 785, 163, 1, 0,
283, 1, 0,
284, 220, 284, 220, 284, 220, 284, 220, 284, 220, 284, 220, 284, 220, 284, 220, 284, 220, 284, 220, 284, 220, 284, 220, 284, 220, 284, 220, 284, 220, 284, 220, 284, 220, 284, 220, 284, 220, 284, 220, 284, 220, 284, 220, 284, 220, 284, 220, 284, 220, 284, 220, 284, 220, 284, 220, 284, 220, 284, 220, 284, 220, 284, 220, 284, 220, 284, 220, 284, 220, 284, 220, 284, 220, 284, 220, 284, 220, 284, 220, 284, 220, 284, 220, 284, 220, 284, 220, 284, 220, 284, 220, 284, 220, 284, 220, 284, 220, 284, 220, 284, 220, 284, 220, 284, 220, 284, 220, 284, 220, 284, 220, 284, 220, 284, 220, 284, 220, 284, 220, 284, 220, 284, 220, 284, 220, 284, 220, 284, 220, 284, 220, 284, 220, 284, 220, 284, 220, 284, 220, 284, 220, 284, 220, 284, 220, 284, 220, 284, 220, 284, 220, 284, 220, 284, 220, 284, 220, 284, 220, 284, 220, 284, 220, 284, 220, 284, 220, 284, 220, 284, 220, 284, 220, 284, 220, 284, 220, 284, 220, 284, 220, 284, 220, 284, 220, 284, 220, 284, 220, 284, 220, 284, 220, 284, 220, 284, 220, 284, 220, 284, 220, 284, 220, 284, 220, 284, 220, 284, 220, 284, 220, 284, 220, 284, 220, 284, 220, 284, 220, 284, 220, 284, 220, 284, 220, 284, 220, 284, 220, 284, 220, 284, 220, 284, 220, 284, 220, 284, 220, 284, 220, 284, 220, 284, 220, 284, 220, 284, 220, 284, 220, 284, 220, 284, 220, 284,
285, 195, 141, 51, 21, 11, 1, 0,
286, 218, 112, 136, 134, 70, 74, 40, 50, 43, 1, 0,
287, 49, 8, 7, 1, 0,
288, 531, 249, 87, 33, 15, 9, 4, 3, 1, 0,
289, 18, 21, 11, 1, 0,
290, 250, 218, 112, 136, 134, 70, 74, 40, 50, 43, 1, 0,
291, 101, 1, 0,
292, 226, 116, 94, 50, 43, 1, 0,
293, 1, 0,
294, 390, 618, 630, 1242, 1638, 2730, 5334, 6954, 7926, 7938, 12753, 7267, 785, 163, 1, 0,
295, 65, 19, 1, 0,
296, 274, 140, 196, 203, 37, 1, 0,
297, 183, 65, 19, 1, 0,
298, 152, 148, 118, 62, 34, 20, 22, 14, 10, 8, 7, 1, 0,
299, 37, 1, 0,
300, 568, 512, 511, 81, 40, 50, 43, 1, 0,
301, 51, 21, 11, 1, 0,
302, 154, 134, 70, 74, 40, 50, 43, 1, 0,
303, 105, 87, 33, 15, 9, 4, 3, 1, 0,
304, 316, 244, 190, 170, 154, 134, 70, 74, 40, 50, 43, 1, 0,
305, 67, 1, 0,
306, 396, 696, 1104, 1872, 3770, 3790, 3050, 2716, 2772, 5964, 10164, 19628, 19684, 22876, 26404, 30044, 33796, 38780, 54628, 54684, 111300, 263676, 465668, 465724, 465780, 1026060, 2325540, 5335260, 11738916, 23117724, 45956820, 121129260, 266485716, 558454764, 1092873236, 1470806764, 1471882804, 1642613196, 2737688884, 2740114636, 2791337780, 4946860492, 4946860548, 9344070652, 9344070708, 15573451404, 27078171764, 27284104204, 27410152084, 27410152140, 76787720100, 220578719452, 254903331620, 361672366300, 603062136740, 921203207260, 1381419996068, 1395444575644, 1395478688996, 1395546402460, 2069258468900, 3065057872156, 3277068463844, 3429776547484, 3597527970596, 4028517592540, 5641400009252, 5641400009308, 5641400009364, 9709348326636, 16331909651988, 31948891146732, 54770416120644, 100509779504316, 208751080955844, 388416032284476, 749365894850244, 1414070378301756, 2556878765995204, 2556878765995260, 6726041614128900, 15626498692840700, 23762659088671300, 35168735451235260, 78257359358590020, 186897487211247036, 340813223900632644, 592585414385033916, 1326583294186844484, 2594892903616159356, 4946738730471899844, 8244565422068579772, 13740942370114299844, 13780400058385352252, 13780400058385352308, 14272557426581383244, 14272557426581383300, 21155073391000330684,
307, 1, 0,
308, 364, 420, 924, 1764, 3423, 1825, 469, 75, 49, 8, 7, 1, 0,
309, 107, 1, 0,
310, 266, 214, 110, 106, 56, 64, 63, 41, 1, 0,
311, 1, 0,
312, 528, 960, 2088, 3762, 5598, 6570, 10746, 13254, 13830, 19434, 20886, 21606, 25098, 26742, 26754, 40446, 63234, 77406, 110754, 171486, 253458, 295740, 647748, 1077612, 1467588, 1956812, 2109796, 1889486, 953914, 668966, 353578, 176792, 254128, 308832, 502104, 753216, 1240176, 2422288, 2697920, 3727264, 3655076, 2760844, 2100740, 2310856, 2455544, 3212776, 3751064, 3282196, 2723020, 3035684, 2299240, 2988440, 5297320, 8325080, 11222920, 15359480, 19199440, 28875608, 25266172, 19406148, 26552604, 40541052, 54202884, 72270540, 147793668, 228408732, 348957876, 508132204, 404465636, 303708376, 290504024, 312058216, 294959384, 290622016, 286081174, 151737434, 75868720, 108199856, 101437396, 76247552, 76099654, 42387146, 21679318, 12752594, 7278382, 3660794, 1855066, 927536, 932464, 1013592, 1546008, 2425752, 5084088, 8436192, 13709064, 20563656, 33082104, 57142536, 99483384, 245978376, 487384824, 745600776, 1118401224, 1677601896, 2538372504, 4119772776, 8030724504, 14097017496, 21148436904, 40381357656, 60572036544, 100039354704, 179931895322, 94685963278, 51399021218, 28358080762, 18046051430, 17396081338, 8698040672, 8426226964, 6319670230, 5422685354, 3217383766, 1739126474, 996366646, 636221402, 318217798, 195756362, 101900794, 54202694, 49799866, 24930374, 17971642, 11130830, 8904682, 4913018, 3126502, 1574810, 1473382, 736694, 541162, 312470, 249994, 127286, 69898, 34952, 34708, 26038, 13994, 7000, 11720, 14740, 19532, 16588, 18692, 14026, 7016, 6154, 3674, 2374, 1190, 1402, 704, 820, 944, 916, 694, 350, 394, 200, 265, 59, 1, 0,
313, 1, 0,
314, 160, 218, 112, 136, 134, 70, 74, 40, 50, 43, 1, 0,
315, 309, 107, 1, 0,
316, 244, 190, 170, 154, 134, 70, 74, 40, 50, 43, 1, 0,
317, 1, 0,
318, 330, 534, 546, 798, 1122, 1470, 2634, 2646, 4194, 4932, 7626, 8502, 9978, 9990, 17370, 28026, 35136, 67226, 33616, 37808, 40312, 35288, 37072, 45264, 79728, 146448, 281166, 281178, 363942, 424638, 526338, 722961, 321329, 1, 0,
319, 41, 1, 0,
320, 442, 314, 160, 218, 112, 136, 134, 70, 74, 40, 50, 43, 1, 0,
321, 111, 41, 1, 0,
322, 254, 130, 122, 64, 63, 41, 1, 0,
323, 37, 1, 0,
324, 523, 1, 0,
325, 109, 1, 0,
326, 166, 86, 46, 26, 16, 15, 9, 4, 3, 1, 0,
327, 113, 1, 0,
328, 302, 154, 134, 70, 74, 40, 50, 43, 1, 0,
329, 55, 17, 1, 0,
330, 534, 546, 798, 1122, 1470, 2634, 2646, 4194, 4932, 7626, 8502, 9978, 9990, 17370, 28026, 35136, 67226, 33616, 37808, 40312, 35288, 37072, 45264, 79728, 146448, 281166, 281178, 363942, 424638, 526338, 722961, 321329, 1, 0,
331, 1, 0,
332, 256, 255, 177, 63, 41, 1, 0,
333, 161, 31, 1, 0,
334, 170, 154, 134, 70, 74, 40, 50, 43, 1, 0,
335, 73, 1, 0,
336, 656, 646, 434, 334, 170, 154, 134, 70, 74, 40, 50, 43, 1, 0,
337, 1, 0,
338, 211, 1, 0,
339, 117, 65, 19, 1, 0,
340, 416, 466, 236, 184, 176, 196, 203, 37, 1, 0,
341, 43, 1, 0,
342, 438, 450, 759, 393, 135, 105, 87, 33, 15, 9, 4, 3, 1, 0,
343, 57, 23, 1, 0,
344, 316, 244, 190, 170, 154, 134, 70, 74, 40, 50, 43, 1, 0,
345, 231, 153, 81, 40, 50, 43, 1, 0,
346, 176, 196, 203, 37, 1, 0,
347, 1, 0,
348, 492, 684, 1136, 1096, 974, 490, 536, 484, 447, 153, 81, 40, 50, 43, 1, 0,
349, 1, 0,
350, 394, 200, 265, 59, 1, 0,
351, 209, 31, 1, 0,
352, 404, 310, 266, 214, 110, 106, 56, 64, 63, 41, 1, 0,
353, 1, 0,
354, 366, 378, 582, 594, 846, 1026, 1374, 1386, 2358, 2790, 4698, 6192, 11540, 12736, 12664, 11096, 11104, 10820, 11944, 10466, 5236, 6860, 9940, 14252, 14308, 15218, 10894, 6746, 3376, 3196, 2852, 2524, 1900, 2440, 3140, 3496, 3704, 3256, 3584, 4600, 6560, 9316, 8072, 7078, 3542, 3370, 2714, 1606, 1058, 601, 1, 0,
355, 77, 19, 1, 0,
356, 274, 140, 196, 203, 37, 1, 0,
357, 219, 77, 19, 1, 0,
358, 182, 154, 134, 70, 74, 40, 50, 43, 1, 0,
359, 1, 0,
360, 810, 1368, 2532, 3404, 2980, 3320, 4240, 5804, 4360, 5540, 6136, 6464, 6490, 6470, 5194, 4040, 5140, 5696, 5734, 3194, 1600, 2337, 1023, 513, 287, 49, 8, 7, 1, 0,
361, 20, 22, 14, 10, 8, 7, 1, 0,
362, 184, 176, 196, 203, 37, 1, 0,
363, 169, 14, 10, 8, 7, 1, 0,
364, 420, 924, 1764, 3423, 1825, 469, 75, 49, 8, 7, 1, 0,
365, 79, 1, 0,
366, 378, 582, 594, 846, 1026, 1374, 1386, 2358, 2790, 4698, 6192, 11540, 12736, 12664, 11096, 11104, 10820, 11944, 10466, 5236, 6860, 9940, 14252, 14308, 15218, 10894, 6746, 3376, 3196, 2852, 2524, 1900, 2440, 3140, 3496, 3704, 3256, 3584, 4600, 6560, 9316, 8072, 7078, 3542, 3370, 2714, 1606, 1058, 601, 1, 0,
367, 1, 0,
368, 376, 344, 316, 244, 190, 170, 154, 134, 70, 74, 40, 50, 43, 1, 0,
369, 177, 63, 41, 1, 0,
370, 314, 160, 218, 112, 136, 134, 70, 74, 40, 50, 43, 1, 0,
371, 61, 1, 0,
372, 524, 400, 561, 303, 105, 87, 33, 15, 9, 4, 3, 1, 0,
373, 1, 0,
374, 274, 140, 196, 203, 37, 1, 0,
375, 249, 87, 33, 15, 9, 4, 3, 1, 0,
376, 344, 316, 244, 190, 170, 154, 134, 70, 74, 40, 50, 43, 1, 0,
377, 43, 1, 0,
378, 582, 594, 846, 1026, 1374, 1386, 2358, 2790, 4698, 6192, 11540, 12736, 12664, 11096, 11104, 10820, 11944, 10466, 5236, 6860, 9940, 14252, 14308, 15218, 10894, 6746, 3376, 3196, 2852, 2524, 1900, 2440, 3140, 3496, 3704, 3256, 3584, 4600, 6560, 9316, 8072, 7078, 3542, 3370, 2714, 1606, 1058, 601, 1, 0,
379, 1, 0,
380, 460, 548, 418, 302, 154, 134, 70, 74, 40, 50, 43, 1, 0,
381, 131, 1, 0,
382, 194, 100, 117, 65, 19, 1, 0,
383, 1, 0,
384, 636, 876, 1196, 1156, 993, 335, 73, 1, 0,
385, 191, 1, 0,
386, 196, 203, 37, 1, 0,
387, 185, 43, 1, 0,
388, 298, 152, 148, 118, 62, 34, 20, 22, 14, 10, 8, 7, 1, 0,
389, 1, 0,
390, 618, 630, 1242, 1638, 2730, 5334, 6954, 7926, 7938, 12753, 7267, 785, 163, 1, 0,
391, 41, 1, 0,
392, 463, 1, 0,
393, 135, 105, 87, 33, 15, 9, 4, 3, 1, 0,
394, 200, 265, 59, 1, 0,
395, 85, 23, 1, 0,
396, 696, 1104, 1872, 3770, 3790, 3050, 2716, 2772, 5964, 10164, 19628, 19684, 22876, 26404, 30044, 33796, 38780, 54628, 54684, 111300, 263676, 465668, 465724, 465780, 1026060, 2325540, 5335260, 11738916, 23117724, 45956820, 121129260, 266485716, 558454764, 1092873236, 1470806764, 1471882804, 1642613196, 2737688884, 2740114636, 2791337780, 4946860492, 4946860548, 9344070652, 9344070708, 15573451404, 27078171764, 27284104204, 27410152084, 27410152140, 76787720100, 220578719452, 254903331620, 361672366300, 603062136740, 921203207260, 1381419996068, 1395444575644, 1395478688996, 1395546402460, 2069258468900, 3065057872156, 3277068463844, 3429776547484, 3597527970596, 4028517592540, 5641400009252, 5641400009308, 5641400009364, 9709348326636, 16331909651988, 31948891146732, 54770416120644, 100509779504316, 208751080955844, 388416032284476, 749365894850244, 1414070378301756, 2556878765995204, 2556878765995260, 6726041614128900, 15626498692840700, 23762659088671300, 35168735451235260, 78257359358590020, 186897487211247036, 340813223900632644, 592585414385033916, 1326583294186844484, 2594892903616159356, 4946738730471899844, 8244565422068579772, 13740942370114299844, 13780400058385352252, 13780400058385352308, 14272557426581383244, 14272557426581383300, 21155073391000330684,
397, 1, 0,
398, 202, 104, 106, 56, 64, 63, 41, 1, 0,
399, 241, 1, 0,
400, 561, 303, 105, 87, 33, 15, 9, 4, 3, 1, 0,
401, 1, 0,
402, 414, 522, 648, 1167, 393, 135, 105, 87, 33, 15, 9, 4, 3, 1, 0,
403, 45, 33, 15, 9, 4, 3, 1, 0,
404, 310, 266, 214, 110, 106, 56, 64, 63, 41, 1, 0,
405, 321, 111, 41, 1, 0,
406, 314, 160, 218, 112, 136, 134, 70, 74, 40, 50, 43, 1, 0,
407, 49, 8, 7, 1, 0,
408, 672, 1344, 2720, 4084, 3070, 2474, 1240, 1640, 2140, 2396, 1804, 1724, 1300, 1738, 1142, 574, 434, 334, 170, 154, 134, 70, 74, 40, 50, 43, 1, 0,
409, 1, 0,
410, 346, 176, 196, 203, 37, 1, 0,
411, 141, 51, 21, 11, 1, 0,
412, 316, 244, 190, 170, 154, 134, 70, 74, 40, 50, 43, 1, 0,
413, 67, 1, 0,
414, 522, 648, 1167, 393, 135, 105, 87, 33, 15, 9, 4, 3, 1, 0,
415, 89, 1, 0,
416, 466, 236, 184, 176, 196, 203, 37, 1, 0,
417, 143, 25, 6,
418, 302, 154, 134, 70, 74, 40, 50, 43, 1, 0,
419, 1, 0,
420, 924, 1764, 3423, 1825, 469, 75, 49, 8, 7, 1, 0,
421, 1, 0,
422, 214, 110, 106, 56, 64, 63, 41, 1, 0,
423, 201, 71, 1, 0,
424, 386, 196, 203, 37, 1, 0,
425, 133, 27, 13, 1, 0,
426, 438, 450, 759, 393, 135, 105, 87, 33, 15, 9, 4, 3, 1, 0,
427, 69, 27, 13, 1, 0,
428, 328, 302, 154, 134, 70, 74, 40, 50, 43, 1, 0,
429, 243, 121, 12, 16, 15, 9, 4, 3, 1, 0,
430, 362, 184, 176, 196, 203, 37, 1, 0,
431, 1, 0,
432, 808, 722, 421, 1, 0,
433, 1, 0,
434, 334, 170, 154, 134, 70, 74, 40, 50, 43, 1, 0,
435, 285, 195, 141, 51, 21, 11, 1, 0,
436, 334, 170, 154, 134, 70, 74, 40, 50, 43, 1, 0,
437, 43, 1, 0,
438, 450, 759, 393, 135, 105, 87, 33, 15, 9, 4, 3, 1, 0,
439, 1, 0,
440, 640, 890, 730, 602, 454, 230, 202, 104, 106, 56, 64, 63, 41, 1, 0,
441, 300, 568, 512, 511, 81, 40, 50, 43, 1, 0,
442, 314, 160, 218, 112, 136, 134, 70, 74, 40, 50, 43, 1, 0,
443, 1, 0,
444, 620, 724, 550, 566, 286, 218, 112, 136, 134, 70, 74, 40, 50, 43, 1, 0,
445, 95, 25, 6,
446, 226, 116, 94, 50, 43, 1, 0,
447, 153, 81, 40, 50, 43, 1, 0,
448, 568, 512, 511, 81, 40, 50, 43, 1, 0,
449, 1, 0,
450, 759, 393, 135, 105, 87, 33, 15, 9, 4, 3, 1, 0,
451, 53, 1, 0,
452, 346, 176, 196, 203, 37, 1, 0,
453, 155, 37, 1, 0,
454, 230, 202, 104, 106, 56, 64, 63, 41, 1, 0,
455, 217, 39, 17, 1, 0,
456, 744, 1176, 2244, 3804, 5100, 10524, 14060, 17860, 22460, 24748, 20612, 15466, 11894, 6946, 3998, 2002, 2030, 2290, 1850, 1684, 1270, 1034, 694, 350, 394, 200, 265, 59, 1, 0,
457, 1, 0,
458, 232, 218, 112, 136, 134, 70, 74, 40, 50, 43, 1, 0,
459, 261, 129, 47, 1, 0,
460, 548, 418, 302, 154, 134, 70, 74, 40, 50, 43, 1, 0,
461, 1, 0,
462, 690, 1038, 1050, 1926, 2286, 2706, 3342, 3354, 4038, 4050, 7203, 4001, 1, 0,
463, 1, 0,
464, 466, 236, 184, 176, 196, 203, 37, 1, 0,
465, 303, 105, 87, 33, 15, 9, 4, 3, 1, 0,
466, 236, 184, 176, 196, 203, 37, 1, 0,
467, 1, 0,
468, 806, 538, 272, 286, 218, 112, 136, 134, 70, 74, 40, 50, 43, 1, 0,
469, 75, 49, 8, 7, 1, 0,
470, 394, 200, 265, 59, 1, 0,
471, 161, 31, 1, 0,
472, 428, 328, 302, 154, 134, 70, 74, 40, 50, 43, 1, 0,
473, 55, 17, 1, 0,
474, 486, 606, 618, 630, 1242, 1638, 2730, 5334, 6954, 7926, 7938, 12753, 7267, 785, 163, 1, 0,
475, 145, 35, 13, 1, 0,
476, 532, 588, 1008, 2216, 1954, 980, 1414, 1034, 694, 350, 394, 200, 265, 59, 1, 0,
477, 225, 178, 92, 76, 64, 63, 41, 1, 0,
478, 242, 157, 1, 0,
479, 1, 0,
480, 1032, 1608, 2472, 3768, 5712, 12144, 23568, 37440, 101244, 180996, 241356, 321836, 251044, 188290, 168830, 135082, 88478, 59698, 34622, 24754, 12380, 13660, 15068, 11308, 10364, 7780, 8600, 11860, 13088, 12742, 7274, 3640, 6440, 10840, 13640, 20920, 26240, 38020, 41864, 36646, 19298, 9652, 8268, 12900, 25292, 18976, 18446, 10498, 5882, 3514, 2534, 1834, 1334, 826, 614, 310, 266, 214, 110, 106, 56, 64, 63, 41, 1, 0,
481, 51, 21, 11, 1, 0,
482, 244, 190, 170, 154, 134, 70, 74, 40, 50, 43, 1, 0,
483, 285, 195, 141, 51, 21, 11, 1, 0,
484, 447, 153, 81, 40, 50, 43, 1, 0,
485, 103, 1, 0,
486, 606, 618, 630, 1242, 1638, 2730, 5334, 6954, 7926, 7938, 12753, 7267, 785, 163, 1, 0,
487, 1, 0,
488, 442, 314, 160, 218, 112, 136, 134, 70, 74, 40, 50, 43, 1, 0,
489, 167, 1, 0,
490, 536, 484, 447, 153, 81, 40, 50, 43, 1, 0,
491, 1, 0,
492, 684, 1136, 1096, 974, 490, 536, 484, 447, 153, 81, 40, 50, 43, 1, 0,
493, 47, 1, 0,
494, 346, 176, 196, 203, 37, 1, 0,
495, 441, 300, 568, 512, 511, 81, 40, 50, 43, 1, 0,
496,
497, 79, 1, 0,
498, 510, 786, 798, 1122, 1470, 2634, 2646, 4194, 4932, 7626, 8502, 9978, 9990, 17370, 28026, 35136, 67226, 33616, 37808, 40312, 35288, 37072, 45264, 79728, 146448, 281166, 281178, 363942, 424638, 526338, 722961, 321329, 1, 0,
499, 1, 0,
500, 592, 586, 296, 274, 140, 196, 203, 37, 1, 0,
501, 171, 89, 1, 0,
502, 254, 130, 122, 64, 63, 41, 1, 0,
503, 1, 0,
504, 1056, 1968, 3240, 7650, 14112, 32571, 27333, 12161, 1, 0,
505, 107, 1, 0,
506, 358, 182, 154, 134, 70, 74, 40, 50, 43, 1, 0,
507, 225, 178, 92, 76, 64, 63, 41, 1, 0,
508, 388, 298, 152, 148, 118, 62, 34, 20, 22, 14, 10, 8, 7, 1, 0,
509, 1, 0,
510, 786, 798, 1122, 1470, 2634, 2646, 4194, 4932, 7626, 8502, 9978, 9990, 17370, 28026, 35136, 67226, 33616, 37808, 40312, 35288, 37072, 45264, 79728, 146448, 281166, 281178, 363942, 424638, 526338, 722961, 321329, 1, 0,
511, 81, 40, 50, 43, 1, 0,
512, 511, 81, 40, 50, 43, 1, 0,
513, 287, 49, 8, 7, 1, 0,
514, 260, 328, 302, 154, 134, 70, 74, 40, 50, 43, 1, 0,
515, 109, 1, 0,
516, 716, 544, 590, 490, 536, 484, 447, 153, 81, 40, 50, 43, 1, 0,
517, 59, 1, 0,
518, 394, 200, 265, 59, 1, 0,
519, 177, 63, 41, 1, 0,
520, 740, 856, 764, 580, 680, 940, 1076, 814, 554, 280, 440, 640, 890, 730, 602, 454, 230, 202, 104, 106, 56, 64, 63, 41, 1, 0,
521, 1, 0,
522, 648, 1167, 393, 135, 105, 87, 33, 15, 9, 4, 3, 1, 0,
523, 1, 0,
524, 400, 561, 303, 105, 87, 33, 15, 9, 4, 3, 1, 0,
525, 467, 1, 0,
526, 266, 214, 110, 106, 56, 64, 63, 41, 1, 0,
527, 49, 8, 7, 1, 0,
528, 960, 2088, 3762, 5598, 6570, 10746, 13254, 13830, 19434, 20886, 21606, 25098, 26742, 26754, 40446, 63234, 77406, 110754, 171486, 253458, 295740, 647748, 1077612, 1467588, 1956812, 2109796, 1889486, 953914, 668966, 353578, 176792, 254128, 308832, 502104, 753216, 1240176, 2422288, 2697920, 3727264, 3655076, 2760844, 2100740, 2310856, 2455544, 3212776, 3751064, 3282196, 2723020, 3035684, 2299240, 2988440, 5297320, 8325080, 11222920, 15359480, 19199440, 28875608, 25266172, 19406148, 26552604, 40541052, 54202884, 72270540, 147793668, 228408732, 348957876, 508132204, 404465636, 303708376, 290504024, 312058216, 294959384, 290622016, 286081174, 151737434, 75868720, 108199856, 101437396, 76247552, 76099654, 42387146, 21679318, 12752594, 7278382, 3660794, 1855066, 927536, 932464, 1013592, 1546008, 2425752, 5084088, 8436192, 13709064, 20563656, 33082104, 57142536, 99483384, 245978376, 487384824, 745600776, 1118401224, 1677601896, 2538372504, 4119772776, 8030724504, 14097017496, 21148436904, 40381357656, 60572036544, 100039354704, 179931895322, 94685963278, 51399021218, 28358080762, 18046051430, 17396081338, 8698040672, 8426226964, 6319670230, 5422685354, 3217383766, 1739126474, 996366646, 636221402, 318217798, 195756362, 101900794, 54202694, 49799866, 24930374, 17971642, 11130830, 8904682, 4913018, 3126502, 1574810, 1473382, 736694, 541162, 312470, 249994, 127286, 69898, 34952, 34708, 26038, 13994, 7000, 11720, 14740, 19532, 16588, 18692, 14026, 7016, 6154, 3674, 2374, 1190, 1402, 704, 820, 944, 916, 694, 350, 394, 200, 265, 59, 1, 0,
529, 24, 36, 55, 17, 1, 0,
530, 442, 314, 160, 218, 112, 136, 134, 70, 74, 40, 50, 43, 1, 0,
531, 249, 87, 33, 15, 9, 4, 3, 1, 0,
532, 588, 1008, 2216, 1954, 980, 1414, 1034, 694, 350, 394, 200, 265, 59, 1, 0,
533, 55, 17, 1, 0,
534, 546, 798, 1122, 1470, 2634, 2646, 4194, 4932, 7626, 8502, 9978, 9990, 17370, 28026, 35136, 67226, 33616, 37808, 40312, 35288, 37072, 45264, 79728, 146448, 281166, 281178, 363942, 424638, 526338, 722961, 321329, 1, 0,
535, 113, 1, 0,
536, 484, 447, 153, 81, 40, 50, 43, 1, 0,
537, 183, 65, 19, 1, 0,
538, 272, 286, 218, 112, 136, 134, 70, 74, 40, 50, 43, 1, 0,
539, 145, 35, 13, 1, 0,
540, 1140, 2220, 4164, 5580, 11892, 15884, 16120, 24200, 37645, 7535, 2401, 400, 561, 303, 105, 87, 33, 15, 9, 4, 3, 1, 0,
541, 1, 0,
542, 274, 140, 196, 203, 37, 1, 0,
543, 185, 43, 1, 0,
544, 590, 490, 536, 484, 447, 153, 81, 40, 50, 43, 1, 0,
545, 115, 29, 1, 0,
546, 798, 1122, 1470, 2634, 2646, 4194, 4932, 7626, 8502, 9978, 9990, 17370, 28026, 35136, 67226, 33616, 37808, 40312, 35288, 37072, 45264, 79728, 146448, 281166, 281178, 363942, 424638, 526338, 722961, 321329, 1, 0,
547, 1, 0,
548, 418, 302, 154, 134, 70, 74, 40, 50, 43, 1, 0,
549, 257, 1, 0,
550, 566, 286, 218, 112, 136, 134, 70, 74, 40, 50, 43, 1, 0,
551, 49, 8, 7, 1, 0,
552, 888, 1392, 2328, 3552, 6024, 9096, 13704, 20616, 30984, 46536, 86904, 165816, 367704, 628356, 837836, 628384, 630356, 491884, 368920, 499400, 772840, 978650, 975652, 744248, 696712, 628628, 857836, 857892, 1472268, 2688756, 4481484, 7861812, 13263180, 31056564, 68937036, 114895284, 203960652, 339934644, 701117004, 1249822644, 2083037964, 3854840052, 6526189068, 11759221236, 19756324364, 19756324420, 27737950268, 27752432932, 30133761756, 50222936484, 100157868636, 166929781284, 328413416156, 330146489764, 405458444636, 405894291460, 568376568956, 572377346884, 572430445244, 692479821124, 817894924476, 1398913190724, 2331521984764, 2411296390916, 2714402747644, 2714402747700, 7422008758220, 10390812261844, 10390812261900, 28107781639140, 61872298992924, 103356642882276, 203715137475612, 410587488188388, 784423195587612, 1484132490684900, 3939472659035676, 7183744260598500, 17150676297837852, 33120176542135396, 33216357817288604, 33452773175434564, 34143329714105276, 34366804465445956, 34366804465446012, 57290443977092228, 59801180565830284, 62278898937033716, 64820894812017484, 66157408107116116, 68132256110317420, 95385158554444724, 103679520167876044, 103838904518706644, 104280432112151596, 109244625572337108, 187276500981150924, 312283200116973876, 520472208892277964, 947162005047505716, 1728907301581674060, 4315968018644437428, 8312466706445987148, 13875018154734078132, 23129441853028842828,
553, 87, 33, 15, 9, 4, 3, 1, 0,
554, 280, 440, 640, 890, 730, 602, 454, 230, 202, 104, 106, 56, 64, 63, 41, 1, 0,
555, 357, 219, 77, 19, 1, 0,
556, 424, 386, 196, 203, 37, 1, 0,
557, 1, 0,
558, 690, 1038, 1050, 1926, 2286, 2706, 3342, 3354, 4038, 4050, 7203, 4001, 1, 0,
559, 57, 23, 1, 0,
560, 928, 962, 634, 320, 442, 314, 160, 218, 112, 136, 134, 70, 74, 40, 50, 43, 1, 0,
561, 303, 105, 87, 33, 15, 9, 4, 3, 1, 0,
562, 284, 220, 284, 220, 284, 220, 284, 220, 284, 220, 284, 220, 284, 220, 284, 220, 284, 220, 284, 220, 284, 220, 284, 220, 284, 220, 284, 220, 284, 220, 284, 220, 284, 220, 284, 220, 284, 220, 284, 220, 284, 220, 284, 220, 284, 220, 284, 220, 284, 220, 284, 220, 284, 220, 284, 220, 284, 220, 284, 220, 284, 220, 284, 220, 284, 220, 284, 220, 284, 220, 284, 220, 284, 220, 284, 220, 284, 220, 284, 220, 284, 220, 284, 220, 284, 220, 284, 220, 284, 220, 284, 220, 284, 220, 284, 220, 284, 220, 284, 220, 284, 220, 284, 220, 284, 220, 284, 220, 284, 220, 284, 220, 284, 220, 284, 220, 284, 220, 284, 220, 284, 220, 284, 220, 284, 220, 284, 220, 284, 220, 284, 220, 284, 220, 284, 220, 284, 220, 284, 220, 284, 220, 284, 220, 284, 220, 284, 220, 284, 220, 284, 220, 284, 220, 284, 220, 284, 220, 284, 220, 284, 220, 284, 220, 284, 220, 284, 220, 284, 220, 284, 220, 284, 220, 284, 220, 284, 220, 284, 220, 284, 220, 284, 220, 284, 220, 284, 220, 284, 220, 284, 220, 284, 220, 284, 220, 284, 220, 284, 220, 284, 220, 284, 220, 284, 220, 284, 220, 284, 220, 284, 220, 284, 220, 284, 220, 284, 220, 284, 220, 284, 220, 284, 220, 284, 220, 284, 220, 284, 220, 284, 220, 284, 220, 284, 220, 284, 220, 284, 220, 284, 220, 284, 220, 284, 220, 284, 220, 284, 220, 284, 220, 284, 220, 284, 220,
563, 1, 0,
564, 780, 1572, 2124, 3336, 5064, 7656, 13944, 26376, 49464, 88536, 187944, 295896, 443904, 812340, 1652304, 2767056, 4803888, 7914048, 13495104, 30725280, 79741440, 196505388, 300216656, 285162916, 237325596, 325831908, 434442572, 325831936, 347001764, 260735800, 434766560, 592369816, 518323604, 399201004, 340495100, 465552268, 349164208, 327341476, 386858780, 660449188, 660449244, 1275089956, 1326589544, 1591234456, 1869454184, 1907347936, 2136597368, 1927982632, 1687830008, 1476851272, 1549164728, 1355519152, 1472824128, 2428160704, 2390220820, 3015356084, 2946399436, 2219933204, 1697726164, 1273591500, 2435111316, 4505089644, 8249900436, 13250766444, 17667688620, 31801839684, 50902645116, 68311735764, 100424225196, 163782878804, 157632369196, 132743047884, 179219034996, 253378636524, 469364621076, 808466882964, 1223065284876, 1899182242068, 2532933314892, 4033930835108, 3476984189596, 2608558569252, 3985297814226, 4023073151502, 4113479290818, 4113479290830, 8150663431218, 12314223635406, 19021855888434, 24456828403662, 24456828403674, 33400095866406, 41025955455450, 87522179850270, 160752206062530, 257204778352830, 582855787227042, 886186681902414, 1034002020631818, 1454075262184182, 1742529178082874, 1742581706624934, 2255275930841178, 3011054068857126, 3215358222394074, 3423082058789670, 5706879792828570, 9610585471811430, 16130542135671450, 28318062860404710, 40045378598887962, 40536410262347238, 40536444317790858, 40550300562714198, 43430502547685802, 43430505981393750, 69885402054320298, 77241760165301622, 92294863126228362, 93496666024371318, 93497001710637642, 108230228021541558, 110228150683152042, 123245911376118102, 166581668788799658, 174707641076515734, 209360680894795866, 210327704825031078, 210330301289003418, 213153526809662982, 224177998753304058, 247775682832599462, 254755279532110170, 421642919684306598, 421646091330059418, 421646091330059430, 616136355045125850, 1060482535478260134, 1060777613821292346, 1385297851436906694, 1790493068686394682, 2133709360930628118, 2941727912299551114, 3432163722064897626, 4086820243432760742, 4992964806777394266, 5877193519621131174, 6890645886501113946, 9398026399476218022, 11666515530384271818, 13610934872556650550, 24212794165861398066,
565, 119, 25, 6,
566, 286, 218, 112, 136, 134, 70, 74, 40, 50, 43, 1, 0,
567, 401, 1, 0,
568, 512, 511, 81, 40, 50, 43, 1, 0,
569, 1, 0,
570, 870, 1290, 1878, 1890, 3870, 6426, 10854, 13830, 19434, 20886, 21606, 25098, 26742, 26754, 40446, 63234, 77406, 110754, 171486, 253458, 295740, 647748, 1077612, 1467588, 1956812, 2109796, 1889486, 953914, 668966, 353578, 176792, 254128, 308832, 502104, 753216, 1240176, 2422288, 2697920, 3727264, 3655076, 2760844, 2100740, 2310856, 2455544, 3212776, 3751064, 3282196, 2723020, 3035684, 2299240, 2988440, 5297320, 8325080, 11222920, 15359480, 19199440, 28875608, 25266172, 19406148, 26552604, 40541052, 54202884, 72270540, 147793668, 228408732, 348957876, 508132204, 404465636, 303708376, 290504024, 312058216, 294959384, 290622016, 286081174, 151737434, 75868720, 108199856, 101437396, 76247552, 76099654, 42387146, 21679318, 12752594, 7278382, 3660794, 1855066, 927536, 932464, 1013592, 1546008, 2425752, 5084088, 8436192, 13709064, 20563656, 33082104, 57142536, 99483384, 245978376, 487384824, 745600776, 1118401224, 1677601896, 2538372504, 4119772776, 8030724504, 14097017496, 21148436904, 40381357656, 60572036544, 100039354704, 179931895322, 94685963278, 51399021218, 28358080762, 18046051430, 17396081338, 8698040672, 8426226964, 6319670230, 5422685354, 3217383766, 1739126474, 996366646, 636221402, 318217798, 195756362, 101900794, 54202694, 49799866, 24930374, 17971642, 11130830, 8904682, 4913018, 3126502, 1574810, 1473382, 736694, 541162, 312470, 249994, 127286, 69898, 34952, 34708, 26038, 13994, 7000, 11720, 14740, 19532, 16588, 18692, 14026, 7016, 6154, 3674, 2374, 1190, 1402, 704, 820, 944, 916, 694, 350, 394, 200, 265, 59, 1, 0,
571, 1, 0,
572, 604, 460, 548, 418, 302, 154, 134, 70, 74, 40, 50, 43, 1, 0,
573, 195, 141, 51, 21, 11, 1, 0,
574, 434, 334, 170, 154, 134, 70, 74, 40, 50, 43, 1, 0,
575, 169, 14, 10, 8, 7, 1, 0,
576, 1075, 289, 18, 21, 11, 1, 0,
577, 1, 0,
578, 343, 57, 23, 1, 0,
579, 197, 1, 0,
580, 680, 940, 1076, 814, 554, 280, 440, 640, 890, 730, 602, 454, 230, 202, 104, 106, 56, 64, 63, 41, 1, 0,
581, 91, 21, 11, 1, 0,
582, 594, 846, 1026, 1374, 1386, 2358, 2790, 4698, 6192, 11540, 12736, 12664, 11096, 11104, 10820, 11944, 10466, 5236, 6860, 9940, 14252, 14308, 15218, 10894, 6746, 3376, 3196, 2852, 2524, 1900, 2440, 3140, 3496, 3704, 3256, 3584, 4600, 6560, 9316, 8072, 7078, 3542, 3370, 2714, 1606, 1058, 601, 1, 0,
583, 65, 19, 1, 0,
584, 526, 266, 214, 110, 106, 56, 64, 63, 41, 1, 0,
585, 507, 225, 178, 92, 76, 64, 63, 41, 1, 0,
586, 296, 274, 140, 196, 203, 37, 1, 0,
587, 1, 0,
588, 1008, 2216, 1954, 980, 1414, 1034, 694, 350, 394, 200, 265, 59, 1, 0,
589, 51, 21, 11, 1, 0,
590, 490, 536, 484, 447, 153, 81, 40, 50, 43, 1, 0,
591, 201, 71, 1, 0,
592, 586, 296, 274, 140, 196, 203, 37, 1, 0,
593, 1, 0,
594, 846, 1026, 1374, 1386, 2358, 2790, 4698, 6192, 11540, 12736, 12664, 11096, 11104, 10820, 11944, 10466, 5236, 6860, 9940, 14252, 14308, 15218, 10894, 6746, 3376, 3196, 2852, 2524, 1900, 2440, 3140, 3496, 3704, 3256, 3584, 4600, 6560, 9316, 8072, 7078, 3542, 3370, 2714, 1606, 1058, 601, 1, 0,
595, 269, 1, 0,
596, 454, 230, 202, 104, 106, 56, 64, 63, 41, 1, 0,
597, 203, 37, 1, 0,
598, 410, 346, 176, 196, 203, 37, 1, 0,
599, 1, 0,
600, 1260, 3108, 5404, 5460, 13356, 25956, 49756, 49812, 83244, 138964, 144326, 127978, 67322, 36250, 34040, 48040, 60140, 71572, 58208, 64264, 60836, 47692, 35776, 42456, 69144, 110376, 244824, 373356, 594884, 446170, 356954, 219706, 118874, 88720, 117740, 174916, 174972, 291844, 302666, 256438, 217322, 185014, 92510, 95626, 49274, 25894, 17198, 8602, 6950, 6070, 4874, 2440, 3140, 3496, 3704, 3256, 3584, 4600, 6560, 9316, 8072, 7078, 3542, 3370, 2714, 1606, 1058, 601, 1, 0, 
601, 1, 0,
602, 454, 230, 202, 104, 106, 56, 64, 63, 41, 1, 0,
603, 281, 1, 0,
604, 460, 548, 418, 302, 154, 134, 70, 74, 40, 50, 43, 1, 0,
605, 193, 1, 0,
606, 618, 630, 1242, 1638, 2730, 5334, 6954, 7926, 7938, 12753, 7267, 785, 163, 1, 0,
607, 1, 0,
608, 652, 496,
609, 351, 209, 31, 1, 0,
610, 506, 358, 182, 154, 134, 70, 74, 40, 50, 43, 1, 0,
611, 61, 1, 0,
612, 1026, 1374, 1386, 2358, 2790, 4698, 6192, 11540, 12736, 12664, 11096, 11104, 10820, 11944, 10466, 5236, 6860, 9940, 14252, 14308, 15218, 10894, 6746, 3376, 3196, 2852, 2524, 1900, 2440, 3140, 3496, 3704, 3256, 3584, 4600, 6560, 9316, 8072, 7078, 3542, 3370, 2714, 1606, 1058, 601, 1, 0,
613, 1, 0,
614, 310, 266, 214, 110, 106, 56, 64, 63, 41, 1, 0,
615, 393, 135, 105, 87, 33, 15, 9, 4, 3, 1, 0,
616, 824, 736, 776, 694, 350, 394, 200, 265, 59, 1, 0,
617, 1, 0,
618, 630, 1242, 1638, 2730, 5334, 6954, 7926, 7938, 12753, 7267, 785, 163, 1, 0,
619, 1, 0,
620, 724, 550, 566, 286, 218, 112, 136, 134, 70, 74, 40, 50, 43, 1, 0,
621, 339, 117, 65, 19, 1, 0,
622, 314, 160, 218, 112, 136, 134, 70, 74, 40, 50, 43, 1, 0,
623, 97, 1, 0,
624, 1112, 988, 972, 1576, 1394, 874, 566, 286, 218, 112, 136, 134, 70, 74, 40, 50, 43, 1, 0,
625, 156, 236, 184, 176, 196, 203, 37, 1, 0,
626, 316, 244, 190, 170, 154, 134, 70, 74, 40, 50, 43, 1, 0,
627, 333, 161, 31, 1, 0,
628, 478, 242, 157, 1, 0,
629, 55, 17, 1, 0,
630, 1242, 1638, 2730, 5334, 6954, 7926, 7938, 12753, 7267, 785, 163, 1, 0,
631, 1, 0,
632, 568, 512, 511, 81, 40, 50, 43, 1, 0,
633, 215, 49, 8, 7, 1, 0,
634, 320, 442, 314, 160, 218, 112, 136, 134, 70, 74, 40, 50, 43, 1, 0,
635, 133, 27, 13, 1, 0,
636, 876, 1196, 1156, 993, 335, 73, 1, 0,
637, 161, 31, 1, 0,
638, 442, 314, 160, 218, 112, 136, 134, 70, 74, 40, 50, 43, 1, 0,
639, 297, 183, 65, 19, 1, 0,
640, 890, 730, 602, 454, 230, 202, 104, 106, 56, 64, 63, 41, 1, 0,
641, 1, 0,
642, 654, 666, 816, 1416, 2184, 4536, 9984, 18632, 18628, 13978, 7802, 4294, 2546, 1534, 986, 634, 320, 442, 314, 160, 218, 112, 136, 134, 70, 74, 40, 50, 43, 1, 0,
643, 1, 0,
644, 700, 1036, 1092, 2044, 2100, 4844, 4900, 7469, 1939, 285, 195, 141, 51, 21, 11, 1, 0,
645, 411, 141, 51, 21, 11, 1, 0,
646, 434, 334, 170, 154, 134, 70, 74, 40, 50, 43, 1, 0,
647, 1, 0,
648, 1167, 393, 135, 105, 87, 33, 15, 9, 4, 3, 1, 0,
649, 71, 1, 0,
650, 652, 496,
651, 373, 1, 0,
652, 496,
653, 1, 0,
654, 666, 816, 1416, 2184, 4536, 9984, 18632, 18628, 13978, 7802, 4294, 2546, 1534, 986, 634, 320, 442, 314, 160, 218, 112, 136, 134, 70, 74, 40, 50, 43, 1, 0, 
655, 137, 1, 0,
656, 646, 434, 334, 170, 154, 134, 70, 74, 40, 50, 43, 1, 0,
657, 305, 67, 1, 0,
658, 494, 346, 176, 196, 203, 37, 1, 0,
659, 1, 0,
660, 1356, 1836, 3204, 4986, 5856, 9768, 17592, 26448, 47952, 94586, 47296, 46684, 42524, 31900, 46220, 50884, 38170, 36998, 22810, 18266, 9136, 8596, 8652, 14644, 14700, 34776, 80424, 137586, 149838, 194898, 230478, 236082, 371310, 519906, 535038, 688002, 884670, 1298658, 1325598, 1325610, 2762838, 3684330, 7008534, 9646650, 20210814, 26948298, 34511478, 34511490, 62694450, 144750606, 255162306, 342150270, 696170370, 1249384830, 1750467234, 1750950654, 1767059586, 2062619514, 2406389472, 4821678144, 9729473856, 16013092896, 29625927804, 52112106756, 88867512444, 132169953156, 212809257084, 283893510484, 258684665516, 194044546804, 145539838896, 231825484368, 416963892426, 429538683702, 450006271818, 498711745782, 645391671714, 752956950372, 1300776053916, 1734368071916, 1300786525972, 986529219820, 1152320207636, 1027433371444, 771941461196, 594730889764, 593612406236, 459840596884, 353581580684, 265284900724, 224453346316, 168393495204, 295964325996, 394619101356, 541369929012, 836662617900, 1876240047300, 3615679614012, 4820965110804, 6508880956876, 5376901660196, 5630868636124, 4223151477100, 4942748313948, 6590392339380, 11984912187084, 18311522839956, 29163653272044, 47079691612740, 95728706279784, 170405777160216, 339359310806184, 655955814004056, 1186415291370744, 2043144476440776, 3608106203085624, 6163848096938136, 13098242895497064, 23734515916326456, 43372170345735144, 78393390086384856, 170474514949762344, 305014219019504856, 543557024002690344, 966323598227005656, 1902155466499906344, 2853233199749859576, 4828548491884378584, 8327077638698841336, 14355820912199800824, 30164068575062391816,
661, 1, 0,
662, 334, 170, 154, 134, 70, 74, 40, 50, 43, 1, 0,
663, 345, 231, 153, 81, 40, 50, 43, 1, 0,
664, 596, 454, 230, 202, 104, 106, 56, 64, 63, 41, 1, 0,
665, 295, 65, 19, 1, 0,
666, 816, 1416, 2184, 4536, 9984, 18632, 18628, 13978, 7802, 4294, 2546, 1534, 986, 634, 320, 442, 314, 160, 218, 112, 136, 134, 70, 74, 40, 50, 43, 1, 0,
667, 53, 1, 0,
668, 508, 388, 298, 152, 148, 118, 62, 34, 20, 22, 14, 10, 8, 7, 1, 0,
669, 227, 1, 0,
670, 554, 280, 440, 640, 890, 730, 602, 454, 230, 202, 104, 106, 56, 64, 63, 41, 1, 0,
671, 73, 1, 0,
672, 1344, 2720, 4084, 3070, 2474, 1240, 1640, 2140, 2396, 1804, 1724, 1300, 1738, 1142, 574, 434, 334, 170, 154, 134, 70, 74, 40, 50, 43, 1, 0,
673, 1, 0,
674, 340, 416, 466, 236, 184, 176, 196, 203, 37, 1, 0,
675, 565, 119, 25, 6,
676, 605, 193, 1, 0,
677, 1, 0,
678, 690, 1038, 1050, 1926, 2286, 2706, 3342, 3354, 4038, 4050, 7203, 4001, 1, 0,
679, 105, 87, 33, 15, 9, 4, 3, 1, 0,
680, 940, 1076, 814, 554, 280, 440, 640, 890, 730, 602, 454, 230, 202, 104, 106, 56, 64, 63, 41, 1, 0,
681, 231, 153, 81, 40, 50, 43, 1, 0,
682, 470, 394, 200, 265, 59, 1, 0,
683, 1, 0,
684, 1136, 1096, 974, 490, 536, 484, 447, 153, 81, 40, 50, 43, 1, 0,
685, 143, 25, 6,
686, 514, 260, 328, 302, 154, 134, 70, 74, 40, 50, 43, 1, 0,
687, 233, 1, 0,
688, 676, 605, 193, 1, 0,
689, 67, 1, 0,
690, 1038, 1050, 1926, 2286, 2706, 3342, 3354, 4038, 4050, 7203, 4001, 1, 0,
691, 1, 0,
692, 526, 266, 214, 110, 106, 56, 64, 63, 41, 1, 0,
693, 555, 357, 219, 77, 19, 1, 0,
694, 350, 394, 200, 265, 59, 1, 0,
695, 145, 35, 13, 1, 0,
696, 1104, 1872, 3770, 3790, 3050, 2716, 2772, 5964, 10164, 19628, 19684, 22876, 26404, 30044, 33796, 38780, 54628, 54684, 111300, 263676, 465668, 465724, 465780, 1026060, 2325540, 5335260, 11738916, 23117724, 45956820, 121129260, 266485716, 558454764, 1092873236, 1470806764, 1471882804, 1642613196, 2737688884, 2740114636, 2791337780, 4946860492, 4946860548, 9344070652, 9344070708, 15573451404, 27078171764, 27284104204, 27410152084, 27410152140, 76787720100, 220578719452, 254903331620, 361672366300, 603062136740, 921203207260, 1381419996068, 1395444575644, 1395478688996, 1395546402460, 2069258468900, 3065057872156, 3277068463844, 3429776547484, 3597527970596, 4028517592540, 5641400009252, 5641400009308, 5641400009364, 9709348326636, 16331909651988, 31948891146732, 54770416120644, 100509779504316, 208751080955844, 388416032284476, 749365894850244, 1414070378301756, 2556878765995204, 2556878765995260, 6726041614128900, 15626498692840700, 23762659088671300, 35168735451235260, 78257359358590020, 186897487211247036, 340813223900632644, 592585414385033916, 1326583294186844484, 2594892903616159356, 4946738730471899844, 8244565422068579772, 13740942370114299844, 13780400058385352252, 13780400058385352308, 14272557426581383244, 14272557426581383300, 21155073391000330684,
697, 59, 1, 0,
698, 352, 404, 310, 266, 214, 110, 106, 56, 64, 63, 41, 1, 0,
699, 237, 83, 1, 0,
700, 1036, 1092, 2044, 2100, 4844, 4900, 7469, 1939, 285, 195, 141, 51, 21, 11, 1, 0,
701, 1, 0,
702, 978, 990, 1818, 2160, 5280, 12864, 21680, 28912, 31848, 47832, 71808, 148512, 359520, 946848, 1895712, 4539360, 12180336, 23781648, 44267568, 76111632, 139130668, 104348008, 92030552, 80526748, 62286692, 55099864, 51042536, 47249404, 35492780, 39042100, 45679474, 22839740, 36962884, 38008124, 53126668, 54930932, 54930988, 60686612, 62153644, 62153700, 155582364, 259304164, 266871836, 327310564, 327768476, 327768532, 396478124, 397718356, 398447980, 557827508, 557827564, 583593332, 645414448, 787922384, 739137616, 953968304, 894345316, 774937460, 1009670092, 763542524, 617043844, 462782890, 370226330, 300597094, 254298266, 127318438, 78349850, 67380964, 67381020, 170849700, 455276892, 785095332, 1353047388, 2730005796, 4680011532, 8989919988, 15034639116, 25057732084, 30907073036, 33007287796, 34078491020, 50530186420, 70844827340, 99182758612, 106237222700, 165551444212, 195690975116, 228113158756, 254901208604, 263632807396, 274851227420, 507715459300, 751418881500, 1749303191076, 3480682068444, 6604825822756, 7467599613404, 7483271439364, 7483271439420, 19285028182980, 48485555197884, 91621492377156, 191982873147324, 371492151175236, 719488350665532, 1652151220493508, 3368985514491324, 6306049809179204, 6306049809179260, 8828469732851300, 13066135204621660, 18405797678228324, 21945449165668756, 26323036089475244, 27487354482052276, 27492212193118540, 38489217056547572, 39864013609492492, 41491116205801108, 49034955515947436, 58804502365944916, 71372078274996884, 93526580908250476, 101659327074186644, 111202674691272556, 112182433939666580, 158408361492762220, 225535865174877908, 232980109946018092, 241300936709076188, 260041794337473316, 282654124279863644, 341008402262784676, 364526223108495644, 368599141802455396, 368822249063390108, 370877736802670692, 377810030948521052, 398232194783578372, 398239194643966844, 408534386130917956, 486602641614267836, 486602641614267892, 486602641614267948, 934231026364583892, 1557425833260726828, 2595709978031227092, 4326183296718712044, 9780311870838919956, 18808292059305637644,
703, 57, 23, 1, 0,
704, 820, 944, 916, 694, 350, 394, 200, 265, 59, 1, 0,
705, 447, 153, 81, 40, 50, 43, 1, 0,
706, 356, 274, 140, 196, 203, 37, 1, 0,
707, 109, 1, 0,
708, 972, 1576, 1394, 874, 566, 286, 218, 112, 136, 134, 70, 74, 40, 50, 43, 1, 0,
709, 1, 0,
710, 586, 296, 274, 140, 196, 203, 37, 1, 0,
711, 329, 55, 17, 1, 0,
712, 638, 442, 314, 160, 218, 112, 136, 134, 70, 74, 40, 50, 43, 1, 0,
713, 55, 17, 1, 0,
714, 1014, 1182, 1194, 1206, 1446, 1458, 1821, 611, 61, 1, 0,
715, 293, 1, 0,
716, 544, 590, 490, 536, 484, 447, 153, 81, 40, 50, 43, 1, 0,
717, 243, 121, 12, 16, 15, 9, 4, 3, 1, 0,
718, 362, 184, 176, 196, 203, 37, 1, 0,
719, 1, 0,
720, 1698, 1710, 2970, 5670, 11754, 13752, 23688, 51192, 94008, 141072, 223488, 427526, 272098, 147194, 73600, 116120, 145240, 181640, 250360, 365240, 494440, 646040, 857320, 1071740, 1235572, 1093104, 1966472, 1735828, 1311104, 1301116, 987044, 840796, 789140, 1134124, 951316, 812684, 620860, 719780, 958540, 1237892, 1046908, 808932, 1078604, 808960, 1156640, 1576300, 2157836, 1646524, 1635524, 1486924, 1127324, 1024924, 789476, 592114, 302954, 151480, 238760, 314200, 416780, 665140, 931532, 1165108, 1165164, 2522772, 5218668, 11903892, 25427052, 53825940, 132775020, 331001748, 760541292, 1492916628, 2490326636, 2492988820, 3524827628, 3530360596, 3702575660, 5183606260, 7370428940, 10560940852, 12481112588, 12481112644, 17623960508, 20935668292, 25605989948, 30285997252, 30573080188, 34370987924, 39658833004, 41211587732, 41211587788, 42695114924, 53420518564, 53420518620, 131770616964, 220630419324, 433833337476, 968456265084, 2100700764036, 4076359821114, 5241034055814, 5337199819626, 5337199819638, 6979141213722, 8147569309254, 9516864662658, 11103131607930, 19721291643270, 42357371012730, 71543356060590, 121564608079410, 206732590044966, 258936054156522, 302135189842458, 487524897248742, 571581342231066, 666844899269616, 1279728304928784, 2513206992836016, 4880141275173072, 7726890352357488, 13769727091931408, 14973900865721200, 27505094545817360, 36445367869087816, 31889696885451854, 15948418727906146, 8799127574017274, 5780231679986326, 2898674919482858, 1482596328952342, 806143636415978, 575816883154294, 287908441577150, 248301335229250, 216812581415582, 110503352862562, 70973108494430, 56778486795562, 41059244737238, 37356288988522, 26728513811798, 14761479258202, 9917154796838, 5036957229082, 2520587315174, 1260309373186, 651395856074, 334344776026, 181254214670, 145105289410, 116095329590, 95399615434, 47731154774, 23865577390, 19258918514, 12330904366, 7846939178, 4887146074, 2531895206, 1265947606, 1156609322, 736024150, 695142062, 361854994, 181589486, 116174938, 74998022, 48284410, 38851502, 19470874, 9735440, 18762736, 17590096, 18277648, 17135326, 10638098, 6092398, 3749210, 3182446, 1601594, 807994, 584486, 431578, 334502, 238954, 122234, 87334, 53786, 26896, 26517, 8843, 277, 1, 0,
721, 111, 41, 1, 0,
722, 421, 1, 0,
723, 245, 97, 1, 0,
724, 550, 566, 286, 218, 112, 136, 134, 70, 74, 40, 50, 43, 1, 0,
725, 205, 47, 1, 0,
726, 870, 1290, 1878, 1890, 3870, 6426, 10854, 13830, 19434, 20886, 21606, 25098, 26742, 26754, 40446, 63234, 77406, 110754, 171486, 253458, 295740, 647748, 1077612, 1467588, 1956812, 2109796, 1889486, 953914, 668966, 353578, 176792, 254128, 308832, 502104, 753216, 1240176, 2422288, 2697920, 3727264, 3655076, 2760844, 2100740, 2310856, 2455544, 3212776, 3751064, 3282196, 2723020, 3035684, 2299240, 2988440, 5297320, 8325080, 11222920, 15359480, 19199440, 28875608, 25266172, 19406148, 26552604, 40541052, 54202884, 72270540, 147793668, 228408732, 348957876, 508132204, 404465636, 303708376, 290504024, 312058216, 294959384, 290622016, 286081174, 151737434, 75868720, 108199856, 101437396, 76247552, 76099654, 42387146, 21679318, 12752594, 7278382, 3660794, 1855066, 927536, 932464, 1013592, 1546008, 2425752, 5084088, 8436192, 13709064, 20563656, 33082104, 57142536, 99483384, 245978376, 487384824, 745600776, 1118401224, 1677601896, 2538372504, 4119772776, 8030724504, 14097017496, 21148436904, 40381357656, 60572036544, 100039354704, 179931895322, 94685963278, 51399021218, 28358080762, 18046051430, 17396081338, 8698040672, 8426226964, 6319670230, 5422685354, 3217383766, 1739126474, 996366646, 636221402, 318217798, 195756362, 101900794, 54202694, 49799866, 24930374, 17971642, 11130830, 8904682, 4913018, 3126502, 1574810, 1473382, 736694, 541162, 312470, 249994, 127286, 69898, 34952, 34708, 26038, 13994, 7000, 11720, 14740, 19532, 16588, 18692, 14026, 7016, 6154, 3674, 2374, 1190, 1402, 704, 820, 944, 916, 694, 350, 394, 200, 265, 59, 1, 0,
727, 1, 0,
728, 952, 1208, 1072, 1036, 1092, 2044, 2100, 4844, 4900, 7469, 1939, 285, 195, 141, 51, 21, 11, 1, 0,
729, 364, 420, 924, 1764, 3423, 1825, 469, 75, 49, 8, 7, 1, 0,
730, 602, 454, 230, 202, 104, 106, 56, 64, 63, 41, 1, 0,
731, 61, 1, 0,
732, 1004, 760, 1040, 1564, 1460, 1648, 1576, 1394, 874, 566, 286, 218, 112, 136, 134, 70, 74, 40, 50, 43, 1, 0,
733, 1, 0,
734, 370, 314, 160, 218, 112, 136, 134, 70, 74, 40, 50, 43, 1, 0,
735, 633, 215, 49, 8, 7, 1, 0,
736, 776, 694, 350, 394, 200, 265, 59, 1, 0,
737, 79, 1, 0,
738, 900, 1921, 131, 1, 0,
739, 1, 0,
740, 856, 764, 580, 680, 940, 1076, 814, 554, 280, 440, 640, 890, 730, 602, 454, 230, 202, 104, 106, 56, 64, 63, 41, 1, 0,
741, 379, 1, 0,
742, 554, 280, 440, 640, 890, 730, 602, 454, 230, 202, 104, 106, 56, 64, 63, 41, 1, 0,
743, 1, 0,
744, 1176, 2244, 3804, 5100, 10524, 14060, 17860, 22460, 24748, 20612, 15466, 11894, 6946, 3998, 2002, 2030, 2290, 1850, 1684, 1270, 1034, 694, 350, 394, 200, 265, 59, 1, 0,
745, 155, 37, 1, 0,
746, 376, 344, 316, 244, 190, 170, 154, 134, 70, 74, 40, 50, 43, 1, 0,
747, 345, 231, 153, 81, 40, 50, 43, 1, 0,
748, 764, 580, 680, 940, 1076, 814, 554, 280, 440, 640, 890, 730, 602, 454, 230, 202, 104, 106, 56, 64, 63, 41, 1, 0,
749, 115, 29, 1, 0,
750, 1122, 1470, 2634, 2646, 4194, 4932, 7626, 8502, 9978, 9990, 17370, 28026, 35136, 67226, 33616, 37808, 40312, 35288, 37072, 45264, 79728, 146448, 281166, 281178, 363942, 424638, 526338, 722961, 321329, 1, 0,
751, 1, 0,
752, 736, 776, 694, 350, 394, 200, 265, 59, 1, 0,
753, 255, 177, 63, 41, 1, 0,
754, 506, 358, 182, 154, 134, 70, 74, 40, 50, 43, 1, 0,
755, 157, 1, 0,
756, 1484, 1540, 2492, 2548, 3038, 2434, 1220, 1384, 1226, 616, 824, 736, 776, 694, 350, 394, 200, 265, 59, 1, 0,
757, 1, 0,
758, 382, 194, 100, 117, 65, 19, 1, 0,
759, 393, 135, 105, 87, 33, 15, 9, 4, 3, 1, 0,
760, 1040, 1564, 1460, 1648, 1576, 1394, 874, 566, 286, 218, 112, 136, 134, 70, 74, 40, 50, 43, 1, 0,
761, 1, 0,
762, 774, 942, 954, 1152, 2163, 1165, 239, 1, 0,
763, 117, 65, 19, 1, 0,
764, 580, 680, 940, 1076, 814, 554, 280, 440, 640, 890, 730, 602, 454, 230, 202, 104, 106, 56, 64, 63, 41, 1, 0,
765, 639, 297, 183, 65, 19, 1, 0,
766, 386, 196, 203, 37, 1, 0,
767, 73, 1, 0,
768, 1276, 1244, 940, 1076, 814, 554, 280, 440, 640, 890, 730, 602, 454, 230, 202, 104, 106, 56, 64, 63, 41, 1, 0,
769, 1, 0,
770, 958, 482, 244, 190, 170, 154, 134, 70, 74, 40, 50, 43, 1, 0,
771, 261, 129, 47, 1, 0,
772, 586, 296, 274, 140, 196, 203, 37, 1, 0,
773, 1, 0,
774, 942, 954, 1152, 2163, 1165, 239, 1, 0,
775, 217, 39, 17, 1, 0,
776, 694, 350, 394, 200, 265, 59, 1, 0,
777, 439, 1, 0,
778, 392, 463, 1, 0,
779, 61, 1, 0,
780, 1572, 2124, 3336, 5064, 7656, 13944, 26376, 49464, 88536, 187944, 295896, 443904, 812340, 1652304, 2767056, 4803888, 7914048, 13495104, 30725280, 79741440, 196505388, 300216656, 285162916, 237325596, 325831908, 434442572, 325831936, 347001764, 260735800, 434766560, 592369816, 518323604, 399201004, 340495100, 465552268, 349164208, 327341476, 386858780, 660449188, 660449244, 1275089956, 1326589544, 1591234456, 1869454184, 1907347936, 2136597368, 1927982632, 1687830008, 1476851272, 1549164728, 1355519152, 1472824128, 2428160704, 2390220820, 3015356084, 2946399436, 2219933204, 1697726164, 1273591500, 2435111316, 4505089644, 8249900436, 13250766444, 17667688620, 31801839684, 50902645116, 68311735764, 100424225196, 163782878804, 157632369196, 132743047884, 179219034996, 253378636524, 469364621076, 808466882964, 1223065284876, 1899182242068, 2532933314892, 4033930835108, 3476984189596, 2608558569252, 3985297814226, 4023073151502, 4113479290818, 4113479290830, 8150663431218, 12314223635406, 19021855888434, 24456828403662, 24456828403674, 33400095866406, 41025955455450, 87522179850270, 160752206062530, 257204778352830, 582855787227042, 886186681902414, 1034002020631818, 1454075262184182, 1742529178082874, 1742581706624934, 2255275930841178, 3011054068857126, 3215358222394074, 3423082058789670, 5706879792828570, 9610585471811430, 16130542135671450, 28318062860404710, 40045378598887962, 40536410262347238, 40536444317790858, 40550300562714198, 43430502547685802, 43430505981393750, 69885402054320298, 77241760165301622, 92294863126228362, 93496666024371318, 93497001710637642, 108230228021541558, 110228150683152042, 123245911376118102, 166581668788799658, 174707641076515734, 209360680894795866, 210327704825031078, 210330301289003418, 213153526809662982, 224177998753304058, 247775682832599462, 254755279532110170, 421642919684306598, 421646091330059418, 421646091330059430, 616136355045125850, 1060482535478260134, 1060777613821292346, 1385297851436906694, 1790493068686394682, 2133709360930628118, 2941727912299551114, 3432163722064897626, 4086820243432760742, 4992964806777394266, 5877193519621131174, 6890645886501113946, 9398026399476218022, 11666515530384271818, 13610934872556650550, 24212794165861398066,
781, 83, 1, 0,
782, 514, 260, 328, 302, 154, 134, 70, 74, 40, 50, 43, 1, 0,
783, 417, 143, 25, 6,
784, 983, 1, 0,
785, 163, 1, 0,
786, 798, 1122, 1470, 2634, 2646, 4194, 4932, 7626, 8502, 9978, 9990, 17370, 28026, 35136, 67226, 33616, 37808, 40312, 35288, 37072, 45264, 79728, 146448, 281166, 281178, 363942, 424638, 526338, 722961, 321329, 1, 0,
787, 1, 0,
788, 598, 410, 346, 176, 196, 203, 37, 1, 0,
789, 267, 93, 35, 13, 1, 0,
790, 650, 652, 496,
791, 121, 12, 16, 15, 9, 4, 3, 1, 0,
792, 1548, 2456, 2164, 1630, 1322, 664, 596, 454, 230, 202, 104, 106, 56, 64, 63, 41, 1, 0,
793, 75, 49, 8, 7, 1, 0,
794, 400, 561, 303, 105, 87, 33, 15, 9, 4, 3, 1, 0,
795, 501, 171, 89, 1, 0,
796, 604, 460, 548, 418, 302, 154, 134, 70, 74, 40, 50, 43, 1, 0,
797, 1, 0,
798, 1122, 1470, 2634, 2646, 4194, 4932, 7626, 8502, 9978, 9990, 17370, 28026, 35136, 67226, 33616, 37808, 40312, 35288, 37072, 45264, 79728, 146448, 281166, 281178, 363942, 424638, 526338, 722961, 321329, 1, 0,
799, 65, 19, 1, 0,
800, 1153, 1, 0,
801, 369, 177, 63, 41, 1, 0,
802, 404, 310, 266, 214, 110, 106, 56, 64, 63, 41, 1, 0,
803, 85, 23, 1, 0,
804, 1100, 1504, 1520, 2200, 3380, 4306, 2156, 2632, 3128, 3352, 2948, 2764, 2080, 3212, 3004, 2260, 2528, 2512, 2386, 1196, 1156, 993, 335, 73, 1, 0,
805, 347, 1, 0,
806, 538, 272, 286, 218, 112, 136, 134, 70, 74, 40, 50, 43, 1, 0,
807, 273, 175, 73, 1, 0,
808, 722, 421, 1, 0,
809, 1, 0,
810, 1368, 2532, 3404, 2980, 3320, 4240, 5804, 4360, 5540, 6136, 6464, 6490, 6470, 5194, 4040, 5140, 5696, 5734, 3194, 1600, 2337, 1023, 513, 287, 49, 8, 7, 1, 0,
811, 1, 0,
812, 868, 924, 1764, 3423, 1825, 469, 75, 49, 8, 7, 1, 0,
813, 275, 97, 1, 0,
814, 554, 280, 440, 640, 890, 730, 602, 454, 230, 202, 104, 106, 56, 64, 63, 41, 1, 0,
815, 169, 14, 10, 8, 7, 1, 0,
816, 1416, 2184, 4536, 9984, 18632, 18628, 13978, 7802, 4294, 2546, 1534, 986, 634, 320, 442, 314, 160, 218, 112, 136, 134, 70, 74, 40, 50, 43, 1, 0,
817, 63, 41, 1, 0,
818, 412, 316, 244, 190, 170, 154, 134, 70, 74, 40, 50, 43, 1, 0,
819, 637, 161, 31, 1, 0,
820, 944, 916, 694, 350, 394, 200, 265, 59, 1, 0,
821, 1, 0,
822, 834, 846, 1026, 1374, 1386, 2358, 2790, 4698, 6192, 11540, 12736, 12664, 11096, 11104, 10820, 11944, 10466, 5236, 6860, 9940, 14252, 14308, 15218, 10894, 6746, 3376, 3196, 2852, 2524, 1900, 2440, 3140, 3496, 3704, 3256, 3584, 4600, 6560, 9316, 8072, 7078, 3542, 3370, 2714, 1606, 1058, 601, 1, 0,
823, 1, 0,
824, 736, 776, 694, 350, 394, 200, 265, 59, 1, 0,
825, 663, 345, 231, 153, 81, 40, 50, 43, 1, 0,
826, 614, 310, 266, 214, 110, 106, 56, 64, 63, 41, 1, 0,
827, 1, 0,
828, 1356, 1836, 3204, 4986, 5856, 9768, 17592, 26448, 47952, 94586, 47296, 46684, 42524, 31900, 46220, 50884, 38170, 36998, 22810, 18266, 9136, 8596, 8652, 14644, 14700, 34776, 80424, 137586, 149838, 194898, 230478, 236082, 371310, 519906, 535038, 688002, 884670, 1298658, 1325598, 1325610, 2762838, 3684330, 7008534, 9646650, 20210814, 26948298, 34511478, 34511490, 62694450, 144750606, 255162306, 342150270, 696170370, 1249384830, 1750467234, 1750950654, 1767059586, 2062619514, 2406389472, 4821678144, 9729473856, 16013092896, 29625927804, 52112106756, 88867512444, 132169953156, 212809257084, 283893510484, 258684665516, 194044546804, 145539838896, 231825484368, 416963892426, 429538683702, 450006271818, 498711745782, 645391671714, 752956950372, 1300776053916, 1734368071916, 1300786525972, 986529219820, 1152320207636, 1027433371444, 771941461196, 594730889764, 593612406236, 459840596884, 353581580684, 265284900724, 224453346316, 168393495204, 295964325996, 394619101356, 541369929012, 836662617900, 1876240047300, 3615679614012, 4820965110804, 6508880956876, 5376901660196, 5630868636124, 4223151477100, 4942748313948, 6590392339380, 11984912187084, 18311522839956, 29163653272044, 47079691612740, 95728706279784, 170405777160216, 339359310806184, 655955814004056, 1186415291370744, 2043144476440776, 3608106203085624, 6163848096938136, 13098242895497064, 23734515916326456, 43372170345735144, 78393390086384856, 170474514949762344, 305014219019504856, 543557024002690344, 966323598227005656, 1902155466499906344, 2853233199749859576, 4828548491884378584, 8327077638698841336, 14355820912199800824, 30164068575062391816,
829, 1, 0,
830, 682, 470, 394, 200, 265, 59, 1, 0,
831, 281, 1, 0,
832, 946, 638, 442, 314, 160, 218, 112, 136, 134, 70, 74, 40, 50, 43, 1, 0,
833, 193, 1, 0,
834, 846, 1026, 1374, 1386, 2358, 2790, 4698, 6192, 11540, 12736, 12664, 11096, 11104, 10820, 11944, 10466, 5236, 6860, 9940, 14252, 14308, 15218, 10894, 6746, 3376, 3196, 2852, 2524, 1900, 2440, 3140, 3496, 3704, 3256, 3584, 4600, 6560, 9316, 8072, 7078, 3542, 3370, 2714, 1606, 1058, 601, 1, 0,
835, 173, 1, 0,
836, 844, 640, 890, 730, 602, 454, 230, 202, 104, 106, 56, 64, 63, 41, 1, 0,
837, 443, 1, 0,
838, 422, 214, 110, 106, 56, 64, 63, 41, 1, 0,
839, 1, 0,
840, 2040, 4440, 9240, 25320, 51000, 117480, 271320, 765480, 1531320, 3721800, 7817640, 15635640, 32899560, 65799480, 139098120, 349027320, 699333000, 1597611000, 3386944680, 9543610200, 20041583280, 42087325632, 79471791168, 191723155392, 315638087440, 543777843920, 747405300784, 700736849736, 1487757870264, 2238305057736, 3868709598264, 7669591188936, 11504588078424, 21365663574696, 47408992609944, 88971645982056, 134132578396824, 249103359880296, 434438366357784, 653470731402216, 1357221457351704, 2535255259253736, 4136481669143064, 6204724081172376, 10431307739922024, 17230550677561176, 25845843399345624, 43019970394727976, 85647428664676824, 159070221060271656, 238605331590407544, 450152326608754056, 877611396609944184, 1568188355355841416, 2410819568068721784, 4368852429085614216, 6929903853032355384, 12869821441345803336, 24071089308993778104,
841, 30, 42, 54, 66, 78, 90, 144, 259, 45, 33, 15, 9, 4, 3, 1, 0,
842, 424, 386, 196, 203, 37, 1, 0,
843, 285, 195, 141, 51, 21, 11, 1, 0,
844, 640, 890, 730, 602, 454, 230, 202, 104, 106, 56, 64, 63, 41, 1, 0,
845, 253, 35, 13, 1, 0,
846, 1026, 1374, 1386, 2358, 2790, 4698, 6192, 11540, 12736, 12664, 11096, 11104, 10820, 11944, 10466, 5236, 6860, 9940, 14252, 14308, 15218, 10894, 6746, 3376, 3196, 2852, 2524, 1900, 2440, 3140, 3496, 3704, 3256, 3584, 4600, 6560, 9316, 8072, 7078, 3542, 3370, 2714, 1606, 1058, 601, 1, 0,
847, 217, 39, 17, 1, 0,
848, 826, 614, 310, 266, 214, 110, 106, 56, 64, 63, 41, 1, 0,
849, 287, 49, 8, 7, 1, 0,
850, 824, 736, 776, 694, 350, 394, 200, 265, 59, 1, 0,
851, 61, 1, 0,
852, 1164, 1580, 1780, 2000, 2836, 2134, 1394, 874, 566, 286, 218, 112, 136, 134, 70, 74, 40, 50, 43, 1, 0,
853, 1, 0,
854, 634, 320, 442, 314, 160, 218, 112, 136, 134, 70, 74, 40, 50, 43, 1, 0,
855, 705, 447, 153, 81, 40, 50, 43, 1, 0,
856, 764, 580, 680, 940, 1076, 814, 554, 280, 440, 640, 890, 730, 602, 454, 230, 202, 104, 106, 56, 64, 63, 41, 1, 0,
857, 1, 0,
858, 1158, 1170, 2106, 2976, 5088, 8520, 17400, 38400, 88452, 196924, 228004, 255836, 255892, 339948, 708372, 1392748, 1392804, 2631580, 3684548, 3684604, 4502876, 4502932, 4630444, 5343604, 5343660, 13185396, 26489484, 54204276, 91794444, 159862836, 267246924, 448180404, 751570764, 1364852916, 2941349292, 5570458740, 15496055820, 38223608724, 83083812588, 167486431812, 279144053244, 569939236356, 949898727484, 992342373932, 1145297512660, 1658425537580, 2348154885076, 3199503255788, 3314812365844, 3443559550676, 3613591553824, 4516989442784, 7101552358432, 9725794352288, 12183704104096, 15564708569312, 19455885712144, 25405109000432, 34158129752944, 32023246643416, 41683781196584, 36476416191436, 33944282238548, 30858438398764, 25921786028036, 21678093130684, 18919760053316, 14997606112444, 11248204584340, 12373380835820, 13923780365764, 10442835274330, 8354268219482, 4193688144154, 2096844072080, 3034905897520, 5029272631664, 4714943092216, 5388506391224, 5636718469816, 6478455493064, 5783258140336, 5422024396664, 4785649630456, 4187443426664, 3873977867416, 3650103060584, 3354164516536, 2934893951984, 3103316995192, 2715705134768, 2550923435680, 3699796104560, 4919635981360, 6518690066240, 10944586970560, 15137399032496, 16447366256896, 16383118732966, 8435206044602, 4559964181318, 3995517910202, 4217251922758, 3185421778106, 1610123870662, 805068389234, 467969903566, 321729552434, 160864776220, 178104221924, 133578166450, 114910112318, 58832690626, 30072665078, 15588948682, 7795374614, 3897687310, 3932309234, 2808792334, 1450089314, 731104606, 365552306, 264575374, 188982434, 96655534, 48327770, 45176038, 28515386, 14257696, 15464444, 11626060, 12788708, 9591538, 6154862, 4476658, 2274062, 1658098, 1020410, 844966, 476954, 238480, 368624, 345616, 324046, 195794, 99886, 49946, 36238, 18122, 13630, 12290, 9850, 8564, 6430, 5162, 2938, 1850, 1684, 1270, 1034, 694, 350, 394, 200, 265, 59, 1, 0,
859, 1, 0,
860, 988, 972, 1576, 1394, 874, 566, 286, 218, 112, 136, 134, 70, 74, 40, 50, 43, 1, 0,
861, 483, 285, 195, 141, 51, 21, 11, 1, 0,
862, 434, 334, 170, 154, 134, 70, 74, 40, 50, 43, 1, 0,
863, 1, 0,
864, 1656, 3024, 6896, 6496, 8624, 12580, 16148, 14764, 11080, 13940, 17812, 14304, 23496, 41304, 62016, 120864, 196656, 343488, 565832, 495118, 316322, 158164, 118630, 94922, 52150, 59450, 57730, 51134, 27754, 13880, 17440, 24140, 30292, 22726, 14498, 9262, 5930, 4762, 2384, 2266, 1478, 742, 554, 280, 440, 640, 890, 730, 602, 454, 230, 202, 104, 106, 56, 64, 63, 41, 1, 0,
865, 179, 1, 0,
866, 436, 334, 170, 154, 134, 70, 74, 40, 50, 43, 1, 0,
867, 361, 20, 22, 14, 10, 8, 7, 1, 0,
868, 924, 1764, 3423, 1825, 469, 75, 49, 8, 7, 1, 0,
869, 91, 21, 11, 1, 0,
870, 1290, 1878, 1890, 3870, 6426, 10854, 13830, 19434, 20886, 21606, 25098, 26742, 26754, 40446, 63234, 77406, 110754, 171486, 253458, 295740, 647748, 1077612, 1467588, 1956812, 2109796, 1889486, 953914, 668966, 353578, 176792, 254128, 308832, 502104, 753216, 1240176, 2422288, 2697920, 3727264, 3655076, 2760844, 2100740, 2310856, 2455544, 3212776, 3751064, 3282196, 2723020, 3035684, 2299240, 2988440, 5297320, 8325080, 11222920, 15359480, 19199440, 28875608, 25266172, 19406148, 26552604, 40541052, 54202884, 72270540, 147793668, 228408732, 348957876, 508132204, 404465636, 303708376, 290504024, 312058216, 294959384, 290622016, 286081174, 151737434, 75868720, 108199856, 101437396, 76247552, 76099654, 42387146, 21679318, 12752594, 7278382, 3660794, 1855066, 927536, 932464, 1013592, 1546008, 2425752, 5084088, 8436192, 13709064, 20563656, 33082104, 57142536, 99483384, 245978376, 487384824, 745600776, 1118401224, 1677601896, 2538372504, 4119772776, 8030724504, 14097017496, 21148436904, 40381357656, 60572036544, 100039354704, 179931895322, 94685963278, 51399021218, 28358080762, 18046051430, 17396081338, 8698040672, 8426226964, 6319670230, 5422685354, 3217383766, 1739126474, 996366646, 636221402, 318217798, 195756362, 101900794, 54202694, 49799866, 24930374, 17971642, 11130830, 8904682, 4913018, 3126502, 1574810, 1473382, 736694, 541162, 312470, 249994, 127286, 69898, 34952, 34708, 26038, 13994, 7000, 11720, 14740, 19532, 16588, 18692, 14026, 7016, 6154, 3674, 2374, 1190, 1402, 704, 820, 944, 916, 694, 350, 394, 200, 265, 59, 1, 0,
871, 81, 40, 50, 43, 1, 0,
872, 778, 392, 463, 1, 0,
873, 401, 1, 0,
874, 566, 286, 218, 112, 136, 134, 70, 74, 40, 50, 43, 1, 0,
875, 373, 1, 0,
876, 1196, 1156, 993, 335, 73, 1, 0,
877, 1, 0,
878, 442, 314, 160, 218, 112, 136, 134, 70, 74, 40, 50, 43, 1, 0,
879, 297, 183, 65, 19, 1, 0,
880, 1352, 1393, 207, 105, 87, 33, 15, 9, 4, 3, 1, 0,
881, 1, 0,
882, 1341, 609, 351, 209, 31, 1, 0,
883, 1, 0,
884, 880, 1352, 1393, 207, 105, 87, 33, 15, 9, 4, 3, 1, 0,
885, 555, 357, 219, 77, 19, 1, 0,
886, 446, 226, 116, 94, 50, 43, 1, 0,
887, 1, 0,
888, 1392, 2328, 3552, 6024, 9096, 13704, 20616, 30984, 46536, 86904, 165816, 367704, 628356, 837836, 628384, 630356, 491884, 368920, 499400, 772840, 978650, 975652, 744248, 696712, 628628, 857836, 857892, 1472268, 2688756, 4481484, 7861812, 13263180, 31056564, 68937036, 114895284, 203960652, 339934644, 701117004, 1249822644, 2083037964, 3854840052, 6526189068, 11759221236, 19756324364, 19756324420, 27737950268, 27752432932, 30133761756, 50222936484, 100157868636, 166929781284, 328413416156, 330146489764, 405458444636, 405894291460, 568376568956, 572377346884, 572430445244, 692479821124, 817894924476, 1398913190724, 2331521984764, 2411296390916, 2714402747644, 2714402747700, 7422008758220, 10390812261844, 10390812261900, 28107781639140, 61872298992924, 103356642882276, 203715137475612, 410587488188388, 784423195587612, 1484132490684900, 3939472659035676, 7183744260598500, 17150676297837852, 33120176542135396, 33216357817288604, 33452773175434564, 34143329714105276, 34366804465445956, 34366804465446012, 57290443977092228, 59801180565830284, 62278898937033716, 64820894812017484, 66157408107116116, 68132256110317420, 95385158554444724, 103679520167876044, 103838904518706644, 104280432112151596, 109244625572337108, 187276500981150924, 312283200116973876, 520472208892277964, 947162005047505716, 1728907301581674060, 4315968018644437428, 8312466706445987148, 13875018154734078132, 23129441853028842828,
889, 135, 105, 87, 33, 15, 9, 4, 3, 1, 0,
890, 730, 602, 454, 230, 202, 104, 106, 56, 64, 63, 41, 1, 0,
891, 561, 303, 105, 87, 33, 15, 9, 4, 3, 1, 0,
892, 676, 605, 193, 1, 0,
893, 67, 1, 0,
894, 906, 918, 1242, 1638, 2730, 5334, 6954, 7926, 7938, 12753, 7267, 785, 163, 1, 0,
895, 185, 43, 1, 0,
896, 1144, 1376, 1396, 1054, 674, 340, 416, 466, 236, 184, 176, 196, 203, 37, 1, 0,
897, 447, 153, 81, 40, 50, 43, 1, 0,
898, 452, 346, 176, 196, 203, 37, 1, 0,
899, 61, 1, 0,
900, 1921, 131, 1, 0,
901, 71, 1, 0,
902, 610, 506, 358, 182, 154, 134, 70, 74, 40, 50, 43, 1, 0,
903, 505, 107, 1, 0,
904, 806, 538, 272, 286, 218, 112, 136, 134, 70, 74, 40, 50, 43, 1, 0,
905, 187, 29, 1, 0,
906, 918, 1242, 1638, 2730, 5334, 6954, 7926, 7938, 12753, 7267, 785, 163, 1, 0,
907, 1, 0,
908, 688, 676, 605, 193, 1, 0,
909, 417, 143, 25, 6,
910, 1106, 814, 554, 280, 440, 640, 890, 730, 602, 454, 230, 202, 104, 106, 56, 64, 63, 41, 1, 0,
911, 1, 0,
912, 1568, 2023, 433, 1, 0,
913, 95, 25, 6,
914, 460, 548, 418, 302, 154, 134, 70, 74, 40, 50, 43, 1, 0,
915, 573, 195, 141, 51, 21, 11, 1, 0,
916, 694, 350, 394, 200, 265, 59, 1, 0,
917, 139, 1, 0,
918, 1242, 1638, 2730, 5334, 6954, 7926, 7938, 12753, 7267, 785, 163, 1, 0,
919, 1, 0,
920, 1240, 1640, 2140, 2396, 1804, 1724, 1300, 1738, 1142, 574, 434, 334, 170, 154, 134, 70, 74, 40, 50, 43, 1, 0,
921, 311, 1, 0,
922, 464, 466, 236, 184, 176, 196, 203, 37, 1, 0,
923, 85, 23, 1, 0,
924, 1764, 3423, 1825, 469, 75, 49, 8, 7, 1, 0,
925, 253, 35, 13, 1, 0,
926, 466, 236, 184, 176, 196, 203, 37, 1, 0,
927, 425, 133, 27, 13, 1, 0,
928, 962, 634, 320, 442, 314, 160, 218, 112, 136, 134, 70, 74, 40, 50, 43, 1, 0,
929, 1, 0,
930, 1374, 1386, 2358, 2790, 4698, 6192, 11540, 12736, 12664, 11096, 11104, 10820, 11944, 10466, 5236, 6860, 9940, 14252, 14308, 15218, 10894, 6746, 3376, 3196, 2852, 2524, 1900, 2440, 3140, 3496, 3704, 3256, 3584, 4600, 6560, 9316, 8072, 7078, 3542, 3370, 2714, 1606, 1058, 601, 1, 0,
931, 209, 31, 1, 0,
932, 706, 356, 274, 140, 196, 203, 37, 1, 0,
933, 315, 309, 107, 1, 0,
934, 470, 394, 200, 265, 59, 1, 0,
935, 361, 20, 22, 14, 10, 8, 7, 1, 0,
936, 1794, 2238, 2250, 3834, 4806, 5994, 7800, 18240, 42720, 93360, 196800, 464616, 845784, 1583136, 3134304, 5779692, 8927364, 11903180, 13093540, 14562452, 10952044, 8477100, 18096720, 38003856, 69989232, 111494688, 181179120, 382534800, 850005360, 2077798320, 5436939456, 13611841344, 27151952160, 58376698656, 103064581344, 183468805152, 326466554880, 719573109504, 1200224007216, 2575114581344, 2541802824256, 2732755713728, 2690113709752, 3074415668408, 3538667495752, 3125307868148, 2367864259792, 2269283363408, 2127662291812, 1634689178492, 1226328809644, 951927514964, 806237780230, 696106321658, 500730919174, 250872618914, 130661857792, 130447937924, 106894566076, 80229096132, 121699471548, 178969811604, 247679526252, 330239368364, 247679526280, 328899177320, 516841565080, 656343059720, 820638723280, 1150879813556, 1138326313036, 1219667926964, 914750945230, 754991626514, 401719736686, 200864100794, 153724816966, 110178630842, 96135611206, 48071354738, 37586253262, 19029024338, 9515509150, 10728373730, 8648612374, 4503610346, 2251805176, 2218690664, 2019846556, 2363905124, 2516416924, 2822447684, 2833698364, 2835423556, 3018355900, 4627961996, 4793246752, 5991558944, 7856377312, 9827394080, 16882751200, 30220140272, 38327993200, 74112389520, 187470868080, 394593127440, 862560933360, 2193369236496, 4117823071344, 7409571177312, 13661396858988, 21789269737812, 33289162099526, 16646505875818, 14520387041174, 10371705029434, 7408714647302, 4292472445738, 2267721292250, 2114394086950, 1818378914870, 1922286281578, 1258935675734, 801140884594, 404892788366, 275667459442, 137861310314, 131722241686, 111639742130, 118729538638, 65505952442, 46789966054, 28793825306, 14869486438, 7874298938, 5014758886, 2508105098, 1478982526, 1056416114, 659643406, 401553794, 204477214, 105105434, 75732454, 54094634, 39908566, 19954286, 12767122, 6399134, 4704994, 3875102, 3372130, 2697722, 1360678, 888026, 487078, 243542, 210058, 107894, 56386, 36980, 42526, 27098, 15994, 10214, 5110, 5546, 3094, 2954, 2134, 1394, 874, 566, 286, 218, 112, 136, 134, 70, 74, 40, 50, 43, 1, 0,
937, 1, 0,
938, 694, 350, 394, 200, 265, 59, 1, 0,
939, 317, 1, 0,
940, 1076, 814, 554, 280, 440, 640, 890, 730, 602, 454, 230, 202, 104, 106, 56, 64, 63, 41, 1, 0,
941, 1, 0,
942, 954, 1152, 2163, 1165, 239, 1, 0,
943, 65, 19, 1, 0,
944, 916, 694, 350, 394, 200, 265, 59, 1, 0,
945, 975, 761, 1, 0,
946, 638, 442, 314, 160, 218, 112, 136, 134, 70, 74, 40, 50, 43, 1, 0,
947, 1, 0,
948, 1292, 1228, 928, 962, 634, 320, 442, 314, 160, 218, 112, 136, 134, 70, 74, 40, 50, 43, 1, 0,
949, 87, 33, 15, 9, 4, 3, 1, 0,
950, 910, 1106, 814, 554, 280, 440, 640, 890, 730, 602, 454, 230, 202, 104, 106, 56, 64, 63, 41, 1, 0,
951, 321, 111, 41, 1, 0,
952, 1208, 1072, 1036, 1092, 2044, 2100, 4844, 4900, 7469, 1939, 285, 195, 141, 51, 21, 11, 1, 0,
953, 1, 0,
954, 1152, 2163, 1165, 239, 1, 0,
955, 197, 1, 0,
956, 724, 550, 566, 286, 218, 112, 136, 134, 70, 74, 40, 50, 43, 1, 0,
957, 483, 285, 195, 141, 51, 21, 11, 1, 0,
958, 482, 244, 190, 170, 154, 134, 70, 74, 40, 50, 43, 1, 0,
959, 145, 35, 13, 1, 0,
960, 2088, 3762, 5598, 6570, 10746, 13254, 13830, 19434, 20886, 21606, 25098, 26742, 26754, 40446, 63234, 77406, 110754, 171486, 253458, 295740, 647748, 1077612, 1467588, 1956812, 2109796, 1889486, 953914, 668966, 353578, 176792, 254128, 308832, 502104, 753216, 1240176, 2422288, 2697920, 3727264, 3655076, 2760844, 2100740, 2310856, 2455544, 3212776, 3751064, 3282196, 2723020, 3035684, 2299240, 2988440, 5297320, 8325080, 11222920, 15359480, 19199440, 28875608, 25266172, 19406148, 26552604, 40541052, 54202884, 72270540, 147793668, 228408732, 348957876, 508132204, 404465636, 303708376, 290504024, 312058216, 294959384, 290622016, 286081174, 151737434, 75868720, 108199856, 101437396, 76247552, 76099654, 42387146, 21679318, 12752594, 7278382, 3660794, 1855066, 927536, 932464, 1013592, 1546008, 2425752, 5084088, 8436192, 13709064, 20563656, 33082104, 57142536, 99483384, 245978376, 487384824, 745600776, 1118401224, 1677601896, 2538372504, 4119772776, 8030724504, 14097017496, 21148436904, 40381357656, 60572036544, 100039354704, 179931895322, 94685963278, 51399021218, 28358080762, 18046051430, 17396081338, 8698040672, 8426226964, 6319670230, 5422685354, 3217383766, 1739126474, 996366646, 636221402, 318217798, 195756362, 101900794, 54202694, 49799866, 24930374, 17971642, 11130830, 8904682, 4913018, 3126502, 1574810, 1473382, 736694, 541162, 312470, 249994, 127286, 69898, 34952, 34708, 26038, 13994, 7000, 11720, 14740, 19532, 16588, 18692, 14026, 7016, 6154, 3674, 2374, 1190, 1402, 704, 820, 944, 916, 694, 350, 394, 200, 265, 59, 1, 0,
961, 32, 31, 1, 0,
962, 634, 320, 442, 314, 160, 218, 112, 136, 134, 70, 74, 40, 50, 43, 1, 0,
963, 441, 300, 568, 512, 511, 81, 40, 50, 43, 1, 0,
964, 730, 602, 454, 230, 202, 104, 106, 56, 64, 63, 41, 1, 0,
965, 199, 1, 0,
966, 1338, 1350, 2370, 3390, 4818, 5838, 7602, 9870, 17778, 17790, 24978, 27438, 30882, 30894, 34386, 40782, 52530, 82254, 82266, 82278, 121770, 241110, 450090, 750870, 1295226, 1572678, 1919538, 2760984, 4964136, 8773464, 16294056, 26949144, 44734056, 72988344, 181027656, 321827544, 605739096, 1034804484, 2238816636, 4252939908, 7290755724, 12676727924, 12676727980, 17832287060, 24990818860, 34987146740, 57135989260, 79990385300, 119649586924, 124794509588, 124805244844, 124935833204, 162705788812, 164126812948, 164378807404, 183717491636, 190312143532, 205203187028, 205224335596, 205253358100, 305960047148, 306235687156, 306235687212, 697570315988, 826050278956, 826050279012, 1420258206108, 2424219279972, 4420635161628, 7367725269604, 8114683604636, 8390187016036, 9444824970140, 16861410677860, 23605974949340, 33553353522724, 35197996504412, 35198204947108, 36957068348508, 84849006934692, 214951923416412, 472309093543588, 544197351525212, 705658837558948, 898102224841052, 1078649061108388, 1274767072219676, 1336957876077796, 1337585703447644, 1490159075109796, 1720187201522524, 1721293787223556, 2000630746699004, 2059038893341444, 2059038893341500, 4842740976195780, 12376098146115900, 33452640218013380, 53164796729714236, 53164796729714292, 88607994549524044, 91037016491635956, 151728360819393484, 168238177711473716, 198826978159159756, 203618076881829428, 234949136523951052, 262590257088172916, 262914642828953164, 269152494516040436, 278865355777423660, 403033039571208788, 423985430144663212, 423985494155819092, 424153375959370988, 439301881643084404, 446867471841084812, 458181326195512948, 475691440573119372, 897499076008871028, 1828831521604471692, 3901656477550216308, 7512026260230483852, 13212188065033142388, 23874754855117180812,
967, 1, 0,
968, 1027, 93, 35, 13, 1, 0,
969, 471, 161, 31, 1, 0,
970, 794, 400, 561, 303, 105, 87, 33, 15, 9, 4, 3, 1, 0,
971, 1, 0,
972, 1576, 1394, 874, 566, 286, 218, 112, 136, 134, 70, 74, 40, 50, 43, 1, 0,
973, 147, 81, 40, 50, 43, 1, 0,
974, 490, 536, 484, 447, 153, 81, 40, 50, 43, 1, 0,
975, 761, 1, 0,
976, 946, 638, 442, 314, 160, 218, 112, 136, 134, 70, 74, 40, 50, 43, 1, 0,
977, 1, 0,
978, 990, 1818, 2160, 5280, 12864, 21680, 28912, 31848, 47832, 71808, 148512, 359520, 946848, 1895712, 4539360, 12180336, 23781648, 44267568, 76111632, 139130668, 104348008, 92030552, 80526748, 62286692, 55099864, 51042536, 47249404, 35492780, 39042100, 45679474, 22839740, 36962884, 38008124, 53126668, 54930932, 54930988, 60686612, 62153644, 62153700, 155582364, 259304164, 266871836, 327310564, 327768476, 327768532, 396478124, 397718356, 398447980, 557827508, 557827564, 583593332, 645414448, 787922384, 739137616, 953968304, 894345316, 774937460, 1009670092, 763542524, 617043844, 462782890, 370226330, 300597094, 254298266, 127318438, 78349850, 67380964, 67381020, 170849700, 455276892, 785095332, 1353047388, 2730005796, 4680011532, 8989919988, 15034639116, 25057732084, 30907073036, 33007287796, 34078491020, 50530186420, 70844827340, 99182758612, 106237222700, 165551444212, 195690975116, 228113158756, 254901208604, 263632807396, 274851227420, 507715459300, 751418881500, 1749303191076, 3480682068444, 6604825822756, 7467599613404, 7483271439364, 7483271439420, 19285028182980, 48485555197884, 91621492377156, 191982873147324, 371492151175236, 719488350665532, 1652151220493508, 3368985514491324, 6306049809179204, 6306049809179260, 8828469732851300, 13066135204621660, 18405797678228324, 21945449165668756, 26323036089475244, 27487354482052276, 27492212193118540, 38489217056547572, 39864013609492492, 41491116205801108, 49034955515947436, 58804502365944916, 71372078274996884, 93526580908250476, 101659327074186644, 111202674691272556, 112182433939666580, 158408361492762220, 225535865174877908, 232980109946018092, 241300936709076188, 260041794337473316, 282654124279863644, 341008402262784676, 364526223108495644, 368599141802455396, 368822249063390108, 370877736802670692, 377810030948521052, 398232194783578372, 398239194643966844, 408534386130917956, 486602641614267836, 486602641614267892, 486602641614267948, 934231026364583892, 1557425833260726828, 2595709978031227092, 4326183296718712044, 9780311870838919956, 18808292059305637644,
979, 101, 1, 0,
980, 1414, 1034, 694, 350, 394, 200, 265, 59, 1, 0,
981, 449, 1, 0,
982, 494, 346, 176, 196, 203, 37, 1, 0,
983, 1, 0,
984, 1536, 2556, 3996, 6644, 6124, 4600, 6560, 9316, 8072, 7078, 3542, 3370, 2714, 1606, 1058, 601, 1, 0,
985, 203, 37, 1, 0,
986, 634, 320, 442, 314, 160, 218, 112, 136, 134, 70, 74, 40, 50, 43, 1, 0,
987, 549, 257, 1, 0,
988, 972, 1576, 1394, 874, 566, 286, 218, 112, 136, 134, 70, 74, 40, 50, 43, 1, 0,
989, 67, 1, 0,
990, 1818, 2160, 5280, 12864, 21680, 28912, 31848, 47832, 71808, 148512, 359520, 946848, 1895712, 4539360, 12180336, 23781648, 44267568, 76111632, 139130668, 104348008, 92030552, 80526748, 62286692, 55099864, 51042536, 47249404, 35492780, 39042100, 45679474, 22839740, 36962884, 38008124, 53126668, 54930932, 54930988, 60686612, 62153644, 62153700, 155582364, 259304164, 266871836, 327310564, 327768476, 327768532, 396478124, 397718356, 398447980, 557827508, 557827564, 583593332, 645414448, 787922384, 739137616, 953968304, 894345316, 774937460, 1009670092, 763542524, 617043844, 462782890, 370226330, 300597094, 254298266, 127318438, 78349850, 67380964, 67381020, 170849700, 455276892, 785095332, 1353047388, 2730005796, 4680011532, 8989919988, 15034639116, 25057732084, 30907073036, 33007287796, 34078491020, 50530186420, 70844827340, 99182758612, 106237222700, 165551444212, 195690975116, 228113158756, 254901208604, 263632807396, 274851227420, 507715459300, 751418881500, 1749303191076, 3480682068444, 6604825822756, 7467599613404, 7483271439364, 7483271439420, 19285028182980, 48485555197884, 91621492377156, 191982873147324, 371492151175236, 719488350665532, 1652151220493508, 3368985514491324, 6306049809179204, 6306049809179260, 8828469732851300, 13066135204621660, 18405797678228324, 21945449165668756, 26323036089475244, 27487354482052276, 27492212193118540, 38489217056547572, 39864013609492492, 41491116205801108, 49034955515947436, 58804502365944916, 71372078274996884, 93526580908250476, 101659327074186644, 111202674691272556, 112182433939666580, 158408361492762220, 225535865174877908, 232980109946018092, 241300936709076188, 260041794337473316, 282654124279863644, 341008402262784676, 364526223108495644, 368599141802455396, 368822249063390108, 370877736802670692, 377810030948521052, 398232194783578372, 398239194643966844, 408534386130917956, 486602641614267836, 486602641614267892, 486602641614267948, 934231026364583892, 1557425833260726828, 2595709978031227092, 4326183296718712044, 9780311870838919956, 18808292059305637644,
991, 1, 0,
992, 1024, 1023, 513, 287, 49, 8, 7, 1, 0,
993, 335, 73, 1, 0,
994, 734, 370, 314, 160, 218, 112, 136, 134, 70, 74, 40, 50, 43, 1, 0,
995, 205, 47, 1, 0,
996, 1356, 1836, 3204, 4986, 5856, 9768, 17592, 26448, 47952, 94586, 47296, 46684, 42524, 31900, 46220, 50884, 38170, 36998, 22810, 18266, 9136, 8596, 8652, 14644, 14700, 34776, 80424, 137586, 149838, 194898, 230478, 236082, 371310, 519906, 535038, 688002, 884670, 1298658, 1325598, 1325610, 2762838, 3684330, 7008534, 9646650, 20210814, 26948298, 34511478, 34511490, 62694450, 144750606, 255162306, 342150270, 696170370, 1249384830, 1750467234, 1750950654, 1767059586, 2062619514, 2406389472, 4821678144, 9729473856, 16013092896, 29625927804, 52112106756, 88867512444, 132169953156, 212809257084, 283893510484, 258684665516, 194044546804, 145539838896, 231825484368, 416963892426, 429538683702, 450006271818, 498711745782, 645391671714, 752956950372, 1300776053916, 1734368071916, 1300786525972, 986529219820, 1152320207636, 1027433371444, 771941461196, 594730889764, 593612406236, 459840596884, 353581580684, 265284900724, 224453346316, 168393495204, 295964325996, 394619101356, 541369929012, 836662617900, 1876240047300, 3615679614012, 4820965110804, 6508880956876, 5376901660196, 5630868636124, 4223151477100, 4942748313948, 6590392339380, 11984912187084, 18311522839956, 29163653272044, 47079691612740, 95728706279784, 170405777160216, 339359310806184, 655955814004056, 1186415291370744, 2043144476440776, 3608106203085624, 6163848096938136, 13098242895497064, 23734515916326456, 43372170345735144, 78393390086384856, 170474514949762344, 305014219019504856, 543557024002690344, 966323598227005656, 1902155466499906344, 2853233199749859576, 4828548491884378584, 8327077638698841336, 14355820912199800824, 30164068575062391816,
997, 1, 0,
998, 502, 254, 130, 122, 64, 63, 41, 1, 0,
999, 521, 1, 0,
1000, 1340, 1516, 1144, 1376, 1396, 1054, 674, 340, 416, 466, 236, 184, 176, 196, 203, 37, 1, 0,
1001, 343, 57, 23, 1, 0,
1002, 1014, 1182, 1194, 1206, 1446, 1458, 1821, 611, 61, 1, 0,
1003, 77, 19, 1, 0,
1004, 760, 1040, 1564, 1460, 1648, 1576, 1394, 874, 566, 286, 218, 112, 136, 134, 70, 74, 40, 50, 43, 1, 0,
1005, 627, 333, 161, 31, 1, 0,
1006, 506, 358, 182, 154, 134, 70, 74, 40, 50, 43, 1, 0,
1007, 73, 1, 0,
1008, 2216, 1954, 980, 1414, 1034, 694, 350, 394, 200, 265, 59, 1, 0,
1009, 1, 0,
1010, 826, 614, 310, 266, 214, 110, 106, 56, 64, 63, 41, 1, 0,
1011, 341, 43, 1, 0,
1012, 1004, 760, 1040, 1564, 1460, 1648, 1576, 1394, 874, 566, 286, 218, 112, 136, 134, 70, 74, 40, 50, 43, 1, 0,
1013, 1, 0,
1014, 1182, 1194, 1206, 1446, 1458, 1821, 611, 61, 1, 0,
1015, 425, 133, 27, 13, 1, 0,
1016, 904, 806, 538, 272, 286, 218, 112, 136, 134, 70, 74, 40, 50, 43, 1, 0,
1017, 465, 303, 105, 87, 33, 15, 9, 4, 3, 1, 0,
1018, 512, 511, 81, 40, 50, 43, 1, 0,
1019, 1, 0,
1020, 2004, 2700, 5980, 8132, 6988, 5248, 5462, 2734, 1370, 1114, 560, 928, 962, 634, 320, 442, 314, 160, 218, 112, 136, 134, 70, 74, 40, 50, 43, 1, 0,
1021, 1, 0,
1022, 754, 506, 358, 182, 154, 134, 70, 74, 40, 50, 43, 1, 0,
1023, 513, 287, 49, 8, 7, 1, 0,
1024, 1023, 513, 287, 49, 8, 7, 1, 0,
