2 3
3 3
4 0
5 3
6 3
7 5
8 3
9 0
10 19
11 17
12 3
13 5
14 3
15 3
16 0
17 3
18 25667
19 19
20 3
21 3
22 5
23 5
24 3
25 0
26 7
27 3
28 5
29 5
30 5
31 7
32 0
33 3
34 13
35 313
36 0
37 13
38 3
39 349
40 5
41 3
42 1319
43 5
44 5
45 19
46 7
47 127
48 19
49 0
50 3
51 4229
52 103
53 11
54 3
55 17
56 7
57 3
58 41
59 3
60 7
61 7
62 3
63 5
64 0
65 19
66 3
67 19
68 5
69 3
70 29
71 3
72 7
73 5
74 5
75 3
76 41
77 3
78 3
79 5
80 3
81 0
82 23
83 5
84 17
85 5
86 11
87 7
88 61
89 3
90 3
91 4421
92 439
93 7
94 5
95 7
96 3343
97 17
98 13
99 3
100 0
101 3
102 59
103 19
104 97
105 3
106 149
107 17
108 449
109 17
110 3
111 3
112 79
113 23
114 29
115 7
116 59
117 3
118 5
119 3
120 5
121 0
122 5
123 43
124 599
125 0
126 7
127 5
128 7
129 5
130 37
131 3
132 47
133 13
134 5
135 1171
136 227
137 11
138 3
139 163
140 79
141 3
142 1231
143 3
144 0
145 5
146 7
147 3
148 1201
149 7
150 3
151 13
152 270217
153 3
154 5
155 3
156 7
157 17
158 7
159 13
160 7
161 3
162 3
163 7
164 3
165 5
166 137
167 3
168 3
169 0
170 17
171 181
172 5
173 3
174 3251
175 5
176 3
177 5
178 347
179 19
180 7
181 17
182 167
183 223
184 16703
