0 0
1 1
2 2
3 23
4 4
5 13
6 46
7 1595
8 8
9 6377
10 26
11 799
12 92
13 101
14 3190
15 3283
16 16
17 401
18 12754
19 12775
20 52
21 61
22 1598
23 1643
24 184
25 51097
26 202
27 946891009738223808271
28 6380
29 6389
30 6566
31 118361376217277976035
32 32
33 204385
34 802
35 823
36 25508
37 25517
38 25550
39 6540635
40 104
41 473445504869111904137
42 122
43 816511
44 3196
45 3205
46 3286
47 59180688108638988019
48 368
49 102065
50 102194
51 102215
52 404
53 413
54 1893782019476447616542
55 1893782019476447616587
56 12760
57 3266041
58 12778
59 3270319
60 13132
61 13141
62 236722752434555952070
63 236722752434555952451
64 64
65 408257
66 408770
67 408791
68 1604
69 1613
70 1646
71 29590344054319494011
72 51016
73 7575128077905790466345
74 51034
75 2015
76 51100
77 51109
78 13081270
79 13081363
80 208
81 52561
82 946891009738223808274
83 946891009738223808295
84 244
85 253
86 1633022
87 1633067
88 6392
89 1635161
90 6410
91 462349125848742095
92 6572
93 6581
94 118361376217277976038
95 118361376217277976227
96 736
97 30300512311623161865377
98 204130
99 204151
100 204388
101 204397
102 204430
103 57793640731092763
104 808
105 52325449
106 826
107 14795172027159747007
108 3787564038952895233084
109 3787564038952895233093
110 3787564038952895233174
111 28219551138227
112 25520
113 1009
114 6532082
115 6532103
116 25556
117 25565
118 6540638
119 6540683
120 26264
121 1849396503394968377
122 26282
123 1674403055
124 473445504869111904140
125 473445504869111904149
126 473445504869111904902
127 1674726275
128 128
129 121202049246492647461505
130 816514
131 816535
132 817540
133 817549
134 817582
135 209026747
136 3208
137 231174562924371049
138 3226
139 209300383
140 3292
141 3301
142 59180688108638988022
143 59180688108638988115
144 102032
145 15150256155811580932369
146 15150256155811580932690
147 15150256155811580932711
148 102068
149 102077
150 4030
151 4075
152 102200
153 26128409
154 102218
155 28896820365546383
156 26162540
157 26162549
158 26162726
159 55116310627
160 416
161 7397586013579873505
162 105122
163 105143
164 1893782019476447616548
165 1893782019476447616557
166 1893782019476447616590
167 14109775569115
168 488
169 6698905097
170 506
171 484808196985970589835775
172 3266044
173 3266053
174 3266134
175 3612102545693299
176 12784
177 3270193
178 3270322
179 3270343
180 12820
181 12829
182 924698251697484190
183 924698251697484235
184 13144
185 837201529
186 13162
187 837207343
188 236722752434555952076
189 236722752434555952085
190 236722752434555952454
191 837363139
192 1472
193 60601024623246323729473
194 60601024623246323730754
195 60601024623246323730775
196 408260
197 408269
198 408302
199 60601024623246323827963
200 408776
201 16297
202 408794
203 104513375
204 408860
205 408869
206 115587281462185526
207 115587281462185619
208 1616
209 104650193
210 104650898
211 104650919
212 1652
213 1661
214 29590344054319494014
215 29590344054319494059
216 7575128077905790466168
217 420569
218 7575128077905790466186
219 26790449231
220 7575128077905790466348
221 7575128077905790466357
222 56439102276454
223 56439102276643
224 51040
225 26795620385
226 2018
227 2039
228 13064164
229 13064173
230 13064206
231 1939232787943882359356315
232 51112
233 14448410182773193
234 51130
235 1939232787943882362494783
236 13081276
237 13081285
238 13081366
239 27558155315
240 52528
241 51313
242 3698793006789936754
243 3698793006789936775
244 52564
245 52573
246 3348806110
247 3348806155
248 946891009738223808280
249 3348829369
250 946891009738223808298
251 7054887784559
252 946891009738223809804
253 946891009738223809813
254 3349452550
255 3349454083
256 256
257 242404098492985294917889
258 242404098492985294923010
259 242404098492985294923031
260 1633028
261 1633037
262 1633070
263 1806051272846651
264 1635080
265 242404098492985295311849
266 1635098
267 64543
268 1635164
269 1635173
270 418053494
271 418053587
272 6416
273 1635473
274 462349125848742098
275 462349125848742119
276 6452
277 6461
278 418600766
279 418600811
280 6584
281 418603673
282 6602
283 881860973071
284 118361376217277976044
285 118361376217277976053
286 118361376217277976230
287 418681571
288 204064
289 1682273
290 30300512311623161864738
291 30300512311623161864759
292 30300512311623161865380
293 30300512311623161865389
294 30300512311623161865422
295 107162540123
296 204136
297 225756409106569
298 204154
299 30300512311623161913983
300 8060
301 8069
302 8150
303 430596083
304 204400
305 52256689
306 52256818
307 52256839
308 204436
309 204445
310 57793640731092766
311 57793640731092811
312 52325080
313 7756931151775529449979129
314 52325098
315 52323247
316 52325452
317 52325461
318 110232621254
319 110232621635
320 832
321 205249
322 14795172027159747010
323 14795172027159747031
324 210244
325 210253
326 210286
327 1985774374854535536019232891
328 3787564038952895233096
329 13395224617
330 3787564038952895233114
331 210655
332 3787564038952895233180
333 3787564038952895233189
334 28219551138230
335 28219551138323
336 976
337 3787564038952895239249
338 13397810194
339 13397810215
340 1012
341 1021
342 969616393971941179671550
343 969616393971941179671595
344 6532088
345 969616393971941179692121
346 6532106
347 969616393971941179678159
348 6532268
349 6532277
350 7224205091386598
351 7224205091386787
352 25568
353 969616393971941181247393
354 6540386
355 6540407
356 6540644
357 6540653
358 6540686
359 13779077659
360 25640
361 1672214345
362 25658
363 1672218815
364 1849396503394968380
365 1849396503394968389
366 1849396503394968470
367 1672263347
368 26288
369 25841
370 1674403058
371 1674403079
372 26324
373 26333
374 1674414686
375 1674414731
376 473445504869111904152
377 3527443892281
378 473445504869111904170
379 428086872047
380 473445504869111904908
381 473445504869111904917
382 1674726278
383 1674727043
384 2944
385 6729089
386 121202049246492647458946
387 121202049246492647458967
388 121202049246492647461508
389 121202049246492647461517
390 121202049246492647461550
391 121202049246492647459771
392 816520
393 428650160489
394 816538
395 903025636423327
396 816604
397 816613
398 121202049246492647655926
399 121202049246492647656019
400 817552
401 32273
402 32594
403 32615
404 817588
405 817597
406 209026750
407 209026795
408 817720
409 209027353
410 817738
411 31027724607102117749701775
412 231174562924371052
413 231174562924371061
414 231174562924371238
415 31027724607102117750300515
416 3232
417 31027724607102117799916513
418 209300386
419 209300407
420 209301796
421 209301805
422 209301838
423 8345051
424 3304
425 440930486537
426 3322
427 53510859007
428 59180688108638988028
429 59180688108638988037
430 59180688108638988118
431 209340787
432 15150256155811580932336
433 841009
434 841138
435 841159
436 15150256155811580932372
437 15150256155811580932381
438 53580898462
439 53580898507
440 15150256155811580932696
441 842617
442 15150256155811580932714
443 53581270063
444 112878204552908
445 112878204552917
446 112878204553286
447 7182126430019683523
448 102080
449 15150256155811580956993
450 53591240770
451 53591240791
452 4036
453 4045
454 4078
455 215298043
456 26128328
457 3878465575887764718686377
458 26128346
459 3878465575887764718768223
460 26128412
461 26128421
462 3878465575887764718712630
463 3878465575887764718712723
464 102224
465 26129105
466 28896820365546386
467 28896820365546407
468 102260
469 102269
470 3878465575887764724989566
471 3878465575887764724989611
472 26162552
473 26161625
474 26162570
475 1033039
476 26162732
477 26162741
478 55116310630
479 55116310819
480 105056
481 6688857377
482 102626
483 102647
484 7397586013579873508
485 7397586013579873517
486 7397586013579873550
487 992887187427267767990457499
488 105128
489 6689053385
490 105146
491 992887187427267768009616447
492 6697612220
493 6697612229
494 6697612310
495 7397585988391203635
496 1893782019476447616560
497 105329
498 6697658738
499 6697658759
500 1893782019476447616596
501 1893782019476447616605
502 14109775569118
503 14109775569163
504 1893782019476447619608
505 1712347488185
506 1893782019476447619626
507 26273135
508 6698905100
509 6698905109
510 6698908166
511 1712352378371
512 512
513 26916353
514 484808196985970589835778
515 484808196985970589835799
516 484808196985970589846020
517 484808196985970589846029
518 484808196985970589846062
519 1714588750907
520 3266056
521 484808196985970589839081
522 3266074
523 484808196985970589846815
524 3266140
525 3266149
526 3612102545693302
527 3612102545693395
528 3270160
529 3266449
530 484808196985970590623698
531 484808196985970590623719
532 3270196
533 3270205
534 129086
535 129131
536 3270328
537 130457
538 3270346
539 6889538831
540 836106988
541 836106997
542 836107174
543 124110898428408470997984227
544 12832
545 836109409
546 3270946
547 3270967
548 924698251697484196
549 924698251697484205
550 924698251697484238
551 836131675
552 12904
553 124110898428408471001202057
554 12922
555 3272575
556 837201532
557 837201541
558 837201622
559 112220404985670899
560 13168
561 837207217
562 837207346
563 837207367
564 13204
565 13213
566 1763721946142
567 1763721946187
568 236722752434555952088
569 214043436025
570 236722752434555952106
571 3284143
572 236722752434555952460
573 236722752434555952469
574 837363142
575 837363523
576 408128
577 3364033
578 3364546
579 3364567
580 60601024623246323729476
581 60601024623246323729485
582 60601024623246323729518
583 3308923
584 60601024623246323730760
585 214323594025
586 60601024623246323730778
587 60601024623246323729887
588 60601024623246323730844
589 60601024623246323730853
590 214325080246
591 214325080339
592 408272
593 451512818211665
594 451512818213138
595 451512818213159
596 408308
597 408317
598 60601024623246323827966
599 60601024623246323828011
600 16120
601 214364963161
602 16138
603 54795266193103
604 16300
605 16309
606 861192166
607 861192355
608 408800
609 15513862303551058874745505
610 104513378
611 104513399
612 104513636
613 104513645
614 104513678
615 54866840030491
616 408872
617 15513862303551058874850889
618 408890
619 15513862303551058875098047
620 115587281462185532
621 115587281462185541
622 115587281462185622
623 15513862303551058875150259
624 104650160
625 409073
626 15513862303551058899958258
627 15513862303551058899958279
628 104650196
629 104650205
630 104646494
631 104646539
632 104650904
633 4132153
634 104650922
635 4172527
636 220465242508
637 220465242517
638 220465243270
639 15513862303551058986782083
640 1664
641 26755429505
642 410498
643 410519
644 29590344054319494020
645 29590344054319494029
646 29590344054319494062
647 104670395
648 420488
649 3971548749709071071961829993
650 420506
651 29590344054319495583
652 420572
653 420581
654 3971548749709071072038465782
655 3971548749709071072038465875
656 7575128077905790466192
657 26790448913
658 26790449234
659 26790449255
660 7575128077905790466228
661 7575128077905790466237
662 421310
663 421355
664 7575128077905790466360
665 26790635033
666 7575128077905790466378
667 3971548749709071078504313231
668 56439102276460
669 56439102276469
670 56439102276646
671 3591063215009841763
672 1952
673 6849389952737
674 7575128077905790478498
675 7575128077905790478519
676 26795620388
677 26795620397
678 26795620430
679 6849408274139
680 2024
681 6849409513481
682 2042
683 107649023
684 1939232787943882359343100
685 1939232787943882359343109
686 1939232787943882359343190
687 107668595
688 13064176
689 1939232787943882359384113
690 1939232787943882359384242
691 1939232787943882359384263
692 13064212
693 13064221
694 1939232787943882359356318
695 1939232787943882359356363
696 13064536
697 1939232787943882359387257
698 13064554
699 6858402567983
700 14448410182773196
701 14448410182773205
702 14448410182773574
703 253028647363828104650056810726339
704 51136
705 13065793
706 1939232787943882362494786
707 1939232787943882362494807
708 13080772
709 13080781
710 13080814
711 6859678819067
712 13081288
713 516521
714 13081306
715 521567
716 13081372
717 13081381
718 27558155318
719 27558155411
720 51280
721 3344427985
722 3344428690
723 3344428711
724 51316
725 51325
726 3344437630
727 3344437675
728 3698793006789936760
729 13083865
730 3698793006789936778
731 496443593713633883995228751
732 3698793006789936940
733 3698793006789936949
734 3344526694
735 3344526883
736 52576
737 496443593713633884004808225
738 51682
739 51703
740 3348806116
741 3348806125
742 3348806158
743 3698792994195601819
744 52648
745 448881619942683593
746 52666
747 3348689215
748 3348829372
749 3348829381
750 3348829462
751 496443593713633884813039155
752 946891009738223808304
753 52849
754 7054887784562
755 7054887784583
756 946891009738223808340
757 946891009738223808349
758 856173744094
759 856173744139
760 946891009738223809816
761 13136569
762 946891009738223809834
763 127089559990690274304597851759
764 3349452556
765 3349452565
766 3349454086
767 856176189187
768 5888
769 13456129
770 13458178
771 13458199
772 242404098492985294917892
773 242404098492985294917901
774 242404098492985294917934
775 127089559990690274305230905147
776 242404098492985294923016
777 13235689
778 242404098492985294923034
779 857294375455
780 242404098492985294923100
781 242404098492985294923109
782 242404098492985294919542
783 242404098492985294919635
784 1633040
785 242404098492985294923409
786 857300320978
787 857300320999
788 1633076
789 1633085
790 1806051272846654
791 1806051272846699
792 1633208
793 1806051272852633
794 1633226
795 114914022880314942479
796 242404098492985295311852
797 242404098492985295311861
798 242404098492985295312038
799 219180478500067
800 1635104
801 857459852641
802 64546
803 64567
804 65188
805 65197
806 65230
807 219181104431707
808 1635176
809 3444769417
810 1635194
811 62055449214204235498979455
812 418053500
813 418053509
814 418053590
815 62055449214204235498992115
816 1635440
817 418054577
818 418054706
819 418054727
820 1635476
821 1635485
822 62055449214204235499403550
823 62055449214204235499403595
824 462349125848742104
825 62055449214204235500392185
826 462349125848742122
827 418065839
828 462349125848742476
829 462349125848742485
830 62055449214204235500601030
831 62055449214204235500601411
832 6464
833 1636289
834 62055449214204235599833026
835 62055449214204235599833047
836 418600772
837 418600781
838 418600814
839 56110202492835451
840 418603592
841 418586153
842 418603610
843 418601183
844 418603676
845 418603685
846 16690102
847 16690195
848 6608
849 881860970065
850 881860973074
851 881860973095
852 6644
853 6653
854 107021718014
855 107021718059
856 118361376217277976056
857 1642073
858 118361376217277976074
859 15886194998836284288074731471
860 118361376217277976236
861 118361376217277976245
862 418681574
863 418681763
864 30300512311623161864672
865 15886194998836284287847319969
866 1682018
867 1682039
868 1682276
869 1682285
870 1682318
871 8328941403549877830186746669567003
872 30300512311623161864744
873 15886194998836284288153863497
874 30300512311623161864762
875 1654463
876 107161796924
877 107161796933
878 107161797014
879 15886194998836284313557260467
880 30300512311623161865392
881 30300512311623161864945
882 1685234
883 1685255
884 30300512311623161865428
885 30300512311623161865437
886 107162540126
887 107162540171
888 225756409105816
889 15886194998836284314017252921
890 225756409105834
891 4272689647
892 225756409106572
893 225756409106581
894 14364252860039367046
895 14364252860039367811
896 204160
897 27397559810945
898 30300512311623161913986
899 30300512311623161914007
900 107182481540
901 107182481549
902 107182481582
903 30300512311623161914811
904 8072
905 27397633096553
906 8090
907 107182530719
908 8156
909 8165
910 430596086
911 430596179
912 52256656
913 7756931151775529437372433
914 7756931151775529437372754
915 7756931151775529437372775
916 52256692
917 52256701
918 7756931151775529437536446
919 7756931151775529437536491
920 52256824
921 7756931151775529437537049
922 52256842
923 27433420015247
924 7756931151775529437425260
925 7756931151775529437425269
926 7756931151775529437425446
927 30300512208450370475363
928 204448
929 7756931151775529437549025
930 52258210
931 52258231
932 57793640731092772
933 57793640731092781
934 57793640731092814
935 7756931151775529437575131
936 204520
937 1012114589455312418600227242905353
938 204538
939 57793640731284223
940 7756931151775529449979132
941 7756931151775529449979141
942 7756931151775529449979222
943 52264819
944 52325104
945 52323121
946 52323250
947 52323271
948 52325140
949 52325149
950 2066078
951 2066123
952 52325464
953 2086265
954 52325482
955 2087471
956 110232621260
957 110232621269
958 110232621638
959 7756931151775529493391043
960 210112
961 13377711937
962 13377714754
963 13377714775
964 205252
965 205261
966 205294
967 1985774374854535536009341435
968 14795172027159747016
969 13377750697
970 14795172027159747034
971 52335199
972 14795172027159747100
973 14795172027159747109
974 1985774374854535535980914998
975 1985774374854535535980915091
976 210256
977 14795172027159747793
978 13378106770
979 13378106791
980 210292
981 210301
982 1985774374854535536019232894
983 1985774374854535536019232939
984 13395224440
985 206809
986 13395224458
987 52361551
988 13395224620
989 13395224629
990 14795171976782407270
991 14795171976782407459
992 3787564038952895233120
993 1795526479770734369
994 210658
995 210679
996 13395317476
997 13395317485
998 13395317518
999 13395238555
1000 3787564038952895233192
1001 1985774374854535539252156617
1002 3787564038952895233210
1003 534086207
1004 28219551138236
1005 28219551138245
1006 28219551138326
1007 1795531607504920883
1008 3787564038952895239216
1009 3787564038952895233393
1010 3424694976370
1011 3424694976391
1012 3787564038952895239252
1013 3787564038952895239261
1014 52546270
1015 52546315
1016 13397810200
1017 508358239962761097218391407033
1018 13397810218
1019 3424704137071
1020 13397816332
1021 13397816341
1022 3424704756742
1023 3424704762883
1024 1024
1025 53824513
1026 53832706
1027 53832727
1028 969616393971941179671556
1029 969616393971941179671565
1030 969616393971941179671598
1031 53834299
1032 969616393971941179692040
1033 508358239962761097220923620585
1034 969616393971941179692058
1035 969616393971941179672351
1036 969616393971941179692124
1037 969616393971941179692133
1038 3429177501814
1039 3429177501907
1040 6532112
1041 969616393971941179692433
1042 969616393971941179678162
1043 969616393971941179678183
1044 6532148
1045 6532157
1046 969616393971941179693630
1047 969616393971941179693675
1048 6532280
1049 3429201283993
1050 6532298
1051 1798223644346065679
1052 7224205091386604
1053 7224205091386613
1054 7224205091386790
1055 126514323681914052325028405363171
1056 6540320
1057 7224205091410529
1058 6532898
1059 6532919
1060 969616393971941181247396
1061 969616393971941181247405
1062 969616393971941181247438
1063 876721913950555
1064 6540392
1065 876721914000265
1066 6540410
1067 3429839409535
1068 258172
1069 258181
1070 258262
1071 130139709430466840887908200202995
1072 6540656
1073 260785
1074 260914
1075 260935
1076 6540692
1077 6540701
1078 13779077662
1079 13779077707
1080 1672213976
1081 248221796856816941995917817
1082 1672213994
1083 248221796856816941995928239
1084 1672214348
1085 1672214357
1086 248221796856816941995968454
1087 248221796856816941995968835
1088 25664
1089 1672218305
1090 1672218818
1091 1672218839
1092 6541892
1093 6541901
1094 6541934
1095 877869441167227
1096 1849396503394968392
1097 248221796856816941997614377
1098 1849396503394968410
1099 6542303
1100 1849396503394968476
1101 1849396503394968485
1102 1672263350
1103 1672263443
1104 25808
1105 1849396503394969937
1106 248221796856816942002404114
1107 248221796856816942002404135
1108 25844
1109 25853
1110 6545150
1111 6545195
1112 1674403064
1113 248221796856816942399332185
1114 1674403082
1115 1849396497097800911
1116 1674403244
1117 1674403253
1118 224440809971341798
1119 224440809971341987
1120 26336
1121 1674344609
1122 1674414434
1123 1674414455
1124 1674414692
1125 1674414701
1126 1674414734
1127 248221796856816942406519579
1128 26408
1129 66760777
1130 26426
1131 66799039
1132 3527443892284
1133 3527443892293
1134 3527443892374
1135 3527443133875
1136 473445504869111904176
1137 26609
1138 428086872050
1139 428086872071
1140 473445504869111904212
1141 473445504869111904221
1142 6568286
1143 6568331
1144 473445504869111904920
1145 63544779995345137152298925881
1146 473445504869111904938
1147 428088017135
1148 1674726284
1149 1674726293
1150 1674727046
1151 428088094595
1152 816256
1153 63544779995345137151389279873
1154 6728066
1155 6728087
1156 6729092
1157 6729101
1158 6729134
1159 428099416763
1160 121202049246492647458952
1161 33315765614199511320746986678268009
1162 121202049246492647458970
1163 63544779995345137152615452575
1164 121202049246492647459036
1165 121202049246492647459045
1166 6617846
1167 6617939
1168 121202049246492647461520
1169 428647187729
1170 428647188050
1171 428647188071
1172 121202049246492647461556
1173 121202049246492647461565
1174 121202049246492647459774
1175 121202049246492647459819
1176 121202049246492647461688
1177 6741017
1178 121202049246492647461706
1179 428631089039
1180 428650160492
1181 428650160501
1182 428650160678
1183 224777955543258211
1184 816544
1185 63544779995345137256069011681
1186 903025636423330
1187 903025636423351
1188 903025636426276
1189 903025636426285
1190 903025636426318
1191 17100559579
1192 816616
1193 57457011440157471241
1194 816634
1195 121202049246492647468543
1196 121202049246492647655932
1197 121202049246492647655941
1198 121202049246492647656022
1199 109590239250035
1200 32240
1201 428729926193
1202 428729926322
1203 428729926343
1204 32276
1205 32285
1206 109590532386206
1207 109590532386251
1208 32600
1209 428730122873
1210 32618
1211 109590552215855
1212 1722384332
1213 1722384341
1214 1722384710
1215 16267463678808355110755655659971
1216 817600
1217 31027724607102117749489729
1218 31027724607102117749491010
1219 31027724607102117749491031
1220 209026756
1221 209026765
1222 209026798
1223 31027724607102117749496059
1224 209027272
1225 31027724607102117750145961
1226 209027290
1227 31027724607102117750147935
1228 209027356
1229 209027365
1230 109733680060982
1231 109733680061075
1232 817744
1233 31027724607102117749701073
1234 31027724607102117749701778
1235 31027724607102117749701799
1236 817780
1237 817789
1238 31027724607102117750196094
1239 31027724607102117750196139
1240 231174562924371064
1241 209032921
1242 231174562924371082
1243 109734441088079
1244 231174562924371244
1245 231174562924371253
1246 31027724607102117750300518
1247 31027724607102117750300707
1248 209300320
1249 4048458357821249674400908971621409
1250 818146
1251 818167
1252 31027724607102117799916516
1253 31027724607102117799916525
1254 31027724607102117799916558
1255 231174562137225115
1256 209300392
1257 209059273
1258 209300410
1259 28055101246417727
1260 209292988
1261 209292997
1262 209293078
1263 4164470701774938908324984371081267
1264 209301808
1265 209300593
1266 8264306
1267 8264327
1268 209301844
1269 209301853
1270 8345054
1271 8345099
1272 440930485016
1273 8349881
1274 440930485034
1275 28055181367264367
1276 440930486540
1277 440930486549
1278 31027724607102117973564166
1279 31027724607102117973565699
1280 3328
1281 53510847745
1282 53510859010
1283 53510859031
1284 820996
1285 821005
1286 821038
1287 7943097499418142143870990651
1288 59180688108638988040
1289 7943097499418142144037365737
1290 59180688108638988058
1291 53511002143
1292 59180688108638988124
1293 59180688108638988133
1294 209340790
1295 209340883
1296 840976
1297 59180688108638988433
1298 7943097499418142143923659986
1299 7943097499418142143923660007
1300 841012
1301 841021
1302 59180688108638991166
1303 59180688108638991211
1304 841144
1305 53512427161
1306 841162
1307 4164470701774938915093373334783503
1308 7943097499418142144076931564
1309 7943097499418142144076931573
1310 7943097499418142144076931750
1311 59180688108639041251
1312 15150256155811580932384
1313 827233
1314 53580897826
1315 53580897847
1316 53580898468
1317 53580898477
1318 53580898510
1319 7943097499418142156778630235
1320 15150256155811580932456
1321 59180687907129629833
1322 15150256155811580932474
1323 53580904063
1324 842620
1325 842629
1326 842710
1327 53578886131
1328 15150256155811580932720
1329 53581269937
1330 53581270066
1331 53581270087
1332 15150256155811580932756
1333 15150256155811580932765
1334 7943097499418142157008626462
1335 7943097499418142157008626507
1336 112878204552920
1337 2136344825
1338 112878204552938
1339 845743
1340 112878204553292
1341 112878204553301
1342 7182126430019683526
1343 7182126430019683907
1344 3904
1345 15150256155811580933569
1346 13698779905474
1347 13698779905495
1348 15150256155811580956996
1349 15150256155811580957005
1350 15150256155811580957038
1351 2033432959851044388830644149371
1352 53591240776
1353 210185257
1354 53591240794
1355 15150256155811580957407
1356 53591240860
1357 53591240869
1358 13698816548278
1359 13698816548371
1360 4048
1361 53591265361
1362 13698819026962
1363 13698819026983
1364 4084
1365 4093
1366 215298046
1367 215298091
1368 3878465575887764718686200
1369 215330905
1370 3878465575887764718686218
1371 15150256155811581739471
1372 3878465575887764718686380
1373 3878465575887764718686389
1374 215337190
1375 215337379
1376 26128352
1377 2033432959851044388883694482337
1378 3878465575887764718768226
1379 3878465575887764718768247
1380 3878465575887764718768484
1381 3878465575887764718768493
1382 3878465575887764718768526
1383 7191513944016596507
1384 26128424
1385 13716710007625
1386 26128442
1387 13716710018239
1388 3878465575887764718712636
1389 3878465575887764718712645
1390 3878465575887764718712726
1391 15150256104225185237683
1392 26129072
1393 26128625
1394 3878465575887764718774514
1395 3878465575887764718774535
1396 26129108
1397 26129117
1398 13716805135966
1399 13716805136011
1400 28896820365546392
1401 7192894577384262713
1402 28896820365546410
1403 3878465575887764718787567
1404 28896820365547148
1405 28896820365547157
1406 506057294727656209300113621452678
1407 506057294727656209300113621453443
1408 102272
1409 28896820365642113
1410 26131586
1411 26131607
1412 3878465575887764724989572
1413 3878465575887764724989581
1414 3878465575887764724989614
1415 26132411
1416 26161544
1417 3506887655802217
1418 26161562
1419 3878465575887764724992671
1420 26161628
1421 26161637
1422 13719357638134
1423 13719357638227
1424 26162576
1425 1032721
1426 1033042
1427 1033063
1428 26162612
1429 26162621
1430 1043134
1431 1043179
1432 26162744
1433 1043737
1434 26162762
1435 3506897670908047
1436 55116310636
1437 55116310645
1438 55116310822
1439 3878465575887764746695523
1440 102560
1441 992887187427267767983671265
1442 6688855970
1443 6688855991
1444 6688857380
1445 6688857389
1446 6688857422
1447 55126321627
1448 102632
1449 992887187427267767983875337
1450 102650
1451 992887187427267768004670719
1452 6688875260
1453 6688875269
1454 6688875350
1455 992887187427267768004742515
1456 7397586013579873520
1457 26167601
1458 26167730
1459 26167751
1460 7397586013579873556
1461 7397586013579873565
1462 992887187427267767990457502
1463 992887187427267767990457547
1464 7397586013579873880
1465 26169209
1466 7397586013579873898
1467 992887187427267768006275119
1468 6689053388
1469 6689053397
1470 6689053766
1471 520558837721867364386671666847939
1472 105152
1473 7397586013579879745
1474 992887187427267768009616450
1475 992887187427267768009616471
1476 103364
1477 103373
1478 103406
1479 7397586013580071931
1480 6697612232
1481 26180777
1482 6697612250
1483 992887187427267769597328479
1484 6697612316
1485 6697612325
1486 7397585988391203638
1487 7397585988391203731
1488 105296
1489 6697613009
1490 897763239885367186
1491 897763239885367207
1492 105332
1493 105341
1494 6697378430
1495 6697378475
1496 6697658744
1497 6697657817
1498 6697658762
1499 6697619279
1500 6697658924
1501 6697658933
1502 992887187427267769626078310
1503 992887187427267769626078499
1504 1893782019476447616608
1505 267043105
1506 105698
1507 105719
1508 14109775569124
1509 14109775569133
1510 14109775569166
1511 897765803752460443
1512 1893782019476447616680
1513 14109772535497
1514 1893782019476447616698
1515 992887187427267775154102335
1516 1712347488188
1517 1712347488197
1518 1712347488278
1519 254179119981380548603819943731
1520 1893782019476447619632
1521 1893782019476447616881
1522 26273138
1523 26273159
1524 1893782019476447619668
1525 1893782019476447619677
1526 254179119981380548609195703518
1527 254179119981380548609195703563
1528 6698905112
1529 1712352068537
1530 6698905130
1531 1712352090479
1532 6698908172
1533 6698908181
1534 1712352378374
1535 1712352381443
1536 11776
1537 254179119981380548605557119489
1538 26912258
1539 26912279
1540 26916356
1541 26916365
1542 26916398
1543 1893782019476447717435
1544 484808196985970589835784
1545 1712397667049
1546 484808196985970589835802
1547 26917151
1548 484808196985970589835868
1549 484808196985970589835877
1550 254179119981380548610461810294
1551 254179119981380548610461810387
1552 484808196985970589846032
1553 484808196985970589836177
1554 26471378
1555 26471399
1556 484808196985970589846068
1557 484808196985970589846077
1558 1714588750910
1559 1714588750955
1560 484808196985970589846200
1561 1714588752281
1562 484808196985970589846218
1563 254179119981380549016916168975
1564 484808196985970589839084
1565 484808196985970589839093
1566 484808196985970589839270
1567 1714588807139
1568 3266080
1569 26964065
1570 484808196985970589846818
1571 484808196985970589846839
1572 1714600641956
1573 1714600641965
1574 1714600641998
1575 1714600638299
1576 3266152
1577 899111822173032841
1578 3266170
1579 484808196985970589848447
1580 3612102545693308
1581 3612102545693317
1582 3612102545693398
1583 63257161840957026162514202681587
1584 3266416
1585 3612102545705137
1586 3612102545705266
1587 3612102545705287
1588 3266452
1589 3266461
1590 229828045760629884958
1591 229828045760629885003
1592 484808196985970590623704
1593 484808196985970589874169
1594 484808196985970590623722
1595 438360956975279
1596 484808196985970590624076
1597 484808196985970590624085
1598 438360957000134
1599 438360957000515
1600 3270208
1601 1714919704769
1602 1714919705282
1603 1714919705303
1604 129092
1605 129101
1606 129134
1607 65069854715233420443954100101499
1608 130376
1609 438362129545001
1610 130394
1611 129503
1612 130460
1613 130469
1614 438362208863414
1615 438362208863507
1616 3270352
1617 6889537361
1618 6889538834
1619 6889538855
1620 3270388
1621 3270397
1622 124110898428408470997958910
1623 124110898428408470997958955
1624 836107000
1625 124110898428408470997964121
1626 836107018
1627 438373802767055
1628 836107180
1629 836107189
1630 124110898428408470997984230
1631 124110898428408470997984419
1632 3270880
1633 124110898428408471000583841
1634 836109154
1635 836109175
1636 836109412
1637 836109421
1638 836109454
1639 230128446208531089691
1640 3270952
1641 438934720244297
1642 3270970
1643 438934720583615
1644 124110898428408470998807100
1645 124110898428408470998807109
1646 124110898428408470998807190
1647 124110898428408471000644531
1648 924698251697484208
1649 3271153
1650 124110898428408471000784370
1651 124110898428408471000784391
1652 924698251697484244
1653 924698251697484253
1654 836131678
1655 836131723
1656 924698251697484952
1657 438937764352313
1658 924698251697484970
1659 836134639
1660 124110898428408471001202060
1661 124110898428408471001202069
1662 124110898428408471001202822
1663 438935177247107
1664 12928
1665 16193833431284998697603635886485633
1666 3272578
1667 3272599
1668 124110898428408471199666052
1669 124110898428408471199666061
1670 124110898428408471199666094
1671 836210875
1672 837201544
1673 924698248548900457
1674 837201562
1675 124110898428408471199667615
1676 837201628
1677 837201637
1678 112220404985670902
1679 112220404985670995
1680 837207184
1681 837171985
1682 837172306
1683 837172327
1684 837207220
1685 837207229
1686 837202366
1687 837202411
1688 837207352
1689 33057305
1690 837207370
1691 124110898428408471203259791
1692 33380204
1693 33380213
1694 33380390
1695 16657882807099755633652163959854691
1696 13216
1697 33399521
1698 1763721940130
1699 1763721940151
1700 1763721946148
1701 1763721946157
1702 1763721946190
1703 1763721566939
1704 13288
1705 124110898428408471894262793
1706 13306
1707 31772389997672568575477480447
1708 214043436028
1709 214043436037
1710 214043436118
1711 31772389997672568575478814835
1712 236722752434555952112
1713 3284017
1714 3284146
1715 3284167
1716 236722752434555952148
1717 236722752434555952157
1718 31772389997672568576149462942
1719 31772389997672568576149462987
1720 236722752434555952472
1721 214044008569
1722 236722752434555952490
1723 214044011311
1724 837363148
1725 837363157
1726 837363526
1727 214044047299
1728 60601024623246323729344
1729 236722752434555953729
1730 31772389997672568575694639938
1731 31772389997672568575694639959
1732 3364036
1733 3364045
1734 3364078
1735 236722752434555956987
1736 3364552
1737 236722752434555964841
1738 3364570
1739 214049708383
1740 3364636
1741 3364645
1742 16657882807099755660373493339134006
1743 16657882807099755660373493339134099
1744 60601024623246323729488
1745 31772389997672568576307726289
1746 31772389997672568576307726994
1747 31772389997672568576307727015
1748 60601024623246323729524
1749 60601024623246323729533
1750 3308926
1751 3308971
1752 214323593848
1753 214323591385
1754 214323593866
1755 837785167
1756 214323594028
1757 214323594037
1758 31772389997672568627114520934
1759 31772389997672568627114521123
1760 60601024623246323730784
1761 236722751628518519329
1762 60601024623246323729890
1763 60601024623246323729911
1764 3370468
1765 3370477
1766 3370510
1767 31772389997672568577994194331
1768 60601024623246323730856
1769 214315544521
1770 60601024623246323730874
1771 214316111167
1772 214325080252
1773 214325080261
1774 214325080342
1775 112388977771629107
1776 451512818211632
1777 60601024623246323731057
1778 31772389997672568628034505842
1779 31772389997672568628034505863
1780 451512818211668
1781 451512818211677
1782 8545379294
1783 8545379339
1784 451512818213144
1785 3382969
1786 451512818213162
1787 8550279791
1788 28728505720078734092
1789 28728505720078734101
1790 28728505720078735622
1791 28728505720073063171
1792 408320
1793 60601024623246323734273
1794 54795119621890
1795 54795119621911
1796 60601024623246323827972
1797 60601024623246323827981
1798 60601024623246323828014
1799 54795119625019
1800 214364963080
1801 8133731839404177555322576597481
1802 214364963098
1803 840740383
1804 214364963164
1805 214364963173
1806 60601024623246323829622
1807 60601024623246323829715
1808 16144
1809 214364963473
1810 54795266193106
1811 54795266193127
1812 16180
1813 16189
1814 214365061438
1815 214365061483
1816 16312
1817 54795276107929
1818 16330
1819 7908671225200740259762667110415
1820 861192172
1821 861192181
1822 861192358
1823 8133731839404177555377827829987
1824 104513312
1825 861323617
1826 15513862303551058874744866
1827 15513862303551058874744887
1828 15513862303551058874745508
1829 15513862303551058874745517
1830 15513862303551058874745550
1831 54796725345883
1832 104513384
1833 861349513
1834 104513402
1835 15513862303551058874748031
1836 15513862303551058875072892
1837 15513862303551058875072901
1838 15513862303551058875072982
1839 8133731839404177555534778111475
1840 104513648
1841 15513862303551058875073969
1842 15513862303551058875074098
1843 15513862303551058875074119
1844 104513684
1845 104513693
1846 54866840030494
1847 54866840030539
1848 15513862303551058874850520
1849 54866840072953
1850 15513862303551058874850538
1851 15513862303551058875079087
1852 15513862303551058874850892
1853 15513862303551058874850901
1854 60601024416900740950726
1855 60601024416900740951107
1856 408896
1857 104514497
1858 15513862303551058875098050
1859 15513862303551058875098071
1860 104516420
1861 104516429
1862 104516462
1863 54864779399803
1864 115587281462185544
1865 54867220544041
1866 115587281462185562
1867 104516831
1868 115587281462185628
1869 115587281462185637
1870 15513862303551058875150262
1871 15513862303551058875150355
1872 409040
1873 115587281462188625
1874 2024229178910624837200454485810706
1875 2024229178910624837200454485810727
1876 409076
1877 409085
1878 115587281462568446
1879 115587281462568491
1880 15513862303551058899958264
1881 104526425
1882 15513862303551058899958282
1883 115587281068612559
1884 15513862303551058899958444
1885 15513862303551058899958453
1886 104529638
1887 104529827
1888 104650208
1889 14027550623208865
1890 104646242
1891 104646263
1892 104646500
1893 104646509
1894 104646542
1895 2082235350887469454162492185540635
1896 104650280
1897 54877430552905
1898 104650298
1899 54877430569663
1900 4132156
1901 4132165
1902 4132246
1903 15513862303551058900407475
1904 104650928
1905 104650481
1906 4172530
1907 4172551
1908 104650964
1909 104650973
1910 4174942
1911 4174987
1912 220465242520
1913 14027590683632185
1914 220465242538
1915 2024619833651389506499242780265967
1916 220465243276
1917 220465243285
1918 15513862303551058986782086
1919 15513862303551058986782851
1920 420224
1921 3971548749709071071934685057
1922 26755423874
1923 26755423895
1924 26755429508
1925 26755429517
1926 26755429550
1927 26755424699
1928 410504
1929 220505286505
1930 410522
1931 3971548749709071071935495327
1932 410588
1933 410597
1934 3971548749709071072018682870
1935 3971548749709071072018682963
1936 29590344054319494032
1937 26755501073
1938 26755501394
1939 26755501415
1940 29590344054319494068
1941 29590344054319494077
1942 104670398
1943 104670443
1944 29590344054319494200
1945 104671001
1946 29590344054319494218
1947 14045911058676367
1948 3971548749709071071961829996
1949 3971548749709071071961830005
1950 3971548749709071071961830182
1951 2082235350887469457546577256423779
1952 420512
1953 104676833
1954 29590344054319495586
1955 29590344054319495607
1956 26756213540
1957 26756213549
1958 26756213582
1959 14045912743752667
1960 420584
1961 2082235350887469457546686667391753
1962 420602
1963 14046008459273983
1964 3971548749709071072038465788
1965 3971548749709071072038465797
1966 3971548749709071072038465878
1967 29590344054319520627
1968 26790448880
1969 413489
1970 413618
1971 413639
1972 26790448916
1973 26790448925
1974 104723102
1975 104723147
1976 26790449240
1977 3971548749709071078389313913
1978 26790449258
1979 3971548749709071078389315119
1980 29590343953564814540
1981 29590343953564814549
1982 29590343953564814918
1983 26758847171
1984 7575128077905790466240
1985 26790452033
1986 3591052959541468738
1987 3591052959541468759
1988 421316
1989 421325
1990 421358
1991 26789443067
1992 26790634952
1993 26789513897
1994 26790634970
1995 26790631007
1996 26790635036
1997 26790635045
1998 26790477110
1999 26790477203
2000 7575128077905790466384
