1 0
2 3
3 26
4 11
5 14
6 59
7 83
8 23
9 443
10 338
11 263
12 578
13 38
14 662
15 47
16 227
17 3467
18 1823
19 842
20 4898
21 983
22 4622
23 4847
24 2747
25 4127
26 11567
27 347
28 542
29 17483
30 2867
31 22367
32 43067
33 18527
34 5042
35 5063
36 12422
37 66047
38 2858
39 87302
40 11702
41 11147
42 3062
43 24602
44 158
45 94763
46 247838
47 1202
48 111863
49 48683
50 186842
51 1523
52 58298
53 86027
54 45047
55 14423
56 32342
57 53462
58 79502
59 40883
60 37823
61 169067
62 39098
63 141962
64 357563
65 232538
66 878
67 162047
68 98663
69 232823
70 112478
71 27662
72 197138
73 124547
74 142742
75 32987
76 150698
77 485102
78 287138
79 79103
80 115238
81 41087
82 296987
83 10463
84 127922
85 851567
86 2
87 846662
88 257402
89 58727
90 1050887
91 8222
92 923162
93 383
94 470342
95 480638
96 384347
97 278402
98 786242
99 303158
100 231467
101 149558
102 739022
103 592958
104 141698
105 18302
106 10009487
107 283523
108 277778
109 860702
110 473987
111 2264567
112 6085658
113 108803
114 2252387
115 968567
116 3166763
117 4881242
118 1738427
119 2128262
120 210962
121 2338187
122 1150103
123 256163
124 37958
125 7345622
126 2735462
127 183467
128 4503098
129 4453598
130 281738
131 581423
132 10103
