1 3
2 3
3 3
4 3
5 0
6 3
7 5
8 3
9 3
10 5
11 3
12 0
13 0
14 0
15 3
16 3
17 5
18 3
19 3
20 11
21 3
22 0
23 0
24 5
25 0
26 7
27 0
28 7
29 3
30 3
31 0
32 3
33 3
34 0
35 3
36 3
37 5
38 0
39 3
40 0
41 0
42 0
43 3
44 0
45 7
46 5
47 3
48 3
49 7
50 7
51 5
52 7
53 3
54 3
55 53
56 5
57 0
58 0
59 0
60 3
61 0
62 3
63 0
64 0
65 0
66 47
67 3
68 7
69 3
70 7
71 13
72 3
73 3
74 17
75 1217
76 3
77 7
78 3
79 7
80 0
81 3
82 0
83 3
84 0
85 0
86 0
87 3
88 0
89 3
90 0
91 7
92 3
93 3
94 0
95 3
96 0
97 0
98 5
99 17
100 0
101 0
102 3
103 0
104 3
105 3
106 3
107 0
108 5
109 0
110 31
111 0
112 3
113 0
114 3
115 0
116 7
117 0
118 89
119 0
120 3
121 7
122 5
123 37
124 13
125 3
126 3
127 353
128 23
129 43
130 11
131 3
132 3
133 7
134 11
135 17
136 41
137 3
138 0
139 0
140 0
141 61
142 0
143 7
144 0
145 0
146 0
147 79
148 0
149 5
150 0
151 0
152 0
153 3
154 17
155 5
156 3
157 7
158 11
159 3
160 3
161 5
162 3
163 3
164 13
165 3
166 3
167 5
168 139
169 3
170 11
171 5
172 5
173 0
174 3
175 0
176 0
177 0
178 7
179 0
180 13
181 0
182 5
183 0
184 163
185 0
186 0
187 0
188 3
189 0
190 11
191 3
192 11
193 0
194 3
195 73
196 0
197 0
198 3
199 0
200 3
201 3
202 0
203 3
204 0
205 0
206 7
207 3
208 0
209 7
210 3
211 3
212 0
213 2617
214 0
215 31
216 0
217 3
218 0
219 3
220 0
221 0
222 0
223 3
224 0
225 3
226 0
227 7
228 0
229 11
230 0
231 3
232 11
233 3
234 1153
235 457
236 3
237 7
238 7
239 3
240 5
241 7
242 3
243 3
244 127
245 5
246 3
247 7
248 7
249 3
250 17
251 5
252 3
253 11
254 7
255 0
256 0
257 0
258 163
259 0
260 3
261 0
262 0
263 0
264 3
265 0
266 3
267 0
268 0
269 0
270 3
271 0
272 7
273 0
274 0
275 0
276 11
277 3
278 19
279 83
280 3
281 0
282 79
283 3
284 5
285 11
286 0
287 5
288 17
289 17
290 479
291 0
292 5
293 19
294 3
295 7
296 0
297 3
298 5
299 5
300 3
301 11
302 0
303 3
304 0
305 3
306 0
307 5
308 0
309 3
310 0
311 67
312 0
313 0
314 0
315 5
316 0
317 3
318 0
319 13
320 0
321 3
322 0
323 3
324 0
325 5
326 0
327 11
328 0
329 5
330 3
331 0
332 157
333 0
334 0
335 43
336 5
337 0
338 3
339 3
340 0
341 7
342 13
343 0
344 3
345 97
346 0
347 3
348 7
349 0
350 5
351 103
352 3
353 0
354 3
355 0
356 13
357 0
358 0
359 0
360 3
361 0
362 281
363 0
364 31
365 0
366 37
367 0
368 23
369 0
370 3
371 0
372 0
373 0
374 109
375 0
376 3
377 0
378 3
379 7
380 3
381 11
382 7
383 7
384 19
385 5
386 3
387 3
388 5
389 3
390 13
391 31
392 3
393 3
394 83
395 73
396 3
397 5
398 3
399 3
400 5
401 7
402 5
403 19
404 23
405 3
406 37
407 139
408 0
409 0
410 0
411 0
412 0
413 3
414 0
415 0
416 0
417 3
418 0
419 53
420 0
421 0
422 0
423 17
424 0
425 3
426 0
427 0
428 0
429 3
430 0
431 0
432 0
433 0
434 0
435 17
436 109
437 229
438 3
439 3
440 971
441 3
442 881
443 809
444 43
445 3
446 31
447 3
448 3
449 283
450 13
451 7
452 7
453 3
454 3
455 113
456 3
457 7
458 5
459 13
460 3
461 151
462 3
463 3
464 19
465 7
466 0
467 0
468 3
469 0
