1 1
2 2
3 3
4 5
5 6
6 10
7 25
8 30
9 50
10 98
11 125
12 150
13 206
14 243
15 250
16 490
17 566
18 590
19 625
20 750
21 1030
22 1046
23 1094
24 1154
25 1214
26 1226
27 1250
28 2450
29 2738
30 2830
31 2846
32 2894
33 2906
34 3086
35 3125
36 3750
37 4802
38 5534
39 5594
40 5606
41 5666
42 5714
43 5770
44 5834
45 5906
46 5990
47 6070
48 6130
49 6250
50 12250
51 13690
52 14114
53 14150
54 14230
55 14354
56 14390
57 14414
58 14426
59 14470
60 14486
61 14530
62 14594
63 14666
64 14786
65 14834
66 14954
67 14990
68 15014
69 15074
70 15146
71 15206
72 15374
73 15430
74 15446
75 15506
76 15590
77 15625
78 18750
79 24010
80 27446
81 27614
82 27670
83 27746
84 27806
85 27866
86 27926
87 27970
88 28030
89 28166
90 28190
91 28214
92 28286
93 28330
94 28346
95 28394
96 28570
97 28646
98 28694
99 28790
100 28814
101 28850
102 29114
103 29126
104 29170
105 29186
106 29306
107 29366
108 29390
109 29426
110 29474
111 29530
112 29594
113 29654
114 29774
115 29846
116 29894
117 29950
118 29966
119 29990
120 30026
121 30146
122 30350
123 30434
124 30554
125 30614
126 30650
127 30746
128 30854
129 30986
130 31166
131 31190
132 31214
133 31250
134 61250
135 68450
136 70454
137 70514
138 70570
139 70634
140 70646
141 70706
142 70750
143 71054
144 71066
145 71150
146 71234
147 71354
148 71594
149 71606
150 71726
151 71770
152 71846
153 71950
154 71954
155 71966
156 72014
157 72026
158 72070
159 72130
160 72146
161 72194
162 72350
163 72430
164 72614
165 72626
166 72650
167 72746
168 72866
169 72914
170 72970
171 72986
172 73046
173 73166
174 73214
175 73274
176 73286
177 73330
178 73394
179 73574
180 73586
181 73694
182 73754
183 73826
184 73886
185 73930
186 73946
187 73994
188 74006
189 74170
190 74234
191 74246
192 74486
193 74498
194 74894
195 74950
196 74966
197 74990
198 75014
199 75070
200 75134
201 75146
202 75266
203 75314
204 75326
205 75370
206 75386
207 75434
208 75494
209 75566
210 75590
211 75626
212 75730
213 75794
214 75914
215 75926
216 75974
217 75986
218 76030
219 76094
220 76106
221 76166
222 76226
223 76334
224 76394
225 76574
226 76634
227 76754
228 76870
229 77114
230 77150
231 77230
232 77354
233 77414
234 77426
235 77474
236 77530
237 77606
238 77666
239 77834
240 77846
241 77906
242 77954
243 78086
244 78125
245 93750
246 120050
247 137230
248 137366
249 137426
250 137474
251 137486
252 137726
253 137834
254 137894
255 137990
256 138070
257 138134
258 138146
259 138254
260 138326
261 138350
262 138494
263 138590
264 138626
265 138674
266 138730
267 138806
268 138854
269 138914
270 138926
271 138986
272 139030
273 139330
274 139394
275 139526
276 139630
277 139694
278 139754
279 139850
280 139994
281 140006
282 140150
283 140234
284 140246
285 140354
286 140366
287 140414
288 140474
289 140594
290 140654
291 140786
292 140830
293 140846
294 140950
295 141014
296 141070
297 141146
298 141254
299 141314
300 141326
301 141374
302 141430
303 141506
304 141566
305 141590
306 141650
307 141730
308 141914
309 141970
310 142046
311 142286
312 142334
313 142466
314 142514
315 142526
316 142574
317 142586
318 142634
319 142694
320 142706
321 142826
322 142850
323 142946
324 143006
325 143054
326 143126
327 143186
328 143230
329 143294
330 143426
331 143470
332 143774
333 143894
334 143950
335 143966
336 144070
337 144086
338 144146
339 144206
340 144250
341 144506
342 144554
343 144614
344 144674
345 144734
346 144986
347 145094
348 145154
349 145190
350 145226
351 145286
352 145346
353 145454
354 145466
355 145526
356 145570
357 145630
358 145646
359 145766
360 145814
361 145850
362 145930
363 145946
364 145994
365 146126
366 146390
367 146474
368 146486
369 146530
370 146654
371 146726
372 146774
373 146830
374 146906
375 146954
376 146966
377 146990
378 147130
379 147194
380 147370
381 147386
382 147566
383 147590
384 147650
385 147734
386 147794
387 147970
388 148034
389 148094
390 148154
391 148270
392 148286
393 148334
394 148394
395 148406
396 148514
397 148574
398 148586
399 148634
400 148646
401 148706
402 148754
403 148766
404 148790
405 148826
406 148870
407 149054
408 149174
409 149230
410 149246
411 149306
412 149390
413 149414
414 149426
415 149470
416 149594
417 149654
418 149774
419 149830
420 149846
421 149950
422 150026
423 150074
424 150130
425 150266
426 150386
427 150434
428 150446
429 150506
430 150554
431 150614
432 150674
433 150730
434 150806
435 151106
436 151154
437 151166
438 151406
439 151574
440 151586
441 151706
442 151750
443 152006
444 152170
445 152246
446 152294
447 152414
448 152426
449 152486
450 152606
451 152666
452 152770
453 152846
454 152990
455 153014
456 153070
457 153086
458 153194
459 153206
460 153250
461 153458
462 154034
463 154046
464 154094
465 154270
466 154334
467 154526
468 154634
469 154646
470 154694
471 154754
472 154766
473 154930
474 155114
475 155126
476 155174
477 155234
478 155294
479 155426
480 155486
481 155546
482 155594
483 155726
484 155786
485 155830
486 155950
487 155954
488 155966
489 156014
490 156070
491 156250
492 306250
493 342250
494 351506
495 351566
496 351590
497 351674
498 351686
499 351746
500 351794
501 351926
502 351986
503 352034
504 352046
505 352094
506 352106
507 352270
508 352454
509 352570
510 352634
511 352694
512 352706
513 352766
514 352790
515 352826
516 352850
517 352934
518 353006
519 353114
520 353170
521 353230
522 353354
523 353390
524 353426
525 353530
526 353594
527 353714
528 353750
529 355106
530 355270
531 355330
532 355646
533 355750
534 356170
535 356186
536 356234
537 356366
538 356414
539 356654
540 356770
541 356786
542 356834
543 356894
544 357026
545 357074
546 357134
547 357194
548 357206
549 357254
550 357386
551 357506
552 357590
553 357614
554 357626
555 357746
556 357794
557 357806
558 357866
559 357970
560 358030
561 358166
562 358214
563 358286
564 358334
565 358346
566 358406
567 358574
568 358630
569 358766
570 358790
571 358814
572 358850
573 358994
574 359054
575 359066
576 359126
577 359186
578 359230
579 359246
580 359474
581 359486
582 359654
583 359666
584 359770
585 359830
586 359846
587 359894
588 359906
589 359990
590 360014
591 360070
592 360086
593 360130
594 360146
595 360194
596 360350
597 360494
598 360614
599 360650
600 360730
601 360926
602 360970
603 361094
604 361334
605 361586
606 361694
607 361750
608 362006
609 362150
610 362246
611 362366
612 362426
613 362486
614 362546
615 362606
616 362774
617 362990
618 363026
619 363070
620 363130
621 363206
622 363250
623 363554
624 363626
625 363674
626 363730
627 363746
628 363806
629 363854
630 363914
631 364094
632 364214
633 364330
634 364466
635 364570
636 364850
637 364930
638 364946
639 365174
640 365186
641 365230
642 365306
643 365426
644 365546
645 365606
646 365714
647 365774
648 365786
649 365830
650 365906
651 365990
652 366070
653 366134
654 366370
655 366430
656 366494
657 366566
658 366614
659 366650
660 366746
661 366794
662 366970
663 367046
664 367154
665 367274
666 367394
667 367646
668 367754
669 367790
670 367814
671 367870
672 367886
673 367930
674 367946
675 368006
676 368114
677 368174
678 368234
679 368306
680 368470
681 368546
682 368666
683 368770
684 368834
685 368954
686 368990
687 369130
688 369254
689 369266
690 369374
691 369386
692 369430
693 369506
694 369554
695 369650
696 369730
697 369806
698 369914
699 369970
700 369986
701 370030
702 370154
703 370190
704 370274
705 370334
706 370466
707 370646
708 370850
709 370934
710 371054
711 371066
712 371114
713 371170
714 371186
715 371230
716 371354
717 371366
718 371390
719 371414
720 371474
721 371534
722 371594
723 371666
724 371786
725 371834
726 371846
727 371894
728 371990
729 372014
730 372026
731 372074
732 372206
733 372326
734 372374
735 372430
736 372490
737 374470
738 374546
739 374606
740 374774
741 374786
742 374830
743 374846
744 374950
745 374954
746 374978
747 375854
748 375926
749 375974
750 376034
751 376190
752 376214
753 376274
754 376286
755 376330
756 376394
757 376570
758 376630
759 376646
760 376814
761 376850
762 376930
763 377054
764 377066
765 377126
766 377170
767 377306
768 377354
769 377470
770 377534
771 377654
772 377666
773 377714
774 377726
775 377830
776 377906
777 377966
778 377990
779 378086
780 378130
781 378254
782 378374
783 378506
784 378614
785 378650
786 378926
787 378970
788 378986
789 379034
790 379046
791 379094
792 379166
793 379226
794 379394
795 379466
796 379514
797 379570
798 379630
799 379646
800 379706
801 379754
802 379826
803 379870
804 379930
805 379994
806 380054
807 380126
808 380150
809 380294
810 380414
811 380470
812 380486
813 380530
814 380714
815 380774
816 380830
817 381014
818 381074
819 381086
820 381130
821 381146
822 381266
823 381314
824 381506
825 381566
826 381614
827 381670
828 381686
829 381970
830 382094
831 382190
832 382274
833 382286
834 382346
835 382454
836 382706
837 382826
838 382870
839 382934
840 382946
841 382994
842 383066
843 383126
844 383170
845 383354
846 383414
847 383546
848 383606
849 383654
850 383666
851 383770
852 383906
853 383954
854 384014
855 384026
856 384086
857 384194
858 384206
859 384266
860 384350
861 384590
862 384614
863 384686
864 384746
865 384926
866 385094
867 385106
868 385166
869 385226
870 385274
871 385334
872 385394
873 385514
874 385570
875 385634
876 385694
877 385706
878 385750
879 386006
880 386114
881 386150
882 386294
883 386306
884 386366
885 386390
886 386486
887 386654
888 386714
889 386770
890 386786
891 386846
892 386894
893 386990
894 387026
895 387070
896 387130
897 387146
898 387194
899 387206
900 387326
901 387370
902 387446
903 387626
904 387650
905 387746
906 387914
907 387986
908 388030
909 388166
910 388226
911 388330
912 388394
913 388406
914 388526
915 388646
916 388706
917 388754
918 388826
919 388886
920 389054
921 389170
922 389230
923 389294
924 389306
925 389366
926 389414
927 389426
928 389530
929 389654
930 389726
931 389770
932 389834
933 389954
934 390086
935 390206
936 390254
937 390314
938 390386
939 390430
940 390506
941 390554
942 390625
943 468750
944 600250
945 686150
946 686306
947 686354
948 686390
949 686474
950 686486
951 686534
952 686606
953 686654
954 686666
955 686786
956 686830
957 686846
958 686990
959 687086
960 687130
961 687254
962 687370
963 687430
964 687626
965 687794
966 687866
967 687926
968 688034
969 688106
970 688166
971 688190
972 688334
973 688346
974 688514
975 688526
976 688586
977 688630
978 688694
979 688706
980 688790
981 689170
982 689306
983 689366
984 689470
985 689594
986 689714
987 689726
988 689774
989 689786
990 689834
991 689950
992 690134
993 690266
994 690350
995 690614
996 690670
997 690730
998 690926
999 690974
1000 691034
1001 691094
1002 691154
1003 691190
1004 691214
1005 691270
1006 691346
1007 691454
1008 691466
1009 691514
1010 691630
1011 691646
1012 691706
1013 691750
1014 692234
1015 692294
1016 692390
1017 692414
1018 692470
1019 692606
1020 692786
1021 692834
1022 692894
1023 692906
1024 693086
1025 693130
1026 693254
1027 693370
1028 693650
1029 693734
1030 693746
1031 693806
1032 693926
1033 694030
1034 694270
1035 694334
1036 694346
1037 694394
1038 694454
1039 694466
1040 694514
1041 694570
1042 694630
1043 694874
1044 694886
1045 694930
1046 695066
1047 695126
1048 695150
1049 695414
1050 695546
1051 695774
1052 695966
1053 696086
1054 696194
1055 696326
1056 696434
1057 696494
1058 696506
1059 696614
1060 696650
1061 696734
1062 696866
1063 696914
1064 696926
1065 696970
1066 697094
1067 697106
1068 697166
1069 697274
1070 697286
1071 697514
1072 697526
1073 697630
1074 697766
1075 697790
1076 697874
1077 698150
1078 698354
1079 698366
1080 698414
1081 698470
1082 698606
1083 698714
1084 698770
1085 698846
1086 698954
1087 698966
1088 698990
1089 699014
1090 699134
1091 699206
1092 699250
1093 699506
1094 699590
1095 699626
1096 699674
1097 699806
1098 699854
1099 699866
1100 699926
1101 699970
1102 700030
1103 700190
1104 700274
1105 700514
1106 700586
1107 700694
1108 700750
1109 701006
1110 701126
1111 701170
1112 701186
1113 701230
1114 701354
1115 701390
1116 701474
1117 701534
1118 701606
1119 701770
1120 701830
1121 701894
1122 701966
1123 701990
1124 702070
1125 702194
1126 702266
1127 702314
1128 702370
1129 702434
1130 702446
1131 702686
1132 702794
1133 702854
1134 702914
1135 702970
1136 703034
1137 703270
1138 703286
1139 703334
1140 703454
1141 703466
1142 703526
1143 703694
1144 703790
1145 703826
1146 703930
1147 704114
1148 704150
1149 704230
1150 704246
1151 704390
1152 704474
1153 704546
1154 704654
1155 704666
1156 704714
1157 704846
1158 704966
1159 705070
1160 705086
1161 705266
1162 705350
1163 705506
1164 705674
1165 705730
1166 706094
1167 706106
1168 706190
1169 706270
1170 706346
1171 706406
1172 706526
1173 706570
1174 706630
1175 706870
1176 706886
1177 706946
1178 707054
1179 707114
1180 707150
1181 707306
1182 707474
1183 707530
1184 707594
1185 707666
1186 707830
1187 707950
1188 708074
1189 708086
1190 708146
1191 708194
1192 708250
1193 708506
1194 708614
1195 708650
1196 708746
1197 708926
1198 709106
1199 709190
1200 709286
1201 709334
1202 709406
1203 709454
1204 709526
1205 709570
1206 709694
1207 709754
1208 709766
1209 709850
1210 709946
1211 710054
1212 710114
1213 710126
1214 710174
1215 710186
1216 710230
1217 710594
1218 710726
1219 710834
1220 710966
1221 711026
1222 711146
1223 711266
1224 711430
1225 711446
1226 711506
1227 711554
1228 711670
1229 711734
1230 711866
1231 712046
1232 712154
1233 712226
1234 712274
1235 712286
1236 712330
1237 712346
1238 712394
1239 712526
1240 712570
1241 712630
1242 712870
1243 712886
1244 712930
1245 713066
1246 713126
1247 713170
1248 713294
1249 713390
1250 713470
1251 713530
1252 713606
1253 713774
1254 713786
1255 713894
1256 713954
1257 713990
1258 714130
1259 714146
1260 714250
1261 714566
1262 714730
1263 715030
1264 715166
1265 715226
1266 715270
1267 715334
1268 715406
1269 715454
1270 715466
1271 715574
1272 715586
1273 715630
1274 715646
1275 715766
1276 715930
1277 715994
1278 716150
1279 716306
1280 716426
1281 716470
1282 716486
1283 716546
1284 716594
1285 716654
1286 716834
1287 716894
1288 716990
1289 717130
1290 717146
1291 717194
1292 717350
1293 717446
1294 717494
1295 717566
1296 717734
1297 717806
1298 717974
1299 717986
1300 718034
1301 718274
1302 718286
1303 718526
1304 718646
1305 718706
1306 718754
1307 718790
1308 718814
1309 718870
1310 719126
1311 719174
1312 719426
1313 719470
1314 719534
1315 719830
1316 719990
1317 720014
1318 720074
1319 720326
1320 720350
1321 720430
1322 720446
1323 720554
1324 720730
1325 721030
1326 721250
1327 722530
1328 722654
1329 722714
1330 722726
1331 722770
1332 722894
1333 723014
1334 723070
1335 723326
1336 723370
1337 723446
1338 723494
1339 723614
1340 723670
1341 723686
1342 723746
1343 723806
1344 723986
1345 724106
1346 724214
1347 724274
1348 724286
1349 724406
1350 724466
1351 724586
1352 724694
1353 724706
1354 724754
1355 724814
1356 724886
1357 724930
1358 724946
1359 725414
1360 725470
1361 725486
1362 725726
1363 725770
1364 725906
1365 725954
1366 725966
1367 726074
1368 726086
1369 726130
1370 726314
1371 726430
1372 726554
1373 726626
1374 726686
1375 726730
1376 726746
1377 726794
1378 726806
1379 726926
1380 727046
1381 727154
1382 727190
1383 727270
1384 727330
1385 727514
1386 727630
1387 727850
1388 727934
1389 728054
1390 728150
1391 728230
1392 728366
1393 728426
1394 728534
1395 728606
1396 728666
1397 728786
1398 728830
1399 728846
1400 729026
1401 729070
1402 729086
1403 729250
1404 729506
1405 729590
1406 729650
1407 729730
1408 729746
1409 729970
1410 729986
1411 730034
1412 730190
1413 730214
1414 730274
1415 730346
1416 730514
1417 730586
1418 730630
1419 730754
1420 730790
1421 730826
1422 730934
1423 730946
1424 731054
1425 731114
1426 731174
1427 731366
1428 731546
1429 731594
1430 731950
1431 731966
1432 732026
1433 732194
1434 732206
1435 732254
1436 732266
1437 732370
1438 732386
1439 732430
1440 732554
1441 732590
1442 732614
1443 732626
1444 732650
1445 732794
1446 732866
1447 732926
1448 733034
1449 733094
1450 733214
1451 733270
1452 733394
1453 733406
1454 733454
1455 733466
1456 733574
1457 733630
1458 733706
1459 733790
1460 733814
1461 733870
1462 733934
1463 733946
1464 733994
1465 734054
1466 734066
1467 734150
1468 734246
1469 734414
1470 734486
1471 734530
1472 734546
1473 734714
1474 734770
1475 734830
1476 734906
1477 735146
1478 735206
1479 735326
1480 735374
1481 735650
1482 735734
1483 735914
1484 735970
1485 736094
1486 736154
1487 736166
1488 736394
1489 736454
1490 736466
1491 736574
1492 736586
1493 736646
1494 736790
1495 736850
1496 736898
1497 738134
1498 738194
1499 738250
1500 738506
1501 738566
1502 738590
1503 738670
1504 738970
1505 739106
1506 739274
1507 739346
1508 739406
1509 739586
1510 739754
1511 739826
1512 739850
1513 739994
1514 740006
1515 740066
1516 740114
1517 740170
1518 740294
1519 740414
1520 740426
1521 740470
1522 740770
1523 740846
1524 740954
1525 740966
1526 740990
1527 741194
1528 741206
1529 741350
1530 741430
1531 741446
1532 741590
1533 741626
1534 741670
1535 741746
1536 741794
1537 741970
1538 742030
1539 742166
1540 742190
1541 742286
1542 742454
1543 742466
1544 742514
1545 742570
1546 742586
1547 781250
