1 12
2 15
3 24
4 36
5 48
6 112
7 115
8 122
9 144
10 155
11 212
12 224
13 244
14 288
15 336
16 366
17 424
18 448
19 488
20 515
21 636
22 848
23 1112
24 1113
25 1115
26 1116
27 1122
28 1131
29 1144
30 1155
31 1212
32 1222
33 1311
34 1444
35 1515
36 1555
37 1771
38 1888
39 2112
40 2122
41 2212
42 2224
43 2226
44 2232
45 2244
46 2262
47 2288
48 2322
49 2424
50 2444
51 2622
52 2772
53 2888
54 3111
55 3222
56 3336
57 3339
58 3366
59 3393
60 3444
61 3555
62 3636
63 3666
64 3888
65 3933
66 4144
67 4224
68 4244
69 4344
70 4424
71 4448
72 4464
73 4488
74 4644
75 4848
76 4888
77 5115
78 5155
79 5355
80 5515
81 5535
82 5775
83 6222
84 6336
85 6366
86 6444
87 6636
88 6696
89 6888
90 6966
91 8288
92 8448
93 8488
94 8688
95 8848
96 9333
97 9666
98 11112
99 11115
100 11122
101 11133
102 11144
103 11155
104 11166
105 11212
106 11222
107 11313
108 11331
109 11444
110 11515
111 11555
112 11616
113 11711
114 11888
115 12112
116 12122
117 12212
118 12222
119 13113
120 13131
121 13311
122 14144
123 14444
124 15115
125 15155
126 15515
127 15555
128 16116
129 17171
130 17717
131 18888
132 21112
133 21122
134 21212
135 21222
136 22112
137 22122
138 22212
139 22224
140 22244
141 22266
142 22288
143 22332
144 22424
145 22444
146 22626
147 22662
148 22722
149 22888
150 23232
151 23322
152 24224
153 24244
154 24424
155 24444
156 26226
157 26262
158 26622
159 27272
160 28288
161 28888
162 31113
163 31131
164 31311
165 32232
166 32322
167 33111
168 33222
169 33336
170 33366
171 33399
172 33444
173 33555
174 33636
175 33666
176 33888
177 33939
178 33993
179 34344
180 35355
181 35535
182 36336
183 36366
184 36636
185 36666
186 37737
187 39339
188 39393
189 39933
190 41144
191 41444
192 42224
193 42244
194 42424
195 42444
196 43344
197 44144
198 44224
199 44244
200 44424
201 44448
202 44488
203 44664
204 44744
205 44848
206 44888
207 46464
208 46644
209 48448
210 48488
211 48848
212 48888
213 51115
214 51155
215 51515
216 51555
217 53355
218 53535
219 55115
220 55155
221 55335
222 55515
223 55755
224 57575
225 61116
226 62226
227 62262
228 62622
229 63336
230 63366
231 63636
232 63666
233 64464
234 64644
235 66222
236 66336
237 66366
238 66444
239 66636
240 66888
241 66996
242 68688
243 69696
244 69966
245 71771
246 72772
247 73773
248 75775
249 76776
250 81888
251 82288
252 82888
253 84448
254 84488
255 84848
256 84888
257 86688
258 88288
259 88448
260 88488
261 88848
262 93339
263 93393
264 93933
265 96696
266 96966
267 99333
268 99666
269 111112
270 111115
271 111122
272 111144
273 111155
274 111212
275 111222
276 111333
277 111444
278 111515
279 111555
280 111666
281 111888
282 112112
283 112122
284 112212
285 112222
286 113133
287 113313
288 113331
289 114144
290 114444
291 115115
292 115155
293 115515
294 115555
295 116166
296 116616
297 117117
298 118888
299 121112
300 121122
301 121212
302 121222
303 122112
304 122122
305 122212
306 122222
307 131133
308 131313
309 131331
310 133113
311 133131
312 133311
313 141144
314 141444
315 144144
316 144444
317 151115
318 151155
319 151515
320 151555
321 155115
322 155155
323 155515
324 155555
325 161166
326 161616
327 166116
328 171171
329 171717
330 177177
331 181888
332 188888
333 211112
334 211122
335 211212
336 211222
337 212112
338 212122
339 212212
340 212222
341 221112
342 221122
343 221212
344 221222
345 222112
346 222122
347 222212
348 222224
349 222244
350 222288
351 222424
352 222444
353 222666
354 222888
355 223332
356 224224
357 224244
358 224424
359 224444
360 226266
361 226626
362 226662
363 228288
364 228888
365 232332
366 233232
367 233322
368 242224
369 242244
370 242424
371 242444
372 244224
373 244244
374 244424
375 244444
376 262266
377 262626
378 262662
379 266226
380 266262
381 266622
382 272272
383 282288
384 282888
385 288288
386 288888
387 311133
388 311313
389 311331
390 313113
391 313131
392 313311
393 322332
394 323232
395 323322
396 331113
397 331131
398 331311
399 332232
400 332322
401 333111
402 333222
403 333336
404 333366
405 333444
406 333555
407 333636
408 333666
409 333888
410 333999
411 334344
412 335355
413 335535
414 336336
415 336366
416 336636
417 336666
418 339399
419 339939
420 339993
421 343344
422 353355
423 353535
424 355335
425 363336
426 363366
427 363636
428 363666
429 366336
430 366366
431 366636
432 366666
433 373737
434 393399
435 393939
436 393993
437 399339
438 399393
439 399933
440 411144
441 411444
442 414144
443 414444
444 422224
445 422244
446 422424
447 422444
448 424224
449 424244
450 424424
451 424444
452 433344
453 441144
454 441444
455 442224
456 442244
457 442424
458 442444
459 444144
460 444224
461 444244
462 444424
463 444448
464 444488
465 444848
466 444888
467 446664
468 448448
469 448488
470 448848
471 448888
472 464664
473 466464
474 466644
475 484448
476 484488
477 484848
478 484888
479 488448
480 488488
481 488848
482 488888
483 511115
484 511155
485 511515
486 511555
487 515115
488 515155
489 515515
490 515555
491 533355
492 533535
493 535335
494 551115
495 551155
496 551515
497 551555
498 553335
499 555115
500 555155
501 555515
502 575575
503 611166
504 611616
505 616116
506 622266
507 622626
508 622662
509 626226
510 626262
511 626622
512 633336
513 633366
514 633636
515 633666
516 636336
517 636366
518 636636
519 636666
520 644664
521 646464
522 646644
523 661116
524 662226
525 662262
526 662622
527 663336
528 663366
529 663636
530 663666
531 664464
532 664644
533 666222
534 666336
535 666366
536 666444
537 666636
538 666888
539 668688
540 669996
541 686688
542 696996
543 699696
544 699966
545 711711
546 717171
547 717717
548 722722
549 727272
550 737373
551 744744
552 755755
553 757575
554 767676
555 771771
556 772772
557 775775
558 811888
559 818888
560 822288
561 822888
562 828288
563 828888
564 844448
565 844488
566 844848
567 844888
568 848448
569 848488
570 848848
571 848888
572 866688
573 881888
574 882288
575 882888
576 884448
577 884488
578 884848
579 884888
580 888288
581 888448
582 888488
583 888848
584 933399
585 933939
586 933993
587 939339
588 939393
589 939933
590 966996
591 969696
592 969966
593 993339
594 993393
595 993933
596 996696
597 996966
598 999333
599 999666
600 1111112
601 1111113
602 1111115
603 1111116
604 1111117
605 1111122
606 1111131
607 1111144
608 1111155
609 1111212
610 1111222
611 1111311
612 1111444
613 1111515
614 1111555
615 1111888
616 1112112
617 1112122
618 1112212
619 1112222
620 1113111
621 1113333
622 1114144
623 1114444
624 1115115
625 1115155
626 1115515
627 1115555
628 1116666
629 1117711
630 1118888
631 1121112
632 1121122
633 1121212
634 1121222
635 1122112
636 1122122
637 1122212
638 1122222
639 1131111
640 1131333
641 1133133
642 1133313
643 1133331
644 1141144
645 1141444
646 1144144
647 1144444
648 1151115
649 1151155
650 1151515
651 1151555
652 1155115
653 1155155
654 1155515
655 1155555
656 1161666
657 1166166
658 1166616
659 1171177
660 1177771
661 1181888
662 1188888
663 1211112
664 1211122
665 1211212
666 1211222
667 1212112
668 1212122
669 1212212
670 1212222
671 1221112
672 1221122
673 1221212
674 1221222
675 1222112
676 1222122
677 1222212
678 1222222
679 1311111
680 1311333
681 1313133
682 1313313
683 1313331
684 1331133
685 1331313
686 1331331
687 1333113
688 1333131
689 1333311
690 1411144
691 1411444
692 1414144
693 1414444
694 1441144
695 1441444
696 1444144
697 1444444
698 1511115
699 1511155
700 1511515
701 1511555
702 1515115
703 1515155
704 1515515
705 1515555
706 1551115
707 1551155
708 1551515
709 1551555
710 1555115
711 1555155
712 1555515
713 1555555
714 1611666
715 1616166
716 1616616
717 1661166
718 1661616
719 1666116
720 1711171
721 1711717
722 1717177
723 1771777
724 1777111
725 1811888
726 1818888
727 1881888
728 1888888
729 2111112
730 2111122
731 2111212
732 2111222
733 2112112
734 2112122
735 2112212
736 2112222
737 2121112
738 2121122
739 2121212
740 2121222
741 2122112
742 2122122
743 2122212
744 2122222
745 2211112
746 2211122
747 2211212
748 2211222
749 2212112
750 2212122
751 2212212
752 2212222
753 2221112
754 2221122
755 2221212
756 2221222
757 2222112
758 2222122
759 2222212
760 2222224
761 2222226
762 2222232
763 2222244
764 2222262
765 2222288
766 2222322
767 2222424
768 2222444
769 2222622
770 2222888
771 2223222
772 2224224
773 2224244
774 2224424
775 2224444
776 2226222
777 2226666
778 2227722
779 2228288
780 2228888
781 2232222
782 2233332
783 2242224
784 2242244
785 2242424
786 2242444
787 2244224
788 2244244
789 2244424
790 2244444
791 2262222
792 2262666
793 2266266
794 2266626
795 2266662
796 2277772
797 2282288
798 2282888
799 2288288
800 2288888
801 2322222
802 2323332
803 2332332
804 2333232
805 2333322
806 2422224
807 2422244
808 2422424
809 2422444
810 2424224
811 2424244
812 2424424
813 2424444
814 2442224
815 2442244
816 2442424
817 2442444
818 2444224
819 2444244
820 2444424
821 2444444
822 2622222
823 2622666
824 2626266
825 2626626
826 2626662
827 2662266
828 2662626
829 2662662
830 2666226
831 2666262
832 2666622
833 2722272
834 2777222
835 2822288
836 2822888
837 2828288
838 2828888
839 2882288
840 2882888
841 2888288
842 2888888
843 3111111
844 3111333
845 3113133
846 3113313
847 3113331
848 3131133
849 3131313
850 3131331
851 3133113
852 3133131
853 3133311
854 3222222
855 3223332
856 3232332
857 3233232
858 3233322
859 3311133
860 3311313
861 3311331
862 3313113
863 3313131
864 3313311
865 3322332
866 3323232
867 3323322
868 3331113
869 3331131
870 3331311
871 3332232
872 3332322
873 3333111
874 3333222
875 3333336
876 3333339
877 3333366
878 3333393
879 3333444
880 3333555
881 3333636
882 3333666
883 3333888
884 3333933
885 3334344
886 3335355
887 3335535
888 3336336
889 3336366
890 3336636
891 3336666
892 3339333
893 3339999
894 3343344
895 3353355
896 3353535
897 3355335
898 3363336
899 3363366
900 3363636
901 3363666
902 3366336
903 3366366
904 3366636
905 3366666
906 3373377
907 3393333
908 3393999
909 3399399
910 3399939
911 3399993
912 3433344
913 3444444
914 3533355
915 3533535
916 3535335
917 3553335
918 3555555
919 3633336
920 3633366
921 3633636
922 3633666
923 3636336
924 3636366
925 3636636
926 3636666
927 3663336
928 3663366
929 3663636
930 3663666
931 3666336
932 3666366
933 3666636
934 3666666
935 3733737
936 3777333
937 3888888
938 3933333
939 3933999
940 3939399
941 3939939
942 3939993
943 3993399
944 3993939
945 3993993
946 3999339
947 3999393
948 3999933
949 4111144
950 4111444
951 4114144
952 4114444
953 4141144
954 4141444
955 4144144
956 4144444
957 4222224
958 4222244
959 4222424
960 4222444
961 4224224
962 4224244
963 4224424
964 4224444
965 4242224
966 4242244
967 4242424
968 4242444
969 4244224
970 4244244
971 4244424
972 4244444
973 4333344
974 4344444
975 4411144
976 4411444
977 4414144
978 4414444
979 4422224
980 4422244
981 4422424
982 4422444
983 4424224
984 4424244
985 4424424
986 4424444
987 4434444
988 4441144
989 4441444
990 4442224
991 4442244
992 4442424
993 4442444
994 4443444
995 4444144
996 4444224
997 4444244
998 4444344
999 4444424
1000 4444448
1001 4444464
1002 4444488
1003 4444644
1004 4444848
1005 4444888
1006 4446444
1007 4447744
1008 4448448
1009 4448488
1010 4448848
1011 4448888
1012 4464444
1013 4466664
1014 4484448
1015 4484488
1016 4484848
1017 4484888
1018 4488448
1019 4488488
1020 4488848
1021 4488888
1022 4644444
1023 4646664
1024 4664664
1025 4666464
1026 4666644
1027 4777444
1028 4844448
1029 4844488
1030 4844848
1031 4844888
1032 4848448
1033 4848488
1034 4848848
1035 4848888
1036 4884448
1037 4884488
1038 4884848
1039 4884888
1040 4888448
1041 4888488
1042 4888848
1043 4888888
1044 5111115
1045 5111155
1046 5111515
1047 5111555
1048 5115115
1049 5115155
1050 5115515
1051 5115555
1052 5151115
1053 5151155
1054 5151515
1055 5151555
1056 5155115
1057 5155155
1058 5155515
1059 5155555
1060 5333355
1061 5333535
1062 5335335
1063 5353335
1064 5355555
1065 5511115
1066 5511155
1067 5511515
1068 5511555
1069 5515115
1070 5515155
1071 5515515
1072 5515555
1073 5533335
1074 5535555
1075 5551115
1076 5551155
1077 5551515
1078 5551555
1079 5553555
1080 5555115
1081 5555155
1082 5555355
1083 5555515
1084 5555535
1085 5557755
1086 5577775
1087 5755575
1088 5777555
1089 6111666
1090 6116166
1091 6116616
1092 6161166
1093 6161616
1094 6166116
1095 6222222
1096 6222666
1097 6226266
1098 6226626
1099 6226662
1100 6262266
1101 6262626
1102 6262662
1103 6266226
1104 6266262
1105 6266622
1106 6333336
1107 6333366
1108 6333636
1109 6333666
1110 6336336
1111 6336366
1112 6336636
1113 6336666
1114 6363336
1115 6363366
1116 6363636
1117 6363666
1118 6366336
1119 6366366
1120 6366636
1121 6366666
1122 6444444
1123 6446664
1124 6464664
1125 6466464
1126 6466644
1127 6611166
1128 6611616
1129 6616116
1130 6622266
1131 6622626
1132 6622662
1133 6626226
1134 6626262
1135 6626622
1136 6633336
1137 6633366
1138 6633636
1139 6633666
1140 6636336
1141 6636366
1142 6636636
1143 6636666
1144 6644664
1145 6646464
1146 6646644
1147 6661116
1148 6662226
1149 6662262
1150 6662622
1151 6663336
1152 6663366
1153 6663636
1154 6663666
1155 6664464
1156 6664644
1157 6666222
1158 6666336
1159 6666366
1160 6666444
1161 6666636
1162 6666696
1163 6666888
1164 6666966
1165 6668688
1166 6669666
1167 6686688
1168 6696666
1169 6699996
1170 6777666
1171 6866688
1172 6888888
1173 6966666
1174 6969996
1175 6996996
1176 6999696
1177 6999966
1178 7111111
1179 7117117
1180 7171171
1181 7171717
1182 7177177
1183 7222222
1184 7272272
1185 7337337
1186 7373373
1187 7444444
1188 7555555
1189 7575575
1190 7676676
1191 7711711
1192 7717171
1193 7717717
1194 7722722
1195 7727272
1196 7733733
1197 7744744
1198 7755755
1199 7757575
1200 7766766
1201 7771771
1202 7772772
1203 7775775
1204 7888888
1205 8111888
1206 8118888
1207 8181888
1208 8188888
1209 8222288
1210 8222888
1211 8228288
1212 8228888
1213 8282288
1214 8282888
1215 8288288
1216 8288888
1217 8388888
1218 8444448
1219 8444488
1220 8444848
1221 8444888
1222 8448448
1223 8448488
1224 8448848
1225 8448888
1226 8484448
1227 8484488
1228 8484848
1229 8484888
1230 8488448
1231 8488488
1232 8488848
1233 8488888
1234 8666688
1235 8688888
1236 8777888
1237 8811888
1238 8818888
1239 8822288
1240 8822888
1241 8828288
1242 8828888
1243 8838888
1244 8844448
1245 8844488
1246 8844848
1247 8844888
1248 8848448
1249 8848488
1250 8848848
1251 8848888
1252 8868888
1253 8881888
1254 8882288
1255 8882888
1256 8883888
1257 8884448
1258 8884488
1259 8884848
1260 8884888
1261 8886888
1262 8888288
1263 8888448
1264 8888488
1265 8888688
1266 8888848
1267 9333333
1268 9333999
1269 9339399
1270 9339939
1271 9339993
1272 9393399
1273 9393939
1274 9393993
1275 9399339
1276 9399393
1277 9399933
1278 9666666
1279 9669996
1280 9696996
1281 9699696
1282 9699966
1283 9933399
1284 9933939
1285 9933993
1286 9939339
1287 9939393
1288 9939933
1289 9966996
1290 9969696
1291 9969966
1292 9993339
1293 9993393
1294 9993933
1295 9996696
1296 9996966
1297 9999333
1298 9999666
