1 9
2 561
3 121
4 341
5 781
6 217
7 25
8 9
9 91
10 9
11 133
12 91
13 85
14 15
15 1687
16 15
17 9
18 25
19 9
20 21
21 221
22 21
23 169
24 25
25 217
26 9
27 121
28 9
29 15
30 49
31 15
32 25
33 545
34 33
35 9
36 35
37 9
38 39
39 133
40 39
41 21
42 451
43 21
44 9
45 481
46 9
47 65
48 49
49 25
50 49
51 25
52 51
53 9
54 55
55 9
56 55
57 25
58 57
59 15
60 481
61 15
62 9
63 529
64 9
65 33
66 65
67 33
68 25
69 35
70 69
71 9
72 85
73 9
74 15
75 91
76 15
77 39
78 77
79 39
80 9
81 91
82 9
83 21
84 85
85 21
86 85
87 247
88 87
89 9
90 91
91 9
92 91
93 25
94 93
95 1891
96 95
97 49
98 9
99 25
100 9
101 25
102 133
103 51
104 15
105 451
106 15
107 9
108 91
109 9
110 111
111 55
112 65
113 57
114 115
115 57
116 9
117 49
118 9
119 15
120 91
121 15
122 65
123 85
124 25
125 9
126 25
127 9
128 49
129 49
130 121
131 33
132 25
133 33
134 9
135 301
136 9
137 69
138 65
139 35
140 141
141 35
142 141
143 9
144 65
145 9
146 21
147 169
148 21
149 15
150 169
151 15
152 9
153 77
154 9
155 39
156 155
157 25
158 159
159 247
160 91
161 9
162 145
163 9
164 15
165 49
166 15
167 21
168 25
169 21
170 9
171 85
172 9
173 87
174 25
175 87
176 25
177 49
178 49
179 9
180 451
181 9
182 25
183 85
184 183
185 93
186 85
187 65
188 9
189 95
190 9
191 91
192 91
193 25
194 15
195 49
196 15
197 9
198 91
199 9
200 201
201 25
202 105
203 51
204 91
205 51
206 9
207 25
208 9
209 15
210 209
211 15
212 213
213 65
214 49
215 9
216 215
217 9
218 25
219 55
220 91
221 55
222 221
223 105
224 9
225 341
226 9
227 49
228 185
229 57
230 21
231 115
232 21
233 9
234 235
235 9
236 133
237 119
238 237
239 15
240 1729
241 15
242 9
243 25
244 9
245 121
246 35
247 123
248 247
249 25
250 249
251 9
252 65
253 9
254 15
255 133
256 15
257 25
258 169
259 65
260 9
261 65
262 9
263 33
264 49
265 33
266 265
267 133
268 25
269 9
270 481
271 9
272 21
273 145
274 21
275 49
276 25
277 69
278 9
279 35
280 9
281 35
282 25
283 91
284 15
285 91
286 15
287 9
288 265
289 9
290 91
291 145
292 291
293 21
294 295
295 21
296 9
297 133
298 9
299 15
300 299
301 15
302 85
303 247
304 303
305 9
306 305
307 9
308 309
309 77
310 309
311 39
312 49
313 39
314 9
315 169
316 9
317 65
318 25
319 159
320 319
321 161
322 247
323 9
324 25
325 9
326 25
327 85
328 105
329 15
330 133
331 15
332 9
333 65
334 9
335 21
336 121
337 21
338 339
339 65
340 339
341 9
342 49
343 9
344 15
345 301
346 15
347 87
348 91
349 25
350 9
351 25
352 9
353 85
354 91
355 91
356 21
357 25
358 21
359 9
360 121
361 9
362 33
363 91
364 33
365 91
366 121
367 183
368 9
369 133
370 9
371 93
372 65
373 49
374 15
375 187
376 15
377 9
378 85
379 9
380 91
381 91
382 25
383 697
384 35
385 1891
386 9
387 85
388 9
389 15
390 121
391 15
392 345
393 25
394 393
395 9
396 259
397 9
398 21
399 25
400 21
401 25
402 91
403 121
404 9
405 203
406 9
407 25
408 65
409 51
410 49
411 49
412 85
413 9
414 413
415 9
416 415
417 91
418 25
419 15
420 289
421 15
422 9
423 49
424 9
425 213
426 25
427 169
428 33
429 133
430 33
431 9
432 25
433 9
434 15
435 217
436 15
437 65
438 85
439 55
440 9
441 55
442 9
443 25
444 121
445 91
446 91
447 65
448 447
449 9
450 451
451 9
452 145
453 703
454 35
455 57
456 35
457 25
458 9
459 49
460 9
461 21
462 949
463 21
464 15
465 91
466 15
467 9
468 25
469 9
470 217
471 49
472 49
473 65
474 25
475 119
476 9
477 91
478 9
479 15
480 341
481 15
482 21
483 121
484 21
485 9
486 485
487 9
488 169
489 35
490 403
491 35
492 341
493 25
494 9
495 217
496 9
497 85
498 341
499 25
500 341
501 25
502 65
503 9
504 341
505 9
506 39
507 25
508 39
509 15
510 301
511 15
512 9
513 289
514 9
515 129
516 385
517 91
518 25
519 65
520 49
521 9
522 301
523 9
524 15
525 341
526 15
527 33
528 65
529 33
530 9
531 133
532 9
533 105
534 65
535 267
536 91
537 91
538 49
539 9
540 49
541 9
542 205
543 25
544 133
545 21
546 545
547 21
548 9
549 25
550 9
551 25
552 551
553 69
554 15
555 91
556 15
557 9
558 49
559 9
560 33
561 35
562 33
563 91
564 565
565 121
566 9
567 65
568 9
569 15
570 49
571 15
572 573
573 143
574 25
575 9
576 25
577 9
578 121
579 85
580 273
581 145
582 25
583 205
584 9
585 341
586 9
587 21
588 589
589 21
590 133
591 185
592 145
593 9
594 35
595 9
596 35
597 145
598 185
599 15
600 481
601 15
602 9
603 65
604 9
605 303
606 49
607 25
608 21
609 305
610 21
611 9
612 341
613 9
614 15
615 77
616 15
617 77
618 25
619 49
620 9
621 91
622 9
623 39
624 25
625 39
626 25
627 91
628 33
629 9
630 629
631 9
632 25
633 85
634 133
635 133
636 49
637 159
638 9
639 145
640 9
641 321
642 65
643 25
644 15
645 121
646 15
647 9
648 385
649 9
650 21
651 25
652 21
653 91
654 91
655 49
656 9
657 25
658 9
659 15
660 361
661 15
662 39
663 565
664 35
665 9
666 35
667 9
668 25
669 335
670 427
671 21
672 185
673 21
674 9
675 91
676 9
677 133
678 341
679 85
680 671
681 85
682 25
683 9
684 221
685 9
686 121
687 49
688 205
689 15
690 91
691 15
692 9
693 25
694 9
695 87
696 85
697 65
698 169
699 25
700 699
701 9
702 703
703 9
704 15
705 49
706 15
707 25
708 145
709 177
710 9
711 91
712 9
713 21
714 55
715 21
716 49
717 49
718 25
719 9
720 721
721 9
722 105
723 65
724 25
725 33
726 25
727 33
728 9
729 65
730 9
731 183
732 25
733 65
734 15
735 121
736 15
737 9
738 91
739 9
740 39
741 185
742 39
743 25
744 91
745 91
746 9
747 187
748 9
749 15
750 91
751 15
752 85
753 49
754 49
755 9
756 169
757 9
758 33
759 95
760 33
761 95
762 65
763 381
764 9
765 49
766 9
767 133
768 25
769 35
770 703
771 35
772 65
773 9
774 25
775 9
776 21
777 1261
778 21
779 15
780 427
781 15
782 9
783 49
784 9
785 49
786 133
787 133
788 65
789 395
790 91
791 9
792 289
793 9
794 15
795 451
796 15
797 21
798 65
799 21
800 9
801 25
802 9
803 49
804 35
805 201
806 35
807 25
808 185
809 9
810 91
811 9
812 85
813 203
814 49
815 49
816 247
817 51
818 9
819 205
820 9
821 205
822 169
823 169
824 15
825 133
826 15
827 9
828 91
829 9
830 451
831 65
832 25
833 341
834 49
835 91
836 9
837 65
838 9
839 15
840 703
841 15
842 217
843 25
844 65
845 9
846 65
847 9
848 77
849 25
850 121
851 25
852 49
853 65
854 9
855 427
856 9
857 25
858 145
859 33
860 21
861 215
862 21
863 9
864 49
865 9
866 51
867 133
868 25
869 15
870 341
871 15
872 9
873 133
874 9
875 219
876 25
877 219
878 259
879 55
880 879
881 9
882 25
883 9
884 15
885 221
886 15
887 111
888 85
889 111
890 9
891 445
892 9
893 25
894 91
895 447
896 39
897 85
898 39
899 9
900 49
901 9
902 21
903 341
904 21
905 221
906 781
907 25
908 9
909 35
910 9
911 35
912 49
913 49
914 15
915 169
916 15
917 9
918 25
919 9
920 91
921 115
922 85
923 21
924 25
925 21
926 9
927 91
928 9
929 15
930 49
931 15
932 25
933 1387
934 55
935 9
936 55
937 9
938 341
939 91
940 511
941 121
942 133
943 25
944 9
945 341
946 9
947 237
948 85
949 25
950 49
951 25
952 205
953 9
954 481
955 9
956 33
957 25
958 33
959 15
960 959
961 15
962 9
963 91
964 9
965 21
966 965
967 21
968 25
969 121
970 51
971 9
972 91
973 9
974 15
975 469
976 15
977 121
978 703
979 35
980 9
981 35
982 9
983 65
984 91
985 91
986 21
987 221
988 21
989 9
990 427
991 9
992 91
993 25
994 341
995 121
996 817
997 249
998 9
999 25
1000 9
1001 25
1002 77
1003 145
1004 15
1005 679
1006 15
1007 9
1008 121
1009 9
1010 49
1011 49
1012 1011
1013 39
1014 35
1015 39
1016 9
1017 91
1018 9
1019 15
1020 703
1021 15
1022 33
1023 91
1024 25
1025 9
1026 25
1027 9
1028 21
1029 361
1030 21
1031 129
1032 25
1033 85
1034 9
1035 259
1036 9
1037 105
1038 301
1039 65
1040 671
1041 65
1042 105
1043 9
1044 55
1045 9
1046 55
1047 49
1048 49
1049 15
1050 793
1051 15
1052 9
1053 133
1054 9
1055 33
1056 247
1057 25
1058 65
1059 49
1060 49
1061 9
1062 121
1063 9
1064 15
1065 133
1066 15
1067 85
1068 25
1069 267
1070 9
1071 535
1072 9
1073 469
1074 25
1075 91
1076 25
1077 49
1078 961
1079 9
1080 91
1081 9
1082 25
1083 91
1084 35
1085 543
1086 35
1087 65
1088 9
1089 85
1090 9
1091 21
1092 85
1093 21
1094 15
1095 133
1096 15
1097 9
1098 121
1099 9
1100 273
1101 25
1102 91
1103 69
1104 65
1105 69
1106 9
1107 25
1108 9
1109 15
1110 217
1111 15
1112 21
1113 65
1114 21
1115 9
1116 121
1117 9
1118 25
1119 35
1120 341
1121 33
1122 133
1123 33
1124 9
1125 301
1126 9
1127 141
1128 49
1129 121
1130 39
1131 565
1132 25
1133 9
1134 1133
1135 9
1136 259
1137 259
1138 561
1139 15
1140 871
1141 15
1142 9
1143 25
1144 9
1145 49
1146 49
1147 105
1148 145
1149 25
1150 671
1151 9
1152 65
1153 9
1154 15
1155 289
1156 15
1157 25
1158 49
1159 145
1160 9
1161 91
1162 9
1163 105
1164 169
1165 291
1166 91
1167 91
1168 25
1169 9
1170 121
1171 9
1172 51
1173 91
1174 25
1175 21
1176 25
1177 21
1178 9
1179 247
1180 9
1181 295
1182 25
1183 121
1184 15
1185 133
1186 15
1187 9
1188 65
1189 9
1190 481
1191 35
1192 91
1193 25
1194 49
1195 49
1196 9
1197 299
1198 9
1199 15
1200 91
1201 15
1202 169
1203 85
1204 1203
1205 9
1206 49
1207 9
1208 39
1209 55
1210 39
1211 55
1212 91
1213 121
1214 9
1215 481
1216 9
1217 21
1218 25
1219 21
1220 33
1221 65
1222 33
1223 9
1224 25
1225 9
1226 25
1227 65
1228 85
1229 15
1230 377
1231 15
1232 9
1233 77
1234 9
1235 217
1236 65
1237 85
1238 21
1239 155
1240 21
1241 9
1242 265
1243 9
1244 15
1245 91
1246 15
1247 39
1248 301
1249 25
1250 9
1251 25
1252 9
1253 33
1254 1253
1255 33
1256 49
1257 25
1258 91
1259 9
1260 1261
1261 9
1262 85
1263 169
1264 55
1265 91
1266 55
1267 341
1268 9
1269 635
1270 9
1271 159
1272 133
1273 49
1274 15
1275 49
1276 15
1277 9
1278 1387
1279 9
1280 21
1281 451
1282 21
1283 91
1284 91
1285 321
1286 9
1287 161
1288 9
1289 15
1290 91
1291 15
1292 49
1293 25
1294 35
1295 9
1296 35
1297 9
1298 1065
1299 25
1300 133
1301 21
1302 265
1303 21
1304 9
1305 49
1306 9
1307 25
1308 65
1309 327
1310 57
1311 205
1312 57
1313 9
1314 65
1315 9
1316 451
1317 145
1318 25
1319 15
1320 4097
1321 15
1322 9
1323 247
1324 9
1325 39
1326 25
1327 39
1328 121
1329 35
1330 121
1331 9
1332 25
1333 9
1334 15
1335 289
1336 15
1337 451
1338 185
1339 301
1340 9
1341 49
1342 9
1343 21
1344 85
1345 21
1346 481
1347 65
1348 91
1349 9
1350 1349
1351 9
1352 33
1353 49
1354 33
1355 91
1356 91
1357 25
1358 9
1359 85
1360 9
1361 85
1362 205
1363 185
1364 15
1365 341
1366 15
1367 9
1368 25
1369 9
1370 217
1371 49
1372 1065
1373 49
1374 25
1375 91
1376 9
1377 91
1378 9
1379 15
1380 289
1381 15
1382 25
1383 65
1384 949
1385 9
1386 365
1387 9
1388 133
1389 695
1390 49
1391 49
1392 305
1393 25
1394 9
1395 247
1396 9
1397 699
1398 85
1399 25
1400 403
1401 25
1402 49
1403 9
1404 305
1405 9
1406 21
1407 25
1408 21
1409 15
1410 341
1411 15
1412 9
1413 247
1414 9
1415 177
1416 65
1417 177
1418 25
1419 355
1420 33
1421 9
1422 49
1423 9
1424 15
1425 121
1426 15
1427 21
1428 341
1429 21
1430 9
1431 55
1432 9
1433 133
1434 35
1435 481
1436 35
1437 185
1438 65
1439 9
1440 49
1441 9
1442 39
1443 25
1444 39
1445 361
1446 85
1447 91
1448 9
1449 25
1450 9
1451 25
1452 49
1453 33
1454 15
1455 91
1456 15
1457 9
1458 85
1459 9
1460 451
1461 85
1462 77
1463 183
1464 77
1465 91
1466 9
1467 145
1468 9
1469 15
1470 247
1471 15
1472 91
1473 91
1474 25
1475 9
1476 25
1477 9
1478 51
1479 121
1480 51
1481 39
1482 25
1483 39
1484 9
1485 91
1486 9
1487 65
1488 49
1489 49
1490 21
1491 481
1492 21
1493 9
1494 65
1495 9
1496 65
1497 187
1498 169
1499 15
1500 49
1501 15
1502 9
1503 65
1504 9
1505 753
1506 35
1507 25
1508 205
1509 65
1510 289
1511 9
1512 361
1513 9
1514 15
1515 341
1516 15
1517 33
1518 25
1519 33
1520 9
1521 95
1522 9
1523 185
1524 25
1525 91
1526 25
1527 133
1528 385
1529 9
1530 91
1531 9
1532 21
1533 121
1534 21
1535 91
1536 145
1537 49
1538 9
1539 35
1540 9
1541 35
1542 65
1543 25
1544 15
1545 217
1546 15
1547 9
1548 91
1549 9
1550 33
1551 25
1552 33
1553 21
1554 341
1555 21
1556 9
1557 25
1558 9
1559 15
1560 361
1561 15
1562 105
1563 91
1564 91
1565 9
1566 133
1567 9
1568 25
1569 49
1570 121
1571 361
1572 121
1573 393
1574 9
1575 793
1576 9
1577 85
1578 65
1579 289
1580 51
1581 259
1582 25
1583 9
1584 133
1585 9
1586 49
1587 49
1588 69
1589 15
1590 481
1591 15
1592 9
1593 25
1594 9
1595 21
1596 55
1597 21
1598 39
1599 25
1600 39
1601 9
1602 85
1603 9
1604 15
1605 481
1606 15
1607 25
1608 133
1609 35
1610 9
1611 35
1612 9
1613 121
1614 85
1615 451
1616 21
1617 65
1618 21
1619 9
1620 169
1621 9
1622 91
1623 133
1624 25
1625 203
1626 25
1627 133
1628 9
1629 91
1630 9
1631 51
1632 25
1633 51
1634 15
1635 49
1636 15
1637 9
1638 671
1639 9
1640 301
1641 205
1642 247
1643 25
1644 35
1645 411
1646 9
1647 49
1648 9
1649 15
1650 91
1651 15
1652 57
1653 85
1654 57
1655 9
1656 703
1657 9
1658 21
1659 289
1660 21
1661 247
1662 85
1663 451
1664 9
1665 49
1666 9
1667 49
1668 25
1669 217
1670 301
1671 133
1672 65
1673 9
1674 25
1675 9
1676 25
1677 451
1678 39
1679 15
1680 451
1681 15
1682 9
1683 553
1684 9
1685 49
1686 703
1687 85
1688 105
1689 65
1690 133
1691 9
1692 259
1693 9
1694 15
1695 77
1696 15
1697 49
1698 65
1699 25
1700 9
1701 25
1702 9
1703 121
1704 55
1705 213
1706 55
1707 25
1708 65
1709 9
1710 217
1711 9
1712 91
1713 85
1714 35
1715 33
1716 35
1717 33
1718 9
1719 91
1720 9
1721 21
1722 1159
1723 21
1724 15
1725 697
1726 15
1727 9
1728 91
1729 9
1730 91
1731 481
1732 25
1733 49
1734 49
1735 51
1736 9
1737 65
1738 9
1739 15
1740 133
1741 15
1742 21
1743 25
1744 21
1745 9
1746 49
1747 9
1748 33
1749 25
1750 33
1751 25
1752 145
1753 219
1754 9
1755 703
1756 9
1757 25
1758 91
1759 55
1760 133
1761 55
1762 217
1763 9
1764 205
1765 9
1766 57
1767 91
1768 25
1769 15
1770 77
1771 15
1772 9
1773 65
1774 9
1775 111
1776 25
1777 105
1778 1779
1779 169
1780 703
1781 9
1782 25
1783 9
1784 15
1785 247
1786 15
1787 133
1788 121
1789 169
1790 9
1791 91
1792 9
1793 25
1794 49
1795 39
1796 1729
1797 217
1798 85
1799 9
1800 1271
1801 9
1802 65
1803 91
1804 91
1805 21
1806 65
1807 21
1808 9
1809 289
1810 9
1811 91
1812 49
1813 205
1814 15
1815 221
1816 15
1817 9
1818 25
1819 9
1820 451
1821 35
1822 703
1823 57
1824 25
1825 57
1826 9
1827 481
1828 9
1829 15
1830 91
1831 15
1832 25
1833 361
1834 39
1835 9
1836 91
1837 9
1838 65
1839 115
1840 169
1841 115
1842 91
1843 25
1844 9
1845 781
1846 9
1847 21
1848 1849
1849 21
1850 133
1851 25
1852 365
1853 9
1854 35
1855 9
1856 35
1857 25
1858 91
1859 15
1860 143
1861 15
1862 9
1863 49
1864 9
1865 289
1866 703
1867 65
1868 21
1869 55
1870 21
1871 9
1872 697
1873 9
1874 15
1875 469
1876 15
1877 65
1878 169
1879 235
1880 9
1881 49
1882 9
1883 85
1884 65
1885 217
1886 51
1887 341
1888 51
1889 9
1890 1271
1891 9
1892 49
1893 25
1894 91
1895 91
1896 121
1897 145
1898 9
1899 25
1900 9
1901 25
1902 91
1903 65
1904 15
1905 119
1906 15
1907 9
1908 85
1909 9
1910 21
1911 451
1912 21
1913 33
1914 259
1915 33
1916 9
1917 85
1918 9
1919 15
1920 91
1921 15
1922 561
1923 91
1924 25
1925 9
1926 25
1927 9
1928 91
1929 49
1930 49
1931 21
1932 25
1933 21
1934 9
1935 121
1936 9
1937 51
1938 265
1939 51
1940 91
1941 49
1942 49
1943 9
1944 145
1945 9
1946 33
1947 217
1948 33
1949 15
1950 259
1951 15
1952 9
1953 793
1954 9
1955 377
1956 85
1957 25
1958 65
1959 35
1960 481
1961 9
1962 259
1963 9
1964 15
1965 133
1966 15
1967 123
1968 25
1969 123
1970 9
1971 85
1972 9
1973 21
1974 25
1975 21
1976 25
1977 205
1978 49
1979 9
1980 91
1981 9
1982 25
1983 133
1984 133
1985 91
1986 91
1987 105
1988 9
1989 217
1990 9
1991 49
1992 91
1993 25
1994 15
1995 949
1996 15
1997 9
1998 365
1999 9
2000 69
2001 25
2002 69
2003 77
2004 481
2005 169
2006 9
2007 25
2008 9
2009 15
2010 49
2011 15
2012 33
2013 145
2014 33
2015 9
2016 65
2017 9
2018 25
2019 91
2020 217
2021 217
2022 119
2023 65
2024 9
2025 133
2026 9
2027 39
2028 49
2029 35
2030 121
2031 35
2032 25
2033 9
2034 55
2035 9
2036 21
2037 265
2038 21
2039 15
2040 49
2041 15
2042 9
2043 25
2044 9
2045 33
2046 445
2047 33
2048 121
2049 25
2050 169
2051 9
2052 511
2053 9
2054 15
2055 91
2056 15
2057 21
2058 121
2059 21
2060 9
2061 289
2062 9
2063 129
2064 35
2065 129
2066 35
2067 361
2068 25
2069 9
2070 133
2071 9
2072 65
2073 259
2074 25
2075 341
2076 25
2077 49
2078 9
2079 65
2080 9
2081 65
2082 25
2083 91
2084 15
2085 793
2086 15
2087 9
2088 49
2089 9
2090 51
2091 55
2092 51
2093 25
2094 65
2095 481
2096 9
2097 121
2098 9
2099 15
2100 341
2101 15
2102 91
2103 91
2104 361
2105 9
2106 49
2107 9
2108 49
2109 85
2110 57
2111 33
2112 85
2113 33
2114 9
2115 91
2116 9
2117 133
2118 25
2119 265
2120 21
2121 265
2122 21
2123 9
2124 25
2125 9
2126 25
2127 65
2128 451
2129 15
2130 703
2131 15
2132 9
2133 289
2134 9
2135 247
2136 35
2137 49
2138 49
2139 133
2140 69
2141 9
2142 1247
2143 9
2144 15
2145 217
2146 15
2147 537
2148 247
2149 25
2150 9
2151 25
2152 9
2153 65
2154 247
2155 49
2156 703
2157 25
2158 133
2159 9
2160 481
2161 9
2162 21
2163 65
2164 21
2165 57
2166 341
2167 57
2168 9
2169 35
2170 9
2171 35
2172 85
2173 259
2174 15
2175 49
2176 15
2177 9
2178 169
2179 9
2180 561
2181 121
2182 25
2183 21
2184 95
2185 21
2186 9
2187 49
2188 9
2189 15
2190 703
2191 15
2192 51
2193 25
2194 51
2195 9
2196 65
2197 9
2198 169
2199 25
2200 91
2201 25
2202 65
2203 133
2204 9
2205 121
2206 9
2207 25
2208 1105
2209 65
2210 33
2211 65
2212 33
2213 9
2214 629
2215 9
2216 169
2217 365
2218 25
2219 15
2220 169
2221 15
2222 9
2223 49
2224 9
2225 21
2226 25
2227 21
2228 65
2229 703
2230 133
2231 9
2232 25
2233 9
2234 15
2235 49
2236 15
2237 91
2238 217
2239 35
2240 9
2241 35
2242 9
2243 25
2244 1369
2245 33
2246 21
2247 289
2248 21
2249 9
2250 133
2251 9
2252 561
2253 49
2254 55
2255 49
2256 55
2257 25
2258 9
2259 91
2260 9
2261 39
2262 119
2263 39
2264 15
2265 91
2266 15
2267 9
2268 25
2269 9
2270 427
2271 341
2272 49
2273 49
2274 25
2275 1137
2276 9
2277 169
2278 9
2279 15
2280 481
2281 15
2282 25
2283 65
2284 49
2285 9
2286 169
2287 9
2288 21
2289 65
2290 21
2291 91
2292 91
2293 25
2294 9
2295 287
2296 9
2297 91
2298 121
2299 25
2300 39
2301 25
2302 39
2303 9
2304 49
2305 9
2306 645
2307 25
2308 85
2309 15
2310 247
2311 15
2312 9
2313 91
2314 9
2315 553
2316 301
2317 341
2318 25
2319 133
2320 217
2321 9
2322 49
2323 9
2324 15
2325 133
2326 15
2327 291
2328 91
2329 291
2330 9
2331 265
2332 9
2333 49
2334 49
2335 1167
2336 57
2337 91
2338 57
2339 9
2340 341
2341 9
2342 33
2343 25
2344 33
2345 51
2346 35
2347 51
2348 9
2349 25
2350 9
2351 21
2352 289
2353 21
2354 15
2355 133
2356 15
2357 9
2358 65
2359 9
2360 451
2361 217
2362 185
2363 133
2364 55
2365 91
2366 9
2367 85
2368 9
2369 15
2370 49
2371 15
2372 21
2373 1387
2374 21
2375 9
2376 25
2377 9
2378 39
2379 35
2380 39
2381 35
2382 25
2383 49
2384 9
2385 169
2386 9
2387 65
2388 77
2389 169
2390 529
2391 65
2392 1891
2393 9
2394 1891
2395 9
2396 51
2397 65
2398 51
2399 15
2400 49
2401 15
2402 9
2403 341
2404 9
2405 133
2406 65
2407 25
2408 33
2409 301
2410 33
2411 9
2412 217
2413 9
2414 15
2415 481
2416 15
2417 39
2418 25
2419 39
2420 9
2421 55
2422 9
2423 65
2424 25
2425 133
2426 25
2427 85
2428 91
2429 9
2430 143
2431 9
2432 25
2433 133
2434 341
2435 21
2436 169
2437 21
2438 9
2439 265
2440 9
2441 33
2442 469
2443 25
2444 15
2445 91
2446 15
2447 9
2448 91
2449 9
2450 57
2451 25
2452 57
2453 145
2454 217
2455 169
2456 9
2457 25
2458 9
2459 15
2460 121
2461 15
2462 65
2463 77
2464 85
2465 9
2466 85
2467 9
2468 25
2469 49
2470 289
2471 65
2472 341
2473 91
2474 9
2475 529
2476 9
2477 21
2478 65
2479 21
2480 49
2481 49
2482 25
2483 9
2484 35
2485 9
2486 35
2487 301
2488 65
2489 15
2490 259
2491 15
2492 9
2493 25
2494 9
2495 39
2496 133
2497 39
2498 21
2499 25
2500 21
2501 9
2502 451
2503 9
2504 15
2505 403
2506 15
2507 25
2508 469
2509 33
2510 9
2511 451
2512 9
2513 169
2514 121
2515 133
2516 133
2517 49
2518 25
2519 9
2520 703
2521 9
2522 87
2523 1261
2524 25
2525 561
2526 25
2527 65
2528 9
2529 49
2530 9
2531 55
2532 25
2533 105
2534 15
2535 671
2536 15
2537 9
2538 91
2539 9
2540 21
2541 205
2542 21
2543 25
2544 121
2545 159
2546 9
2547 49
2548 9
2549 15
2550 121
2551 15
2552 69
2553 65
2554 35
2555 9
2556 35
2557 9
2558 91
2559 481
2560 91
2561 21
2562 703
2563 21
2564 9
2565 91
2566 9
2567 49
2568 25
2569 321
2570 91
2571 341
2572 217
2573 9
2574 25
2575 9
2576 25
2577 91
2578 49
2579 15
2580 703
2581 15
2582 9
2583 323
2584 9
2585 133
2586 55
2587 451
2588 85
2589 35
2590 2059
2591 9
2592 65
2593 9
2594 15
2595 361
2596 15
2597 85
2598 49
2599 25
2600 9
2601 25
2602 9
2603 21
2604 685
2605 21
2606 33
2607 25
2608 33
2609 9
2610 91
2611 9
2612 39
2613 1603
2614 39
2615 49
2616 49
2617 77
2618 9
2619 77
2620 9
2621 57
2622 85
2623 57
2624 15
2625 533
2626 15
2627 9
2628 49
2629 9
2630 91
2631 221
2632 25
2633 105
2634 85
2635 121
2636 9
2637 427
2638 9
2639 15
2640 91
2641 15
2642 247
2643 25
2644 115
2645 9
2646 115
2647 9
2648 85
2649 25
2650 341
2651 25
2652 385
2653 39
2654 9
2655 91
2656 9
2657 25
2658 185
2659 35
2660 841
2661 35
2662 553
2663 9
2664 49
2665 9
2666 21
2667 341
2668 21
2669 15
2670 481
2671 15
2672 9
2673 65
2674 9
2675 481
2676 25
2677 49
2678 57
2679 65
2680 57
2681 9
2682 25
2683 9
2684 15
2685 169
2686 15
2687 21
2688 865
2689 21
2690 9
2691 133
2692 9
2693 25
2694 35
2695 1347
2696 35
2697 205
2698 87
2699 9
2700 259
2701 9
2702 51
2703 169
2704 51
2705 33
2706 1729
2707 25
2708 9
2709 377
2710 9
2711 259
2712 65
2713 49
2714 15
2715 481
2716 15
2717 9
2718 25
2719 9
2720 91
2721 85
2722 65
2723 169
2724 25
2725 49
2726 9
2727 169
2728 9
2729 15
2730 3053
2731 15
2732 25
2733 85
2734 403
2735 9
2736 85
2737 9
2738 33
2739 91
2740 33
2741 553
2742 91
2743 25
2744 9
2745 49
2746 9
2747 91
2748 65
2749 25
2750 21
2751 25
2752 21
2753 9
2754 95
2755 9
2756 95
2757 25
2758 85
2759 15
2760 217
2761 15
2762 9
2763 49
2764 9
2765 451
2766 35
2767 85
2768 25
2769 865
2770 39
2771 9
2772 145
2773 9
2774 15
2775 49
2776 15
2777 65
2778 451
2779 695
2780 9
2781 65
2782 9
2783 87
2784 121
2785 87
2786 121
2787 65
2788 301
2789 9
2790 841
2791 9
2792 21
2793 25
2794 21
2795 217
2796 65
2797 205
2798 9
2799 25
2800 9
2801 25
2802 1591
2803 65
2804 15
2805 91
2806 15
2807 9
2808 2465
2809 9
2810 121
2811 49
2812 49
2813 21
2814 145
2815 21
2816 9
2817 305
2818 9
2819 15
2820 91
2821 15
2822 91
2823 49
2824 25
2825 9
2826 25
2827 9
2828 69
2829 505
2830 69
2831 91
2832 25
2833 91
2834 9
2835 781
2836 9
2837 33
2838 91
2839 33
2840 529
2841 49
2842 65
2843 9
2844 301
2845 9
2846 39
2847 217
2848 39
2849 15
2850 77
2851 15
2852 9
2853 217
2854 9
2855 21
2856 703
2857 21
2858 589
2859 55
2860 49
2861 9
2862 133
2863 9
2864 15
2865 781
2866 15
2867 341
2868 25
2869 35
2870 9
2871 35
2872 9
2873 49
2874 25
2875 301
2876 21
2877 85
2878 21
2879 9
2880 301
2881 9
2882 25
2883 91
2884 93
2885 39
2886 451
2887 39
2888 9
2889 85
2890 9
2891 85
2892 49
2893 25
2894 15
2895 91
2896 15
2897 9
2898 1241
2899 9
2900 91
2901 25
2902 91
2903 33
2904 35
2905 33
2906 9
2907 25
2908 9
2909 15
2910 49
2911 15
2912 145
2913 91
2914 55
2915 9
2916 55
2917 9
2918 21
2919 365
2920 21
2921 49
2922 49
2923 565
2924 9
2925 77
2926 9
2927 77
2928 85
2929 91
2930 289
2931 121
2932 25
2933 9
2934 91
2935 9
2936 33
2937 85
2938 33
2939 15
2940 1441
2941 15
2942 9
2943 25
2944 9
2945 561
2946 95
2947 365
2948 105
2949 25
2950 91
2951 9
2952 247
2953 9
2954 15
2955 289
2956 15
2957 25
2958 49
2959 49
2960 9
2961 185
2962 9
2963 39
2964 2965
2965 39
2966 69
2967 371
2968 25
2969 9
2970 49
2971 9
2972 65
2973 559
2974 25
2975 93
2976 25
2977 93
2978 9
2979 529
2980 9
2981 21
2982 25
2983 21
2984 15
2985 121
2986 15
2987 9
2988 49
2989 9
2990 49
2991 65
2992 445
2993 25
2994 91
2995 133
2996 9
2997 529
2998 9
2999 15
3000 289
3001 15
3002 21
3003 185
3004 21
3005 9
3006 217
3007 9
3008 49
3009 35
3010 51
3011 35
3012 91
3013 85
3014 9
3015 91
3016 9
3017 377
3018 25
3019 49
3020 49
3021 289
3022 57
3023 9
3024 25
3025 9
3026 25
3027 1105
3028 121
3029 15
3030 451
3031 15
3032 9
3033 145
3034 9
3035 33
3036 2071
3037 33
3038 451
3039 49
3040 341
3041 9
3042 679
3043 9
3044 15
3045 289
3046 15
3047 65
3048 133
3049 25
3050 9
3051 25
3052 9
3053 105
3054 65
3055 703
3056 49
3057 25
3058 105
3059 9
3060 133
3061 9
3062 145
3063 65
3064 169
3065 21
3066 1891
3067 21
3068 9
3069 49
3070 9
3071 133
3072 91
3073 65
3074 15
3075 1537
3076 15
3077 9
3078 91
3079 9
3080 39
3081 35
3082 25
3083 345
3084 91
3085 91
3086 9
3087 703
3088 9
3089 15
3090 133
3091 15
3092 385
3093 25
3094 645
3095 9
3096 703
3097 9
3098 85
3099 25
3100 481
3101 25
3102 65
3103 33
3104 9
3105 49
3106 9
3107 21
3108 247
3109 21
3110 51
3111 91
3112 51
3113 9
3114 35
3115 9
3116 35
3117 49
3118 25
3119 15
3120 451
3121 15
3122 9
3123 91
3124 9
3125 427
3126 25
3127 345
3128 21
3129 85
3130 21
3131 9
3132 25
3133 9
3134 15
3135 49
3136 15
3137 49
3138 65
3139 289
3140 9
3141 169
3142 9
3143 25
3144 85
3145 121
3146 85
3147 91
3148 205
3149 9
3150 361
3151 9
3152 345
3153 133
3154 49
3155 49
3156 77
3157 25
3158 9
3159 395
3160 9
3161 51
3162 133
3163 51
3164 15
3165 133
3166 15
3167 9
3168 25
3169 9
3170 21
3171 65
3172 21
3173 69
3174 25
3175 69
3176 9
3177 65
3178 9
3179 15
3180 133
3181 15
3182 25
3183 85
3184 35
3185 9
3186 35
3187 9
3188 169
3189 55
3190 481
3191 21
3192 85
3193 21
3194 9
3195 91
3196 9
3197 39
3198 703
3199 25
3200 33
3201 25
3202 33
3203 9
3204 49
3205 9
3206 671
3207 25
3208 259
3209 15
3210 169
3211 15
3212 9
3213 185
3214 9
3215 49
3216 49
3217 85
3218 25
3219 35
3220 87
3221 9
3222 133
3223 9
3224 15
3225 403
3226 15
3227 121
3228 341
3229 85
3230 9
3231 85
3232 9
3233 21
3234 169
3235 21
3236 39
3237 529
3238 39
3239 9
3240 121
3241 9
3242 65
3243 25
3244 55
3245 259
3246 55
3247 91
3248 9
3249 25
3250 9
3251 25
3252 49
3253 49
3254 15
3255 407
3256 15
3257 9
3258 65
3259 9
3260 91
3261 133
3262 185
3263 51
3264 49
3265 49
3266 9
3267 91
3268 9
3269 15
3270 121
3271 15
3272 703
3273 1729
3274 25
3275 9
3276 25
3277 9
3278 1417
3279 205
3280 217
3281 169
3282 25
3283 305
3284 9
3285 91
3286 9
3287 185
3288 91
3289 35
3290 143
3291 35
3292 91
3293 9
3294 121
3295 9
3296 21
3297 65
3298 21
3299 15
3300 169
3301 15
3302 9
3303 361
3304 9
3305 57
3306 1105
3307 25
3308 1729
3309 949
3310 77
3311 9
3312 77
3313 9
3314 15
3315 763
3316 15
3317 21
3318 25
3319 21
3320 9
3321 385
3322 9
3323 65
3324 25
3325 341
3326 25
3327 445
3328 85
3329 9
3330 1513
3331 9
3332 25
3333 49
3334 33
3335 417
3336 115
3337 133
3338 9
3339 835
3340 9
3341 427
3342 403
3343 25
3344 15
3345 91
3346 15
3347 9
3348 121
3349 9
3350 49
3351 25
3352 105
3353 39
3354 55
3355 39
3356 9
3357 25
3358 9
3359 15
3360 1387
3361 15
3362 49
3363 49
3364 57
3365 9
3366 65
3367 9
3368 25
3369 529
3370 247
3371 247
3372 65
3373 105
3374 9
3375 481
3376 9
3377 91
3378 451
3379 65
3380 21
3381 65
3382 21
3383 9
3384 85
3385 9
3386 645
3387 77
3388 65
3389 15
3390 247
3391 15
3392 9
3393 25
3394 9
3395 703
3396 35
3397 121
3398 33
3399 25
3400 33
3401 9
3402 169
3403 9
3404 15
3405 91
3406 15
3407 25
3408 1105
3409 55
3410 9
3411 49
3412 9
3413 85
3414 341
3415 121
3416 51
3417 427
3418 25
3419 9
3420 91
3421 9
3422 21
3423 949
3424 21
3425 671
3426 25
3427 65
3428 9
3429 35
3430 9
3431 33
3432 25
3433 33
3434 15
3435 403
3436 15
3437 9
3438 85
3439 9
3440 93
3441 91
3442 91
3443 21
3444 65
3445 21
3446 9
3447 85
3448 9
3449 15
3450 119
3451 15
3452 105
3453 65
3454 871
3455 9
3456 341
3457 9
3458 365
3459 65
3460 49
3461 49
3462 685
3463 65
3464 9
3465 1649
3466 9
3467 51
3468 25
3469 51
3470 39
3471 217
3472 39
3473 9
3474 25
3475 9
3476 25
3477 259
3478 49
3479 15
3480 49
3481 15
3482 9
3483 361
3484 9
3485 21
3486 85
3487 21
3488 133
3489 133
3490 427
3491 9
3492 65
3493 9
3494 15
3495 341
3496 15
3497 33
3498 49
3499 25
3500 9
3501 25
3502 9
3503 219
3504 217
3505 219
3506 21
3507 25
3508 21
3509 9
3510 49
3511 9
3512 121
3513 511
3514 95
3515 221
3516 95
3517 205
3518 9
3519 55
3520 9
3521 55
3522 133
3523 85
3524 15
3525 259
3526 15
3527 9
3528 65
3529 9
3530 33
3531 703
3532 25
3533 57
3534 35
3535 57
3536 9
3537 91
3538 9
3539 15
3540 91
3541 15
3542 361
3543 25
3544 481
3545 9
3546 49
3547 9
3548 21
3549 25
3550 21
3551 25
3552 133
3553 111
3554 9
3555 703
3556 9
3557 25
3558 49
3559 49
3560 133
3561 65
3562 105
3563 9
3564 115
3565 9
3566 87
3567 65
3568 25
3569 15
3570 793
3571 15
3572 9
3573 341
3574 9
3575 447
3576 25
3577 447
3578 49
3579 133
3580 133
3581 9
3582 25
3583 9
3584 15
3585 427
3586 15
3587 39
3588 305
3589 39
3590 9
3591 1105
3592 9
3593 25
3594 341
3595 49
3596 33
3597 403
3598 33
3599 9
3600 341
3601 9
3602 91
3603 121
3604 35
3605 561
3606 35
3607 25
3608 9
3609 95
3610 9
3611 21
3612 341
3613 21
3614 15
3615 481
3616 15
3617 9
3618 25
3619 9
3620 51
3621 121
3622 51
3623 91
3624 25
3625 49
3626 9
3627 49
3628 9
3629 15
3630 91
3631 15
3632 21
3633 121
3634 21
3635 9
3636 247
3637 9
3638 169
3639 35
3640 529
3641 35
3642 85
3643 25
3644 9
3645 49
3646 9
3647 57
3648 65
3649 25
3650 91
3651 25
3652 91
3653 9
3654 65
3655 9
3656 49
3657 25
3658 65
3659 15
3660 133
3661 15
3662 9
3663 217
3664 9
3665 39
3666 133
3667 39
3668 25
3669 91
3670 121
3671 9
3672 361
3673 9
3674 15
3675 529
3676 15
3677 365
3678 91
3679 115
3680 9
3681 115
3682 9
3683 105
3684 55
3685 133
3686 55
3687 65
3688 105
3689 9
3690 119
3691 9
3692 289
3693 25
3694 49
3695 21
3696 169
3697 21
3698 9
3699 25
3700 9
3701 25
3702 85
3703 1745
3704 15
3705 49
3706 15
3707 9
3708 385
3709 9
3710 221
3711 35
3712 133
3713 65
3714 91
3715 91
3716 9
3717 143
3718 9
3719 15
3720 427
3721 15
3722 51
3723 49
3724 25
3725 9
3726 25
3727 9
3728 33
3729 481
3730 33
3731 529
3732 25
3733 265
3734 9
3735 133
3736 9
3737 21
3738 841
3739 21
3740 87
3741 55
3742 49
3743 9
3744 35
3745 9
3746 35
3747 91
3748 91
3749 15
3750 121
3751 15
3752 9
3753 85
3754 9
3755 49
3756 65
3757 25
3758 21
3759 235
3760 21
3761 9
3762 65
3763 9
3764 15
3765 703
3766 15
3767 105
3768 25
3769 65
3770 9
3771 65
3772 9
3773 51
3774 25
3775 51
3776 25
3777 301
3778 65
3779 9
3780 247
3781 9
3782 25
3783 301
3784 39
3785 259
3786 703
3787 85
3788 9
3789 469
3790 9
3791 49
3792 49
3793 25
3794 15
3795 289
3796 15
3797 9
3798 169
3799 9
3800 21
3801 25
3802 21
3803 49
3804 49
3805 91
3806 9
3807 25
3808 9
3809 15
3810 91
3811 15
3812 85
3813 91
3814 35
3815 9
3816 35
3817 9
3818 25
3819 403
3820 57
3821 21
3822 205
3823 21
3824 9
3825 2047
3826 9
3827 33
3828 505
3829 33
3830 133
3831 91
3832 25
3833 9
3834 65
3835 9
3836 65
3837 259
3838 85
3839 15
3840 49
3841 15
3842 9
3843 25
3844 9
3845 121
3846 133
3847 481
3848 341
3849 25
3850 589
3851 9
3852 49
3853 9
3854 15
3855 361
3856 15
3857 25
3858 133
3859 703
3860 9
3861 965
3862 9
3863 21
3864 169
3865 21
3866 645
3867 289
3868 25
3869 9
3870 49
3871 9
3872 49
3873 121
3874 25
3875 51
3876 25
3877 51
3878 9
3879 451
3880 9
3881 121
3882 25
3883 247
3884 15
3885 451
3886 15
3887 9
3888 133
3889 9
3890 49
3891 91
3892 65
3893 25
3894 85
3895 33
3896 9
3897 85
3898 9
3899 15
3900 217
3901 15
3902 49
3903 91
3904 55
3905 9
3906 55
3907 9
3908 65
3909 85
3910 169
3911 85
3912 91
3913 489
3914 9
3915 133
3916 9
3917 361
3918 25
3919 35
3920 1891
3921 35
3922 91
3923 9
3924 25
3925 9
3926 21
3927 145
3928 21
3929 15
3930 91
3931 15
3932 9
3933 259
3934 9
3935 91
3936 289
3937 123
3938 39
3939 49
3940 39
3941 9
3942 91
3943 9
3944 15
3945 481
3946 15
3947 21
3948 85
3949 21
3950 9
3951 25
3952 9
3953 121
3954 35
3955 989
3956 35
3957 25
3958 259
3959 9
3960 133
3961 9
3962 561
3963 133
3964 65
3965 629
3966 65
3967 169
3968 9
3969 341
3970 9
3971 289
3972 209
3973 65
3974 15
3975 91
3976 15
3977 9
3978 133
3979 9
3980 697
3981 289
3982 25
3983 65
3984 121
3985 249
3986 9
3987 49
3988 9
3989 15
3990 121
3991 15
3992 33
3993 25
3994 33
3995 9
3996 85
3997 9
3998 93
3999 25
4000 49
4001 25
4002 121
4003 69
4004 9
4005 77
4006 9
4007 25
4008 85
4009 501
4010 21
4011 85
4012 21
4013 9
4014 55
4015 9
4016 39
4017 49
4018 25
4019 15
4020 91
4021 15
4022 9
4023 259
4024 9
4025 33
4026 25
4027 33
4028 51
4029 65
4030 51
4031 9
4032 25
4033 9
4034 15
4035 589
4036 15
4037 49
4038 65
4039 247
4040 9
4041 481
4042 9
4043 25
4044 65
4045 119
4046 57
4047 119
4048 49
4049 9
4050 697
4051 9
4052 21
4053 565
4054 21
4055 39
4056 217
4057 25
4058 9
4059 35
4060 9
4061 35
4062 217
4063 341
4064 15
4065 133
4066 15
4067 9
4068 25
4069 9
4070 69
4071 55
4072 69
4073 21
4074 25
4075 21
4076 9
4077 65
4078 9
4079 15
4080 77
4081 15
4082 25
4083 91
4084 95
4085 9
4086 49
4087 9
4088 87
4089 365
4090 87
4091 33
4092 133
4093 25
4094 9
4095 703
4096 9
4097 49
4098 49
4099 25
4100 703
4101 25
4102 529
4103 9
4104 91
4105 9
4106 111
4107 25
4108 105
4109 15
4110 2041
4111 15
4112 9
4113 65
4114 9
4115 21
4116 793
4117 21
4118 25
4119 145
4120 1387
4121 9
4122 133
4123 9
4124 15
4125 871
4126 15
4127 85
4128 445
4129 35
4130 9
4131 35
4132 9
4133 39
4134 49
4135 39
4136 21
4137 305
4138 21
4139 9
4140 703
4141 9
4142 65
4143 25
4144 645
4145 169
4146 49
4147 49
4148 9
4149 25
4150 9
4151 25
4152 65
4153 133
4154 15
4155 169
4156 15
4157 9
4158 481
4159 9
4160 57
4161 65
4162 57
4163 1027
4164 35
4165 1041
4166 9
4167 481
4168 9
4169 15
4170 91
4171 15
4172 39
4173 205
4174 25
4175 9
4176 25
4177 9
4178 21
4179 55
4180 21
4181 51
4182 25
4183 49
4184 9
4185 91
4186 9
4187 91
4188 145
4189 341
4190 33
4191 217
4192 33
4193 9
4194 781
4195 9
4196 49
4197 703
4198 91
4199 15
4200 221
4201 15
4202 9
4203 85
4204 9
4205 361
4206 145
4207 25
4208 69
4209 703
4210 69
4211 9
4212 85
4213 9
4214 15
4215 49
4216 15
4217 57
4218 25
4219 57
4220 9
4221 403
4222 9
4223 33
4224 25
4225 33
4226 25
4227 703
4228 481
4229 9
4230 793
4231 9
4232 25
4233 49
4234 35
4235 949
4236 35
4237 85
4238 9
4239 65
4240 9
4241 21
4242 403
4243 21
4244 15
4245 49
4246 15
4247 9
4248 91
4249 9
4250 39
4251 25
4252 39
4253 2127
4254 115
4255 91
4256 9
4257 25
4258 9
4259 15
4260 91
4261 15
4262 21
4263 85
4264 21
4265 9
4266 85
4267 9
4268 25
4269 35
4270 289
4271 35
4272 65
4273 205
4274 9
4275 121
4276 9
4277 69
4278 91
4279 69
4280 341
4281 49
4282 25
4283 9
4284 481
4285 9
4286 91
4287 91
4288 85
4289 15
4290 553
4291 15
4292 9
4293 25
4294 9
4295 133
4296 703
4297 85
4298 65
4299 25
4300 187
4301 9
4302 187
4303 9
4304 15
4305 169
4306 15
4307 25
4308 65
4309 451
4310 9
4311 49
4312 9
4313 49
4314 133
4315 91
4316 121
4317 221
4318 25
4319 9
4320 133
4321 9
4322 33
4323 185
4324 25
4325 21
4326 25
4327 21
4328 9
4329 121
4330 9
4331 49
4332 25
4333 57
4334 15
4335 481
4336 15
4337 9
4338 145
4339 9
4340 703
4341 35
4342 49
4343 25
4344 55
4345 403
4346 9
4347 65
4348 9
4349 15
4350 133
4351 15
4352 91
4353 121
4354 65
4355 9
4356 65
4357 9
4358 91
4359 91
4360 49
4361 545
4362 49
4363 65
4364 9
4365 121
4366 9
4367 21
4368 25
4369 21
4370 93
4371 95
4372 93
4373 9
4374 25
4375 9
4376 25
4377 91
4378 91
4379 15
4380 49
4381 15
4382 9
4383 121
4384 9
4385 51
4386 205
4387 51
4388 21
4389 481
4390 21
4391 9
4392 49
4393 9
4394 15
4395 169
4396 15
4397 91
4398 1541
4399 25
4400 9
4401 25
4402 9
4403 305
4404 85
4405 427
4406 39
4407 25
4408 39
4409 9
4410 289
4411 9
4412 65
4413 169
4414 2443
4415 69
4416 133
4417 69
4418 9
4419 65
4420 9
4421 33
4422 265
4423 33
4424 15
4425 377
4426 15
4427 9
4428 49
4429 9
4430 21
4431 361
4432 21
4433 85
4434 65
4435 301
4436 9
4437 91
4438 9
4439 15
4440 49
4441 15
4442 91
4443 25
4444 35
4445 9
4446 35
4447 9
4448 361
4449 25
4450 91
4451 21
4452 671
4453 21
4454 9
4455 1369
4456 9
4457 25
4458 49
4459 361
4460 49
4461 485
4462 341
4463 9
4464 95
4465 9
4466 95
4467 65
4468 25
4469 15
4470 451
4471 15
4472 9
4473 451
4474 9
4475 91
4476 25
4477 49
4478 49
4479 35
4480 121
4481 9
4482 25
4483 9
4484 15
4485 1121
4486 15
4487 33
4488 91
4489 33
4490 9
4491 133
4492 9
4493 21
4494 145
4495 21
4496 145
4497 91
4498 385
4499 9
4500 481
4501 9
4502 57
4503 65
4504 57
4505 671
4506 85
4507 25
4508 9
4509 49
4510 9
4511 55
4512 91
4513 141
4514 15
4515 247
4516 15
4517 9
4518 25
4519 9
4520 33
4521 85
4522 33
4523 39
4524 25
4525 39
4526 9
4527 49
4528 9
4529 15
4530 341
4531 15
4532 25
4533 91
4534 91
4535 9
4536 65
4537 9
4538 49
4539 49
4540 51
4541 91
4542 65
4543 25
4544 9
4545 481
4546 9
4547 451
4548 671
4549 25
4550 111
4551 25
4552 85
4553 9
4554 145
4555 9
4556 21
4557 25
4558 21
4559 15
4560 91
4561 15
4562 9
4563 217
4564 9
4565 481
4566 55
4567 91
4568 25
4569 451
4570 609
4571 9
4572 91
4573 9
4574 15
4575 49
4576 15
4577 21
4578 671
4579 21
4580 9
4581 145
4582 9
4583 205
4584 35
4585 169
4586 33
4587 49
4588 33
4589 9
4590 247
4591 9
4592 341
4593 25
4594 221
4595 121
4596 341
4597 65
4598 9
4599 25
4600 9
4601 25
4602 451
4603 39
4604 15
4605 49
4606 15
4607 9
4608 385
4609 9
4610 87
4611 341
4612 87
4613 703
4614 65
4615 341
4616 9
4617 341
4618 9
4619 15
4620 221
4621 15
4622 69
4623 65
4624 25
4625 9
4626 25
4627 9
4628 85
4629 65
4630 841
4631 91
4632 25
4633 65
4634 9
4635 259
4636 9
4637 49
4638 121
4639 145
4640 21
4641 145
4642 21
4643 9
4644 133
4645 9
4646 645
4647 305
4648 341
4649 15
4650 91
4651 15
4652 9
4653 91
4654 9
4655 291
4656 35
4657 25
4658 91
4659 85
4660 553
4661 9
4662 65
4663 9
4664 15
4665 361
4666 15
4667 133
4668 25
4669 781
4670 9
4671 365
4672 9
4673 49
4674 25
4675 57
4676 25
4677 341
4678 485
4679 9
4680 301
4681 9
4682 21
4683 205
4684 21
4685 33
4686 49
4687 33
4688 9
4689 35
4690 9
4691 35
4692 121
4693 25
4694 15
4695 1417
4696 15
4697 9
4698 65
4699 9
4700 703
4701 25
4702 1145
4703 21
4704 341
4705 21
4706 9
4707 25
4708 9
4709 15
4710 91
4711 15
4712 105
4713 85
4714 115
4715 9
4716 91
4717 9
4718 25
4719 133
4720 33
4721 295
4722 49
4723 49
4724 9
4725 2353
4726 9
4727 65
4728 121
4729 55
4730 57
4731 55
4732 25
4733 9
4734 49
4735 9
4736 301
4737 65
4738 105
4739 15
4740 451
4741 15
4742 9
4743 25
4744 9
4745 21
4746 65
4747 21
4748 91
4749 25
4750 481
4751 9
4752 49
4753 9
4754 15
4755 169
4756 15
4757 25
4758 133
4759 35
4760 9
4761 35
4762 9
4763 65
4764 385
4765 481
4766 21
4767 185
4768 21
4769 9
4770 91
4771 9
4772 49
4773 77
4774 25
4775 77
4776 25
4777 133
4778 9
4779 289
4780 9
4781 247
4782 25
4783 49
4784 15
4785 91
4786 15
4787 9
4788 205
4789 9
4790 341
4791 949
4792 65
4793 25
4794 35
4795 51
4796 9
4797 145
4798 9
4799 15
4800 121
4801 15
4802 65
4803 49
4804 155
4805 9
4806 91
4807 9
4808 21
4809 65
4810 21
4811 65
4812 169
4813 91
4814 9
4815 133
4816 9
4817 33
4818 25
4819 33
4820 49
4821 49
4822 91
4823 9
4824 25
4825 9
4826 25
4827 133
4828 65
4829 15
4830 793
4831 15
4832 9
4833 49
4834 9
4835 39
4836 1387
4837 39
4838 105
4839 55
4840 91
4841 9
4842 217
4843 9
4844 15
4845 91
4846 15
4847 205
4848 259
4849 25
4850 9
4851 25
4852 9
4853 185
4854 451
4855 481
4856 451
4857 25
4858 85
4859 9
4860 301
4861 9
4862 2071
4863 133
4864 35
4865 247
4866 35
4867 65
4868 9
4869 49
4870 9
4871 21
4872 247
4873 21
4874 15
4875 289
4876 15
4877 9
4878 119
4879 9
4880 119
4881 49
4882 25
4883 33
4884 247
4885 33
4886 9
4887 611
4888 9
4889 15
4890 133
4891 15
4892 21
4893 25
4894 21
4895 9
4896 55
4897 9
4898 69
4899 25
4900 69
4901 25
4902 91
4903 57
4904 9
4905 91
4906 9
4907 25
4908 301
4909 133
4910 133
4911 481
4912 289
4913 9
4914 85
4915 9
4916 33
4917 85
4918 25
4919 15
4920 133
4921 15
4922 9
4923 91
4924 9
4925 341
4926 25
4927 77
4928 93
4929 77
4930 49
4931 9
4932 25
4933 9
4934 15
4935 481
4936 15
4937 341
4938 361
4939 65
4940 9
4941 65
4942 9
4943 25
4944 115
4945 309
4946 51
4947 145
4948 49
4949 9
4950 49
4951 9
4952 39
4953 289
4954 39
4955 21
4956 341
4957 21
4958 9
4959 155
4960 9
4961 155
4962 121
4963 949
4964 15
4965 217
4966 15
4967 9
4968 25
4969 9
4970 121
4971 35
4972 481
4973 385
4974 25
4975 671
4976 9
4977 85
4978 9
4979 15
4980 49
4981 15
4982 25
4983 91
4984 33
4985 9
4986 361
4987 9
4988 91
4989 91
4990 133
4991 39
4992 161
4993 25
4994 9
4995 91
4996 9
4997 21
4998 451
4999 21
5000 169
