0 561
1 561
2 1105
3 1729
4 0
5 561
6 1105
7 62745
8 561
9 1729
10 0
11 6601
12 0
13 0
14 2465
15 2821
16 561
17 825265
18 29341
19 0
20 6601
21 334153
22 0
23 62745
24 0
25 561
26 2433601
27 0
28 0
29 74165065
30 29341
31 0
32 1105
33 8911
34 116150434401
35 10024561
36 10585
37 0
38 41041
39 2508013
40 0
41 55462177
42 1105
43 11921001
44 62745
45 1729
46 0
47 449065
48 46657
49 0
50 101101
51 52633
52 0
53 84350561
54 188461
55 0
56 278545
57 1050985
58 0
59 825265
60 0
61 689880801
62 0
63 1152271
64 0
65 18307381
66 1729
67 0
68 410041
69 2628073
70 62745
71 41041
72 2465
73 0
74 12261061
75 838201
76 0
77 0
78 4335241
79 230996949
80 6601
81 449065
82 0
83 18633869185
84 0
85 0
86 45318561
87 0
88 939161538561
89 851703301
90 488881
91 0
92 1050985
93 561
94 0
95 34657141
96 3224065
97 0
98 656601
99 670033
100 0
101 0
102 0
103 0
104 6313681
105 399001
106 174352641
107 115542505
108 2821
109 0
110 1105
111 977892241
112 0
113 2436691321
114 6840001
115 0
116 162401
117 62745
118 0
119 9613297
120 115921
121 0
122 0
123 1729
124 1070730898161
125 3828001
126 0
127 1886616373665
128 3224065
129 63973
130 0
131 11921001
132 6054985
133 62745
134 962500561
135 512461
136 0
137 0
138 35703361
139 0
140 29111881
141 182356993
142 0
143 6601
144 0
145 0
146 790623289
147 74165065
148 0
149 340561
150 0
151 656601
152 0
153 1033669
154 0
155 181154701
156 6054985
157 0
158 230996949
159 2704801
160 17544679041
161 825265
162 0
163 0
164 2574243721
165 1857241
166 0
167 40280065
168 3057601
169 42887804961
170 75361
171 0
172 1886616373665
173 34087042891
174 413058601
175 0
176 1615681
177 0
178 0
179 325546585
180 0
181 0
182 10585
183 257495641
184 0
185 13992265
186 46483633
187 0
188 10402561
189 6733693
190 0
191 1678569121
192 0
193 0
194 1955324449
195 340561
196 1848112761
197 1074363265
198 314821
199 0
200 8341201
201 2821
202 0
203 29020321
204 334153
205 58856010081
206 544101481
207 74165065
208 0
209 426821473
210 530881
211 0
212 0
213 172081
214 0
215 34657141
216 748657
217 62267183533185
218 1050985
219 4382684065
220 0
221 60112885
222 62745
223 4173049274241
224 5632705
225 41041
226 0
227 41298985
228 16046641
229 0
230 1909001
231 10267951
232 0
233 14005499521
234 8911
235 0
236 10877581
237 0
238 0
239 1441316269
240 29341
241 0
242 9582145
243 64377991
244 0
245 14676481
246 2465
247 0
248 0
249 2230305949
250 236359158267
251 175997185
252 0
253 0
254 11119105
255 15841
256 0
257 130032865
258 26932081
259 45318561
260 4335241
261 14469841
262 0
263 75361
264 0
265 0
266 41041
267 413631505
268 675961912209921
269 0
270 1461241
271 0
272 67371265
273 15829633
274 0
275 449065
276 72286501
277 0
278 8270944801
279 10877581
280 561
281 80414269057
282 278545
283 0
284 6879465481
285 9439201
286 304044043521
287 0
288 997633
289 0
290 3034203361
291 173085121
292 0
293 114919915021
294 2113921
295 656601
296 28787185
297 825265
298 0
299 2508013
300 5049001
301 0
302 0
303 94536001
304 0
305 945959365
306 36765901
307 0
308 19384289
309 38637361
310 0
311 40280065
312 0
313 0
314 2433601
315 1193221
316 0
317 3664585
318 0
319 0
320 70561921
321 11972017
322 0
323 90698401
324 544101481
325 0
326 41298985
327 0
328 0
329 114910489
330 34901461
331 0
332 825265
333 5031181
334 0
335 852841
336 10402561
337 0
338 2642025673
339 182356993
340 77403893505
341 84311569
342 130032865
343 0
344 0
345 79624621
346 0
347 15403285
348 162401
349 939161538561
350 31405501
351 63973
352 62745
353 101101
354 547652161
355 0
356 683379841
357 0
358 101536702401
359 110765400481
360 52633
361 0
362 0
363 278152381
364 0
365 1569457
366 295643089
367 0
368 0
369 4909177
370 0
371 84350561
372 745864945
373 0
374 413631505
375 68154001
376 7281824001
377 0
378 6868261
379 0
380 7519441
381 188461
382 0
383 74165065
384 50201089
385 77403893505
386 419520241
387 0
388 0
389 16778881
390 67994641
391 0
392 31692805
393 542497201
394 11921001
395 0
396 29341
397 294628486347105
398 5685601141
399 20964961
400 0
401 4903921
402 225745345
403 60580578044001
404 44378446561
405 64377991
406 0
407 449065
408 334153
409 0
410 2438403661
411 8346731851
412 0
413 1746692641
414 79624621
415 0
416 0
417 18633869185
418 0
419 330983586241
420 0
421 6097778961
422 0
423 0
424 0
425 1050985
426 7995169
427 0
428 148689562561
429 9582145
430 0
431 255160621
432 92429188345
433 0
434 105869401
435 340561
436 0
437 0
438 1200778753
439 836229561461841
440 128697361
441 1349671681
442 3399464645479365585
443 981567505
444 0
445 0
446 20964961
447 75150127585
448 0
449 765245881
450 2433601
451 0
452 0
453 18900973
454 0
455 40622401
456 4375257601
457 0
458 393716701
459 2531845
460 0
461 67994641
462 0
463 0
464 600892993
465 0
466 7357194781706001
467 0
468 46483633
469 0
470 507726901
471 6601
472 0
473 7558388641
474 126217
475 230996949
476 5444489
477 0
478 1534274841
479 302751505
480 0
481 0
482 3224065
483 53245921
484 0
485 6155121421
486 2628073
487 0
488 3222053185
489 0
490 0
491 34138047673
492 21584305
493 0
494 111291181
495 8830801
496 0
497 3664585
498 1950276565
499 0
500 41041
501 2709611521
502 0
503 13992265
504 84417985
505 0
506 413138881
507 0
508 0
509 12760344961
510 473847121
511 0
512 0
513 0
514 0
515 434330401
516 4210922233
517 0
518 552721
519 130497361
520 3776882591682201
521 745864945
522 0
523 0
524 939947009
525 58489201
526 0
527 0
528 838201
529 28173681537
530 84350561
531 3102234751
532 0
533 172430401
534 851703301
535 0
536 12945745
537 0
538 480656935630257
539 74165065
540 0
541 0
542 0
543 18152272801
544 0
545 3347570941
546 3581761
547 0
548 13657063105
549 43620409
550 0
551 29465082049
552 1105
553 0
554 8885251441
555 101101
556 0
557 10967410945
558 775368901
559 0
560 338740417
561 743404663
562 0
563 0
564 529782121
565 0
566 557795161
567 77403893505
568 0
569 340561
570 1082809
571 0
572 231194965
573 2113921
574 5949649907586561
575 104569501
576 176659201
577 0
578 226509361
579 2455921
580 0
581 56549585233
582 74165065
583 655510549443465
584 18660149641
585 5481451
586 1886616373665
587 0
588 4752717761
589 0
590 193708801
591 0
592 0
593 27968406181
594 10402561
595 0
596 957044881
597 1999004365
598 0
599 100427041
600 7207201
601 684106401
602 0
603 75151441
604 0
605 181154701
606 6693621481
607 0
608 1337805505
609 2140538401
610 0
611 15039215101
612 0
613 0
614 10550902321
615 897880321
616 0
617 1050985
618 1420379065
619 0
620 825265
621 6049681
622 1886616373665
623 10877581
624 23382529
625 0
626 1362132541
627 0
628 5860426881
629 106339394161
630 46657
631 0
632 0
633 4463641
634 0
635 852841
636 8911
637 0
638 174352641
639 1194866101
640 0
641 63280622521
642 3224065
643 0
644 21584305
645 517937581
646 199438988001
647 1615335085
648 171454321
649 0
650 27062101
651 955134181
652 0
653 2111488561
654 2313774001
655 0
656 101101
657 959694999145
658 0
659 144377609419
660 8719921
661 0
662 0
663 557795161
664 55086689841
665 0
666 8927101
667 62745
668 72108421
669 7995169
670 0
671 53245921
672 12782849065
673 10031651841
674 12261061
675 37167361
676 1848112761
677 0
678 3284630713
679 0
680 90698401
681 13402361281
682 0
683 157596376201
684 0
685 0
686 13187665
687 0
688 0
689 0
690 15247621
691 180481509681
692 334783585
693 126217
694 0
695 4521794641
696 670033
697 0
698 631071001
699 14005499521
700 2220232577722881
701 9494101
702 0
703 0
704 5447713921
705 55462177
706 0
707 1332521065
708 188461
709 0
710 0
711 1442761201
712 0
713 4310730293521
714 226509361
715 0
716 88183003921
717 0
718 1534274841
719 2803378414477
720 697906561
721 0
722 0
723 35571601
724 0
725 153589801
726 225745345
727 0
728 237597361
729 129762001
730 0
731 1419339691
732 28021044745
733 0
734 25603201
735 529782121
736 7397902401
737 0
738 0
739 2176838049
740 271794601
741 18929704561
742 0
743 77111274241
744 1309440001
745 0
746 502565593321
747 1050985
748 0
749 66828386521
750 8719309
751 0
752 0
753 77826001
754 881715504450705
755 1521835381
756 121247281
757 0
758 48321001
759 0
760 0
761 13799091241
762 0
763 53868563841
764 2704801
765 288120421
766 0
767 602074585
768 45890209
769 0
770 340561
771 371345426881
772 0
773 2560104001
774 278152381
775 126394016001
776 1672719217
777 0
778 0
779 26719701
780 2199700321
781 11921001
782 6054985
783 2201169601
784 0
785 1301203515361
786 0
787 0
788 18785465281
789 41812581601
790 0
791 2436691321
792 1776450565
793 0
794 18382122451
795 8927101
796 0
797 0
798 43331401
799 0
800 33302401
801 6840001
802 607368553651905
803 745864945
804 11089049401
805 0
806 33300199505
807 825265
808 0
809 666676060161
810 36765901
811 0
812 0
813 60246018673
814 0
815 2339165521
816 836515681
817 0
818 153033820381
819 9439491061
820 0
821 70561921
822 6295936465
823 0
824 22665505
825 426821473
826 0
827 0
828 227752993
829 0
830 40430401
831 13330320301
832 0
833 569332177
834 8270944801
835 3247889259130881
836 0
837 0
838 0
839 934784929
840 0
841 0
842 36121345
843 9890881
844 158353658932305
845 84311569
846 10779325921
847 294628486347105
848 3249390145
849 11542494601
850 0
851 0
852 0
853 1334060626449
854 55462177
855 0
856 0
857 0
858 151530401
859 0
860 153927961
861 5165559169
862 0
863 6049681
864 1729
865 0
866 155999871721
867 1238761176445
868 0
869 334783585
870 257495641
871 0
872 1950276565
873 4212413569
874 2249558743641
875 0
876 393122521
877 0
878 6840001
879 97887454669
880 4449488694321
881 83966401
882 429553345
883 0
884 2704801
885 0
886 0
887 0
888 6313681
889 6243651372801
890 145124785
891 15888313
892 0
893 1527864562081
894 3441837421
895 0
896 2797002901
897 325546585
898 718345813641
899 1210178305
900 48628801
901 0
902 0
903 41298985
904 0
905 1163659861
906 0
907 0
908 106041937
909 413631505
910 0
911 3695285036521
912 0
913 0
914 638959321
915 492559141
916 0
917 99367251985
918 288572076001
919 0
920 83056054081
921 2113921
922 0
923 660950414671
924 0
925 662086041
926 100427041
927 13992265
928 0
929 0
930 775368901
931 0
932 41135881645
933 663162938677
934 0
935 139952671
936 1027334881
937 0
938 63734663077
939 835085057941
940 0
941 12782849065
942 440707345
943 0
944 99861985
945 172081
946 0
947 145124785
948 4463641
949 0
950 2690867401
951 153927961
952 0
953 97225715665
954 55462177
955 0
956 83946864769
957 55085381935585
958 0
959 58489201
960 278545
961 174352641
962 0
963 9216037441
964 0
965 238394136541
966 11205601
967 0
968 616463809
969 271481329
970 7013994612801
971 134857801
972 94706509885
973 2249558743641
974 482368435201
975 72286501
976 0
977 23839510465
978 80927821
979 39509680805445
980 2433601
981 838201
982 0
983 0
984 1362132541
985 0
986 94572608065
987 0
988 1678722910593
989 2117725921
990 182356993
991 0
992 13992265
993 14983655041
994 0
995 67994641
996 325546585
997 0
998 650186321401
999 31956012001
1000 2273595031401
