1 1
2 2
3 3
4 4
5 5
6 6
7 7
8 8
9 9
10 10
11 11
12 12
13 22
14 24
15 33
16 36
17 44
18 48
19 55
20 60
21 66
22 72
23 77
24 84
25 88
26 96
27 99
28 108
29 110
30 120
31 121
32 132
33 144
34 154
35 156
36 161
37 165
38 168
39 170
40 176
41 180
42 184
43 187
44 198
45 204
46 207
47 209
48 220
49 230
50 231
51 242
52 253
53 264
54 276
55 286
56 288
57 297
58 299
59 300
60 306
61 308
62 312
63 315
64 319
65 322
66 330
67 336
68 340
69 341
70 345
71 352
72 360
73 363
74 368
75 374
76 385
77 391
78 396
79 408
80 414
81 418
82 432
83 440
84 442
85 444
86 445
87 448
88 450
89 451
90 462
91 468
92 469
93 473
94 476
95 484
96 495
97 504
98 506
99 510
100 517
101 528
102 540
103 544
104 550
105 572
106 575
107 576
108 583
109 585
110 594
111 600
112 603
113 605
114 616
115 624
116 627
117 630
118 638
119 646
120 649
121 660
122 672
123 675
124 680
125 682
126 704
127 714
128 720
129 726
130 728
131 732
132 737
133 748
134 759
135 765
136 770
137 780
138 781
139 784
140 792
141 804
142 810
143 814
144 836
145 840
146 850
147 855
148 858
149 864
150 869
151 871
152 880
153 888
154 890
155 891
156 896
157 900
158 902
159 913
160 924
161 936
162 938
163 945
164 946
165 952
166 968
167 990
168 1008
169 1012
170 1014
171 1023
172 1034
173 1045
174 1056
175 1064
176 1068
177 1072
178 1078
179 1092
180 1100
181 1120
182 1122
183 1125
184 1144
185 1152
186 1155
187 1157
188 1166
189 1170
190 1177
191 1188
192 1200
193 1206
194 1210
195 1232
196 1248
197 1254
198 1273
199 1276
200 1288
201 1296
202 1298
203 1300
204 1309
205 1320
206 1326
207 1332
208 1335
209 1340
210 1342
211 1364
212 1386
213 1400
214 1404
215 1407
216 1408
217 1430
218 1440
219 1441
220 1443
221 1452
222 1464
223 1474
224 1482
225 1496
226 1500
227 1513
228 1518
229 1540
230 1541
231 1560
232 1562
233 1568
234 1584
235 1586
236 1596
237 1600
238 1602
239 1606
240 1628
241 1638
242 1650
243 1672
244 1675
245 1694
246 1716
247 1728
248 1738
249 1740
250 1749
251 1752
252 1760
253 1764
254 1765
255 1768
256 1770
257 1771
258 1778
259 1782
260 1788
261 1791
262 1793
263 1804
264 1815
265 1826
266 1830
267 1837
268 1848
269 1860
270 1862
271 1869
272 1870
273 1872
274 1875
275 1880
276 1881
277 1884
278 1890
279 1892
280 1896
281 1903
282 1914
283 1920
284 1925
285 1932
286 1936
287 1944
288 1947
289 1952
290 1958
291 1969
292 1980
293 1992
294 1995
295 1998
296 2000
297 2002
298 2016
299 2024
300 2028
301 2032
302 2035
303 2040
304 2046
305 2052
306 2057
307 2068
308 2074
309 2079
310 2088
311 2090
312 2100
313 2101
314 2109
315 2112
316 2124
317 2128
318 2134
319 2156
320 2160
321 2163
322 2167
323 2170
324 2178
325 2184
326 2187
327 2189
328 2200
329 2208
330 2210
331 2211
332 2222
333 2233
334 2244
335 2256
336 2261
337 2266
338 2288
339 2300
340 2310
341 2316
342 2317
343 2320
344 2321
345 2324
346 2325
347 2332
348 2343
349 2354
350 2365
351 2376
352 2388
353 2394
354 2398
355 2420
356 2440
357 2442
358 2448
359 2453
360 2464
361 2472
362 2475
363 2478
364 2480
365 2484
366 2486
367 2490
368 2497
369 2508
370 2520
371 2527
372 2530
373 2552
374 2553
375 2562
376 2574
377 2596
378 2607
379 2618
380 2629
381 2632
382 2635
383 2640
384 2652
385 2655
386 2656
387 2660
388 2662
389 2684
390 2706
391 2728
392 2736
393 2739
394 2750
395 2760
396 2761
397 2772
398 2784
399 2786
400 2790
401 2793
402 2794
403 2806
404 2816
405 2820
406 2822
407 2832
408 2838
409 2860
410 2880
411 2882
412 2893
413 2904
414 2916
415 2926
416 2940
417 2945
418 2948
419 2970
420 2988
421 2992
422 2997
423 3014
424 3025
425 3036
426 3048
427 3058
428 3059
429 3080
430 3100
431 3102
432 3124
433 3146
434 3168
435 3180
436 3184
437 3186
438 3190
439 3196
440 3212
441 3234
442 3255
443 3256
444 3278
445 3294
446 3300
447 3312
448 3315
449 3320
450 3322
451 3344
452 3360
453 3363
454 3366
455 3384
456 3388
457 3410
458 3416
459 3432
460 3441
461 3456
462 3465
463 3468
464 3470
465 3472
466 3474
467 3476
468 3480
469 3487
470 3498
471 3504
472 3509
473 3520
474 3528
475 3530
476 3531
477 3536
478 3542
479 3553
480 3556
481 3564
482 3570
483 3572
484 3576
485 3582
486 3586
487 3588
488 3600
489 3608
490 3612
491 3616
492 3619
493 3626
494 3630
495 3636
496 3640
497 3641
498 3645
499 3652
500 3663
501 3672
502 3674
503 3685
504 3696
505 3708
506 3710
507 3712
508 3717
509 3718
510 3740
511 3744
512 3745
513 3750
514 3751
515 3762
516 3768
517 3771
518 3773
519 3780
520 3784
521 3792
522 3795
523 3806
524 3810
525 3817
526 3828
527 3840
528 3850
529 3864
530 3872
531 3875
532 3894
533 3900
534 3905
535 3916
536 3927
537 3938
538 3944
539 3949
540 3960
541 3972
542 3975
543 3978
544 3980
545 3982
546 3990
547 4004
548 4026
549 4030
550 4032
551 4037
552 4048
553 4056
554 4059
555 4064
556 4068
557 4070
558 4080
559 4081
560 4092
561 4104
562 4114
563 4131
564 4136
565 4140
566 4150
567 4158
568 4180
569 4190
570 4191
571 4199
572 4202
573 4213
574 4224
575 4236
576 4240
577 4246
578 4268
579 4290
580 4312
581 4316
582 4320
583 4323
584 4326
585 4334
586 4345
587 4356
588 4368
589 4374
590 4378
591 4400
592 4408
593 4410
594 4416
595 4420
596 4422
597 4425
598 4444
599 4464
600 4466
601 4470
602 4477
603 4480
604 4488
605 4500
606 4505
607 4510
608 4532
609 4554
610 4572
611 4576
612 4577
613 4598
614 4602
615 4609
616 4617
617 4620
618 4632
619 4634
620 4635
621 4640
622 4641
623 4642
624 4664
625 4686
626 4692
627 4700
628 4708
629 4730
630 4752
631 4764
632 4768
633 4770
634 4774
635 4788
636 4796
637 4800
638 4818
639 4826
640 4830
641 4840
642 4860
643 4862
644 4872
645 4884
646 4888
647 4896
648 4906
649 4928
650 4944
651 4950
652 4968
653 4972
654 4975
655 4994
656 5016
657 5060
658 5066
659 5080
660 5082
661 5083
662 5103
663 5104
664 5126
665 5133
666 5146
667 5148
668 5174
669 5181
670 5184
671 5192
672 5196
673 5200
674 5203
675 5214
676 5220
677 5225
678 5236
679 5247
680 5250
681 5253
682 5256
683 5258
684 5269
685 5280
686 5292
687 5295
688 5296
689 5300
690 5302
691 5304
692 5324
693 5328
694 5335
695 5340
696 5346
697 5352
698 5355
699 5357
700 5368
701 5376
702 5379
703 5390
704 5400
705 5401
706 5404
707 5412
708 5424
709 5434
710 5440
711 5453
712 5456
713 5460
714 5474
715 5478
716 5484
717 5489
718 5500
719 5510
720 5511
721 5522
722 5533
723 5544
724 5556
725 5558
726 5562
727 5565
728 5566
729 5588
730 5589
731 5610
732 5616
733 5620
734 5621
735 5625
736 5627
737 5628
738 5632
739 5640
740 5643
741 5648
742 5652
743 5654
744 5662
745 5665
746 5676
747 5688
748 5698
749 5712
750 5720
751 5740
752 5742
753 5746
754 5764
755 5775
756 5786
757 5790
758 5797
759 5808
760 5814
761 5820
762 5824
763 5830
764 5842
765 5852
766 5871
767 5874
768 5896
769 5904
770 5907
771 5918
772 5929
773 5940
774 5952
775 5955
776 5958
777 5960
778 5962
779 5984
780 6000
781 6001
782 6006
783 6027
784 6028
785 6032
786 6048
787 6050
788 6060
789 6061
790 6072
791 6080
792 6084
793 6094
794 6095
795 6116
796 6120
797 6138
798 6156
799 6160
800 6180
801 6182
802 6188
803 6193
804 6204
805 6216
806 6226
807 6248
808 6258
809 6270
810 6289
811 6292
812 6314
813 6318
814 6336
815 6348
816 6352
817 6354
818 6358
819 6375
820 6380
821 6400
822 6402
823 6424
824 6446
825 6468
826 6480
827 6482
828 6489
829 6490
830 6498
831 6512
832 6528
833 6534
834 6552
835 6556
836 6561
837 6578
838 6600
839 6601
840 6604
841 6636
842 6644
843 6666
844 6688
845 6710
846 6720
847 6728
848 6732
849 6765
850 6766
851 6776
852 6780
853 6798
854 6820
855 6840
856 6842
857 6851
858 6854
859 6858
860 6864
861 6888
862 6890
863 6897
864 6900
865 6912
866 6919
867 6930
868 6936
869 6937
870 6939
871 6940
872 6941
873 6944
874 6945
875 6952
876 6960
877 6963
878 6974
879 6985
880 6996
881 7008
882 7018
883 7020
884 7040
885 7062
886 7068
887 7073
888 7084
889 7095
890 7098
891 7106
892 7110
893 7117
894 7123
895 7125
896 7128
897 7140
898 7146
899 7150
900 7172
901 7175
902 7182
903 7194
904 7200
905 7205
906 7216
907 7224
908 7227
909 7232
910 7236
911 7238
912 7249
913 7252
914 7260
915 7272
916 7275
917 7280
918 7282
919 7304
920 7310
921 7326
922 7334
923 7348
924 7359
925 7370
926 7380
927 7381
928 7392
929 7404
930 7406
931 7408
932 7413
933 7414
934 7436
935 7440
936 7450
937 7458
938 7462
939 7480
940 7488
941 7490
942 7491
943 7497
944 7502
945 7513
946 7524
947 7536
948 7542
949 7543
950 7546
951 7560
952 7568
953 7584
954 7590
955 7612
956 7613
957 7632
958 7634
959 7645
960 7656
961 7668
962 7678
963 7684
964 7700
965 7720
966 7722
967 7725
968 7740
969 7744
970 7748
971 7749
972 7752
973 7766
974 7777
975 7788
976 7800
977 7810
978 7832
979 7854
980 7866
981 7875
982 7876
983 7898
984 7920
985 7932
986 7935
987 7936
988 7938
989 7940
990 7942
991 7961
992 7964
993 7986
994 8000
995 8008
996 8030
997 8034
998 8036
999 8046
1000 8052
1001 8064
1002 8074
1003 8096
1004 8100
1005 8106
1006 8112
1007 8118
1008 8119
1009 8136
1010 8140
1011 8160
1012 8162
1013 8184
1014 8228
1015 8245
1016 8250
1017 8272
1018 8275
1019 8294
1020 8316
1021 8320
1022 8323
1023 8343
1024 8344
1025 8349
1026 8360
1027 8372
1028 8379
1029 8380
1030 8382
1031 8404
1032 8426
1033 8448
1034 8472
1035 8480
1036 8481
1037 8514
1038 8532
1039 8536
1040 8550
1041 8558
1042 8568
1043 8580
1044 8606
1045 8610
1046 8613
1047 8636
1048 8640
1049 8646
1050 8652
1051 8657
1052 8668
1053 8679
1054 8690
1055 8700
1056 8701
1057 8712
1058 8724
1059 8730
1060 8734
1061 8736
1062 8756
1063 8760
1064 8778
1065 8784
1066 8785
1067 8789
1068 8792
1069 8800
1070 8806
1071 8808
1072 8810
1073 8811
1074 8816
1075 8820
1076 8822
1077 8833
1078 8844
1079 8856
1080 8866
1081 8878
1082 8888
1083 8910
1084 8932
1085 8943
1086 8946
1087 8954
1088 8965
1089 8976
1090 8988
1091 8992
1092 8993
1093 8998
1094 9006
1095 9020
1096 9030
1097 9040
1098 9042
1099 9064
1100 9072
1101 9075
1102 9086
1103 9090
1104 9097
1105 9100
1106 9108
1107 9120
1108 9126
1109 9130
1110 9131
1111 9152
1112 9168
1113 9174
1114 9178
1115 9180
1116 9196
1117 9216
1118 9218
1119 9229
1120 9240
1121 9252
1122 9254
1123 9255
1124 9260
1125 9261
1126 9262
1127 9284
1128 9306
1129 9324
1130 9328
1131 9350
1132 9360
1133 9361
1134 9367
1135 9372
1136 9384
1137 9394
1138 9408
1139 9416
1140 9420
1141 9424
1142 9438
1143 9460
1144 9464
1145 9480
1146 9482
1147 9492
1148 9504
1149 9516
1150 9520
1151 9522
1152 9526
1153 9548
1154 9554
1155 9570
1156 9592
1157 9599
1158 9614
1159 9636
1160 9637
1161 9648
1162 9658
1163 9680
1164 9696
1165 9700
1166 9702
1167 9720
1168 9723
1169 9724
1170 9746
1171 9750
1172 9768
1173 9812
1174 9834
1175 9842
1176 9856
1177 9878
1178 9884
1179 9890
1180 9900
1181 9918
1182 9920
1183 9925
1184 9930
1185 9933
1186 9944
1187 9954
1188 9966
1189 9988
1190 10010
1191 10032
1192 10036
1193 10056
1194 10065
1195 10080
1196 10098
1197 10116
1198 10120
1199 10125
1200 10140
1201 10142
1202 10143
1203 10164
1204 10192
1205 10197
1206 10200
1207 10224
1208 10230
1209 10252
1210 10260
1211 10274
1212 10296
1213 10320
1214 10322
1215 10329
1216 10362
1217 10368
1218 10373
1219 10384
1220 10392
1221 10395
1222 10400
1223 10404
1224 10406
1225 10410
1226 10417
1227 10428
1228 10440
1229 10450
1230 10452
1231 10469
1232 10472
1233 10475
1234 10489
1235 10494
1236 10516
1237 10527
1238 10538
1239 10549
1240 10560
1241 10572
1242 10575
1243 10576
1244 10580
1245 10582
1246 10604
1247 10626
1248 10647
1249 10648
1250 10649
1251 10656
1252 10659
1253 10670
1254 10676
1255 10678
1256 10680
1257 10681
1258 10692
1259 10704
1260 10710
1261 10714
1262 10736
1263 10740
1264 10750
1265 10752
1266 10758
1267 10780
1268 10800
1269 10802
1270 10813
1271 10824
1272 10836
1273 10846
1274 10863
1275 10868
1276 10878
1277 10887
1278 10890
1279 10894
1280 10902
1281 10908
1282 10912
1283 10934
1284 10943
1285 10945
1286 10948
1287 10956
1288 10968
1289 10978
1290 11000
1291 11020
1292 11022
1293 11025
1294 11044
1295 11066
1296 11088
1297 11096
1298 11100
1299 11102
1300 11104
1301 11106
1302 11109
1303 11110
1304 11132
1305 11154
1306 11155
1307 11176
1308 11180
1309 11194
1310 11198
1311 11220
1312 11232
1313 11235
1314 11237
1315 11240
1316 11242
1317 11256
1318 11264
1319 11280
1320 11286
1321 11300
1322 11304
1323 11305
1324 11308
1325 11313
1326 11330
1327 11340
1328 11352
1329 11396
1330 11400
1331 11408
1332 11418
1333 11424
1334 11440
1335 11460
1336 11462
1337 11466
1338 11484
1339 11513
1340 11517
1341 11528
1342 11550
1343 11571
1344 11572
1345 11575
1346 11594
1347 11610
1348 11616
1349 11625
1350 11640
1351 11648
1352 11649
1353 11680
1354 11682
1355 11700
1356 11704
1357 11726
1358 11732
1359 11748
1360 11752
1361 11781
1362 11808
1363 11814
1364 11836
1365 11850
1366 11858
1367 11880
1368 11904
1369 11907
1370 11910
1371 11913
1372 11946
1373 11968
1374 11990
1375 12012
1376 12038
1377 12040
1378 12045
1379 12078
1380 12096
1381 12100
1382 12110
1383 12111
1384 12122
1385 12133
1386 12141
1387 12144
1388 12156
1389 12160
1390 12166
1391 12167
1392 12168
1393 12172
1394 12180
1395 12188
1396 12210
1397 12232
1398 12240
1399 12243
1400 12254
1401 12265
1402 12276
1403 12288
1404 12294
1405 12298
1406 12320
1407 12336
1408 12340
1409 12342
1410 12350
1411 12364
1412 12384
1413 12386
1414 12390
1415 12397
1416 12408
1417 12420
1418 12430
1419 12452
1420 12474
1421 12492
1422 12495
1423 12496
1424 12501
1425 12518
1426 12529
1427 12540
1428 12546
1429 12552
1430 12555
1431 12559
1432 12560
1433 12562
1434 12584
1435 12606
1436 12610
1437 12628
1438 12650
1439 12656
1440 12672
1441 12684
1442 12688
1443 12690
1444 12694
1445 12716
1446 12720
1447 12726
1448 12733
1449 12738
1450 12760
1451 12768
1452 12780
1453 12782
1454 12789
1455 12798
1456 12804
1457 12816
1458 12826
1459 12848
1460 12864
1461 12870
1462 12888
1463 12892
1464 12896
1465 12914
1466 12926
1467 12936
1468 12950
1469 12977
1470 12980
1471 13000
1472 13002
1473 13024
1474 13046
1475 13068
1476 13095
1477 13101
1478 13104
1479 13107
1480 13112
1481 13134
1482 13156
1483 13178
1484 13179
1485 13182
1486 13188
1487 13200
1488 13224
1489 13225
1490 13230
1491 13233
1492 13266
1493 13284
1494 13288
1495 13310
1496 13330
1497 13332
1498 13365
1499 13392
1500 13395
1501 13398
1502 13419
1503 13420
1504 13427
1505 13432
1506 13440
1507 13442
1508 13464
1509 13468
1510 13488
1511 13497
1512 13498
1513 13500
1514 13510
1515 13530
1516 13552
1517 13574
1518 13580
1519 13596
1520 13629
1521 13662
1522 13671
1523 13680
1524 13684
1525 13685
1526 13689
1527 13706
1528 13728
1529 13746
1530 13752
1531 13754
1532 13760
1533 13761
1534 13794
1535 13824
1536 13827
1537 13838
1538 13849
1539 13855
1540 13860
1541 13872
1542 13874
1543 13875
1544 13878
1545 13880
1546 13881
1547 13882
1548 13884
1549 13904
1550 13920
1551 13926
1552 13938
1553 13948
1554 13968
1555 13970
1556 13980
1557 13981
1558 13992
1559 14004
1560 14014
1561 14022
1562 14028
1563 14036
1564 14040
1565 14042
1566 14050
1567 14058
1568 14076
1569 14080
1570 14100
1571 14102
1572 14113
1573 14124
1574 14136
1575 14146
1576 14168
1577 14190
1578 14191
1579 14212
1580 14234
1581 14256
1582 14268
1583 14272
1584 14274
1585 14278
1586 14300
1587 14320
1588 14322
1589 14325
1590 14326
1591 14343
1592 14344
1593 14366
1594 14384
1595 14388
1596 14400
1597 14410
1598 14416
1599 14432
1600 14440
1601 14444
1602 14448
1603 14454
1604 14472
1605 14476
1606 14498
1607 14504
1608 14520
1609 14564
1610 14574
1611 14586
1612 14600
1613 14608
1614 14612
1615 14630
1616 14652
1617 14685
1618 14696
1619 14697
1620 14700
1621 14718
1622 14740
1623 14760
1624 14762
1625 14784
1626 14808
1627 14812
1628 14816
1629 14817
1630 14850
1631 14858
1632 14868
1633 14872
1634 14875
1635 14877
1636 14894
1637 14898
1638 14916
1639 14949
1640 14976
1641 14977
1642 14980
1643 14982
1644 15004
1645 15022
1646 15026
1647 15035
1648 15036
1649 15048
1650 15072
1651 15081
1652 15114
1653 15136
1654 15150
1655 15158
1656 15174
1657 15180
1658 15184
1659 15210
1660 15213
1661 15246
1662 15264
1663 15267
1664 15268
1665 15276
1666 15290
1667 15312
1668 15336
1669 15341
1670 15345
1671 15368
1672 15376
1673 15378
1674 15420
1675 15422
1676 15425
1677 15428
1678 15444
1679 15456
1680 15470
1681 15471
1682 15477
1683 15503
1684 15510
1685 15520
1686 15540
1687 15543
1688 15552
1689 15554
1690 15565
1691 15568
1692 15576
1693 15588
1694 15598
1695 15600
1696 15620
1697 15640
1698 15642
1699 15660
1700 15664
1701 15686
1702 15697
1703 15708
1704 15720
1705 15722
1706 15725
1707 15729
1708 15730
1709 15752
1710 15774
1711 15796
1712 15818
1713 15840
1714 15852
1715 15855
1716 15856
1717 15858
1718 15860
1719 15862
1720 15876
1721 15884
1722 15903
1723 15906
1724 15912
1725 15928
1726 15950
1727 15960
1728 15962
1729 15972
1730 15975
1731 15979
1732 15984
1733 15994
1734 16016
1735 16020
1736 16032
1737 16038
1738 16042
1739 16056
1740 16060
1741 16065
1742 16080
1743 16082
1744 16104
1745 16148
1746 16170
1747 16191
1748 16192
1749 16214
1750 16215
1751 16236
1752 16250
1753 16269
1754 16280
1755 16286
1756 16300
1757 16302
1758 16321
1759 16324
1760 16328
1761 16346
1762 16352
1763 16362
1764 16368
1765 16392
1766 16399
1767 16401
1768 16422
1769 16434
1770 16452
1771 16456
1772 16468
1773 16478
1774 16500
1775 16525
1776 16530
1777 16533
1778 16560
1779 16566
1780 16588
1781 16610
1782 16614
1783 16617
1784 16632
1785 16656
1786 16659
1787 16660
1788 16665
1789 16698
1790 16720
1791 16721
1792 16740
1793 16742
1794 16764
1795 16797
1796 16800
1797 16830
1798 16848
1799 16852
1800 16874
1801 16884
1802 16896
1803 16900
1804 16920
1805 16928
1806 16929
1807 16936
1808 16956
1809 16962
1810 16968
1811 16975
1812 17006
1813 17028
1814 17061
1815 17081
1816 17094
1817 17127
1818 17131
1819 17138
1820 17160
1821 17184
1822 17186
1823 17190
1824 17193
1825 17226
1826 17238
1827 17259
1828 17280
1829 17281
1830 17292
1831 17304
1832 17314
1833 17316
1834 17336
1835 17340
1836 17346
1837 17350
1838 17358
1839 17366
1840 17380
1841 17400
1842 17402
1843 17422
1844 17424
1845 17436
1846 17440
1847 17442
1848 17446
1849 17468
1850 17480
1851 17490
1852 17512
1853 17534
1854 17550
1855 17556
1856 17568
1857 17570
1858 17575
1859 17577
1860 17578
1861 17595
1862 17600
1863 17616
1864 17620
1865 17622
1866 17625
1867 17640
1868 17644
1869 17666
1870 17688
1871 17724
1872 17732
1873 17733
1874 17754
1875 17758
1876 17776
1877 17784
1878 17798
1879 17808
1880 17820
1881 17847
1882 17850
1883 17853
1884 17864
1885 17886
1886 17900
1887 17908
1888 17930
1889 17952
1890 17976
1891 17984
1892 17985
1893 17986
1894 18000
1895 18018
1896 18036
1897 18039
1898 18040
1899 18044
1900 18060
1901 18062
1902 18084
1903 18104
1904 18117
1905 18130
1906 18144
1907 18150
1908 18156
1909 18172
1910 18175
1911 18194
1912 18200
1913 18212
1914 18216
1915 18240
1916 18249
1917 18282
1918 18304
1919 18326
1920 18330
1921 18348
1922 18381
1923 18414
1924 18430
1925 18432
1926 18436
1927 18441
1928 18450
1929 18458
1930 18480
1931 18492
1932 18504
1933 18508
1934 18510
1935 18513
1936 18515
1937 18531
1938 18546
1939 18590
1940 18612
1941 18616
1942 18645
1943 18678
1944 18688
1945 18711
1946 18720
1947 18722
1948 18725
1949 18732
1950 18738
1951 18744
1952 18745
1953 18768
1954 18777
1955 18786
1956 18810
1957 18816
1958 18840
1959 18843
1960 18848
1961 18876
1962 18902
1963 18909
1964 18942
1965 18975
1966 18983
1967 19008
1968 19020
1969 19024
1970 19026
1971 19030
1972 19032
1973 19038
1974 19052
1975 19074
1976 19096
1977 19118
1978 19124
1979 19127
1980 19140
1981 19152
1982 19155
1983 19160
1984 19162
1985 19184
1986 19194
1987 19200
1988 19206
1989 19224
1990 19228
1991 19250
1992 19251
1993 19272
1994 19275
1995 19316
1996 19320
1997 19338
1998 19360
1999 19380
2000 19382
2001 19404
2002 19432
2003 19437
2004 19448
2005 19456
2006 19465
2007 19470
2008 19474
2009 19492
2010 19504
2011 19514
2012 19536
2013 19550
2014 19560
2015 19569
2016 19600
2017 19602
2018 19620
2019 19624
2020 19629
2021 19646
2022 19656
2023 19668
2024 19701
2025 19728
2026 19734
2027 19756
2028 19757
2029 19760
2030 19778
2031 19800
2032 19807
2033 19809
2034 19824
2035 19825
2036 19830
2037 19833
2038 19856
2039 19866
2040 19874
2041 19887
2042 19888
2043 19910
2044 19926
2045 19932
2046 19965
2047 19998
2048 20016
2049 20020
2050 20040
2051 20042
2052 20046
2053 20048
2054 20064
2055 20088
2056 20096
2057 20097
2058 20100
2059 20126
2060 20130
2061 20150
2062 20174
2063 20196
2064 20223
2065 20229
2066 20230
2067 20262
2068 20295
2069 20306
2070 20328
2071 20332
2072 20352
2073 20356
2074 20361
2075 20387
2076 20394
2077 20427
2078 20440
2079 20460
2080 20490
2081 20491
2082 20493
2083 20520
2084 20526
2085 20559
2086 20592
2087 20616
2088 20618
2089 20625
2090 20658
2091 20664
2092 20691
2093 20720
2094 20724
2095 20736
