0 1
1 1
2 1
3 2
4 1
5 1
6 2
7 1
8 1
9 2
10 1
11 3
12 2
13 1
14 1
15 4
16 2
17 1
18 2
19 1
20 1
21 2
22 1
23 5
24 2
25 1
26 3
27 2
28 1
29 1
30 8
31 2
32 1
33 2
34 1
35 1
36 4
37 2
38 1
39 2
40 1
41 7
42 2
43 1
44 3
45 4
46 2
47 1
48 2
49 1
50 1
51 2
52 1
53 1
54 2
55 1
56 7
57 4
58 5
59 3
60 4
61 2
62 1
63 2
64 1
65 3
66 2
67 1
68 1
69 10
70 3
71 3
72 2
73 1
74 1
75 4
76 2
77 1
78 4
79 2
80 1
81 2
82 1
83 5
84 2
85 1
86 3
87 2
88 1
89 1
90 4
91 3
92 3
93 2
94 1
95 1
96 2
97 1
98 1
99 6
100 5
101 3
102 6
103 2
104 1
105 4
106 4
107 3
108 4
109 2
110 1
111 2
112 1
113 1
114 2
115 1
116 3
117 2
118 1
119 1
120 4
121 3
122 5
123 2
124 1
125 5
126 2
127 1
128 9
129 2
130 1
131 3
132 2
133 1
134 1
135 20
136 2
137 1
138 2
139 1
140 1
141 6
142 3
143 29
144 2
145 1
146 7
147 4
148 4
149 3
150 4
151 2
152 1
153 2
154 1
155 1
156 2
157 1
158 5
159 6
160 4
161 3
162 6
163 2
164 1
165 4
166 2
167 1
168 4
169 3
170 3
171 2
172 1
173 1
174 2
175 1
176 27
177 2
178 1
179 3
180 8
181 2
182 1
183 4
184 2
185 1
186 4
187 2
188 1
189 2
190 1
191 15
192 2
193 1
194 3
195 8
196 2
197 1
198 2
199 1
200 3
201 4
202 2
203 1
204 10
205 3
206 3
207 2
208 1
209 1
210 8
211 3
212 3
213 2
214 1
215 1
216 4
217 2
218 1
219 2
220 1
221 7
222 2
223 1
224 3
225 4
226 2
227 1
228 2
229 1
230 1
231 2
232 1
233 5
234 10
235 3
236 7
237 2
238 1
239 3
240 20
241 2
242 1
243 2
244 1
245 3
246 4
247 2
248 1
249 2
250 1
251 7
252 2
253 1
254 5
255 16
256 3
257 3
258 2
259 1
260 1
261 6
262 4
263 9
264 6
265 4
266 3
267 6
268 2
269 1
270 4
271 2
272 1
273 4
274 3
275 9
276 2
277 1
278 9
279 2
280 1
281 3
282 2
283 1
284 1
285 4
286 2
287 1
288 4
289 3
290 5
291 2
292 1
293 5
294 2
295 1
296 3
297 2
298 1
299 1
300 4
301 2
302 1
303 8
304 2
305 1
306 2
307 1
308 1
309 6
310 5
311 3
312 4
313 2
314 1
315 4
316 3
317 3
318 2
319 1
320 1
321 2
322 1
323 13
324 2
325 1
326 3
327 2
328 1
329 1
330 4
331 6
332 3
333 4
334 2
335 1
336 2
337 1
338 5
339 2
340 1
341 3
342 4
343 2
344 1
345 8
346 3
347 5
348 2
349 1
350 3
351 4
352 2
353 1
354 6
355 3
356 19
357 2
358 1
359 3
360 8
361 2
362 1
363 4
364 2
365 1
366 6
367 2
368 1
369 2
370 1
371 3
372 4
373 2
374 1
375 24
376 2
377 1
378 2
379 1
380 3
381 6
382 2
383 1
384 2
385 1
386 955
387 6
388 5
389 3
390 4
391 2
392 1
393 10
394 3
395 5
396 2
397 1
398 5
399 6
400 3
401 3
402 2
403 1
404 1
405 4
406 3
407 3
408 2
409 1
410 1
411 2
412 1
413 1
414 30
415 3
416 15
417 2
418 1
419 7
420 4
421 4
422 3
423 4
424 2
425 1
426 2
427 1
428 1
429 2
430 1
431 7
432 4
433 4
434 3
435 4
436 2
437 1
438 2
439 1
440 1
441 2
442 1
443 5
444 6
445 4
446 7
447 4
448 5
449 3
450 108
451 2
452 1
453 2
454 1
455 3
456 4
457 2
458 1
459 6
460 3
461 7
462 2
463 1
464 3
465 4
466 2
467 1
468 2
469 1
470 7
471 2
472 1
473 9
474 2
475 1
476 11
477 4
478 6
479 3
480 4
481 2
482 1
483 2
484 1
485 9
486 2
487 1
488 5
489 2
490 1
491 3
492 6
493 2
494 1
495 12
496 2
497 1
498 4
499 5
500 3
501 4
502 2
503 1
504 2
505 1
506 3
507 2
508 1
509 1
510 8
511 3
512 3
513 2
514 1
515 1
516 4
517 2
518 1
519 6
520 3
521 3
522 2
523 1
524 1
525 8
526 3
527 3
528 2
529 1
530 1
531 8
532 2
533 1
534 18
535 4
536 7
537 4
538 4
539 3
540 4
541 2
542 1
543 2
544 1
545 1
546 2
547 1
548 5
549 2
550 1
551 7
552 2
553 1
554 3
555 8
556 2
557 1
558 6
559 2
560 1
561 6
562 2
563 1
564 6
565 5
566 11
567 4
568 4
569 5
570 12
571 3
572 3
573 2
574 1
575 1
576 6
577 3
578 9
579 2
580 1
581 3
582 4
583 2
584 1
585 4
586 3
587 7
588 2
589 1
590 5
591 2
592 1
593 9
594 2
595 1
596 3
597 6
598 2
599 1
600 4
601 8
602 3
603 4
604 2
605 1
606 2
607 1
608 5
609 2
610 1
611 3
612 2
613 1
614 1
615 8
616 2
617 1
618 6
619 6
620 3
621 4
622 2
623 1
624 10
625 3
626 7
627 2
628 1
629 5
630 4
631 4
632 5
633 4
634 3
635 3
636 2
637 1
638 1
639 2
640 1
641 3
642 2
643 1
644 1
645 4
646 2
647 1
648 2
649 1
650 1
651 2
652 1
653 45
654 6
655 3
656 3
657 2
658 1
659 1
660 12
661 2
662 1
663 8
664 5
665 7
666 10
667 5
668 17
669 30
670 5
671 7
672 4
673 10
674 5
675 4
676 3
677 7
678 2
679 1
680 7
681 2
682 1
683 5
684 2
685 1
686 3
687 6
688 2
689 1
690 8
691 4
692 11
693 6
694 6
695 3
696 4
697 2
698 1
699 10
700 3
701 7
702 2
703 1
704 11
705 4
706 4
707 3
708 4
709 2
710 1
711 2
712 1
713 1
714 2
715 1
716 39
717 2
718 1
719 3
720 8
721 2
722 1
723 2
724 1
725 1
726 8
727 2
728 1
729 6
730 5
731 3
732 4
733 2
734 1
735 4
736 3
737 3
738 2
739 1
740 1
741 2
742 1
743 1
744 2
745 1
746 7
747 2
748 1
749 5
750 28
751 3
752 9
753 2
754 1
755 5
756 16
757 3
758 5
759 2
760 1
761 3
762 10
763 2
764 1
765 8
766 4
767 3
768 4
769 2
770 1
771 4
772 2
773 1
774 2
775 1
776 31
777 2
778 1
779 3
780 12
781 2
782 1
783 2
784 1
785 3
786 6
787 2
788 1
789 2
790 1
791 11
792 4
793 5
794 3
795 4
796 2
797 1
798 2
799 1
800 3
801 2
802 1
803 1
804 2
805 1
806 3
807 2
808 1
809 1
810 4
811 2
812 1
813 126
814 3
815 5
816 2
817 1
818 5
819 10
820 4
821 11
822 6
823 4
824 3
825 4
826 2
827 1
828 6
829 2
830 1
831 2
832 1
833 1
834 6
835 11
836 7
837 8
838 4
839 11
840 4
841 4
842 3
843 10
844 2
845 1
846 2
847 1
848 1
849 18
850 3
851 7
852 2
853 1
854 5
855 12
856 3
857 3
858 2
859 1
860 1
861 6
862 3
863 5
864 2
865 1
866 3
867 14
868 2
869 1
870 8
871 2
872 1
873 6
874 2
875 1
876 10
877 2
878 1
879 6
880 4
881 19
882 10
883 4
884 3
885 4
886 2
887 1
888 10
889 2
890 1
891 2
892 1
893 1
894 18
895 5
896 3
897 4
898 2
899 1
900 12
901 3
902 7
903 2
904 1
905 33
906 6
907 3
908 13
909 2
910 1
911 3
912 6
913 2
914 1
915 4
916 8
917 5
918 6
919 3
920 5
921 2
922 1
923 5
924 6
925 4
926 3
927 4
928 2
929 1
930 4
931 2
932 1
933 2
934 1
935 1
936 2
937 1
938 1
939 10
940 3
941 7
942 2
943 1
944 7
945 4
946 3
947 11
948 2
949 1
950 5
951 2
952 1
953 13
954 2
955 1
956 63
957 4
958 4
959 5
960 48
961 3
962 3
963 2
964 1
965 1
966 4
967 4
968 21
969 6
970 3
971 3
972 2
973 1
974 1
975 8
976 6
977 5
978 4
979 7
980 5
981 4
982 3
983 5
984 2
985 1
986 11
987 2
988 1
989 3
990 4
991 2
992 1
993 4
994 2
995 1
996 2
997 1
998 1
999 2
1000 1
1001 3
1002 6
1003 2
1004 1
1005 4
1006 2
1007 1
1008 6
1009 3
1010 3
1011 2
1012 1
1013 1
1014 14
1015 3
1016 7
1017 2
1018 1
1019 9
1020 8
1021 10
1022 3
1023 4
1024 2
1025 1
1026 4
1027 3
1028 5
1029 2
1030 1
1031 11
1032 2
1033 1
1034 21
1035 4
1036 3
1037 3
1038 2
1039 1
1040 1
1041 2
1042 1
1043 1
1044 6
1045 3
1046 7
1047 2
1048 1
1049 5
1050 8
1051 3
1052 3
1053 2
1054 1
1055 1
1056 4
1057 4
1058 33
1059 14
1060 3
1061 3
1062 2
1063 1
1064 1
1065 4583176
1066 2
1067 1
1068 2
1069 1
1070 1
1071 6
1072 3
1073 5
1074 2
1075 1
1076 3
1077 8
1078 2
1079 1
1080 8
1081 4
1082 7
1083 8
1084 7
1085 3
1086 6
1087 2
1088 1
1089 6
1090 5
1091 7
1092 8
1093 4
1094 5
1095 4
1096 10
1097 3
1098 4
1099 2
1100 1
1101 2
1102 1
1103 5
1104 2
1105 1
1106 3
1107 12
1108 2
1109 1
1110 4
1111 4
1112 11
1113 4
1114 3
1115 3
1116 2
1117 1
1118 1
1119 2
1120 1
1121 3
1122 6
1123 2
1124 1
1125 4
1126 4
1127 5
1128 4
1129 3
1130 3
1131 2
1132 1
1133 1
1134 2
1135 1
1136 3
1137 6
1138 2
1139 1
1140 4
1141 2
1142 1
1143 6
1144 2
1145 1
1146 2
1147 1
1148 185
1149 10
1150 3
1151 3
1152 2
1153 1
1154 1
1155 20
1156 6
1157 5
1158 4
1159 5
1160 9
1161 4
1162 3
1163 21
1164 2
1165 1
1166 3
1167 2
1168 1
1169 1
1170 4
1171 2
1172 1
1173 2
1174 1
1175 5
1176 2
1177 1
1178 5
1179 6
1180 4
1181 3
1182 4
1183 2
1184 1
1185 32
1186 2
1187 1
1188 2
1189 1
1190 1
1191 4
1192 2
1193 1
1194 2
1195 1
1196 7
1197 2
1198 1
1199 11
1200 4
1201 3
1202 5
1203 2
1204 1
1205 7
1206 2
1207 1
1208 89
1209 2
1210 1
1211 7
1212 4
1213 5
1214 3
1215 4
1216 2
1217 1
1218 2
1219 1
1220 5
1221 2
1222 1
1223 13
1224 58
1225 3
1226 15
1227 2
1228 1
1229 3
1230 4
1231 2
1232 1
1233 6
1234 2
1235 1
1236 2
1237 1
1238 61
1239 6
1240 7
1241 15
1242 6
1243 4
1244 5
1245 3536
1246 6
1247 3
1248 8
1249 2
1250 1
1251 10
1252 4
1253 5
1254 10
1255 5
1256 3
1257 4
1258 2
1259 1
1260 8
1261 3
1262 5
1263 2
1264 1
1265 3
1266 4
1267 2
1268 1
1269 2
1270 1
1271 3
1272 2
1273 1
1274 1
1275 16
1276 2
1277 1
1278 6
1279 5
1280 5
1281 4
1282 7
1283 9
1284 6
1285 3
1286 11
1287 2
1288 1
1289 7
1290 8
1291 3
1292 3
1293 2
1294 1
1295 1
1296 4
1297 6
1298 9
1299 6
1300 3
1301 7
1302 2
1303 1
1304 3
1305 16
1306 2
1307 1
1308 2
1309 1
1310 7
1311 6
1312 3
1313 5
1314 2
1315 1
1316 15
1317 6
1318 12
1319 3
1320 4
1321 2
1322 1
1323 4
1324 3
1325 3
1326 2
1327 1
1328 1
1329 2
1330 1
1331 3
1332 6
1333 2
1334 1
1335 4
1336 2
1337 1
1338 4
1339 2
1340 1
1341 2
1342 1
1343 1
1344 2
1345 1
1346 15
1347 2
1348 1
1349 3
1350 8
1351 2
1352 1
1353 2
1354 1
1355 1
1356 4
1357 2
1358 1
1359 54
1360 3
1361 3
1362 2
1363 1
1364 1
1365 12
1366 3
1367 5
1368 2
1369 1
1370 3
1371 8
1372 2
1373 1
1374 2
1375 1
1376 11
1377 6
1378 5
1379 3
1380 4
1381 2
1382 1
1383 8
1384 3
1385 5
1386 2
1387 1
1388 125
1389 6
1390 3
1391 3
1392 2
1393 1
1394 1
1395 24
1396 2
1397 1
1398 2
1399 1
1400 1
1401 4
1402 5
1403 9
1404 10
1405 3
1406 11
1407 2
1408 1
1409 5
1410 4
1411 6
1412 3
1413 4
1414 2
1415 1
1416 2
1417 1
1418 45
1419 2
1420 1
1421 3
1422 4
1423 2
1424 1
1425 12
1426 2
1427 1
1428 2
1429 1
1430 9
1431 4
1432 5
1433 13
1434 430
1435 3
1436 7
1437 2
1438 1
1439 3
1440 4
1441 2
1442 1
1443 4
1444 3
1445 7
1446 2
1447 1
1448 41
1449 2
1450 1
1451 11
1452 2
1453 1
1454 3
1455 4
1456 2
1457 1
1458 12
1459 3
1460 5
1461 2
1462 1
1463 13
1464 70
1465 3
1466 7
1467 2
1468 1
1469 5
1470 4
1471 10
1472 3
1473 4
1474 2
1475 1
1476 2
1477 1
1478 9
1479 2
1480 1
1481 3
1482 2
1483 1
1484 1
1485 16
1486 6
1487 11
1488 6
1489 5
1490 7
1491 4
1492 4
1493 5
1494 10
1495 3
1496 3
1497 2
1498 1
1499 1
1500 8
1501 3
1502 5
1503 2
1504 1
1505 3
1506 12
1507 2
1508 1
1509 2
1510 1
1511 35
1512 4
1513 9
1514 3
1515 12
1516 2
1517 1
1518 2
1519 1
1520 3
1521 8
1522 2
1523 1
1524 10
1525 4
1526 3
1527 6
1528 2
1529 1
1530 16
1531 2
1532 1
1533 4
1534 9
1535 3
1536 4
1537 2
1538 1
1539 2
1540 1
1541 15
1542 2
1543 1
1544 5
1545 8
1546 4
1547 9
1548 12
1549 6
1550 3
1551 4
1552 2
1553 1
1554 10
1555 3
1556 3
1557 2
1558 1
1559 1
1560 4
1561 6
1562 7
1563 6
1564 3
1565 5
1566 2
1567 1
1568 5
1569 6
1570 11
1571 7
1572 6
1573 4
1574 5
1575 4
1576 4
1577 3
1578 6
1579 2
1580 1
1581 2
1582 1
1583 1
1584 14
1585 4
1586 3
1587 4
1588 2
1589 1
1590 60
1591 2
1592 1
1593 2
1594 1
1595 7
1596 4
1597 3
1598 5
1599 2
1600 1
1601 7
1602 2
1603 1
1604 3
1605 8
1606 2
1607 1
1608 2
1609 1
1610 3
1611 22
1612 2
1613 1
1614 10
1615 7
1616 7
1617 4
1618 4
1619 5
1620 4
1621 3
1622 3
1623 2
1624 1
1625 1
1626 2
1627 1
1628 1
1629 6
1630 7
1631 3
1632 6
1633 2
1634 1
1635 8
1636 8
1637 5
1638 8
1639 6
1640 5
1641 4
1642 4
1643 5
1644 50
1645 3
1646 3
1647 2
1648 1
1649 1
1650 8
1651 2
1652 1
1653 4
1654 2
1655 1
1656 4
1657 2
1658 1
1659 2
1660 1
1661 3
1662 2
1663 1
1664 1
1665 4
1666 7
1667 3
1668 8
1669 2
1670 1
1671 2
1672 1
1673 69
1674 6
1675 3
1676 3
1677 2
1678 1
1679 1
1680 8
1681 3
1682 3
1683 2
1684 1
1685 1
1686 4
1687 4
1688 9
1689 14
1690 3
1691 3
1692 2
1693 1
1694 1
1695 4
1696 6
1697 9
1698 4
1699 3
1700 5
1701 2
1702 1
1703 9
1704 2
1705 1
1706 7
1707 8
1708 4
1709 7
1710 8
1711 10
1712 3
1713 6
1714 2
1715 1
1716 4
1717 5
1718 5
1719 10
1720 3
1721 7
1722 2
1723 1
1724 3
1725 4
1726 2
1727 1
1728 2
1729 1
1730 1
1731 2
1732 1
1733 1
1734 6
1735 8
1736 11
1737 4
1738 6
1739 5
1740 12
1741 3
1742 5
1743 2
1744 1
1745 3
1746 6
1747 2
1748 1
1749 10
1750 4
1751 3
1752 8
1753 2
1754 1
1755 4
1756 2
1757 1
1758 4
1759 3
1760 3
1761 2
1762 1
1763 1
1764 2
1765 1
1766 3
1767 2
1768 1
1769 1
1770 4
1771 2
1772 1
1773 8
1774 3
1775 3
1776 2
1777 1
1778 1
1779 6
1780 5
1781 3
1782 4
1783 2
1784 1
1785 24
1786 3
1787 3
1788 2
1789 1
1790 1
1791 16
1792 3
1793 9
1794 2
1795 1
1796 11
1797 6
1798 4
1799 3
1800 4
1801 2
1802 1
1803 4
1804 2
1805 1
1806 2
1807 1
1808 9
1809 2
1810 1
1811 3
1812 8
1813 2
1814 1
1815 12
1816 2
1817 1
1818 6
1819 2
1820 1
1821 4
1822 5
1823 9
1824 10
1825 3
1826 11
1827 2
1828 1
1829 5
1830 4
1831 3
1832 3
1833 2
1834 1
1835 1
1836 2
1837 1
1838 5
1839 10
1840 4
1841 3
1842 4
1843 2
1844 1
1845 8
1846 2
1847 1
1848 2
1849 1
1850 3
1851 4
1852 2
1853 1
1854 10
1855 3
1856 19
1857 2
1858 1
1859 3
1860 12
1861 2
1862 1
1863 10
1864 2
1865 1
1866 6
1867 2
1868 1
1869 6
1870 9
1871 11
1872 4
1873 5
1874 7
1875 4
1876 3
1877 15
1878 2
1879 1
1880 3
1881 2
1882 1
1883 1
1884 6
1885 3
1886 11
1887 2
1888 1
1889 7
1890 4
1891 6
1892 3
1893 4
1894 2
1895 1
1896 2
1897 1
1898 61
1899 2
1900 1
1901 7
1902 4
1903 4
1904 11
1905 12
1906 3
1907 3
1908 2
1909 1
1910 1
1911 8
1912 3
1913 9
1914 2
1915 1
1916 11
1917 4
1918 4
1919 3
1920 12
1921 2
1922 1
1923 2
1924 1
1925 1
1926 6
1927 3
1928 5
1929 2
1930 1
1931 35
1932 4
1933 6
1934 3
1935 8
1936 2
1937 1
1938 2
1939 1
1940 3
1941 6
1942 2
1943 1
1944 46
1945 4
1946 7
1947 4
1948 5
1949 3
1950 4
1951 2
1952 1
1953 2
1954 1
1955 3
1956 2
1957 1
1958 1
1959 2
1960 1
1961 3
1962 2
1963 1
1964 1
1965 4
1966 10
1967 3
1968 6
1969 2
1970 1
1971 2
1972 1
1973 17
1974 6
1975 4
1976 15
1977 6
1978 5
1979 3
1980 8
1981 2
1982 1
1983 18
1984 5
1985 5
1986 4
1987 5
1988 17
1989 10
1990 3
1991 7
1992 2
1993 1
1994 5
1995 4
1996 3
1997 3
1998 2
1999 1
2000 1
2001 2
2002 1
2003 9
2004 2
2005 1
2006 3
2007 2
2008 1
2009 1
2010 12
2011 2
2012 1
2013 6
2014 6
2015 7
2016 4
2017 4
2018 9
2019 18
2020 3
2021 3
2022 2
2023 1
2024 1
2025 12
2026 2
2027 1
2028 4
2029 5
2030 5
2031 4
2032 3
2033 5
2034 2
2035 1
2036 7
2037 2
2038 1
2039 5
2040 8
2041 3
2042 3
2043 2
2044 1
2045 1
2046 6
2047 2
2048 1
2049 14
2050 5
2051 3
2052 22
2053 2
2054 1
2055 4
2056 4
2057 7
2058 4
2059 3
2060 3
2061 2
2062 1
2063 1
2064 2
2065 1
2066 7
2067 2
2068 1
2069 9
2070 4
2071 4
2072 3
2073 6
2074 2
2075 1
2076 2
2077 1
2078 1
2079 14
2080 4
2081 11
2082 6
2083 6
2084 3
2085 20
2086 2
2087 1
2088 6
2089 5
2090 11
2091 42
2092 4
2093 5
2094 6
2095 8
2096 3
2097 4
2098 2
2099 1
2100 4
2101 3
2102 15
2103 2
2104 1
2105 3
2106 2
2107 1
2108 1
2109 6
2110 3
2111 3
2112 2
2113 1
2114 1
2115 16
2116 3
2117 3
2118 2
2119 1
2120 1
2121 4
2122 3
2123 9
2124 2
2125 1
2126 3
2127 2
2128 1
2129 1
2130 8
2131 3
2132 3
2133 2
2134 1
2135 1
2136 4
2137 3
2138 9
2139 2
2140 1
2141 31
2142 2
2143 1
2144 3
2145 8
2146 2
2147 1
2148 14
2149 6
2150 9
2151 18
2152 5
2153 5
2154 6
2155 4
2156 7
2157 52
2158 5
2159 3
2160 4
2161 2
2162 1
2163 6
2164 3
2165 3
2166 2
2167 1
2168 1
2169 26
2170 3
2171 19
2172 2
2173 1
2174 3
2175 12
2176 2
2177 1
2178 4
2179 2
2180 1
2181 10
2182 3
2183 125
2184 2
2185 1
2186 11
2187 4
2188 5
2189 7
2190 4
2191 3
2192 7
2193 2
2194 1
2195 5
2196 2
2197 1
2198 9
2199 6
2200 3
2201 11
2202 2
2203 1
2204 5
2205 24
2206 3
2207 3
2208 2
2209 1
2210 1
2211 8
2212 4
2213 13
2214 6
2215 4
2216 3
2217 4
2218 2
2219 1
2220 4
2221 2
2222 1
2223 2
2224 1
2225 5
2226 2
2227 1
2228 9
2229 2
2230 1
2231 7
2232 4
2233 4
2234 7
2235 33548
2236 3
2237 3
2238 2
2239 1
2240 1
2241 6
2242 3
2243 5
2244 2
2245 1
2246 7
2247 8
2248 4
2249 3
2250 4
2251 2
2252 1
2253 4
2254 2
2255 1
2256 2
2257 1
2258 1
2259 2
2260 1
2261 7
2262 16
2263 6
2264 5
2265 4
2266 4
2267 5
2268 8
2269 3
2270 3
2271 2
2272 1
2273 1
2274 10
2275 4
2276 3
2277 14
2278 2
2279 1
2280 8
2281 2
2282 1
2283 4
2284 9
2285 5
2286 6
2287 3
2288 17
2289 2
2290 1
2291 3
2292 6
2293 2
2294 1
2295 64
2296 2
2297 1
2298 12
2299 2
2300 1
2301 12
2302 4
2303 5
2304 6
2305 5
2306 3
2307 6
2308 2
2309 1
2310 4
2311 4
2312 5
2313 4
2314 3
2315 3
2316 2
2317 1
2318 1
2319 2
2320 1
2321 3
2322 2
2323 1
2324 1
2325 12
2326 2
2327 1
2328 4
2329 2
2330 1
2331 4
2332 3
2333 9
2334 2
2335 1
2336 7
2337 2
2338 1
2339 15
2340 8
2341 3
2342 7
2343 2
2344 1
2345 5
2346 10
2347 3
2348 5
2349 2
2350 1
2351 7
2352 4
2353 4
2354 17
2355 8
2356 3
2357 3
2358 2
2359 1
2360 1
2361 6
2362 2
2363 1
2364 2
2365 1
2366 7
2367 4
2368 6
2369 15
2370 12
2371 3
2372 11
2373 2
2374 1
2375 3
2376 6
2377 2
2378 1
2379 10
2380 5
2381 19
2382 8
2383 4
2384 5
2385 4
2386 4
2387 3
2388 4
2389 2
2390 1
2391 2
2392 1
2393 1
2394 2
2395 1
2396 3
2397 2
2398 1
2399 1
2400 4
2401 7
2402 3
2403 6
2404 2
2405 1
2406 2
2407 1
2408 13
2409 10
2410 8
2411 3
2412 6
2413 2
2414 1
2415 8
2416 10
2417 9
2418 10
2419 5
2420 7
2421 8
2422 4
2423 33
2424 18
2425 8
2426 3
2427 4
2428 2
2429 1
2430 4
2431 3
2432 7
2433 2
2434 1
2435 5
2436 2
2437 1
2438 5
2439 6
2440 3
2441 7
2442 2
2443 1
2444 15
2445 8
2446 4
2447 3
2448 8
2449 2
2450 1
2451 4
2452 2
2453 1
2454 6
2455 3
2456 11
2457 2
2458 1
2459 5
2460 4
2461 3
2462 3
2463 2
2464 1
2465 1
2466 2
2467 1
2468 5
2469 2
2470 1
2471 3
2472 6
2473 2
2474 1
2475 4
2476 2
2477 1
2478 4
2479 3
2480 3
2481 2
2482 1
2483 1
2484 2
2485 1
2486 7
2487 6
2488 4
2489 3
2490 8
2491 2
2492 1
2493 4
2494 2
2495 1
2496 4
2497 2
2498 1
2499 2
2500 1
2501 3
2502 2
2503 1
2504 1
2505 32
2506 3
2507 3
2508 2
2509 1
2510 1
2511 4
2512 7
2513 5
2514 10
2515 3
2516 75
2517 2
2518 1
2519 7
2520 8
2521 3
2522 5
2523 2
2524 1
2525 3
2526 8
2527 2
2528 1
2529 18
2530 4
2531 15
2532 4
2533 5
2534 3
2535 4
2536 2
2537 1
2538 2
2539 1
2540 5
2541 2
2542 1
2543 5
2544 6
2545 3
2546 3
2547 2
2548 1
2549 1
2550 5760
2551 2
2552 1
2553 6
2554 2
2555 1
2556 12
2557 2
2558 1
2559 10
2560 5
2561 19
2562 6
2563 9
2564 9
2565 4
2566 6
2567 5
2568 4
2569 3
2570 9
2571 2
2572 1
2573 5
2574 2
2575 1
2576 7
2577 4
2578 5
2579 3
2580 8
2581 2
2582 1
2583 2
2584 1
2585 3
2586 4
2587 2
2588 1
2589 10
2590 3
2591 15
2592 2
2593 1
2594 3
2595 96
2596 2
2597 1
2598 6
2599 5
2600 3
2601 14
2602 2
2603 1
2604 6
2605 4
2606 23
2607 4
2608 4
2609 3
2610 4
2611 2
2612 1
2613 2
2614 1
2615 1
2616 2
2617 1
2618 9
2619 6
2620 5
2621 15
2622 4
2623 5
2624 5
2625 8
2626 3
2627 17
2628 2
2629 1
2630 11
2631 4
2632 3
2633 9
2634 2
2635 1
2636 3
2637 2
2638 1
2639 1
2640 4
2641 6
2642 7
2643 4
2644 3
2645 5
2646 2
2647 1
2648 129
2649 2
2650 1
2651 7
2652 2
2653 1
2654 7
2655 24
2656 7
2657 3
2658 4
2659 2
2660 1
2661 6
2662 3
2663 9
2664 2
2665 1
2666 23
2667 4
2668 9
2669 3
2670 12
2671 2
2672 1
2673 2
2674 1
2675 7
2676 6
2677 5
2678 9
2679 170
2680 5
2681 11
2682 4
2683 5
2684 9
2685 4
2686 3
2687 5
2688 2
2689 1
2690 5
2691 2
2692 1
2693 5
2694 2
2695 1
2696 7
2697 2
2698 1
2699 3
2700 4
2701 2
2702 1
2703 6
2704 2
2705 1
2706 2
2707 1
2708 1
2709 6
2710 4
2711 3
2712 4
2713 2
2714 1
2715 20
2716 2
2717 1
2718 2
2719 1
2720 1
2721 6
2722 2
2723 1
2724 10
2725 5
2726 7
2727 4
2728 6
2729 11
2730 4
2731 3
2732 17
2733 2
2734 1
2735 3
2736 2
2737 1
2738 1
2739 2
2740 1
2741 23
2742 4
2743 4
2744 5
2745 4
2746 3
2747 3
2748 2
2749 1
2750 1
2751 2
2752 1
2753 101
2754 6
2755 3
2756 3
2757 2
2758 1
2759 1
2760 24
2761 2
2762 1
2763 2
2764 1
2765 5
2766 12
2767 8
2768 5
2769 10
2770 4
2771 11
2772 8
2773 4
2774 3
2775 8
2776 2
2777 1
2778 4
2779 2
2780 1
2781 26
2782 2
2783 1
2784 2
2785 1
2786 3
2787 4
2788 2
2789 1
2790 12
2791 3
2792 17
2793 2
2794 1
2795 5
2796 6
2797 6
2798 13
2799 22
2800 8
2801 15
2802 6
2803 4
2804 5
2805 8
2806 7
2807 3
2808 16
2809 2
2810 1
2811 4
2812 4
2813 5
2814 6
2815 3
2816 3
2817 2
2818 1
2819 1
2820 4
2821 2
2822 1
2823 2
2824 1
2825 1
2826 2
2827 1
2828 1
2829 18
2830 3
2831 7
2832 2
2833 1
2834 5
2835 8
2836 4
2837 3
2838 4
2839 2
2840 1
2841 8
2842 2
2843 1
2844 2
2845 1
2846 3
2847 4
2848 2
2849 1
2850 4
2851 3
2852 5
2853 2
2854 1
2855 5
2856 2
2857 1
2858 5
2859 6
2860 4
2861 7
2862 4
2863 4
2864 3
2865 8
2866 2
2867 1
2868 2
2869 1
2870 1
2871 6
2872 2
2873 1
2874 6
2875 5
2876 7
2877 8
2878 6
2879 5
2880 12
2881 4
2882 9
2883 4
2884 5
2885 3
2886 8
2887 2
2888 1
2889 2
2890 1
2891 3
2892 4
2893 2
2894 1
2895 4
2896 3
2897 5
2898 2
2899 1
2900 15
2901 2
2902 1
2903 5
2904 2
2905 1
2906 3
2907 6
2908 2
2909 1
2910 32
2911 2
2912 1
2913 4
2914 5
2915 3
2916 4
2917 2
2918 1
2919 2
2920 1
2921 3
2922 2
2923 1
2924 1
2925 4
2926 2
2927 1
2928 2
2929 1
2930 3
2931 2
2932 1
2933 1
2934 18
2935 3
2936 3
2937 2
2938 1
2939 1
2940 4
2941 7
2942 9
2943 4
2944 3
2945 5
2946 2
2947 1
2948 61
2949 2
2950 1
2951 11
2952 18
2953 4
2954 7
2955 4
2956 12
2957 3
2958 6
2959 2
2960 1
2961 2
2962 1
2963 17
2964 22
2965 3
2966 23
2967 2
2968 1
2969 7
2970 8
2971 6
2972 3
2973 6
2974 2
2975 1
2976 10
2977 5
2978 9
2979 10
2980 7
2981 7
2982 4
2983 10
2984 9
2985 4
2986 3
2987 5
2988 2
2989 1
2990 13
2991 2
2992 1
2993 21
2994 6
2995 4
2996 7
2997 4
2998 5
2999 3
3000 8
