1 1
2 2
3 1
4 1
5 2
6 1
7 1
8 2
9 2
10 1
11 10
12 0
13 1
14 6
15 1
16 3
17 1356
18 1
19 1
20 2
21 1
22 15
23 0
24 1
25 1
26 2
27 1
28 1
29 4
30 2
31 1
32 0
33 1
34 0
35 2
36 3
37 2
38 4
39 4
40 1
41 2
42 1
43 1
44 6
45 0
46 1
47 2
48 2
49 1
50 4
51 3
52 1
53 16
54 1
55 9
56 0
57 1
58 2
59 36
60 1
61 165
62 66
63 1
64 1
65 0
66 1
67 0
68 6
69 1
70 1
71 2
72 12
73 3
74 138
75 1
76 1
77 4
78 0
79 5
80 4
81 1
82 1
83 2
84 5
85 2
86 2
87 3
88 1
89 0
90 2
91 1
92 24
93 2
94 1
95 42
96 7
97 1
98 0
99 1
100 0
101 1506
102 1
103 1
104 2
105 1
106 1
107 42
108 3
109 1
110 2
111 0
112 2
113 2
114 3
115 1
116 4
117 1
118 1
119 6
120 1
121 5
122 0
123 1
124 18
125 4
126 2
127 4
128 2
129 1
130 1
131 0
132 1
133 0
134 42
135 54
136 1
137 102
138 1
139 18
140 24
141 2
142 407
143 10
144 0
145 1
146 6
147 1
148 1
149 2
150 9
151 1
152 2
153 1
154 2
155 0
156 15
157 1
158 4
159 3
160 1
161 2
162 1
163 3
164 0
165 3
166 0
167 2
168 2
169 2
170 2
171 3
172 1
173 264234
174 1
175 3
176 146
177 0
178 3
179 336
180 1
181 1
182 2
183 1
184 9
