[2, 1]: 5
[3, 1]: 7
[3, 2]: 5
[5, 1]: 11
[5, 2]: 9
[5, 4]: 3
[7, 1]: 15
[7, 2]: 13
[7, 3]: 4
[7, 6]: 5
[11, 1]: 23
[11, 2]: 21
[11, 5]: 3
[11, 10]: 6
[13, 1]: 27
[13, 2]: 25
[13, 3]: 9
[13, 4]: 5
[13, 6]: 10
[13, 12]: 6
[17, 1]: 35
[17, 2]: 33
[17, 4]: 30
[17, 8]: 8
[17, 16]: 6
[19, 1]: 39
[19, 2]: 37
[19, 3]: 7
[19, 6]: 8
[19, 9]: 5
[19, 18]: 2
[23, 1]: 47
[23, 2]: 45
[23, 11]: 2
[23, 22]: 7
[29, 1]: 59
[29, 2]: 57
[29, 4]: 12
[29, 7]: 7
[29, 14]: 4
[29, 28]: 2
[31, 1]: 63
[31, 2]: 61
[31, 3]: 36
[31, 5]: 4
[31, 6]: 37
[31, 10]: 15
[31, 15]: 7
[31, 30]: 3
[37, 1]: 75
[37, 2]: 73
[37, 3]: 10
[37, 4]: 80
[37, 6]: 11
[37, 9]: 12
[37, 12]: 8
[37, 18]: 3
[37, 36]: 2
[41, 1]: 83
[41, 2]: 81
[41, 4]: 9
[41, 5]: 10
[41, 8]: 3
[41, 10]: 4
[41, 20]: 2
[41, 40]: 6
[43, 1]: 87
[43, 2]: 85
[43, 3]: 36
[43, 6]: 37
[43, 7]: 4
[43, 14]: 8
[43, 21]: 15
[43, 42]: 34
[47, 1]: 95
[47, 2]: 93
[47, 23]: 2
[47, 46]: 5
[53, 1]: 107
[53, 2]: 105
[53, 4]: 30
[53, 13]: 28
[53, 26]: 7
[53, 52]: 3
[59, 1]: 119
[59, 2]: 117
[59, 29]: 15
[59, 58]: 2
[61, 1]: 123
[61, 2]: 121
[61, 3]: 13
[61, 4]: 11
[61, 5]: 34
[61, 6]: 14
[61, 10]: 163
[61, 12]: 21
[61, 15]: 15
[61, 20]: 24
[61, 30]: 4
[61, 60]: 2
[67, 1]: 135
[67, 2]: 133
[67, 3]: 29
[67, 6]: 30
[67, 11]: 76
[67, 22]: 3
[67, 33]: 6
[67, 66]: 2
[71, 1]: 143
[71, 2]: 141
[71, 5]: 5
[71, 7]: 37
[71, 10]: 188
[71, 14]: 110
[71, 35]: 2
[71, 70]: 56
[73, 1]: 147
[73, 2]: 145
[73, 3]: 210
[73, 4]: 46
[73, 6]: 211
[73, 8]: 10
[73, 9]: 77
[73, 12]: 70
[73, 18]: 18
[73, 24]: 21
[73, 36]: 12
[73, 72]: 14
[79, 1]: 159
[79, 2]: 157
[79, 3]: 23
[79, 6]: 24
[79, 13]: 143
[79, 26]: 15
[79, 39]: 2
[79, 78]: 29
[83, 1]: 167
[83, 2]: 165
[83, 41]: 77
[83, 82]: 2
[89, 1]: 179
[89, 2]: 177
[89, 4]: 34
[89, 8]: 12
[89, 11]: 2
[89, 22]: 22
[89, 44]: 5
[89, 88]: 6
[97, 1]: 195
[97, 2]: 193
[97, 3]: 35
[97, 4]: 22
[97, 6]: 36
[97, 8]: 50
[97, 12]: 6
[97, 16]: 18
[97, 24]: 4
[97, 32]: 20
[97, 48]: 2
[97, 96]: 5
[101, 1]: 203
[101, 2]: 201
[101, 4]: 414
[101, 5]: 84
[101, 10]: 6
[101, 20]: 161
[101, 25]: 58
[101, 50]: 20
[101, 100]: 194
[103, 1]: 207
[103, 2]: 205
[103, 3]: 56
[103, 6]: 57
[103, 17]: 14
[103, 34]: 31
[103, 51]: 50
[103, 102]: 21
[107, 1]: 215
[107, 2]: 213
[107, 53]: 52
[107, 106]: 2
[109, 1]: 219
[109, 2]: 217
[109, 3]: 45
[109, 4]: 76
[109, 6]: 46
[109, 9]: 147
[109, 12]: 8
[109, 18]: 4
[109, 27]: 375
[109, 36]: 2
[109, 54]: 238
[109, 108]: 53
[113, 1]: 227
[113, 2]: 225
[113, 4]: 15
[113, 7]: 28
[113, 8]: 18
[113, 14]: 4
[113, 16]: 42
[113, 28]: 2
[113, 56]: 13
[113, 112]: 45
[127, 1]: 255
[127, 2]: 253
[127, 3]: 19
[127, 6]: 20
[127, 7]: 4
[127, 9]: 68
[127, 14]: 95
[127, 18]: 532
[127, 21]: 61
[127, 42]: 207
[127, 63]: 148
[127, 126]: 14
[131, 1]: 263
[131, 2]: 261
[131, 5]: 189
[131, 10]: 42
[131, 13]: 60
[131, 26]: 92
[131, 65]: 11
[131, 130]: 6
[137, 1]: 275
[137, 2]: 273
[137, 4]: 100
[137, 8]: 10
[137, 17]: 88
[137, 34]: 14
[137, 68]: 118
[137, 136]: 54
[139, 1]: 279
[139, 2]: 277
[139, 3]: 42
[139, 6]: 43
[139, 23]: 45
[139, 46]: 103
[139, 69]: 29
[139, 138]: 2
[149, 1]: 299
[149, 2]: 297
[149, 4]: 44
[149, 37]: 96
[149, 74]: 7
[149, 148]: 40
[151, 1]: 303
[151, 2]: 301
[151, 3]: 32
[151, 5]: 8
[151, 6]: 33
[151, 10]: 87
[151, 15]: 4
[151, 25]: 242
[151, 30]: 23
[151, 50]: 3
[151, 75]: 40
[151, 150]: 104
[157, 1]: 315
[157, 2]: 313
[157, 3]: 483
[157, 4]: 28
[157, 6]: 484
[157, 12]: 22
[157, 13]: 75
[157, 26]: 49
[157, 39]: 17
[157, 52]: 7
[157, 78]: 462
[157, 156]: 152
[163, 1]: 327
[163, 2]: 325
[163, 3]: 104
[163, 6]: 105
[163, 9]: 140
[163, 18]: 123
[163, 27]: 6
[163, 54]: 37
[163, 81]: 15
[163, 162]: 19
[167, 1]: 335
[167, 2]: 333
[167, 83]: 2
[167, 166]: 26
[173, 1]: 347
[173, 2]: 345
[173, 4]: 80
[173, 43]: 14
[173, 86]: 31
[173, 172]: 44
[179, 1]: 359
[179, 2]: 357
[179, 89]: 61
[179, 178]: 6
[181, 1]: 363
[181, 2]: 361
[181, 3]: 48
[181, 4]: 19
[181, 5]: 404
[181, 6]: 49
[181, 9]: 39
[181, 10]: 56
[181, 12]: 7
[181, 15]: 5
[181, 18]: 463
[181, 20]: 31
[181, 30]: 429
[181, 36]: 423
[181, 45]: 13
[181, 60]: 413
[181, 90]: 55
[181, 180]: 53
[191, 1]: 383
[191, 2]: 381
[191, 5]: 230
[191, 10]: 7
[191, 19]: 6
[191, 38]: 31
[191, 95]: 3
[191, 190]: 305
[193, 1]: 387
[193, 2]: 385
[193, 3]: 84
[193, 4]: 274
[193, 6]: 85
[193, 8]: 184
[193, 12]: 130
[193, 16]: 50
[193, 24]: 12
[193, 32]: 14
[193, 48]: 4
[193, 64]: 60
[193, 96]: 2
[193, 192]: 488
[197, 1]: 395
[197, 2]: 393
[197, 4]: 380
[197, 7]: 104
[197, 14]: 19
[197, 28]: 129
[197, 49]: 23
[197, 98]: 10
[197, 196]: 31
[199, 1]: 399
[199, 2]: 397
[199, 3]: 92
[199, 6]: 93
[199, 9]: 573
[199, 11]: 139
[199, 18]: 19
[199, 22]: 277
[199, 33]: 5
[199, 66]: 55
[199, 99]: 213
[199, 198]: 69
[211, 1]: 423
[211, 2]: 421
[211, 3]: 225
[211, 5]: 55
[211, 6]: 226
[211, 7]: 58
[211, 10]: 737
[211, 14]: 12
[211, 15]: 556
[211, 21]: 34
[211, 30]: 221
[211, 35]: 11
[211, 42]: 379
[211, 70]: 89
[211, 105]: 30
[211, 210]: 22
[223, 1]: 447
[223, 2]: 445
[223, 3]: 39
[223, 6]: 40
[223, 37]: 2
[223, 74]: 108
[223, 111]: 29
[223, 222]: 44
[227, 1]: 455
[227, 2]: 453
[227, 113]: 7
[227, 226]: 41
[229, 1]: 459
[229, 2]: 457
[229, 3]: 134
[229, 4]: 794
[229, 6]: 135
[229, 12]: 18
[229, 19]: 61
[229, 38]: 26
[229, 57]: 51
[229, 76]: 88
[229, 114]: 5
[229, 228]: 7
[233, 1]: 467
[233, 2]: 465
[233, 4]: 144
[233, 8]: 12
[233, 29]: 92
[233, 58]: 374
[233, 116]: 259
[233, 232]: 82
[239, 1]: 479
[239, 2]: 477
[239, 7]: 10
[239, 14]: 141
[239, 17]: 261
[239, 34]: 107
[239, 119]: 85
[239, 238]: 35
[241, 1]: 483
[241, 2]: 481
[241, 3]: 225
[241, 4]: 64
[241, 5]: 205
[241, 6]: 226
[241, 8]: 8
[241, 10]: 36
[241, 12]: 181
[241, 15]: 160
[241, 16]: 1572
[241, 20]: 6
[241, 24]: 32
[241, 30]: 122
[241, 40]: 5
[241, 48]: 152
[241, 60]: 144
[241, 80]: 73
[241, 120]: 12
[241, 240]: 68
[251, 1]: 503
[251, 2]: 501
[251, 5]: 615
[251, 10]: 32
[251, 25]: 822
[251, 50]: 2
[251, 125]: 108
[251, 250]: 26
[257, 1]: 515
[257, 2]: 513
[257, 4]: 530
[257, 8]: 1024
[257, 16]: 32
[257, 32]: 1508
[257, 64]: 352
[257, 128]: 144
[257, 256]: 12
[263, 1]: 527
[263, 2]: 525
[263, 131]: 2
[263, 262]: 5
[269, 1]: 539
[269, 2]: 537
[269, 4]: 456
[269, 67]: 57
[269, 134]: 149
[269, 268]: 46
[271, 1]: 543
[271, 2]: 541
[271, 3]: 28
[271, 5]: 10
[271, 6]: 29
[271, 9]: 258
[271, 10]: 355
[271, 15]: 87
[271, 18]: 1920
[271, 27]: 303
[271, 30]: 3
[271, 45]: 185
[271, 54]: 115
[271, 90]: 263
[271, 135]: 11
[271, 270]: 91
[277, 1]: 555
[277, 2]: 553
[277, 3]: 437
[277, 4]: 60
[277, 6]: 438
[277, 12]: 35
[277, 23]: 293
[277, 46]: 341
[277, 69]: 3
[277, 92]: 539
[277, 138]: 186
[277, 276]: 77
[281, 1]: 563
[281, 2]: 561
[281, 4]: 334
[281, 5]: 90
[281, 7]: 462
[281, 8]: 754
[281, 10]: 191
[281, 14]: 313
[281, 20]: 219
[281, 28]: 34
[281, 35]: 162
[281, 40]: 410
[281, 56]: 73
[281, 70]: 2
[281, 140]: 5
[281, 280]: 97
[283, 1]: 567
[283, 2]: 565
[283, 3]: 44
[283, 6]: 45
[283, 47]: 54
[283, 94]: 2
[283, 141]: 554
[283, 282]: 541
[293, 1]: 587
[293, 2]: 585
[293, 4]: 724
[293, 73]: 232
[293, 146]: 132
[293, 292]: 129
[307, 1]: 615
[307, 2]: 613
[307, 3]: 903
[307, 6]: 904
[307, 9]: 581
[307, 17]: 304
[307, 18]: 828
[307, 34]: 72
[307, 51]: 103
[307, 102]: 163
[307, 153]: 37
[307, 306]: 263
[311, 1]: 623
[311, 2]: 621
[311, 5]: 6
[311, 10]: 3205
[311, 31]: 15
[311, 62]: 222
[311, 155]: 134
[311, 310]: 93
[313, 1]: 627
[313, 2]: 625
[313, 3]: 98
[313, 4]: 25
[313, 6]: 99
[313, 8]: 5
[313, 12]: 342
[313, 13]: 58
[313, 24]: 356
[313, 26]: 1538
[313, 39]: 301
[313, 52]: 97
[313, 78]: 734
[313, 104]: 23
[313, 156]: 385
[313, 312]: 46
[317, 1]: 635
[317, 2]: 633
[317, 4]: 114
[317, 79]: 63
[317, 158]: 136
[317, 316]: 13
[331, 1]: 663
[331, 2]: 661
[331, 3]: 31
[331, 5]: 150
[331, 6]: 32
[331, 10]: 8
[331, 11]: 74
[331, 15]: 4
[331, 22]: 1250
[331, 30]: 315
[331, 33]: 318
[331, 55]: 316
[331, 66]: 47
[331, 110]: 188
[331, 165]: 94
[331, 330]: 322
[337, 1]: 675
[337, 2]: 673
[337, 3]: 465
[337, 4]: 526
[337, 6]: 466
[337, 7]: 849
[337, 8]: 226
[337, 12]: 454
[337, 14]: 162
[337, 16]: 820
[337, 21]: 2
[337, 24]: 156
[337, 28]: 150
[337, 42]: 21
[337, 48]: 299
[337, 56]: 39
[337, 84]: 263
[337, 112]: 35
[337, 168]: 334
[337, 336]: 67
[347, 1]: 695
[347, 2]: 693
[347, 173]: 250
[347, 346]: 6
[349, 1]: 699
[349, 2]: 697
[349, 3]: 122
[349, 4]: 136
[349, 6]: 123
[349, 12]: 373
[349, 29]: 274
[349, 58]: 36
[349, 87]: 620
[349, 116]: 6
[349, 174]: 56
[349, 348]: 154
[353, 1]: 707
[353, 2]: 705
[353, 4]: 42
[353, 8]: 116
[353, 11]: 1276
[353, 16]: 60
[353, 22]: 16
[353, 32]: 1706
[353, 44]: 4
[353, 88]: 2
[353, 176]: 38
[353, 352]: 302
[359, 1]: 719
[359, 2]: 717
[359, 179]: 127
[359, 358]: 280
[367, 1]: 735
[367, 2]: 733
[367, 3]: 83
[367, 6]: 84
[367, 61]: 52
[367, 122]: 3
[367, 183]: 82
[367, 366]: 301
[373, 1]: 747
[373, 2]: 745
[373, 3]: 461
[373, 4]: 104
[373, 6]: 462
[373, 12]: 69
[373, 31]: 286
[373, 62]: 627
[373, 93]: 29
[373, 124]: 227
[373, 186]: 866
[373, 372]: 99
[379, 1]: 759
[379, 2]: 757
[379, 3]: 51
[379, 6]: 52
[379, 7]: 86
[379, 9]: 84
[379, 14]: 563
[379, 18]: 145
[379, 21]: 5
[379, 27]: 177
[379, 42]: 133
[379, 54]: 1050
[379, 63]: 37
[379, 126]: 44
[379, 189]: 314
[379, 378]: 98
[383, 1]: 767
[383, 2]: 765
[383, 191]: 18
[383, 382]: 91
[389, 1]: 779
[389, 2]: 777
[389, 4]: 274
[389, 97]: 58
[389, 194]: 127
[389, 388]: 379
[397, 1]: 795
[397, 2]: 793
[397, 3]: 34
[397, 4]: 334
[397, 6]: 35
[397, 9]: 14
[397, 11]: 99
[397, 12]: 157
[397, 18]: 85
[397, 22]: 4
[397, 33]: 537
[397, 36]: 485
[397, 44]: 2
[397, 66]: 137
[397, 99]: 90
[397, 132]: 86
[397, 198]: 104
[397, 396]: 211
[401, 1]: 803
[401, 2]: 801
[401, 4]: 1584
[401, 5]: 72
[401, 8]: 98
[401, 10]: 730
[401, 16]: 254
[401, 20]: 56
[401, 25]: 77
[401, 40]: 1168
[401, 50]: 313
[401, 80]: 157
[401, 100]: 49
[401, 200]: 7
[401, 400]: 3
[409, 1]: 819
[409, 2]: 817
[409, 3]: 53
[409, 4]: 266
[409, 6]: 54
[409, 8]: 378
[409, 12]: 192
[409, 17]: 5
[409, 24]: 416
[409, 34]: 259
[409, 51]: 133
[409, 68]: 51
[409, 102]: 46
[409, 136]: 504
[409, 204]: 131
[409, 408]: 52
[419, 1]: 839
[419, 2]: 837
[419, 11]: 753
[419, 19]: 7
[419, 22]: 1105
[419, 38]: 509
[419, 209]: 105
[419, 418]: 255
[421, 1]: 843
[421, 2]: 841
[421, 3]: 441
[421, 4]: 29
[421, 5]: 354
[421, 6]: 442
[421, 7]: 33
[421, 10]: 67
[421, 12]: 159
[421, 14]: 36
[421, 15]: 35
[421, 20]: 151
[421, 21]: 237
[421, 28]: 6
[421, 30]: 498
[421, 35]: 199
[421, 42]: 328
[421, 60]: 73
[421, 70]: 131
[421, 84]: 214
[421, 105]: 768
[421, 140]: 164
[421, 210]: 318
[421, 420]: 39
[431, 1]: 863
[431, 2]: 861
[431, 5]: 547
[431, 10]: 26
[431, 43]: 3
[431, 86]: 407
[431, 215]: 157
[431, 430]: 37
[433, 1]: 867
[433, 2]: 865
[433, 3]: 234
[433, 4]: 254
[433, 6]: 235
[433, 8]: 148
[433, 9]: 153
[433, 12]: 64
[433, 16]: 628
[433, 18]: 16
[433, 24]: 8
[433, 27]: 50
[433, 36]: 4
[433, 48]: 45
[433, 54]: 294
[433, 72]: 2
[433, 108]: 41
[433, 144]: 67
[433, 216]: 95
[433, 432]: 85
[439, 1]: 879
[439, 2]: 877
[439, 3]: 171
[439, 6]: 172
[439, 73]: 63
[439, 146]: 3
[439, 219]: 315
[439, 438]: 17
[443, 1]: 887
[443, 2]: 885
[443, 13]: 35
[443, 17]: 248
[443, 26]: 508
[443, 34]: 119
[443, 221]: 3
[443, 442]: 261
[449, 1]: 899
[449, 2]: 897
[449, 4]: 516
[449, 7]: 18
[449, 8]: 92
[449, 14]: 5
[449, 16]: 1696
[449, 28]: 605
[449, 32]: 404
[449, 56]: 55
[449, 64]: 188
[449, 112]: 115
[449, 224]: 53
[449, 448]: 62
[457, 1]: 915
[457, 2]: 913
[457, 3]: 323
[457, 4]: 566
[457, 6]: 324
[457, 8]: 170
[457, 12]: 18
[457, 19]: 347
[457, 24]: 111
[457, 38]: 1572
[457, 57]: 261
[457, 76]: 108
[457, 114]: 29
[457, 152]: 20
[457, 228]: 902
[457, 456]: 138
[461, 1]: 923
[461, 2]: 921
[461, 4]: 48
[461, 5]: 88
[461, 10]: 93
[461, 20]: 75
[461, 23]: 181
[461, 46]: 1405
[461, 92]: 282
[461, 115]: 74
[461, 230]: 203
[461, 460]: 34
[463, 1]: 927
[463, 2]: 925
[463, 3]: 441
[463, 6]: 442
[463, 7]: 34
[463, 11]: 362
[463, 14]: 429
[463, 21]: 663
[463, 22]: 570
[463, 33]: 68
[463, 42]: 13
[463, 66]: 148
[463, 77]: 18
[463, 154]: 12
[463, 231]: 2
[463, 462]: 333
[467, 1]: 935
[467, 2]: 933
[467, 233]: 809
[467, 466]: 35
[479, 1]: 959
[479, 2]: 957
[479, 239]: 548
[479, 478]: 133
[487, 1]: 975
[487, 2]: 973
[487, 3]: 719
[487, 6]: 720
[487, 9]: 41
[487, 18]: 267
[487, 27]: 282
[487, 54]: 1929
[487, 81]: 738
[487, 162]: 543
[487, 243]: 146
[487, 486]: 555
[491, 1]: 983
[491, 2]: 981
[491, 5]: 183
[491, 7]: 731
[491, 10]: 175
[491, 14]: 596
[491, 35]: 213
[491, 49]: 80
[491, 70]: 91
[491, 98]: 200
[491, 245]: 444
[491, 490]: 24
[499, 1]: 999
[499, 2]: 997
[499, 3]: 1137
[499, 6]: 1138
[499, 83]: 1641
[499, 166]: 203
[499, 249]: 827
[499, 498]: 362
[503, 1]: 1007
[503, 2]: 1005
[503, 251]: 177
[503, 502]: 136
[509, 1]: 1019
[509, 2]: 1017
[509, 4]: 810
[509, 127]: 45
[509, 254]: 39
[509, 508]: 117
[521, 1]: 1043
[521, 2]: 1041
[521, 4]: 286
[521, 5]: 1438
[521, 8]: 564
[521, 10]: 2501
[521, 13]: 226
[521, 20]: 474
[521, 26]: 99
[521, 40]: 825
[521, 52]: 10
[521, 65]: 2058
[521, 104]: 268
[521, 130]: 121
[521, 260]: 11
[521, 520]: 157
[523, 1]: 1047
[523, 2]: 1045
[523, 3]: 60
[523, 6]: 61
[523, 9]: 410
[523, 18]: 429
[523, 29]: 11
[523, 58]: 442
[523, 87]: 503
[523, 174]: 51
[523, 261]: 28
[523, 522]: 1477
[541, 1]: 1083
[541, 2]: 1081
[541, 3]: 129
[541, 4]: 52
[541, 5]: 769
[541, 6]: 130
[541, 9]: 15
[541, 10]: 493
[541, 12]: 809
[541, 15]: 115
[541, 18]: 577
[541, 20]: 294
[541, 27]: 599
[541, 30]: 875
[541, 36]: 743
[541, 45]: 666
[541, 54]: 475
[541, 60]: 231
[541, 90]: 171
[541, 108]: 509
[541, 135]: 675
[541, 180]: 255
[541, 270]: 19
[541, 540]: 297
[547, 1]: 1095
[547, 2]: 1093
[547, 3]: 40
[547, 6]: 41
[547, 7]: 9
[547, 13]: 237
[547, 14]: 243
[547, 21]: 561
[547, 26]: 585
[547, 39]: 54
[547, 42]: 424
[547, 78]: 106
[547, 91]: 218
[547, 182]: 279
[547, 273]: 142
[547, 546]: 1203
[557, 1]: 1115
[557, 2]: 1113
[557, 4]: 2110
[557, 139]: 463
[557, 278]: 25
[557, 556]: 5
[563, 1]: 1127
[563, 2]: 1125
[563, 281]: 365
[563, 562]: 650
[569, 1]: 1139
[569, 2]: 1137
[569, 4]: 86
[569, 8]: 1984
[569, 71]: 5
[569, 142]: 784
[569, 284]: 28
[569, 568]: 248
[571, 1]: 1143
[571, 2]: 1141
[571, 3]: 461
[571, 5]: 738
[571, 6]: 462
[571, 10]: 1607
[571, 15]: 468
[571, 19]: 323
[571, 30]: 71
[571, 38]: 248
[571, 57]: 309
[571, 95]: 2097
[571, 114]: 2
[571, 190]: 156
[571, 285]: 274
[571, 570]: 574
[577, 1]: 1155
[577, 2]: 1153
[577, 3]: 213
[577, 4]: 1130
[577, 6]: 214
[577, 8]: 152
[577, 9]: 546
[577, 12]: 57
[577, 16]: 648
[577, 18]: 31
[577, 24]: 64
[577, 32]: 704
[577, 36]: 16
[577, 48]: 8
[577, 64]: 78
[577, 72]: 4
[577, 96]: 11
[577, 144]: 2
[577, 192]: 1241
[577, 288]: 283
[577, 576]: 161
[587, 1]: 1175
[587, 2]: 1173
[587, 293]: 194
[587, 586]: 368
[593, 1]: 1187
[593, 2]: 1185
[593, 4]: 516
[593, 8]: 392
[593, 16]: 94
[593, 37]: 813
[593, 74]: 514
[593, 148]: 1043
[593, 296]: 66
[593, 592]: 10
[599, 1]: 1199
[599, 2]: 1197
[599, 13]: 270
[599, 23]: 1349
[599, 26]: 238
[599, 46]: 1095
[599, 299]: 67
[599, 598]: 291
[601, 1]: 1203
[601, 2]: 1201
[601, 3]: 1226
[601, 4]: 726
[601, 5]: 32
[601, 6]: 1227
[601, 8]: 1744
[601, 10]: 287
[601, 12]: 120
[601, 15]: 151
[601, 20]: 2314
[601, 24]: 328
[601, 25]: 2
[601, 30]: 37
[601, 40]: 285
[601, 50]: 345
[601, 60]: 418
[601, 75]: 305
[601, 100]: 1150
[601, 120]: 71
[601, 150]: 74
[601, 200]: 349
[601, 300]: 484
[601, 600]: 22
[607, 1]: 1215
[607, 2]: 1213
[607, 3]: 210
[607, 6]: 211
[607, 101]: 47
[607, 202]: 58
[607, 303]: 2
[607, 606]: 1040
[613, 1]: 1227
[613, 2]: 1225
[613, 3]: 65
[613, 4]: 35
[613, 6]: 66
[613, 9]: 318
[613, 12]: 142
[613, 17]: 840
[613, 18]: 759
[613, 34]: 386
[613, 36]: 696
[613, 51]: 1644
[613, 68]: 426
[613, 102]: 248
[613, 153]: 427
[613, 204]: 435
[613, 306]: 234
[613, 612]: 273
[617, 1]: 1235
[617, 2]: 1233
[617, 4]: 194
[617, 7]: 420
[617, 8]: 1712
[617, 11]: 113
[617, 14]: 126
[617, 22]: 225
[617, 28]: 1615
[617, 44]: 15
[617, 56]: 103
[617, 77]: 102
[617, 88]: 10
[617, 154]: 625
[617, 308]: 25
[617, 616]: 5
[619, 1]: 1239
[619, 2]: 1237
[619, 3]: 252
[619, 6]: 253
[619, 103]: 141
[619, 206]: 95
[619, 309]: 6
[619, 618]: 10
[631, 1]: 1263
[631, 2]: 1261
[631, 3]: 43
[631, 5]: 910
[631, 6]: 44
[631, 7]: 427
[631, 9]: 114
[631, 10]: 352
[631, 14]: 30
[631, 15]: 8
[631, 18]: 886
[631, 21]: 1324
[631, 30]: 5491
[631, 35]: 1298
[631, 42]: 569
[631, 45]: 2
[631, 63]: 354
[631, 70]: 122
[631, 90]: 175
[631, 105]: 179
[631, 126]: 1766
[631, 210]: 236
[631, 315]: 17
[631, 630]: 65
[641, 1]: 1283
[641, 2]: 1281
[641, 4]: 154
[641, 5]: 1113
[641, 8]: 256
[641, 10]: 3925
[641, 16]: 16
[641, 20]: 789
[641, 32]: 4
[641, 40]: 271
[641, 64]: 2
[641, 80]: 18
[641, 128]: 610
[641, 160]: 149
[641, 320]: 90
[641, 640]: 24
[643, 1]: 1287
[643, 2]: 1285
[643, 3]: 465
[643, 6]: 466
[643, 107]: 373
[643, 214]: 2
[643, 321]: 39
[643, 642]: 236
[647, 1]: 1295
[647, 2]: 1293
[647, 17]: 218
[647, 19]: 904
[647, 34]: 92
[647, 38]: 99
[647, 323]: 6
[647, 646]: 141
[653, 1]: 1307
[653, 2]: 1305
[653, 4]: 504
[653, 163]: 134
[653, 326]: 171
[653, 652]: 607
[659, 1]: 1319
[659, 2]: 1317
[659, 7]: 12
[659, 14]: 4306
[659, 47]: 185
[659, 94]: 465
[659, 329]: 59
[659, 658]: 10
[661, 1]: 1323
[661, 2]: 1321
[661, 3]: 3008
[661, 4]: 106
[661, 5]: 1793
[661, 6]: 3009
[661, 10]: 190
[661, 11]: 68
[661, 12]: 246
[661, 15]: 1928
[661, 20]: 919
[661, 22]: 3
[661, 30]: 3585
[661, 33]: 632
[661, 44]: 443
[661, 55]: 133
[661, 60]: 2119
[661, 66]: 1201
[661, 110]: 157
[661, 132]: 241
[661, 165]: 188
[661, 220]: 1471
[661, 330]: 26
[661, 660]: 35
[673, 1]: 1347
[673, 2]: 1345
[673, 3]: 255
[673, 4]: 58
[673, 6]: 256
[673, 7]: 117
[673, 8]: 326
[673, 12]: 16
[673, 14]: 53
[673, 16]: 84
[673, 21]: 192
[673, 24]: 4
[673, 28]: 12
[673, 32]: 114
[673, 42]: 1827
[673, 48]: 2
[673, 56]: 349
[673, 84]: 2399
[673, 96]: 236
[673, 112]: 1723
[673, 168]: 1277
[673, 224]: 268
[673, 336]: 112
[673, 672]: 460
[677, 1]: 1355
[677, 2]: 1353
[677, 4]: 4036
[677, 13]: 533
[677, 26]: 315
[677, 52]: 2349
[677, 169]: 134
[677, 338]: 69
[677, 676]: 417
[683, 1]: 1367
[683, 2]: 1365
[683, 11]: 2041
[683, 22]: 1793
[683, 31]: 347
[683, 62]: 316
[683, 341]: 244
[683, 682]: 392
[691, 1]: 1383
[691, 2]: 1381
[691, 3]: 437
[691, 5]: 1702
[691, 6]: 438
[691, 10]: 1233
[691, 15]: 159
[691, 23]: 3143
[691, 30]: 308
[691, 46]: 1469
[691, 69]: 130
[691, 115]: 255
[691, 138]: 2787
[691, 230]: 10
[691, 345]: 434
[691, 690]: 70
[701, 1]: 1403
[701, 2]: 1401
[701, 4]: 566
[701, 5]: 464
[701, 7]: 19
[701, 10]: 3568
[701, 14]: 1041
[701, 20]: 3756
[701, 25]: 112
[701, 28]: 239
[701, 35]: 142
[701, 50]: 3118
[701, 70]: 17
[701, 100]: 2486
[701, 140]: 1074
[701, 175]: 352
[701, 350]: 88
[701, 700]: 259
[709, 1]: 1419
[709, 2]: 1417
[709, 3]: 227
[709, 4]: 96
[709, 6]: 228
[709, 12]: 187
[709, 59]: 44
[709, 118]: 538
[709, 177]: 57
[709, 236]: 66
[709, 354]: 100
[709, 708]: 10
[719, 1]: 1439
[719, 2]: 1437
[719, 359]: 195
[719, 718]: 19
[727, 1]: 1455
[727, 2]: 1453
[727, 3]: 281
[727, 6]: 282
[727, 11]: 181
[727, 22]: 82
[727, 33]: 34
[727, 66]: 140
[727, 121]: 2
[727, 242]: 273
[727, 363]: 73
[727, 726]: 5
[733, 1]: 1467
[733, 2]: 1465
[733, 3]: 1158
[733, 4]: 380
[733, 6]: 1159
[733, 12]: 620
[733, 61]: 183
[733, 122]: 640
[733, 183]: 163
[733, 244]: 440
[733, 366]: 806
[733, 732]: 137
[739, 1]: 1479
[739, 2]: 1477
[739, 3]: 320
[739, 6]: 321
[739, 9]: 2598
[739, 18]: 1836
[739, 41]: 1318
[739, 82]: 1525
[739, 123]: 178
[739, 246]: 561
[739, 369]: 58
[739, 738]: 42
[743, 1]: 1487
[743, 2]: 1485
[743, 7]: 328
[743, 14]: 490
[743, 53]: 65
[743, 106]: 110
[743, 371]: 338
[743, 742]: 13
[751, 1]: 1503
[751, 2]: 1501
[751, 3]: 72
[751, 5]: 392
[751, 6]: 73
[751, 10]: 1110
[751, 15]: 168
[751, 25]: 348
[751, 30]: 78
[751, 50]: 698
[751, 75]: 32
[751, 125]: 380
[751, 150]: 34
[751, 250]: 757
[751, 375]: 2
[751, 750]: 364
[757, 1]: 1515
[757, 2]: 1513
[757, 3]: 4569
[757, 4]: 670
[757, 6]: 4570
[757, 7]: 62
[757, 9]: 2187
[757, 12]: 78
[757, 14]: 304
[757, 18]: 841
[757, 21]: 115
[757, 27]: 90
[757, 28]: 643
[757, 36]: 29
[757, 42]: 401
[757, 54]: 2001
[757, 63]: 696
[757, 84]: 198
[757, 108]: 1165
[757, 126]: 74
[757, 189]: 732
[757, 252]: 489
[757, 378]: 671
[757, 756]: 71
[761, 1]: 1523
[761, 2]: 1521
[761, 4]: 39
[761, 5]: 67
[761, 8]: 62
[761, 10]: 593
[761, 19]: 1123
[761, 20]: 2580
[761, 38]: 736
[761, 40]: 87
[761, 76]: 298
[761, 95]: 101
[761, 152]: 96
[761, 190]: 1506
[761, 380]: 205
[761, 760]: 924
[769, 1]: 1539
[769, 2]: 1537
[769, 3]: 5022
[769, 4]: 62
[769, 6]: 5023
[769, 8]: 40
[769, 12]: 688
[769, 16]: 136
[769, 24]: 164
[769, 32]: 144
[769, 48]: 120
[769, 64]: 12
[769, 96]: 16
[769, 128]: 320
[769, 192]: 4
[769, 256]: 632
[769, 384]: 2
[769, 768]: 11
[773, 1]: 1547
[773, 2]: 1545
[773, 4]: 456
[773, 193]: 145
[773, 386]: 11
[773, 772]: 330
[787, 1]: 1575
[787, 2]: 1573
[787, 3]: 407
[787, 6]: 408
[787, 131]: 657
[787, 262]: 72
[787, 393]: 67
[787, 786]: 498
[797, 1]: 1595
[797, 2]: 1593
[797, 4]: 2606
[797, 199]: 154
[797, 398]: 9
[797, 796]: 3
[809, 1]: 1619
[809, 2]: 1617
[809, 4]: 1300
[809, 8]: 1048
[809, 101]: 407
[809, 202]: 186
[809, 404]: 38
[809, 808]: 11
[811, 1]: 1623
[811, 2]: 1621
[811, 3]: 680
[811, 5]: 1023
[811, 6]: 681
[811, 9]: 3776
[811, 10]: 241
[811, 15]: 1813
[811, 18]: 468
[811, 27]: 378
[811, 30]: 14
[811, 45]: 537
[811, 54]: 1740
[811, 81]: 1895
[811, 90]: 717
[811, 135]: 199
[811, 162]: 22
[811, 270]: 82
[811, 405]: 319
[811, 810]: 217
[821, 1]: 1643
[821, 2]: 1641
[821, 4]: 526
[821, 5]: 138
[821, 10]: 2412
[821, 20]: 481
[821, 41]: 166
[821, 82]: 1600
[821, 164]: 40
[821, 205]: 798
[821, 410]: 357
[821, 820]: 173
[823, 1]: 1647
[823, 2]: 1645
[823, 3]: 174
[823, 6]: 175
[823, 137]: 140
[823, 274]: 317
[823, 411]: 199
[823, 822]: 184
[827, 1]: 1655
[827, 2]: 1653
[827, 7]: 124
[827, 14]: 1991
[827, 59]: 93
[827, 118]: 734
[827, 413]: 297
[827, 826]: 521
[829, 1]: 1659
[829, 2]: 1657
[829, 3]: 125
[829, 4]: 246
[829, 6]: 126
[829, 9]: 5
[829, 12]: 77
[829, 18]: 1033
[829, 23]: 649
[829, 36]: 43
[829, 46]: 1790
[829, 69]: 203
[829, 92]: 348
[829, 138]: 461
[829, 207]: 318
[829, 276]: 339
[829, 414]: 71
[829, 828]: 314
[839, 1]: 1679
[839, 2]: 1677
[839, 419]: 21
[839, 838]: 62
[853, 1]: 1707
[853, 2]: 1705
[853, 3]: 3191
[853, 4]: 520
[853, 6]: 3192
[853, 12]: 235
[853, 71]: 1665
[853, 142]: 668
[853, 213]: 90
[853, 284]: 678
[853, 426]: 232
[853, 852]: 179
[857, 1]: 1715
[857, 2]: 1713
[857, 4]: 1064
[857, 8]: 1526
[857, 107]: 95
[857, 214]: 248
[857, 428]: 267
[857, 856]: 37
[859, 1]: 1719
[859, 2]: 1717
[859, 3]: 260
[859, 6]: 261
[859, 11]: 88
[859, 13]: 2221
[859, 22]: 574
[859, 26]: 10
[859, 33]: 46
[859, 39]: 2384
[859, 66]: 630
[859, 78]: 747
[859, 143]: 692
[859, 286]: 589
[859, 429]: 370
[859, 858]: 118
[863, 1]: 1727
[863, 2]: 1725
[863, 431]: 55
[863, 862]: 217
[877, 1]: 1755
[877, 2]: 1753
[877, 3]: 2036
[877, 4]: 726
[877, 6]: 2037
[877, 12]: 391
[877, 73]: 920
[877, 146]: 175
[877, 219]: 31
[877, 292]: 384
[877, 438]: 69
[877, 876]: 135
[881, 1]: 1763
[881, 2]: 1761
[881, 4]: 494
[881, 5]: 463
[881, 8]: 1058
[881, 10]: 595
[881, 11]: 90
[881, 16]: 68
[881, 20]: 324
[881, 22]: 215
[881, 40]: 18
[881, 44]: 511
[881, 55]: 661
[881, 80]: 652
[881, 88]: 276
[881, 110]: 322
[881, 176]: 442
[881, 220]: 100
[881, 440]: 10
[881, 880]: 425
[883, 1]: 1767
[883, 2]: 1765
[883, 3]: 545
[883, 6]: 546
[883, 7]: 296
[883, 9]: 1169
[883, 14]: 257
[883, 18]: 597
[883, 21]: 2498
[883, 42]: 1841
[883, 49]: 381
[883, 63]: 471
[883, 98]: 1796
[883, 126]: 113
[883, 147]: 115
[883, 294]: 356
[883, 441]: 312
[883, 882]: 733
[887, 1]: 1775
[887, 2]: 1773
[887, 443]: 152
[887, 886]: 51
[907, 1]: 1815
[907, 2]: 1813
[907, 3]: 384
[907, 6]: 385
[907, 151]: 14
[907, 302]: 253
[907, 453]: 248
[907, 906]: 37
[911, 1]: 1823
[911, 2]: 1821
[911, 5]: 19
[911, 7]: 130
[911, 10]: 1461
[911, 13]: 154
[911, 14]: 7
[911, 26]: 334
[911, 35]: 69
[911, 65]: 219
[911, 70]: 531
[911, 91]: 186
[911, 130]: 209
[911, 182]: 895
[911, 455]: 78
[911, 910]: 593
[919, 1]: 1839
[919, 2]: 1837
[919, 3]: 52
[919, 6]: 53
[919, 9]: 824
[919, 17]: 58
[919, 18]: 309
[919, 27]: 207
[919, 34]: 503
[919, 51]: 8
[919, 54]: 2905
[919, 102]: 5255
[919, 153]: 2
[919, 306]: 1396
[919, 459]: 670
[919, 918]: 429
[929, 1]: 1859
[929, 2]: 1857
[929, 4]: 324
[929, 8]: 18
[929, 16]: 1904
[929, 29]: 506
[929, 32]: 2246
[929, 58]: 475
[929, 116]: 419
[929, 232]: 1343
[929, 464]: 74
[929, 928]: 1751
[937, 1]: 1875
[937, 2]: 1873
[937, 3]: 1259
[937, 4]: 196
[937, 6]: 1260
[937, 8]: 14
[937, 9]: 72
[937, 12]: 333
[937, 13]: 973
[937, 18]: 4234
[937, 24]: 23
[937, 26]: 943
[937, 36]: 386
[937, 39]: 210
[937, 52]: 440
[937, 72]: 2882
[937, 78]: 1866
[937, 104]: 22
[937, 117]: 2089
[937, 156]: 1768
[937, 234]: 154
[937, 312]: 2575
[937, 468]: 1068
[937, 936]: 502
[941, 1]: 1883
[941, 2]: 1881
[941, 4]: 844
[941, 5]: 1305
[941, 10]: 185
[941, 20]: 66
[941, 47]: 34
[941, 94]: 513
[941, 188]: 147
[941, 235]: 71
[941, 470]: 2972
[941, 940]: 58
[947, 1]: 1895
[947, 2]: 1893
[947, 11]: 433
[947, 22]: 1337
[947, 43]: 41
[947, 86]: 20
[947, 473]: 174
[947, 946]: 245
[953, 1]: 1907
[953, 2]: 1905
[953, 4]: 5276
[953, 7]: 879
[953, 8]: 336
[953, 14]: 445
[953, 17]: 238
[953, 28]: 671
[953, 34]: 71
[953, 56]: 2552
[953, 68]: 568
[953, 119]: 2389
[953, 136]: 415
[953, 238]: 127
[953, 476]: 1146
[953, 952]: 80
[967, 1]: 1935
[967, 2]: 1933
[967, 3]: 1791
[967, 6]: 1792
[967, 7]: 648
[967, 14]: 319
[967, 21]: 168
[967, 23]: 1163
[967, 42]: 316
[967, 46]: 1231
[967, 69]: 198
[967, 138]: 428
[967, 161]: 42
[967, 322]: 363
[967, 483]: 98
[967, 966]: 530
[971, 1]: 1943
[971, 2]: 1941
[971, 5]: 65
[971, 10]: 2572
[971, 97]: 2154
[971, 194]: 282
[971, 485]: 313
[971, 970]: 217
[977, 1]: 1955
[977, 2]: 1953
[977, 4]: 3656
[977, 8]: 1204
[977, 16]: 52
[977, 61]: 581
[977, 122]: 39
[977, 244]: 22
[977, 488]: 401
[977, 976]: 667
[983, 1]: 1967
[983, 2]: 1965
[983, 491]: 38
[983, 982]: 317
[991, 1]: 1983
[991, 2]: 1981
[991, 3]: 113
[991, 5]: 799
[991, 6]: 114
[991, 9]: 18
[991, 10]: 192
[991, 11]: 1125
[991, 15]: 106
[991, 18]: 939
[991, 22]: 949
[991, 30]: 1393
[991, 33]: 733
[991, 45]: 287
[991, 55]: 265
[991, 66]: 3269
[991, 90]: 599
[991, 99]: 389
[991, 110]: 759
[991, 165]: 2291
[991, 198]: 567
[991, 330]: 2029
[991, 495]: 290
[991, 990]: 718
[997, 1]: 1995
[997, 2]: 1993
[997, 3]: 1301
[997, 4]: 836
[997, 6]: 1302
[997, 12]: 1742
[997, 83]: 1874
[997, 166]: 706
[997, 249]: 23
[997, 332]: 253
[997, 498]: 1633
[997, 996]: 146
[1009, 1]: 2019
[1009, 2]: 2017
[1009, 3]: 374
[1009, 4]: 3496
[1009, 6]: 375
[1009, 7]: 105
[1009, 8]: 762
[1009, 9]: 2579
[1009, 12]: 1169
[1009, 14]: 2725
[1009, 16]: 204
[1009, 18]: 672
[1009, 21]: 1994
[1009, 24]: 169
[1009, 28]: 1618
[1009, 36]: 3470
[1009, 42]: 10114
[1009, 48]: 13
[1009, 56]: 1547
[1009, 63]: 1347
[1009, 72]: 3528
[1009, 84]: 112
[1009, 112]: 465
[1009, 126]: 403
[1009, 144]: 230
[1009, 168]: 818
[1009, 252]: 296
[1009, 336]: 612
[1009, 504]: 127
[1009, 1008]: 239
[1013, 1]: 2027
[1013, 2]: 2025
[1013, 4]: 45
[1013, 11]: 2765
[1013, 22]: 1186
[1013, 23]: 704
[1013, 44]: 588
[1013, 46]: 1036
[1013, 92]: 1015
[1013, 253]: 962
[1013, 506]: 809
[1013, 1012]: 280
[1019, 1]: 2039
[1019, 2]: 2037
[1019, 509]: 122
[1019, 1018]: 146
[1021, 1]: 2043
[1021, 2]: 2041
[1021, 3]: 4452
[1021, 4]: 374
[1021, 5]: 2844
[1021, 6]: 4453
[1021, 10]: 26
[1021, 12]: 818
[1021, 15]: 132
[1021, 17]: 1758
[1021, 20]: 2679
[1021, 30]: 616
[1021, 34]: 586
[1021, 51]: 62
[1021, 60]: 554
[1021, 68]: 3613
[1021, 85]: 147
[1021, 102]: 41
[1021, 170]: 56
[1021, 204]: 645
[1021, 255]: 164
[1021, 340]: 497
[1021, 510]: 61
[1021, 1020]: 66
