1,1
2,1
3,1
4,1
5,1
6,1
7,1
8,1
9,1
X,1
E,1
10,1
11,1
12,1
13,1
14,1
15,1
16,1
17,1
18,1
19,1
1X,1
1E,3
20,1
21,1
22,1
23,1
24,1
25,8
26,1
27,9
28,1
29,1
2X,1
2E,1
30,1
31,31
32,1
33,2
34,1
35,X1
36,1
37,157
38,1
39,1
3X,3
3E,49E
40,1
41,37
42,1
43,5
44,3
45,29E5
46,1
47,X
48,2
49,9
4X,8
4E,1EX49
50,1
51,381X5
52,9
53,7
54,15
55,54
56,1
57,351E21
58,8
59,59
5X,1
5E,1372EE5
60,3
61,4007975
62,31
63,E
64,17
65,8X8
66,2
67,29657127
68,5
69,1601
6X,X1
6E,1E4873313
70,1
71,3711
72,157
73,X80
74,47
75,271487E421
76,1
77,27214
78,149
79,3E23
7X,49E
7E,523X4
80,9
81,67873221801
82,37
83,1803
84,47
85,4936166701X5
86,5
87,10257995432X5
88,253
89,11
8X,29E5
8E,7146146X89393
90,17
91,1618XE8X275975
92,X
93,1E2330
94,330
95,13097X42E629948
96,9
97,12E76X19
98,6280
99,64946
9X,1EE79
9E,2X6911209
X0,4
X1,144X329EX5757
X2,381X5
X3,29X3X28
X4,22590
X5,E226537255
X6,7
X7,12106E345310999X2E
X8,153955
X9,107EE56E
XX,54
XE,10X16X275X141196X39
E0,E
E1,26658453690
E2,351E21
E3,37E61
E4,54800
E5,2036E550104252379XX1
E6,59
E7,55X62483579191659E83
E8,33
E9,2E124EE27
EX,1372EE5
EE,405X3754079X7
100,363
