-EEE,30
-EEX,20
-EE7,5
-EE6,20
-EE5,44
-EE2,3X
-EE1,14
-EXX,18
-EX9,30
-EX7,24
-EX5,36
-EX3,X
-EX2,4X
-EX1,14
-E9E,24
-E9X,18
-E97,E
-E96,14
-E95,24
-E93,18
-E91,1X
-E8E,16
-E89,30
-E87,16
-E86,38
-E85,44
-E7E,44
-E7X,18
-E79,14
-E75,28
-E73,32
-E72,24
-E71,22
-E6E,11
-E67,15
-E66,18
-E65,40
-E63,8
-E62,36
-E61,14
-E5E,38
-E5X,1X
-E59,14
-E57,8
-E55,40
-E52,38
-E51,14
-E4E,X
-E4X,12
-E49,38
-E47,1X
-E45,32
-E43,8
-E42,54
-E41,14
-E3E,38
-E3X,24
-E37,7
-E36,18
-E33,24
-E32,26
-E31,16
-E2E,13
-E2X,10
-E27,20
-E26,24
-E25,36
-E22,28
-E21,24
-E1E,23
-E1X,24
-E19,14
-E17,6
-E15,48
-E13,30
-E12,28
-E11,12
-E0E,14
-E0X,2X
-E07,1X
-E06,28
-E05,44
-E02,38
-E01,20
-XEE,29
-XEX,14
-XE9,34
-XE7,9
-XE6,14
-XE5,24
-XE2,46
-XXE,15
-XXX,18
-XX9,24
-XX7,13
-XX5,24
-XX3,6
-XX2,24
-XX1,28
-X9E,43
-X9X,10
-X97,4
-X96,20
-X95,34
-X93,28
-X91,16
-X8E,10
-X8X,2X
-X89,20
-X87,17
-X86,18
-X85,30
-X82,38
-X81,14
-X7E,32
-X7X,18
-X79,20
-X77,E
-X75,44
-X73,12
-X72,40
-X6E,7
-X6X,18
-X66,20
-X65,40
-X63,10
-X62,42
-X61,14
-X5E,41
-X5X,14
-X59,34
-X57,4
-X56,20
-X55,34
-X52,20
-X51,20
-X4E,11
-X4X,14
-X49,18
-X47,18
-X45,1X
-X43,10
-X42,30
-X41,18
-X3E,31
-X3X,18
-X37,7
-X36,20
-X35,44
-X33,24
-X32,26
-X31,14
-X2X,14
-X29,24
-X27,1E
-X25,48
-X22,4X
-X21,14
-X1E,28
-X1X,14
-X19,24
-X17,E
-X15,20
-X13,24
-X12,50
-X11,12
-X0E,11
-X07,1E
-X06,28
-X03,8
-X02,20
-X01,24
-9EE,33
-9EX,14
-9E9,20
-9E7,4
-9E6,28
-9E5,30
-9E2,28
-9E1,1X
-9XE,13
-9XX,28
-9X7,9
-9X3,10
-9X2,2X
-9X1,14
-99E,2X
-99X,24
-997,4
-996,28
-995,30
-993,20
-992,38
-991,20
-98E,12
-98X,12
-989,24
-987,23
-986,18
-985,20
-982,40
-981,14
-97E,38
-97X,18
-979,24
-977,4
-975,40
-973,16
-972,32
-971,22
-96E,14
-96X,18
-966,24
-965,16
-963,10
-962,38
-95E,21
-95X,16
-959,14
-957,6
-956,20
-955,50
-952,20
-951,14
-94E,10
-94X,1X
-949,14
-947,20
-945,48
-943,6
-942,24
-941,14
-93E,2X
-93X,18
-937,8
-936,18
-935,20
-933,24
-932,28
-931,18
-92X,20
-929,30
-927,13
-926,34
-922,36
-921,20
-91E,39
-91X,X
-919,18
-917,6
-915,20
-913,24
-912,30
-911,20
-90E,E
-90X,16
-907,E
-906,14
-905,42
-903,8
-902,28
-901,10
-8EE,30
-8EX,24
-8E9,20
-8E7,9
-8E6,14
-8E5,30
-8E2,4X
-8E1,10
-8XE,E
-8XX,10
-8X9,20
-8X7,1E
-8X5,2X
-8X1,18
-89E,34
-89X,18
-897,6
-896,28
-895,34
-893,18
-892,30
-891,18
-88E,13
-88X,10
-889,18
-887,10
-886,20
-885,28
-881,28
-87E,22
-87X,14
-879,28
-877,4
-875,28
-873,28
-872,36
-871,12
-86E,10
-86X,20
-867,23
-866,20
-865,32
-863,4
-862,36
-85E,2E
-85X,10
-859,28
-857,6
-856,20
-855,28
-852,34
-851,X
-84E,12
-849,34
-847,16
-845,34
-843,6
-842,20
-841,14
-83E,32
-83X,10
-837,8
-836,24
-835,30
-833,20
-832,34
-831,18
-82E,9
-82X,20
-829,14
-826,18
-825,3X
-822,14
-821,10
-81X,26
-819,20
-817,7
-815,40
-813,1X
-812,30
-811,18
-80E,7
-80X,10
-807,14
-806,20
-805,24
-803,8
-802,48
-801,14
-7EE,35
-7E9,14
-7E7,6
-7E6,28
-7E5,20
-7E2,16
-7E1,20
-7XE,14
-7XX,10
-7X9,18
-7X7,16
-7X5,24
-7X3,8
-7X2,38
-7X1,14
-79X,1X
-797,5
-796,14
-795,38
-793,28
-792,30
-791,12
-78E,X
-78X,1X
-789,14
-787,1X
-786,14
-785,42
-782,40
-781,14
-77E,1E
-77X,18
-779,24
-777,6
-775,30
-773,24
-772,22
-771,X
-76E,15
-76X,10
-767,9
-766,24
-765,28
-762,1X
-761,14
-75E,2X
-759,20
-756,28
-755,20
-752,30
-751,26
-74E,10
-74X,18
-749,14
-747,17
-745,22
-743,6
-741,14
-73E,30
-73X,14
-737,5
-735,38
-733,14
-732,36
-731,14
-72E,8
-72X,10
-729,30
-727,1E
-726,10
-725,18
-722,38
-721,10
-71E,2E
-71X,10
-717,4
-713,14
-712,28
-711,1X
-70E,11
-70X,16
-707,14
-705,22
-703,10
-702,24
-701,18
-6EE,26
-6EX,18
-6E9,14
-6E7,4
-6E6,14
-6E5,34
-6E2,22
-6E1,12
-6XE,8
-6XX,14
-6X9,10
-6X7,15
-6X5,30
-6X3,8
-6X2,38
-6X1,20
-69E,23
-69X,X
-697,8
-696,20
-695,18
-692,30
-691,10
-68E,13
-68X,10
-689,20
-687,E
-686,20
-685,38
-682,24
-67E,30
-67X,14
-679,14
-677,4
-675,28
-673,22
-671,10
-66E,5
-66X,14
-667,14
-666,10
-665,3X
-663,8
-662,14
-661,18
-65E,24
-65X,22
-659,14
-656,20
-655,30
-652,34
-64E,X
-64X,16
-649,18
-647,17
-645,18
-643,8
-642,30
-641,10
-63E,27
-63X,14
-637,3
-636,24
-635,20
-633,14
-632,24
-631,20
-62E,12
-62X,10
-629,14
-627,14
-626,24
-625,24
-622,20
-621,14
-61E,25
-61X,16
-619,20
-617,3
-615,34
-613,1X
-612,18
-611,X
-60X,18
-607,1X
-606,14
-605,28
-602,38
-601,14
-5EE,19
-5EX,8
-5E9,20
-5E7,7
-5E6,14
-5E5,28
-5E2,38
-5E1,X
-5XE,X
-5X9,24
-5X3,6
-5X2,22
-59E,29
-59X,12
-597,6
-596,14
-593,24
-592,18
-591,1X
-58E,7
-58X,10
-587,9
-586,18
-585,26
-582,24
-581,10
-57E,26
-57X,10
-579,10
-577,7
-575,28
-573,12
-572,24
-571,14
-56E,X
-56X,10
-567,14
-566,14
-565,26
-563,4
-562,36
-561,8
-55E,28
-55X,14
-559,28
-557,5
-556,14
-555,14
-552,20
-551,18
-54E,X
-54X,12
-549,14
-545,22
-543,6
-542,28
-541,18
-53E,1X
-53X,20
-537,4
-536,10
-535,34
-533,20
-532,1X
-531,X
-52E,10
-52X,18
-529,10
-527,13
-525,28
-522,22
-521,14
-51E,19
-51X,8
-519,20
-517,5
-515,18
-512,34
-511,12
-50E,10
-50X,10
-507,11
-503,4
-501,14
-4EE,27
-4EX,10
-4E9,14
-4E7,4
-4E6,20
-4E5,20
-4E2,28
-4E1,X
-4XE,6
-4XX,20
-4X9,20
-4X7,12
-4X5,2X
-4X3,X
-4X2,22
-4X1,8
-49E,20
-49X,X
-497,5
-496,14
-495,34
-493,10
-491,10
-48E,5
-48X,10
-489,18
-487,16
-486,18
-485,26
-482,20
-481,10
-47E,26
-47X,10
-479,10
-477,4
-475,20
-473,14
-472,1X
-471,16
-46E,E
-46X,8
-467,10
-466,24
-465,12
-463,8
-461,18
-45E,1E
-45X,14
-459,14
-457,3
-456,14
-455,24
-452,18
-44E,X
-44X,12
-449,18
-447,11
-445,30
-443,4
-442,30
-43E,1X
-43X,10
-437,5
-436,10
-435,10
-433,18
-432,2X
-431,X
-42E,X
-42X,10
-429,14
-427,11
-426,10
-422,20
-421,18
-41E,21
-41X,8
-419,10
-417,4
-415,20
-413,1X
-412,18
-411,14
-40E,7
-40X,16
-407,8
-406,14
-405,24
-403,8
-401,8
-3EX,14
-3E9,14
-3E7,5
-3E6,14
-3E5,28
-3E2,26
-3E1,10
-3XE,9
-3XX,8
-3X9,14
-3X7,14
-3X5,16
-3X3,4
-3X2,1X
-3X1,8
-39E,22
-397,3
-396,20
-395,28
-393,10
-392,20
-391,X
-38X,X
-389,10
-387,12
-386,18
-385,10
-382,24
-37E,16
-37X,10
-377,5
-375,28
-373,16
-372,14
-371,10
-36E,6
-36X,14
-367,12
-366,14
-365,26
-362,24
-361,8
-35E,19
-35X,12
-359,14
-357,3
-356,8
-355,20
-352,24
-351,10
-34E,9
-349,18
-347,7
-345,18
-343,4
-342,18
-341,14
-33E,21
-33X,8
-336,18
-335,10
-333,14
-332,18
-331,14
-32E,7
-32X,8
-329,14
-327,7
-326,8
-325,26
-322,22
-321,8
-31E,18
-31X,12
-319,10
-317,6
-315,18
-313,12
-312,28
-311,8
-30E,5
-30X,8
-307,13
-306,8
-305,18
-303,4
-302,20
-301,10
-2EE,19
-2EX,10
-2E9,14
-2E7,2
-2E6,20
-2E2,X
-2E1,X
-2XE,9
-2XX,8
-2X9,10
-2X7,X
-2X5,18
-2X3,6
-2X2,14
-2X1,14
-29E,14
-29X,14
-297,2
-296,14
-295,18
-293,14
-292,18
-291,6
-28E,8
-28X,X
-289,10
-287,12
-286,14
-285,1X
-282,18
-281,8
-27E,15
-27X,8
-279,18
-277,3
-275,14
-272,24
-271,X
-26E,8
-26X,10
-267,9
-266,10
-265,18
-262,16
-25E,17
-25X,6
-259,8
-257,4
-256,14
-255,14
-251,12
-24E,5
-24X,X
-249,8
-245,24
-243,6
-241,8
-23E,16
-23X,10
-237,3
-236,8
-235,20
-233,10
-232,1X
-22E,4
-22X,8
-229,18
-227,X
-226,10
-225,X
-222,22
-221,8
-21E,17
-21X,8
-219,10
-217,3
-215,14
-213,X
-212,10
-211,8
-20E,8
-20X,6
-207,8
-205,16
-203,4
-202,18
-1EE,12
-1EX,10
-1E9,14
-1E7,3
-1E6,8
-1E5,18
-1E2,12
-1E1,6
-1XX,10
-1X9,8
-1X7,E
-1X5,1X
-1X3,2
-1X2,18
-1X1,8
-19E,11
-19X,6
-197,4
-196,8
-195,14
-193,10
-192,14
-191,4
-18E,7
-189,10
-187,6
-186,10
-181,10
-17E,13
-17X,8
-179,10
-177,2
-175,10
-173,10
-172,18
-171,X
-16E,5
-16X,8
-167,7
-166,10
-165,14
-163,4
-162,X
-161,8
-15E,12
-15X,6
-159,8
-157,3
-156,8
-155,18
-152,18
-151,8
-14E,4
-14X,6
-149,10
-147,9
-145,X
-143,4
-142,18
-141,4
-13E,11
-13X,4
-137,2
-136,10
-135,14
-133,8
-132,10
-131,X
-12E,5
-12X,8
-129,4
-126,10
-125,12
-122,10
-11E,E
-11X,X
-119,8
-117,1
-115,14
-113,X
-112,8
-111,6
-10E,4
-10X,8
-107,7
-105,12
-102,14
-101,8
-EE,X
-EX,4
-E9,8
-E7,3
-E6,8
-E5,8
-E2,12
-E1,4
-XE,5
-XX,4
-X9,10
-X7,5
-X3,2
-X2,X
-9E,X
-9X,6
-97,2
-96,8
-95,8
-93,8
-92,10
-91,6
-8E,3
-8X,6
-89,8
-87,5
-86,4
-85,12
-81,4
-7E,8
-7X,8
-79,4
-77,2
-75,10
-73,6
-72,X
-71,4
-6E,3
-6X,4
-67,5
-66,4
-65,8
-62,X
-61,4
-5E,7
-5X,4
-59,8
-57,1
-56,8
-55,8
-52,8
-51,6
-4E,3
-4X,2
-49,4
-47,4
-45,6
-43,2
-3E,5
-3X,4
-37,1
-36,4
-35,8
-33,4
-32,6
-31,2
-2E,2
-2X,4
-29,4
-27,3
-26,4
-25,6
-22,6
-1E,3
-1X,2
-19,4
-17,1
-15,4
-13,2
-12,4
-11,2
-E,1
-X,2
-7,1
-6,2
-5,2
-3,1
-2,1
-1,1
2,1
3,1
5,1
6,1
7,1
X,2
E,1
11,1
12,1
13,2
15,1
17,1
19,1
1X,1
1E,1
22,2
25,1
26,2
27,1
29,1
2X,2
2E,2
31,1
32,1
33,2
35,1
36,2
37,1
3X,1
3E,1
43,2
45,1
47,2
49,1
4X,2
4E,1
51,1
52,1
55,2
56,2
57,1
59,1
5X,2
5E,1
61,1
62,2
65,1
66,2
67,3
6X,4
6E,1
71,2
72,1
73,2
75,1
77,2
79,1
7X,1
7E,2
81,1
85,1
86,2
87,1
89,2
8X,2
8E,1
91,1
92,2
93,2
95,1
96,2
97,2
9X,1
9E,2
X2,2
X3,2
X7,1
X9,1
XX,4
XE,1
E1,1
E2,1
E5,1
E6,2
E7,1
E9,1
EX,3
EE,2
101,4
102,2
105,1
107,1
10X,2
10E,2
111,1
112,1
113,2
115,1
117,1
119,2
11X,1
11E,1
122,4
125,1
126,2
129,1
12X,2
12E,1
131,1
132,2
133,2
135,2
136,2
137,2
13X,2
13E,1
141,1
142,2
143,4
145,1
147,1
149,1
14X,2
14E,2
151,2
152,1
155,1
156,4
157,1
159,1
15X,1
15E,2
161,1
162,2
163,4
165,2
166,2
167,3
16X,8
16E,1
171,3
172,2
173,4
175,1
177,6
179,1
17X,2
17E,1
181,1
186,2
187,2
189,1
18E,1
191,1
192,3
193,4
195,3
196,2
197,2
19X,1
19E,1
1X1,2
1X2,2
1X3,2
1X5,1
1X7,1
1X9,2
1XX,4
1E1,1
1E2,1
1E5,1
1E6,2
1E7,1
1E9,2
1EX,2
1EE,2
202,4
203,4
205,1
207,2
20X,2
20E,2
211,1
212,1
213,2
215,2
217,1
219,1
21X,2
21E,1
221,1
222,2
225,1
226,2
227,2
229,3
22X,4
22E,4
232,3
233,2
235,1
236,4
237,1
23X,1
23E,2
241,1
243,2
245,1
249,2
24X,6
24E,1
251,1
255,1
256,2
257,2
259,2
25X,1
25E,3
262,2
265,2
266,2
267,1
26X,4
26E,2
271,1
272,2
275,2
277,1
279,1
27X,1
27E,1
281,2
282,2
285,1
286,4
287,2
289,1
28X,2
28E,2
291,1
292,1
293,8
295,5
296,2
297,2
29X,2
29E,2
2X1,1
2X2,4
2X3,2
2X5,1
2X7,2
2X9,1
2XX,2
2XE,1
2E1,1
2E2,1
2E6,2
2E7,6
2E9,2
2EX,2
2EE,1
301,1
302,4
303,4
305,1
306,4
307,5
30X,8
30E,3
311,4
312,1
313,2
315,1
317,2
319,1
31X,1
31E,4
321,1
322,2
325,1
326,4
327,1
329,2
32X,2
32E,1
331,3
332,2
333,2
335,3
336,2
33X,1
33E,1
341,2
342,2
343,4
345,2
347,1
349,1
34E,1
351,2
352,2
355,1
356,2
357,5
359,1
35X,1
35E,1
361,4
362,6
365,1
366,4
367,2
36X,4
36E,2
371,1
372,2
373,2
375,1
377,1
37X,1
37E,2
382,4
385,2
386,2
387,2
389,1
38X,2
391,1
392,1
393,2
395,2
396,4
397,1
39E,2
3X1,1
3X2,2
3X3,4
3X5,1
3X7,2
3X9,2
3XX,2
3XE,1
3E1,2
3E2,1
3E5,1
3E6,4
3E7,1
3E9,1
3EX,6
401,7
403,4
405,1
406,4
407,2
40X,2
40E,1
411,1
412,2
413,2
415,1
417,4
419,1
41X,2
41E,1
421,1
422,2
426,2
427,1
429,2
42X,4
42E,2
431,1
432,1
433,4
435,1
436,2
437,1
43X,1
43E,2
442,4
443,4
445,2
447,1
449,1
44X,2
44E,2
452,2
455,1
456,2
457,1
459,2
45X,8
45E,1
461,1
463,4
465,1
466,2
467,2
46X,4
46E,3
471,1
472,1
473,4
475,2
477,2
479,1
47X,2
47E,2
481,1
482,4
485,1
486,2
487,2
489,1
48X,2
48E,1
491,2
493,2
495,4
496,4
497,1
49X,1
49E,2
4X1,6
4X2,2
4X3,2
4X5,1
4X7,2
4X9,2
4XX,4
4XE,2
4E1,1
4E2,2
4E5,1
4E6,4
4E7,4
4E9,1
4EX,1
4EE,1
501,1
503,4
507,5
50X,10
50E,4
511,3
512,1
515,1
517,1
519,2
51X,2
51E,1
521,2
522,2
525,1
527,1
529,1
52X,4
52E,2
531,1
532,1
533,4
535,3
536,2
537,2
53X,1
53E,2
541,1
542,4
543,2
545,1
549,4
54X,2
54E,2
551,1
552,2
555,6
556,6
557,1
559,1
55X,2
55E,4
561,4
562,2
563,4
565,1
566,4
567,8
56X,2
56E,2
571,2
572,2
573,2
575,1
577,1
579,1
57X,2
57E,2
581,5
582,4
585,1
586,2
587,1
58X,2
58E,1
591,1
592,2
593,2
596,2
597,2
59X,1
59E,3
5X2,6
5X3,2
5X9,1
5XE,2
5E1,1
5E2,2
5E5,1
5E6,4
5E7,1
5E9,2
5EX,1
5EE,1
601,2
602,2
605,1
606,8
607,2
60X,6
611,1
612,1
613,2
615,1
617,1
619,2
61X,1
61E,1
621,1
622,4
625,1
626,6
627,6
629,4
62X,6
62E,6
631,4
632,2
633,4
635,4
636,6
637,1
63X,8
63E,1
641,1
642,4
643,4
645,1
647,1
649,1
64X,2
64E,2
652,1
655,1
656,4
659,1
65X,3
65E,4
661,1
662,2
663,4
665,1
666,2
667,4
66X,2
66E,1
671,2
673,2
675,1
677,2
679,2
67X,1
67E,4
682,4
685,2
686,4
687,1
689,2
68X,4
68E,1
691,1
692,1
695,1
696,2
697,4
69X,5
69E,1
6X1,6
6X2,4
6X3,4
6X5,1
6X7,1
6X9,3
6XX,8
6XE,2
6E1,1
6E2,1
6E5,2
6E6,2
6E7,4
6E9,2
6EX,1
6EE,2
701,7
702,4
703,4
705,1
707,4
70X,2
70E,1
711,1
712,2
713,8
717,2
71X,2
71E,1
721,1
722,2
725,2
726,2
727,1
729,1
72X,4
72E,2
731,4
732,1
733,2
735,1
737,1
73X,2
73E,2
741,1
743,2
745,1
747,1
749,2
74X,4
74E,4
751,1
752,2
755,2
756,2
759,1
75E,2
761,1
762,2
765,2
766,6
767,7
76X,10
76E,3
771,5
772,1
773,4
775,1
777,2
779,3
77X,2
77E,1
781,4
782,4
785,1
786,4
787,X
789,2
78X,2
78E,2
791,1
792,2
793,2
795,1
796,8
797,1
79X,5
7X1,9
7X2,4
7X3,4
7X5,1
7X7,2
7X9,1
7XX,4
7XE,4
7E1,1
7E2,1
7E5,4
7E6,2
7E7,2
7E9,1
7EE,1
801,1
802,4
803,8
805,2
806,4
807,2
80X,2
80E,1
811,2
812,2
813,2
815,1
817,3
819,2
81X,1
821,1
822,2
825,1
826,2
829,2
82X,4
82E,1
831,2
832,4
833,6
835,1
836,2
837,2
83X,1
83E,2
841,1
842,2
843,2
845,2
847,2
849,2
84E,6
851,1
852,1
855,1
856,4
857,2
859,4
85X,2
85E,3
862,X
863,4
865,3
866,4
867,1
86X,2
86E,4
871,1
872,1
873,8
875,2
877,4
879,2
87X,2
87E,2
881,1
885,1
886,4
887,2
889,3
88X,4
88E,1
891,2
892,1
893,2
895,2
896,2
897,2
89X,2
89E,4
8X1,1
8X5,1
8X7,1
8X9,2
8XX,2
8XE,1
8E1,2
8E2,1
8E5,1
8E6,8
8E7,1
8E9,1
8EX,7
8EE,4
901,E
902,2
903,8
905,1
906,4
907,1
90X,2
90E,1
911,2
912,2
913,4
915,4
917,2
919,1
91X,1
91E,1
921,1
922,2
926,4
927,5
929,1
92X,4
931,1
932,2
933,4
935,1
936,2
937,6
93X,6
93E,2
941,6
942,2
943,2
945,1
947,8
949,2
94X,2
94E,2
951,1
952,2
955,1
956,2
957,2
959,4
95X,1
95E,3
962,4
963,4
965,3
966,2
96X,4
96E,2
971,1
972,1
973,2
975,2
977,4
979,1
97X,2
97E,2
981,5
982,4
985,1
986,2
987,1
989,1
98X,2
98E,2
991,2
992,6
993,4
995,1
996,4
997,4
99X,2
99E,2
9X1,2
9X2,2
9X3,4
9X7,1
9XX,4
9XE,1
9E1,5
9E2,4
9E5,1
9E6,2
9E7,4
9E9,1
9EX,1
9EE,1
X01,1
X02,4
X03,8
X06,8
X07,1
X0E,1
X11,1
X12,1
X13,4
X15,1
X17,1
X19,1
X1X,4
X1E,4
X21,2
X22,2
X25,2
X27,1
X29,1
X2X,2
X31,1
X32,3
X33,4
X35,1
X36,4
X37,1
X3X,5
X3E,1
X41,3
X42,4
X43,4
X45,1
X47,10
X49,1
X4X,2
X4E,1
X51,1
X52,1
X55,2
X56,2
X57,4
X59,3
X5X,2
X5E,1
X61,2
X62,2
X63,4
X65,2
X66,4
X6X,10
X6E,3
X72,2
X73,6
X75,1
X77,1
X79,2
X7X,12
X7E,2
X81,2
X82,2
X85,1
X86,2
X87,1
X89,2
X8X,6
X8E,4
X91,1
X93,4
X95,1
X96,4
X97,2
X9X,2
X9E,1
XX1,1
XX2,2
XX3,2
XX5,2
XX7,3
XX9,1
XXX,4
XXE,1
XE2,1
XE5,1
XE6,2
XE7,1
XE9,2
XEX,4
XEE,1
E01,2
E02,4
E05,1
E06,8
E07,2
E0X,2
E0E,4
E11,1
E12,4
E13,10
E15,7
E17,2
E19,2
E1X,2
E1E,1
E21,1
E22,4
E25,1
E26,2
E27,4
E2X,4
E2E,1
E31,1
E32,1
E33,2
E36,2
E37,3
E3X,2
E3E,4
E41,1
E42,2
E43,4
E45,1
E47,6
E49,5
E4X,2
E4E,2
E51,2
E52,3
E55,2
E57,2
E59,2
E5X,9
E5E,2
E61,1
E62,2
E63,4
E65,1
E66,2
E67,1
E6E,1
E71,1
E72,2
E73,2
E75,1
E79,4
E7X,1
E7E,4
E85,2
E86,2
E87,2
E89,1
E8E,2
E91,1
E93,4
E95,1
E96,2
E97,1
E9X,2
E9E,2
EX1,8
EX2,2
EX3,2
EX5,1
EX7,2
EX9,1
EXX,10
EE1,2
EE2,1
EE5,1
EE6,4
EE7,1
EEX,1
EEE,2
