-1024: [8, [8], [Qfb(5, 4, 52)], 1]
-1023: [16, [8, 2], [Qfb(2, 1, 128), Qfb(3, 3, 86)], 1]
-1020: [12, [6, 2], [Qfb(7, 4, 37), Qfb(5, 0, 51)], 1]
-1019: [13, [13], [Qfb(3, 1, 85)], 1]
-1016: [16, [16], [Qfb(3, 2, 85)], 1]
-1015: [16, [8, 2], [Qfb(2, 1, 127), Qfb(5, 5, 52)], 1]
-1012: [4, [2, 2], [Qfb(17, 12, 17), Qfb(2, 2, 127)], 1]
-1011: [12, [12], [Qfb(5, 3, 51)], 1]
-1008: [8, [4, 2], [Qfb(11, 2, 23), Qfb(7, 0, 36)], 1]
-1007: [30, [30], [Qfb(2, 1, 126)], 1]
-1004: [21, [21], [Qfb(7, 2, 36)], 1]
-1003: [4, [4], [Qfb(11, 3, 23)], 1]
-1000: [10, [10], [Qfb(7, 6, 37)], 1]
-999: [24, [24], [Qfb(5, -1, 50)], 1]
-996: [12, [6, 2], [Qfb(5, 2, 50), Qfb(6, 6, 43)], 1]
-995: [8, [8], [Qfb(3, 1, 83)], 1]
-992: [16, [8, 2], [Qfb(3, 2, 83), Qfb(8, 0, 31)], 1]
-991: [17, [17], [Qfb(2, 1, 124)], 1]
-988: [6, [6], [Qfb(8, 2, 31)], 1]
-987: [8, [4, 2], [Qfb(11, 5, 23), Qfb(3, 3, 83)], 1]
-984: [12, [6, 2], [Qfb(5, 4, 50), Qfb(3, 0, 82)], 1]
-983: [27, [27], [Qfb(2, 1, 123)], 1]
-980: [12, [6, 2], [Qfb(3, 2, 82), Qfb(5, 0, 49)], 1]
-979: [8, [8], [Qfb(7, -1, 35)], 1]
-976: [12, [12], [Qfb(7, -2, 35)], 1]
-975: [16, [8, 2], [Qfb(2, 1, 122), Qfb(3, 3, 82)], 1]
-972: [9, [3, 3], [Qfb(7, 6, 36), Qfb(13, 4, 19)], 1]
-971: [15, [15], [Qfb(15, -13, 19)], 1]
-968: [10, [10], [Qfb(17, -16, 18)], 1]
-967: [11, [11], [Qfb(2, 1, 121)], 1]
-964: [12, [12], [Qfb(7, -4, 35)], 1]
-963: [6, [6], [Qfb(11, 7, 23)], 1]
-960: [8, [2, 2, 2], [Qfb(17, 14, 17), Qfb(16, 16, 19), Qfb(5, 0, 48)], 1]
-959: [36, [36], [Qfb(6, -1, 40)], 1]
-956: [15, [15], [Qfb(15, 2, 16)], 1]
-955: [4, [4], [Qfb(7, 5, 35)], 1]
-952: [8, [4, 2], [Qfb(11, 4, 22), Qfb(7, 0, 34)], 1]
-951: [26, [26], [Qfb(2, 1, 119)], 1]
-948: [12, [6, 2], [Qfb(7, 2, 34), Qfb(6, 6, 41)], 1]
-947: [5, [5], [Qfb(3, 1, 79)], 1]
-944: [18, [18], [Qfb(3, 2, 79)], 1]
-943: [16, [16], [Qfb(11, -5, 22)], 1]
-940: [6, [6], [Qfb(13, 10, 20)], 1]
-939: [8, [8], [Qfb(5, 1, 47)], 1]
-936: [12, [6, 2], [Qfb(5, 2, 47), Qfb(13, 0, 18)], 1]
-935: [28, [14, 2], [Qfb(2, 1, 117), Qfb(11, 11, 24)], 1]
-932: [12, [12], [Qfb(3, 2, 78)], 1]
-931: [6, [6], [Qfb(5, 3, 47)], 1]
-928: [4, [2, 2], [Qfb(8, 8, 31), Qfb(8, 0, 29)], 1]
-927: [20, [20], [Qfb(2, 1, 116)], 1]
-924: [12, [6, 2], [Qfb(5, 4, 47), Qfb(7, 0, 33)], 1]
-923: [10, [10], [Qfb(11, 1, 21)], 1]
-920: [20, [10, 2], [Qfb(3, 2, 77), Qfb(10, 0, 23)], 1]
-919: [19, [19], [Qfb(2, 1, 115)], 1]
-916: [10, [10], [Qfb(7, -6, 34)], 1]
-915: [8, [4, 2], [Qfb(7, 3, 33), Qfb(3, 3, 77)], 1]
-912: [8, [4, 2], [Qfb(11, 10, 23), Qfb(3, 0, 76)], 1]
-911: [31, [31], [Qfb(2, 1, 114)], 1]
-908: [15, [15], [Qfb(7, -4, 33)], 1]
-907: [3, [3], [Qfb(13, 9, 19)], 1]
-904: [8, [8], [Qfb(5, 4, 46)], 1]
-903: [16, [8, 2], [Qfb(2, 1, 113), Qfb(3, 3, 76)], 1]
-900: [8, [4, 2], [Qfb(13, 6, 18), Qfb(17, 16, 17)], 1]
-899: [14, [14], [Qfb(3, 1, 75)], 1]
-896: [16, [8, 2], [Qfb(3, 2, 75), Qfb(15, 2, 15)], 1]
-895: [16, [16], [Qfb(2, 1, 112)], 1]
-892: [7, [7], [Qfb(7, 2, 32)], 1]
-891: [6, [6], [Qfb(5, 3, 45)], 1]
-888: [12, [6, 2], [Qfb(13, 10, 19), Qfb(2, 0, 111)], 1]
-887: [29, [29], [Qfb(2, 1, 111)], 1]
-884: [16, [8, 2], [Qfb(3, 2, 74), Qfb(2, 2, 111)], 1]
-883: [3, [3], [Qfb(13, 1, 17)], 1]
-880: [8, [4, 2], [Qfb(7, 4, 32), Qfb(4, 0, 55)], 1]
-879: [22, [22], [Qfb(2, 1, 110)], 1]
-876: [12, [12], [Qfb(5, 2, 44)], 1]
-875: [10, [10], [Qfb(3, 1, 73)], 1]
-872: [10, [10], [Qfb(6, -4, 37)], 1]
-871: [22, [22], [Qfb(2, 1, 109)], 1]
-868: [8, [4, 2], [Qfb(11, 10, 22), Qfb(14, 14, 19)], 1]
-867: [6, [6], [Qfb(7, 1, 31)], 1]
-864: [12, [6, 2], [Qfb(5, 4, 44), Qfb(4, 4, 55)], 1]
-863: [21, [21], [Qfb(2, 1, 108)], 1]
-860: [14, [14], [Qfb(3, 2, 72)], 1]
-859: [7, [7], [Qfb(5, 1, 43)], 1]
-856: [6, [6], [Qfb(5, 2, 43)], 1]
-855: [16, [8, 2], [Qfb(2, 1, 107), Qfb(5, 5, 44)], 1]
-852: [8, [4, 2], [Qfb(7, 4, 31), Qfb(3, 0, 71)], 1]
-851: [10, [10], [Qfb(15, -13, 17)], 1]
-848: [12, [12], [Qfb(3, 2, 71)], 1]
-847: [10, [10], [Qfb(2, 1, 106)], 1]
-844: [9, [9], [Qfb(5, 4, 43)], 1]
-843: [6, [6], [Qfb(11, -9, 21)], 1]
-840: [8, [2, 2, 2], [Qfb(14, 0, 15), Qfb(10, 0, 21), Qfb(2, 0, 105)], 1]
-839: [33, [33], [Qfb(2, 1, 105)], 1]
-836: [20, [10, 2], [Qfb(3, 2, 70), Qfb(11, 0, 19)], 1]
-835: [6, [6], [Qfb(13, -7, 17)], 1]
-832: [8, [4, 2], [Qfb(7, 6, 31), Qfb(13, 0, 16)], 1]
-831: [28, [28], [Qfb(2, 1, 104)], 1]
-828: [6, [6], [Qfb(29, -10, 8)], 1]
-827: [7, [7], [Qfb(3, 1, 69)], 1]
-824: [20, [20], [Qfb(3, 2, 69)], 1]
-823: [9, [9], [Qfb(2, 1, 103)], 1]
-820: [8, [4, 2], [Qfb(11, 4, 19), Qfb(2, 2, 103)], 1]
-819: [8, [4, 2], [Qfb(5, 1, 41), Qfb(13, 13, 19)], 1]
-816: [12, [6, 2], [Qfb(5, 2, 41), Qfb(3, 0, 68)], 1]
-815: [30, [30], [Qfb(2, 1, 102)], 1]
-812: [12, [12], [Qfb(3, 2, 68)], 1]
-811: [7, [7], [Qfb(5, 3, 41)], 1]
-808: [6, [6], [Qfb(7, 2, 29)], 1]
-807: [14, [14], [Qfb(2, 1, 101)], 1]
-804: [12, [6, 2], [Qfb(5, 4, 41), Qfb(3, 0, 67)], 1]
-803: [10, [10], [Qfb(7, -3, 29)], 1]
-800: [12, [6, 2], [Qfb(3, 2, 67), Qfb(8, 0, 25)], 1]
-799: [16, [16], [Qfb(10, -1, 20)], 1]
-796: [9, [9], [Qfb(5, 2, 40)], 1]
-795: [4, [2, 2], [Qfb(15, 15, 17), Qfb(5, 5, 41)], 1]
-792: [8, [4, 2], [Qfb(13, 12, 18), Qfb(2, 0, 99)], 1]
-791: [32, [32], [Qfb(10, 3, 20)], 1]
-788: [10, [10], [Qfb(3, 2, 66)], 1]
-787: [5, [5], [Qfb(7, 5, 29)], 1]
-784: [8, [8], [Qfb(5, 4, 40)], 1]
-783: [18, [18], [Qfb(2, 1, 98)], 1]
-780: [12, [6, 2], [Qfb(7, 2, 28), Qfb(3, 0, 65)], 1]
-779: [10, [10], [Qfb(3, 1, 65)], 1]
-776: [20, [20], [Qfb(5, -2, 39)], 1]
-775: [12, [12], [Qfb(2, 1, 97)], 1]
-772: [4, [4], [Qfb(11, 8, 19)], 1]
-771: [6, [6], [Qfb(5, 3, 39)], 1]
-768: [8, [4, 2], [Qfb(7, 4, 28), Qfb(12, 12, 19)], 1]
-767: [22, [22], [Qfb(2, 1, 96)], 1]
-764: [13, [13], [Qfb(3, 2, 64)], 1]
-763: [4, [4], [Qfb(13, 11, 17)], 1]
-760: [4, [2, 2], [Qfb(10, 0, 19), Qfb(5, 0, 38)], 1]
-759: [24, [12, 2], [Qfb(2, 1, 95), Qfb(14, 5, 14)], 1]
-756: [12, [6, 2], [Qfb(5, 2, 38), Qfb(2, 2, 95)], 1]
-755: [12, [12], [Qfb(3, 1, 63)], 1]
-752: [10, [10], [Qfb(3, 2, 63)], 1]
-751: [15, [15], [Qfb(2, 1, 94)], 1]
-748: [6, [6], [Qfb(7, 6, 28)], 1]
-747: [6, [6], [Qfb(11, -1, 17)], 1]
-744: [12, [6, 2], [Qfb(5, 4, 38), Qfb(6, 0, 31)], 1]
-743: [21, [21], [Qfb(2, 1, 93)], 1]
-740: [16, [8, 2], [Qfb(3, 2, 62), Qfb(2, 2, 93)], 1]
-739: [5, [5], [Qfb(5, 1, 37)], 1]
-736: [8, [4, 2], [Qfb(5, 2, 37), Qfb(8, 0, 23)], 1]
-735: [16, [8, 2], [Qfb(2, 1, 92), Qfb(3, 3, 62)], 1]
-732: [8, [8], [Qfb(11, 4, 17)], 1]
-731: [12, [12], [Qfb(3, 1, 61)], 1]
-728: [12, [6, 2], [Qfb(3, 2, 61), Qfb(2, 0, 91)], 1]
-727: [13, [13], [Qfb(2, 1, 91)], 1]
-724: [10, [10], [Qfb(10, -6, 19)], 1]
-723: [4, [4], [Qfb(11, 5, 17)], 1]
-720: [8, [4, 2], [Qfb(7, 6, 27), Qfb(9, 0, 20)], 1]
-719: [31, [31], [Qfb(2, 1, 90)], 1]
-716: [15, [15], [Qfb(5, -2, 36)], 1]
-715: [4, [2, 2], [Qfb(13, 13, 17), Qfb(11, 11, 19)], 1]
-712: [8, [8], [Qfb(7, 4, 26)], 1]
-711: [20, [20], [Qfb(2, 1, 89)], 1]
-708: [4, [2, 2], [Qfb(6, 6, 31), Qfb(2, 2, 89)], 1]
-707: [6, [6], [Qfb(3, 1, 59)], 1]
-704: [12, [6, 2], [Qfb(3, 2, 59), Qfb(15, 14, 15)], 1]
-703: [14, [14], [Qfb(2, 1, 88)], 1]
-700: [6, [6], [Qfb(23, -6, 8)], 1]
-699: [10, [10], [Qfb(5, 1, 35)], 1]
-696: [12, [6, 2], [Qfb(5, 2, 35), Qfb(2, 0, 87)], 1]
-695: [24, [24], [Qfb(2, 1, 87)], 1]
-692: [14, [14], [Qfb(3, 2, 58)], 1]
-691: [5, [5], [Qfb(5, 3, 35)], 1]
-688: [6, [6], [Qfb(11, 4, 16)], 1]
-687: [12, [12], [Qfb(2, 1, 86)], 1]
-684: [12, [12], [Qfb(5, 4, 35)], 1]
-683: [5, [5], [Qfb(3, 1, 57)], 1]
-680: [12, [6, 2], [Qfb(3, 2, 57), Qfb(2, 0, 85)], 1]
-679: [18, [18], [Qfb(13, 7, 14)], 1]
-676: [6, [6], [Qfb(5, 2, 34)], 1]
-675: [6, [6], [Qfb(7, 5, 25)], 1]
-672: [8, [2, 2, 2], [Qfb(13, 2, 13), Qfb(12, 12, 17), Qfb(3, 0, 56)], 1]
-671: [30, [30], [Qfb(2, 1, 84)], 1]
-668: [11, [11], [Qfb(3, 2, 56)], 1]
-667: [4, [4], [Qfb(11, 9, 17)], 1]
-664: [10, [10], [Qfb(5, 4, 34)], 1]
-663: [16, [8, 2], [Qfb(2, 1, 83), Qfb(14, 11, 14)], 1]
-660: [8, [2, 2, 2], [Qfb(13, 4, 13), Qfb(10, 10, 19), Qfb(2, 2, 83)], 1]
-659: [11, [11], [Qfb(3, 1, 55)], 1]
-656: [16, [16], [Qfb(3, 2, 55)], 1]
-655: [12, [12], [Qfb(2, 1, 82)], 1]
-652: [3, [3], [Qfb(4, -2, 41)], 1]
-651: [8, [4, 2], [Qfb(5, 3, 33), Qfb(13, 5, 13)], 1]
-648: [6, [6], [Qfb(11, 10, 17)], 1]
-647: [23, [23], [Qfb(2, 1, 81)], 1]
-644: [16, [8, 2], [Qfb(3, 2, 54), Qfb(14, 14, 15)], 1]
-643: [3, [3], [Qfb(7, 1, 23)], 1]
-640: [8, [4, 2], [Qfb(7, 2, 23), Qfb(5, 0, 32)], 1]
-639: [14, [14], [Qfb(2, 1, 80)], 1]
-636: [10, [10], [Qfb(5, 2, 32)], 1]
-635: [10, [10], [Qfb(3, 1, 53)], 1]
-632: [8, [8], [Qfb(3, 2, 53)], 1]
-631: [13, [13], [Qfb(2, 1, 79)], 1]
-628: [6, [6], [Qfb(7, 4, 23)], 1]
-627: [4, [2, 2], [Qfb(13, 7, 13), Qfb(11, 11, 17)], 1]
-624: [8, [4, 2], [Qfb(5, 4, 32), Qfb(4, 0, 39)], 1]
-623: [22, [22], [Qfb(12, -1, 13)], 1]
-620: [12, [12], [Qfb(3, 2, 52)], 1]
-619: [5, [5], [Qfb(5, 1, 31)], 1]
-616: [8, [4, 2], [Qfb(5, 2, 31), Qfb(7, 0, 22)], 1]
-615: [20, [10, 2], [Qfb(2, 1, 77), Qfb(3, 3, 52)], 1]
-612: [8, [4, 2], [Qfb(7, 2, 22), Qfb(2, 2, 77)], 1]
-611: [10, [10], [Qfb(5, -3, 31)], 1]
-608: [12, [6, 2], [Qfb(3, 2, 51), Qfb(4, 4, 39)], 1]
-607: [13, [13], [Qfb(2, 1, 76)], 1]
-604: [7, [7], [Qfb(5, 4, 31)], 1]
-603: [4, [4], [Qfb(9, -3, 17)], 1]
-600: [8, [4, 2], [Qfb(7, 4, 22), Qfb(2, 0, 75)], 1]
-599: [25, [25], [Qfb(2, 1, 75)], 1]
-596: [14, [14], [Qfb(3, 2, 50)], 1]
-595: [4, [2, 2], [Qfb(13, 9, 13), Qfb(7, 7, 23)], 1]
-592: [4, [4], [Qfb(8, -4, 19)], 1]
-591: [22, [22], [Qfb(2, 1, 74)], 1]
-588: [6, [6], [Qfb(12, -6, 13)], 1]
-587: [7, [7], [Qfb(3, 1, 49)], 1]
-584: [16, [16], [Qfb(13, -12, 14)], 1]
-583: [8, [8], [Qfb(2, 1, 73)], 1]
-580: [8, [4, 2], [Qfb(7, 6, 22), Qfb(2, 2, 73)], 1]
-579: [8, [8], [Qfb(5, 1, 29)], 1]
-576: [8, [4, 2], [Qfb(5, 2, 29), Qfb(13, 10, 13)], 1]
-575: [18, [18], [Qfb(2, 1, 72)], 1]
-572: [10, [10], [Qfb(8, 6, 19)], 1]
-571: [5, [5], [Qfb(5, 3, 29)], 1]
-568: [4, [4], [Qfb(11, 2, 13)], 1]
-567: [12, [12], [Qfb(2, 1, 71)], 1]
-564: [8, [4, 2], [Qfb(5, 4, 29), Qfb(2, 2, 71)], 1]
-563: [9, [9], [Qfb(3, 1, 47)], 1]
-560: [12, [6, 2], [Qfb(3, 2, 47), Qfb(4, 0, 35)], 1]
-559: [16, [16], [Qfb(2, 1, 70)], 1]
-556: [9, [9], [Qfb(5, 2, 28)], 1]
-555: [4, [2, 2], [Qfb(13, 11, 13), Qfb(5, 5, 29)], 1]
-552: [8, [4, 2], [Qfb(7, 6, 21), Qfb(6, 0, 23)], 1]
-551: [26, [26], [Qfb(2, 1, 69)], 1]
-548: [8, [8], [Qfb(3, 2, 46)], 1]
-547: [3, [3], [Qfb(11, 5, 13)], 1]
-544: [8, [4, 2], [Qfb(5, 4, 28), Qfb(4, 4, 35)], 1]
-543: [12, [12], [Qfb(2, 1, 68)], 1]
-540: [6, [6], [Qfb(8, -2, 17)], 1]
-539: [8, [8], [Qfb(3, 1, 45)], 1]
-536: [14, [14], [Qfb(3, 2, 45)], 1]
-535: [14, [14], [Qfb(2, 1, 67)], 1]
-532: [4, [2, 2], [Qfb(13, 12, 13), Qfb(2, 2, 67)], 1]
-531: [6, [6], [Qfb(5, 3, 27)], 1]
-528: [8, [4, 2], [Qfb(7, 2, 19), Qfb(11, 0, 12)], 1]
-527: [18, [18], [Qfb(11, 1, 12)], 1]
-524: [15, [15], [Qfb(3, 2, 44)], 1]
-523: [5, [5], [Qfb(7, 3, 19)], 1]
-520: [4, [2, 2], [Qfb(10, 0, 13), Qfb(5, 0, 26)], 1]
-519: [18, [18], [Qfb(2, 1, 65)], 1]
-516: [12, [6, 2], [Qfb(5, 2, 26), Qfb(3, 0, 43)], 1]
-515: [6, [6], [Qfb(3, 1, 43)], 1]
-512: [8, [8], [Qfb(3, 2, 43)], 1]
-511: [14, [14], [Qfb(10, 7, 14)], 1]
-508: [5, [5], [Qfb(11, 8, 13)], 1]
-507: [4, [4], [Qfb(7, 5, 19)], 1]
-504: [8, [4, 2], [Qfb(5, 4, 26), Qfb(2, 0, 63)], 1]
-503: [21, [21], [Qfb(6, -1, 21)], 1]
-500: [10, [10], [Qfb(3, 2, 42)], 1]
-499: [3, [3], [Qfb(5, 1, 25)], 1]
-496: [6, [6], [Qfb(7, -6, 19)], 1]
-495: [16, [8, 2], [Qfb(2, 1, 62), Qfb(11, 11, 14)], 1]
-492: [6, [6], [Qfb(11, 6, 12)], 1]
-491: [9, [9], [Qfb(3, 1, 41)], 1]
-488: [10, [10], [Qfb(7, -4, 18)], 1]
-487: [7, [7], [Qfb(2, 1, 61)], 1]
-484: [6, [6], [Qfb(13, -6, 10)], 1]
-483: [4, [2, 2], [Qfb(11, 1, 11), Qfb(7, 7, 19)], 1]
-480: [8, [2, 2, 2], [Qfb(11, 2, 11), Qfb(12, 12, 13), Qfb(3, 0, 40)], 1]
-479: [25, [25], [Qfb(2, 1, 60)], 1]
-476: [10, [10], [Qfb(3, 2, 40)], 1]
-475: [4, [4], [Qfb(7, 1, 17)], 1]
-472: [6, [6], [Qfb(11, -10, 13)], 1]
-471: [16, [16], [Qfb(2, 1, 59)], 1]
-468: [8, [4, 2], [Qfb(7, 6, 18), Qfb(11, 4, 11)], 1]
-467: [7, [7], [Qfb(3, 1, 39)], 1]
-464: [12, [12], [Qfb(3, 2, 39)], 1]
-463: [7, [7], [Qfb(2, 1, 58)], 1]
-460: [6, [6], [Qfb(7, 4, 17)], 1]
-459: [6, [6], [Qfb(5, 1, 23)], 1]
-456: [8, [4, 2], [Qfb(5, 2, 23), Qfb(3, 0, 38)], 1]
-455: [20, [10, 2], [Qfb(2, 1, 57), Qfb(12, 11, 12)], 1]
-452: [8, [8], [Qfb(3, 2, 38)], 1]
-451: [6, [6], [Qfb(7, -5, 17)], 1]
-448: [4, [2, 2], [Qfb(11, 6, 11), Qfb(7, 0, 16)], 1]
-447: [14, [14], [Qfb(2, 1, 56)], 1]
-444: [8, [8], [Qfb(5, 4, 23)], 1]
-443: [5, [5], [Qfb(3, 1, 37)], 1]
-440: [12, [6, 2], [Qfb(3, 2, 37), Qfb(10, 0, 11)], 1]
-439: [15, [15], [Qfb(2, 1, 55)], 1]
-436: [6, [6], [Qfb(11, -2, 10)], 1]
-435: [4, [2, 2], [Qfb(11, 7, 11), Qfb(5, 5, 23)], 1]
-432: [6, [6], [Qfb(7, 4, 16)], 1]
-431: [21, [21], [Qfb(6, 1, 18)], 1]
-428: [9, [9], [Qfb(3, 2, 36)], 1]
-427: [2, [2], [Qfb(7, 7, 17)], 1]
-424: [6, [6], [Qfb(5, 4, 22)], 1]
-423: [10, [10], [Qfb(2, 1, 53)], 1]
-420: [8, [2, 2, 2], [Qfb(11, 8, 11), Qfb(10, 10, 13), Qfb(2, 2, 53)], 1]
-419: [9, [9], [Qfb(3, 1, 35)], 1]
-416: [12, [6, 2], [Qfb(3, 2, 35), Qfb(8, 0, 13)], 1]
-415: [10, [10], [Qfb(2, 1, 52)], 1]
-412: [5, [5], [Qfb(7, 6, 16)], 1]
-411: [6, [6], [Qfb(5, 3, 21)], 1]
-408: [4, [2, 2], [Qfb(6, 0, 17), Qfb(3, 0, 34)], 1]
-407: [16, [16], [Qfb(2, 1, 51)], 1]
-404: [14, [14], [Qfb(3, 2, 34)], 1]
-403: [2, [2], [Qfb(11, 9, 11)], 1]
-400: [4, [4], [Qfb(8, -4, 13)], 1]
-399: [16, [8, 2], [Qfb(2, 1, 50), Qfb(10, 1, 10)], 1]
-396: [6, [6], [Qfb(5, 2, 20)], 1]
-395: [8, [8], [Qfb(3, 1, 33)], 1]
-392: [8, [8], [Qfb(3, 2, 33)], 1]
-391: [14, [14], [Qfb(7, -1, 14)], 1]
-388: [4, [4], [Qfb(7, 2, 14)], 1]
-387: [4, [4], [Qfb(9, -3, 11)], 1]
-384: [8, [4, 2], [Qfb(5, 4, 20), Qfb(11, 10, 11)], 1]
-383: [17, [17], [Qfb(2, 1, 48)], 1]
-380: [8, [8], [Qfb(3, 2, 32)], 1]
-379: [3, [3], [Qfb(5, 1, 19)], 1]
-376: [8, [8], [Qfb(5, 2, 19)], 1]
-375: [10, [10], [Qfb(2, 1, 47)], 1]
-372: [4, [2, 2], [Qfb(6, 6, 17), Qfb(2, 2, 47)], 1]
-371: [8, [8], [Qfb(3, 1, 31)], 1]
-368: [6, [6], [Qfb(3, 2, 31)], 1]
-367: [9, [9], [Qfb(2, 1, 46)], 1]
-364: [6, [6], [Qfb(5, 4, 19)], 1]
-363: [4, [4], [Qfb(7, 1, 13)], 1]
-360: [8, [4, 2], [Qfb(7, 2, 13), Qfb(5, 0, 18)], 1]
-359: [19, [19], [Qfb(2, 1, 45)], 1]
-356: [12, [12], [Qfb(3, 2, 30)], 1]
-355: [4, [4], [Qfb(7, 3, 13)], 1]
-352: [4, [2, 2], [Qfb(8, 8, 13), Qfb(8, 0, 11)], 1]
-351: [12, [12], [Qfb(2, 1, 44)], 1]
-348: [6, [6], [Qfb(11, -2, 8)], 1]
-347: [5, [5], [Qfb(3, 1, 29)], 1]
-344: [10, [10], [Qfb(3, 2, 29)], 1]
-343: [7, [7], [Qfb(2, 1, 43)], 1]
-340: [4, [2, 2], [Qfb(10, 10, 11), Qfb(2, 2, 43)], 1]
-339: [6, [6], [Qfb(5, 1, 17)], 1]
-336: [8, [4, 2], [Qfb(5, 2, 17), Qfb(3, 0, 28)], 1]
-335: [18, [18], [Qfb(2, 1, 42)], 1]
-332: [9, [9], [Qfb(3, 2, 28)], 1]
-331: [3, [3], [Qfb(5, 3, 17)], 1]
-328: [4, [4], [Qfb(7, 6, 13)], 1]
-327: [12, [12], [Qfb(2, 1, 41)], 1]
-324: [6, [6], [Qfb(5, 4, 17)], 1]
-323: [4, [4], [Qfb(3, 1, 27)], 1]
-320: [8, [4, 2], [Qfb(3, 2, 27), Qfb(5, 0, 16)], 1]
-319: [10, [10], [Qfb(2, 1, 40)], 1]
-316: [5, [5], [Qfb(5, 2, 16)], 1]
-315: [4, [2, 2], [Qfb(9, 9, 11), Qfb(7, 7, 13)], 1]
-312: [4, [2, 2], [Qfb(6, 0, 13), Qfb(3, 0, 26)], 1]
-311: [19, [19], [Qfb(2, 1, 39)], 1]
-308: [8, [4, 2], [Qfb(3, 2, 26), Qfb(2, 2, 39)], 1]
-307: [3, [3], [Qfb(7, 1, 11)], 1]
-304: [6, [6], [Qfb(7, -2, 11)], 1]
-303: [10, [10], [Qfb(2, 1, 38)], 1]
-300: [6, [6], [Qfb(7, 6, 12)], 1]
-299: [8, [8], [Qfb(5, -1, 15)], 1]
-296: [10, [10], [Qfb(5, -2, 15)], 1]
-295: [8, [8], [Qfb(2, 1, 37)], 1]
-292: [4, [4], [Qfb(7, 4, 11)], 1]
-291: [4, [4], [Qfb(5, 3, 15)], 1]
-288: [4, [2, 2], [Qfb(8, 8, 11), Qfb(8, 0, 9)], 1]
-287: [14, [14], [Qfb(6, -1, 12)], 1]
-284: [7, [7], [Qfb(3, 2, 24)], 1]
-283: [3, [3], [Qfb(7, 5, 11)], 1]
-280: [4, [2, 2], [Qfb(7, 0, 10), Qfb(5, 0, 14)], 1]
-279: [12, [12], [Qfb(2, 1, 35)], 1]
-276: [8, [4, 2], [Qfb(5, 2, 14), Qfb(2, 2, 35)], 1]
-275: [4, [4], [Qfb(3, 1, 23)], 1]
-272: [8, [8], [Qfb(3, 2, 23)], 1]
-271: [11, [11], [Qfb(2, 1, 34)], 1]
-268: [3, [3], [Qfb(4, -2, 17)], 1]
-267: [2, [2], [Qfb(3, 3, 23)], 1]
-264: [8, [4, 2], [Qfb(5, 4, 14), Qfb(2, 0, 33)], 1]
-263: [13, [13], [Qfb(2, 1, 33)], 1]
-260: [8, [4, 2], [Qfb(3, 2, 22), Qfb(2, 2, 33)], 1]
-259: [4, [4], [Qfb(5, 1, 13)], 1]
-256: [4, [4], [Qfb(5, 2, 13)], 1]
-255: [12, [6, 2], [Qfb(2, 1, 32), Qfb(5, 5, 14)], 1]
-252: [4, [4], [Qfb(8, 6, 9)], 1]
-251: [7, [7], [Qfb(3, 1, 21)], 1]
-248: [8, [8], [Qfb(3, 2, 21)], 1]
-247: [6, [6], [Qfb(2, 1, 31)], 1]
-244: [6, [6], [Qfb(7, -6, 10)], 1]
-243: [3, [3], [Qfb(7, 3, 9)], 1]
-240: [4, [2, 2], [Qfb(5, 0, 12), Qfb(4, 0, 15)], 1]
-239: [15, [15], [Qfb(2, 1, 30)], 1]
-236: [9, [9], [Qfb(3, 2, 20)], 1]
-235: [2, [2], [Qfb(5, 5, 13)], 1]
-232: [2, [2], [Qfb(2, 0, 29)], 1]
-231: [12, [6, 2], [Qfb(2, 1, 29), Qfb(7, 7, 10)], 1]
-228: [4, [2, 2], [Qfb(6, 6, 11), Qfb(2, 2, 29)], 1]
-227: [5, [5], [Qfb(3, 1, 19)], 1]
-224: [8, [4, 2], [Qfb(3, 2, 19), Qfb(7, 0, 8)], 1]
-223: [7, [7], [Qfb(2, 1, 28)], 1]
-220: [4, [4], [Qfb(7, 2, 8)], 1]
-219: [4, [4], [Qfb(5, 1, 11)], 1]
-216: [6, [6], [Qfb(5, 2, 11)], 1]
-215: [14, [14], [Qfb(2, 1, 27)], 1]
-212: [6, [6], [Qfb(3, 2, 18)], 1]
-211: [3, [3], [Qfb(5, 3, 11)], 1]
-208: [4, [4], [Qfb(7, 4, 8)], 1]
-207: [6, [6], [Qfb(2, 1, 26)], 1]
-204: [6, [6], [Qfb(5, 4, 11)], 1]
-203: [4, [4], [Qfb(3, 1, 17)], 1]
-200: [6, [6], [Qfb(3, 2, 17)], 1]
-199: [9, [9], [Qfb(2, 1, 25)], 1]
-196: [4, [4], [Qfb(5, 2, 10)], 1]
-195: [4, [2, 2], [Qfb(7, 1, 7), Qfb(5, 5, 11)], 1]
-192: [4, [2, 2], [Qfb(7, 2, 7), Qfb(4, 4, 13)], 1]
-191: [13, [13], [Qfb(2, 1, 24)], 1]
-188: [5, [5], [Qfb(3, 2, 16)], 1]
-187: [2, [2], [Qfb(7, 3, 7)], 1]
-184: [4, [4], [Qfb(5, 4, 10)], 1]
-183: [8, [8], [Qfb(2, 1, 23)], 1]
-180: [4, [2, 2], [Qfb(7, 4, 7), Qfb(2, 2, 23)], 1]
-179: [5, [5], [Qfb(3, 1, 15)], 1]
-176: [6, [6], [Qfb(3, 2, 15)], 1]
-175: [6, [6], [Qfb(2, 1, 22)], 1]
-172: [3, [3], [Qfb(4, -2, 11)], 1]
-171: [4, [4], [Qfb(5, 3, 9)], 1]
-168: [4, [2, 2], [Qfb(6, 0, 7), Qfb(3, 0, 14)], 1]
-167: [11, [11], [Qfb(2, 1, 21)], 1]
-164: [8, [8], [Qfb(3, 2, 14)], 1]
-163: [1, [], [], 1]
-160: [4, [2, 2], [Qfb(7, 6, 7), Qfb(4, 4, 11)], 1]
-159: [10, [10], [Qfb(2, 1, 20)], 1]
-156: [4, [4], [Qfb(5, 2, 8)], 1]
-155: [4, [4], [Qfb(3, 1, 13)], 1]
-152: [6, [6], [Qfb(3, 2, 13)], 1]
-151: [7, [7], [Qfb(2, 1, 19)], 1]
-148: [2, [2], [Qfb(2, 2, 19)], 1]
-147: [2, [2], [Qfb(3, 3, 13)], 1]
-144: [4, [4], [Qfb(5, 4, 8)], 1]
-143: [10, [10], [Qfb(2, 1, 18)], 1]
-140: [6, [6], [Qfb(3, 2, 12)], 1]
-139: [3, [3], [Qfb(5, 1, 7)], 1]
-136: [4, [4], [Qfb(5, 2, 7)], 1]
-135: [6, [6], [Qfb(2, 1, 17)], 1]
-132: [4, [2, 2], [Qfb(6, 6, 7), Qfb(2, 2, 17)], 1]
-131: [5, [5], [Qfb(3, 1, 11)], 1]
-128: [4, [4], [Qfb(3, 2, 11)], 1]
-127: [5, [5], [Qfb(2, 1, 16)], 1]
-124: [3, [3], [Qfb(5, 4, 7)], 1]
-123: [2, [2], [Qfb(3, 3, 11)], 1]
-120: [4, [2, 2], [Qfb(5, 0, 6), Qfb(3, 0, 10)], 1]
-119: [10, [10], [Qfb(5, 1, 6)], 1]
-116: [6, [6], [Qfb(3, 2, 10)], 1]
-115: [2, [2], [Qfb(5, 5, 7)], 1]
-112: [2, [2], [Qfb(4, 0, 7)], 1]
-111: [8, [8], [Qfb(2, 1, 14)], 1]
-108: [3, [3], [Qfb(4, -2, 7)], 1]
-107: [3, [3], [Qfb(3, 1, 9)], 1]
-104: [6, [6], [Qfb(5, -4, 6)], 1]
-103: [5, [5], [Qfb(2, 1, 13)], 1]
-100: [2, [2], [Qfb(2, 2, 13)], 1]
-99: [2, [2], [Qfb(5, 1, 5)], 1]
-96: [4, [2, 2], [Qfb(5, 2, 5), Qfb(4, 4, 7)], 1]
-95: [8, [8], [Qfb(2, 1, 12)], 1]
-92: [3, [3], [Qfb(3, 2, 8)], 1]
-91: [2, [2], [Qfb(5, 3, 5)], 1]
-88: [2, [2], [Qfb(2, 0, 11)], 1]
-87: [6, [6], [Qfb(2, 1, 11)], 1]
-84: [4, [2, 2], [Qfb(5, 4, 5), Qfb(2, 2, 11)], 1]
-83: [3, [3], [Qfb(3, 1, 7)], 1]
-80: [4, [4], [Qfb(3, 2, 7)], 1]
-79: [5, [5], [Qfb(2, 1, 10)], 1]
-76: [3, [3], [Qfb(4, -2, 5)], 1]
-75: [2, [2], [Qfb(3, 3, 7)], 1]
-72: [2, [2], [Qfb(2, 0, 9)], 1]
-71: [7, [7], [Qfb(2, 1, 9)], 1]
-68: [4, [4], [Qfb(3, 2, 6)], 1]
-67: [1, [], [], 1]
-64: [2, [2], [Qfb(4, 4, 5)], 1]
-63: [4, [4], [Qfb(2, 1, 8)], 1]
-60: [2, [2], [Qfb(3, 0, 5)], 1]
-59: [3, [3], [Qfb(3, 1, 5)], 1]
-56: [4, [4], [Qfb(3, 2, 5)], 1]
-55: [4, [4], [Qfb(2, 1, 7)], 1]
-52: [2, [2], [Qfb(2, 2, 7)], 1]
-51: [2, [2], [Qfb(3, 3, 5)], 1]
-48: [2, [2], [Qfb(3, 0, 4)], 1]
-47: [5, [5], [Qfb(2, 1, 6)], 1]
-44: [3, [3], [Qfb(3, 2, 4)], 1]
-43: [1, [], [], 1]
-40: [2, [2], [Qfb(2, 0, 5)], 1]
-39: [4, [4], [Qfb(2, 1, 5)], 1]
-36: [2, [2], [Qfb(2, 2, 5)], 1]
-35: [2, [2], [Qfb(3, 1, 3)], 1]
-32: [2, [2], [Qfb(3, 2, 3)], 1]
-31: [3, [3], [Qfb(2, 1, 4)], 1]
-28: [1, [], [], 1]
-27: [1, [], [], 1]
-24: [2, [2], [Qfb(2, 0, 3)], 1]
-23: [3, [3], [Qfb(2, 1, 3)], 1]
-20: [2, [2], [Qfb(2, 2, 3)], 1]
-19: [1, [], [], 1]
-16: [1, [], [], 1]
-15: [2, [2], [Qfb(2, 1, 2)], 1]
-12: [1, [], [], 1]
-11: [1, [], [], 1]
-8: [1, [], [], 1]
-7: [1, [], [], 1]
-4: [1, [], [], 1]
-3: [1, [], [], 1]
5: [1, [], [], 0.48121182505960344749775891342436842314]
8: [1, [], [], 0.88137358701954302523260932497979230903]
12: [1, [], [], 1.3169578969248167086250463473079684440]
13: [1, [], [], 1.1947632172871093041119308285190905235]
17: [1, [], [], 2.0947125472611012942448228460655286535]
20: [1, [], [], 1.4436354751788103424932767402731052694]
21: [1, [], [], 1.5667992369724110786640568625804834939]
24: [1, [], [], 2.2924316695611776878007873113480154316]
28: [1, [], [], 2.7686593833135738327320014093837455199]
29: [1, [], [], 1.6472311463710957106248586104436196635]
32: [1, [], [], 1.7627471740390860504652186499595846181]
33: [1, [], [], 3.8281684713331010149633637587573134576]
37: [1, [], [], 2.4917798526449119704297925371566227616]
40: [2, [2], [Qfb(3, 2, -3, 0.E-38)], 1.8184464592320668234836989635607089938]
41: [1, [], [], 4.1591271346261800131085449735722012871]
44: [1, [], [], 2.9932228461263808979126677137741829131]
45: [1, [], [], 1.9248473002384137899910356536974736925]
48: [1, [], [], 2.6339157938496334172500926946159368881]
52: [1, [], [], 3.5842896518613279123357924855572715706]
53: [1, [], [], 1.9657204716496515212387563486700693023]
56: [1, [], [], 3.4000844141133395007001872142448670645]
57: [1, [], [], 5.7104160527631525225430823815295717739]
60: [2, [2], [Qfb(2, 6, -3, 0.E-38)], 2.0634370688955605467272811726201318715]
61: [1, [], [], 3.6642184608864375259258464884642927348]
65: [2, [2], [Qfb(2, 5, -5, 0.E-38)], 2.7764722807237176735308040270285434588]
68: [1, [], [], 2.0947125472611012942448228460655286535]
69: [1, [], [], 3.2172719711572578762553155853814113414]
72: [1, [], [], 3.5254943480781721009304372999191692361]
73: [1, [], [], 7.6666904192582877474020757018399067005]
76: [1, [], [], 5.8289369669789265547345668575229095391]
77: [1, [], [], 2.1846437916051087266762781330721277715]
80: [1, [], [], 2.8872709503576206849865534805462105388]
84: [1, [], [], 4.7003977109172332359921705877414504816]
85: [2, [2], [Qfb(3, 7, -3, 0.E-38)], 2.2093477086153342777056764809058069971]
88: [1, [], [], 5.9763444674309516379059833523541061124]
89: [1, [], [], 6.9077562789806370553872989474116258791]
92: [1, [], [], 3.8707667002870937555981167985707451496]
93: [1, [], [], 3.3661046429251090049851616312122151017]
96: [2, [2], [Qfb(5, 4, -4, 0.E-38)], 2.2924316695611776878007873113480154316]
97: [1, [], [], 9.3243830959774053180024018209040552331]
101: [1, [], [], 2.9982229502979697388465955375964534766]
104: [2, [2], [Qfb(2, 8, -5, 0.E-38)], 2.3124383412727526202535623413644143837]
105: [2, [2], [Qfb(2, 9, -3, 0.E-38)], 4.4065704930769755471798693692406907011]
108: [1, [], [], 3.9508736907744501258751390419239053321]
109: [1, [], [], 5.5645350867604743698837740876010318939]
112: [1, [], [], 5.5373187666271476654640028187674910397]
113: [1, [], [], 7.3473001159039215704845386280912564962]
116: [1, [], [], 4.9416934391132871318745758313308589905]
117: [1, [], [], 2.3895264345742186082238616570381810471]
120: [2, [2], [Qfb(2, 8, -7, 0.E-38)], 3.0889699048446030179164798537362950945]
124: [1, [], [], 8.0196126861938786276278406112479729985]
125: [1, [], [], 2.4060591252980172374887945671218421157]
128: [1, [], [], 3.5254943480781721009304372999191692361]
129: [1, [], [], 10.425549807348106767831707035463608417]
132: [1, [], [], 3.8281684713331010149633637587573134576]
133: [1, [], [], 5.1532581804137021091949805020162140807]
136: [2, [2], [Qfb(3, 8, -6, 0.E-38)], 4.2482910979143886953015807784514656937]
137: [1, [], [], 8.1570838672241719557989000636866207677]
140: [2, [2], [Qfb(2, 10, -5, 0.E-38)], 2.4778887302884750048139507450745054495]
141: [1, [], [], 5.2469963701783862960991005358346354237]
145: [4, [4], [Qfb(2, 9, -8, 0.E-38)], 3.1797854376998788269169715277694688312]
148: [3, [3], [Qfb(3, 8, -7, 0.E-38)], 2.4917798526449119704297925371566227616]
149: [1, [], [], 4.1111425008632158249180255796181885203]
152: [1, [], [], 4.3038824281139971120098801079933645115]
153: [1, [], [], 8.3788501890444051769792913842621146138]
156: [2, [2], [Qfb(2, 10, -7, 0.E-38)], 3.9116227652145884669216232846558255852]
157: [1, [], [], 5.3613142064627896617677126046614424006]
160: [2, [2], [Qfb(3, 8, -8, 0.E-38)], 3.6368929184641336469673979271214179876]
161: [1, [], [], 10.066881097641470596166151972186272959]
164: [1, [], [], 4.1591271346261800131085449735722012871]
165: [2, [2], [Qfb(7, 5, -5, 0.E-38)], 2.5589789770286125514455418262568345699]
168: [2, [2], [Qfb(2, 12, -3, 0.E-38)], 3.2566139548000524093162273605999785229]
172: [1, [], [], 8.8485092802683727202918604805014934585]
173: [1, [], [], 2.5708146780956968368212513805108253412]
176: [1, [], [], 5.9864456922527617958253354275483658262]
177: [1, [], [], 11.734836256684383949620823326006802011]
180: [1, [], [], 5.7745419007152413699731069610924210776]
181: [1, [], [], 7.1739589069467171359572070601446369786]
184: [1, [], [], 10.792818102405339767084497309302523074]
185: [2, [2], [Qfb(2, 11, -8, 0.E-38)], 4.9127089470958663674242085674236561393]
188: [1, [], [], 4.5642396668584966437299648660475306275]
189: [1, [], [], 4.7003977109172332359921705877414504816]
192: [2, [2], [Qfb(4, 12, -3, 0.E-38)], 2.6339157938496334172500926946159368881]
193: [1, [], [], 15.076316523241252395609073493145575811]
197: [1, [], [], 3.3334775868839925250249560541698422724]
200: [2, [2], [Qfb(7, 2, -7, 0.E-38)], 2.6441207610586290756978279749393769271]
201: [1, [], [], 13.845253809212529603904864474321338899]
204: [2, [2], [Qfb(5, 12, -3, 0.E-38)], 4.6050701709847571594505725515130629155]
205: [2, [2], [Qfb(3, 11, -7, 0.E-38)], 3.7606588435325505232902415754351630329]
208: [1, [], [], 7.1685793037226558246715849711145431412]
209: [1, [], [], 11.441450945196171901663905171023126394]
212: [1, [], [], 5.8971614149489545637162690460102079069]
213: [1, [], [], 4.2902717358385511108415820614776006991]
216: [1, [], [], 6.8772950086835330634023619340440462949]
217: [1, [], [], 15.855187618675887090595678360500822165]
220: [2, [2], [Qfb(3, 14, -2, 0.E-38)], 5.1817519871262655543124356199610887882]
221: [2, [2], [Qfb(5, 11, -5, 0.E-38)], 2.7035758309314023173339496370545139799]
224: [2, [2], [Qfb(4, 12, -5, 0.E-38)], 3.4000844141133395007001872142448670645]
228: [1, [], [], 5.7104160527631525225430823815295717739]
229: [3, [3], [Qfb(3, 11, -9, 0.E-38)], 2.7124653051843439746808795106061300699]
232: [2, [2], [Qfb(3, 10, -11, 0.E-38)], 5.2882925373198991468256296993399376785]
233: [1, [], [], 10.743156386225084194180986847606608663]
236: [1, [], [], 6.9660232971084846704950186860433482662]
237: [1, [], [], 4.3436367166607971971420587319055563640]
240: [2, [2], [Qfb(3, 12, -8, 0.E-38)], 4.1268741377911210934545623452402637429]
241: [1, [], [], 18.771493490740312247527301517511324662]
244: [1, [], [], 10.992655382659312577777539465392878204]
245: [1, [], [], 3.8496946004768275799820713073949473851]
248: [1, [], [], 4.8362189128411564708972821408264844926]
249: [1, [], [], 16.655035120786197914311655476826121204]
252: [2, [2], [Qfb(2, 14, -7, 0.E-38)], 2.7686593833135738327320014093837455199]
253: [1, [], [], 7.5288689679019251822329989570686549761]
257: [3, [3], [Qfb(2, 13, -11, 0.E-38)], 3.4667110378847247566385460433975307103]
260: [2, [2], [Qfb(7, 6, -8, 0.E-38)], 2.7764722807237176735308040270285434588]
261: [1, [], [], 6.5889245854843828424994344417744786540]
264: [2, [2], [Qfb(3, 12, -10, 0.E-38)], 4.8674752736053416396359860512659836975]
265: [2, [2], [Qfb(2, 13, -12, 0.E-38)], 9.4045905064161415825183778964911635288]
268: [1, [], [], 11.489493057882308262488410214565662734]
269: [1, [], [], 5.0999036060006645394721278907419042717]
272: [1, [], [], 4.1894250945222025884896456921310573069]
273: [2, [2], [Qfb(2, 13, -13, 0.E-38)], 7.2820731850821873768473253629838346305]
276: [1, [], [], 9.6518159134717736287659467561442340241]
277: [1, [], [], 7.8682544119813056226047203620121650273]
280: [2, [2], [Qfb(2, 16, -3, 0.E-38)], 6.2185961514771280823175541536851568862]
281: [1, [], [], 14.570253183057612110690031000526249627]
284: [1, [], [], 8.8479347326850507664010706350259752406]
285: [2, [2], [Qfb(5, 15, -3, 0.E-38)], 2.8297350375243902753661010861163738129]
288: [2, [2], [Qfb(7, 6, -9, 0.E-38)], 3.5254943480781721009304372999191692361]
292: [1, [], [], 7.6666904192582877474020757018399067005]
293: [1, [], [], 2.8366557289689254732114266959312209553]
296: [2, [2], [Qfb(2, 16, -5, 0.E-38)], 4.4544824770605094816405583538053809710]
297: [1, [], [], 11.484505413999303044890091276271940373]
300: [2, [2], [Qfb(13, 12, -3, 0.E-38)], 3.9508736907744501258751390419239053321]
301: [1, [], [], 10.032100618071121085757033971636020075]
304: [1, [], [], 11.657873933957853109469133715045819078]
305: [2, [2], [Qfb(2, 17, -2, 0.E-38)], 6.8855086245373827229695554797450469211]
308: [1, [], [], 6.5539313748153261800288343992163833144]
309: [1, [], [], 8.5261528934981023574125984240254207056]
312: [2, [2], [Qfb(7, 16, -2, 0.E-38)], 4.6633500825843103534023773387414759509]
313: [1, [], [], 19.351760520802014016570224976029188674]
316: [3, [3], [Qfb(6, 10, -9, 0.E-38)], 5.0751347504448098597876951184786988038]
317: [1, [], [], 4.4887625925175306705955426247187710550]
320: [2, [2], [Qfb(11, 10, -5, 0.E-38)], 2.8872709503576206849865534805462105388]
321: [3, [3], [Qfb(2, 15, -12, 0.E-38)], 6.0637798003149061564846567640989880865]
325: [2, [2], [Qfb(3, 13, -13, 0.E-38)], 3.5842896518613279123357924855572715706]
328: [4, [4], [Qfb(3, 14, -11, 0.E-38)], 2.8934439858858713780727183066263692461]
329: [1, [], [], 15.374250788072378748504833569302699893]
332: [1, [], [], 5.0998292455006193354781138339457321026]
333: [1, [], [], 4.9835597052898239408595850743132455232]
336: [2, [2], [Qfb(5, 14, -7, 0.E-38)], 4.7003977109172332359921705877414504816]
337: [1, [], [], 21.432116407338489128194302659140947546]
340: [2, [2], [Qfb(3, 14, -12, 0.E-38)], 6.6280431258460028331170294427174209911]
341: [1, [], [], 5.6240044730505859141735040007228458107]
344: [1, [], [], 9.9431889170785104576956539736435406154]
345: [2, [2], [Qfb(2, 17, -7, 0.E-38)], 9.5120732621814945401099107597537936887]
348: [2, [2], [Qfb(2, 18, -3, 0.E-38)], 4.0250326605516181491744524691547100504]
349: [1, [], [], 9.8211923127565734227825721289079374832]
352: [2, [2], [Qfb(3, 14, -13, 0.E-38)], 5.9763444674309516379059833523541061124]
353: [1, [], [], 11.867293750666266055639987268362263487]
356: [1, [], [], 6.9077562789806370553872989474116258791]
357: [2, [2], [Qfb(11, 7, -7, 0.E-38)], 2.9416573146511860761281727739756181997]
360: [2, [2], [Qfb(13, 10, -5, 0.E-38)], 3.6368929184641336469673979271214179876]
364: [2, [2], [Qfb(5, 12, -11, 0.E-38)], 8.0545225086281274843432626879890255971]
365: [2, [2], [Qfb(7, 15, -5, 0.E-38)], 2.9471976225700330608673831421835556616]
368: [1, [], [], 7.7415334005741875111962335971414902992]
369: [1, [], [], 16.636508538504720052434179894288805148]
372: [1, [], [], 10.098313928775327014955484893636645305]
373: [1, [], [], 9.2336662068238774040507757114349655660]
376: [1, [], [], 15.271002103031182876932522997517649574]
377: [2, [2], [Qfb(2, 17, -11, 0.E-38)], 6.1441810291094015741251582122720097425]
380: [2, [2], [Qfb(7, 18, -2, 0.E-38)], 4.3565444206017521921811872781530338575]
381: [1, [], [], 7.6157908293703075247023474581544509156]
384: [2, [2], [Qfb(5, 12, -12, 0.E-38)], 4.5848633391223553756015746226960308632]
385: [2, [2], [Qfb(2, 17, -12, 0.E-38)], 12.163488682961655217586683293938367699]
388: [1, [], [], 9.3243830959774053180024018209040552331]
389: [1, [], [], 7.8493239701526946816307286142048765187]
392: [1, [], [], 5.2882415221172581513956559498787538542]
393: [1, [], [], 18.346757373220290988904153948496699460]
396: [4, [4], [Qfb(5, 16, -7, 0.E-38)], 2.9932228461263808979126677137741829131]
397: [1, [], [], 8.1452596506791233047719127399027382053]
401: [5, [5], [Qfb(2, 17, -14, 0.E-38)], 3.6895038689889056408216535709610933297]
404: [3, [3], [Qfb(5, 12, -13, 0.E-38)], 2.9982229502979697388465955375964534766]
405: [1, [], [], 5.7745419007152413699731069610924210776]
408: [2, [2], [Qfb(7, 18, -3, 0.E-38)], 5.3082431890990014463138749818953653747]
409: [1, [], [], 26.134213403560278520095431528749134972]
412: [1, [], [], 13.028175767277992144272223161845217981]
413: [1, [], [], 4.1106050108117531472951216163633588029]
416: [2, [2], [Qfb(5, 14, -11, 0.E-38)], 4.6248766825455052405071246827288287673]
417: [1, [], [], 18.955097656024932300577409287369580756]
420: [2, [2], [Qfb(8, 14, -7, 0.E-38)], 4.4065704930769755471798693692406907011]
421: [1, [], [], 13.005692473105606066946398256498156341]
424: [2, [2], [Qfb(3, 16, -14, 0.E-38)], 8.9884460556484151610483561830146845237]
425: [2, [2], [Qfb(2, 17, -17, 0.E-38)], 6.2841376417833038827344685381965859604]
428: [1, [], [], 7.5621613610849395543370072173388179179]
429: [2, [2], [Qfb(5, 13, -13, 0.E-38)], 4.9766861766012554918384330869728978459]
432: [1, [], [], 7.9017473815489002517502780838478106642]
433: [1, [], [], 23.394743430414911577568450787944992655]
436: [1, [], [], 16.693605260281423109651322262803095682]
437: [1, [], [], 3.0422471120933285314061869949013532758]
440: [2, [2], [Qfb(5, 20, -2, 0.E-38)], 3.7371022421989239009768050541131593869]
444: [2, [2], [Qfb(5, 12, -15, 0.E-38)], 6.3801196641496670763533270105423555857]
445: [4, [4], [Qfb(13, 9, -7, 0.E-38)], 3.0467823372194110192645686608304023097]
448: [2, [2], [Qfb(3, 20, -4, 0.E-38)], 5.5373187666271476654640028187674910397]
449: [1, [], [], 19.752895469280476032493617849007115453]
452: [1, [], [], 7.3473001159039215704845386280912564962]
453: [1, [], [], 5.0039012598857641798977290431152378242]
456: [2, [2], [Qfb(5, 14, -13, 0.E-38)], 7.6255948341787698813820490535203432759]
457: [1, [], [], 25.495473903503306165179895060450513420]
460: [2, [2], [Qfb(17, 16, -3, 0.E-38)], 7.7195737920793567970530650898676623630]
461: [1, [], [], 5.8999048595966858346634963899553966563]
464: [1, [], [], 9.8833868782265742637491516626617179810]
465: [2, [2], [Qfb(2, 21, -3, 0.E-38)], 10.365396003075001785255513032670193296]
468: [1, [], [], 7.1685793037226558246715849711145431412]
469: [3, [3], [Qfb(3, 19, -9, 0.E-38)], 4.1741504994302083008282933919370261475]
472: [1, [], [], 13.327479812267041253261597259320072204]
473: [3, [3], [Qfb(2, 21, -4, 0.E-38)], 5.1590222681157104845802412358635709708]
476: [2, [2], [Qfb(5, 14, -14, 0.E-38)], 5.4806215617787504806374012846048552526]
477: [1, [], [], 7.8628818865986060849550253946802772091]
480: [4, [2, 2], [Qfb(5, 20, -4, 0.E-38), Qfb(7, 12, -12, 0.E-38)], 3.0889699048446030179164798537362950945]
481: [2, [2], [Qfb(6, 19, -5, 0.E-38)], 14.472138971824068128758513126853093723]
485: [2, [2], [Qfb(7, 11, -13, 0.E-38)], 3.7847057630994326254519868404197912980]
488: [2, [2], [Qfb(11, 2, -11, 0.E-38)], 3.0931021950508270842199431900205067944]
489: [1, [], [], 23.443591054164900369240564701887181015]
492: [2, [2], [Qfb(6, 18, -7, 0.E-38)], 5.4971514283099349273651354783158789219]
493: [2, [2], [Qfb(3, 19, -11, 0.E-38)], 4.7096113536764756855982443010904446036]
496: [1, [], [], 16.039225372387757255255681222495945997]
497: [1, [], [], 14.692550560234485664022290853768302749]
500: [1, [], [], 7.2181773758940517124663837013655263470]
501: [1, [], [], 10.247963387762607362761637560167881799]
504: [2, [2], [Qfb(11, 8, -10, 0.E-38)], 6.8001688282266790014003744284897341290]
505: [4, [4], [Qfb(2, 19, -18, 0.E-38)], 7.3889457156361590665767698929816480774]
508: [1, [], [], 16.062714856216922136861318618451834620]
509: [1, [], [], 6.8297949062466801535080539179937464771]
512: [1, [], [], 7.0509886961563442018608745998383384722]
513: [1, [], [], 17.131248158289457567629247144588715322]
516: [1, [], [], 10.425549807348106767831707035463608417]
517: [1, [], [], 9.2660588517870487399411137832260385166]
520: [4, [2, 2], [Qfb(6, 16, -11, 0.E-38), Qfb(3, 20, -10, 0.E-38)], 4.7362753862676566452783991355494617467]
521: [1, [], [], 19.363630855500945481150016852132328502]
524: [1, [], [], 9.9626994099471751842400397379449536799]
525: [2, [2], [Qfb(7, 21, -3, 0.E-38)], 3.1335984739448221573281137251609669877]
528: [2, [2], [Qfb(17, 16, -4, 0.E-38)], 3.8281684713331010149633637587573134576]
532: [1, [], [], 15.459774541241106327584941506048642242]
533: [2, [2], [Qfb(7, 13, -13, 0.E-38)], 3.1373792373166473179148665570853473310]
536: [1, [], [], 12.583995250620196749805576462379241627]
537: [1, [], [], 19.767971575932819372065889913387533934]
540: [2, [2], [Qfb(7, 20, -5, 0.E-38)], 6.1903112066866816401818435178603956144]
541: [1, [], [], 14.149425957232875530571449824371905201]
544: [4, [4], [Qfb(3, 20, -12, 0.E-38)], 4.2482910979143886953015807784514656937]
545: [2, [2], [Qfb(8, 15, -10, 0.E-38)], 8.2743569417455883882814672212234661108]
548: [1, [], [], 8.1570838672241719557989000636866207677]
549: [1, [], [], 7.3284369217728750518516929769285854696]
552: [2, [2], [Qfb(19, 18, -3, 0.E-38)], 4.5431815896712285265749481157826923965]
553: [1, [], [], 27.853581837281568318905465962723230685]
556: [1, [], [], 18.859751471063568024032926447755157700]
557: [1, [], [], 5.4638497591528213304648719199779892684]
560: [2, [2], [Qfb(13, 12, -8, 0.E-38)], 4.9557774605769500096279014901490108989]
561: [2, [2], [Qfb(5, 21, -6, 0.E-38)], 13.860072749219330211559132630125043712]
564: [3, [3], [Qfb(5, 22, -4, 0.E-38)], 5.2469963701783862960991005358346354237]
565: [2, [2], [Qfb(3, 19, -17, 0.E-38)], 5.7333517500210939168677393728855462645]
568: [3, [3], [Qfb(7, 22, -3, 0.E-38)], 5.6559795850589498158020030029049222003]
569: [1, [], [], 22.479351091846523752395982546149831469]
572: [2, [2], [Qfb(2, 22, -11, 0.E-38)], 3.1763131805916557668892194133873773152]
573: [1, [], [], 6.6411804654502961194897946364020979744]
577: [7, [7], [Qfb(6, 13, -17, 0.E-38)], 3.8716347563877314296879050766326258092]
580: [4, [4], [Qfb(3, 20, -15, 0.E-38)], 3.1797854376998788269169715277694688312]
581: [1, [], [], 8.8135871823586807936718747484158860330]
584: [2, [2], [Qfb(5, 22, -5, 0.E-38)], 5.6698690321620133980680235369834664517]
585: [2, [2], [Qfb(2, 21, -18, 0.E-38)], 11.105889122894870694123216108114173835]
588: [2, [2], [Qfb(11, 4, -13, 0.E-38)], 5.2678315876992668345001853892318737761]
589: [1, [], [], 15.287839715207172023319546046402688549]
592: [3, [3], [Qfb(3, 20, -16, 0.E-38)], 4.9835597052898239408595850743132455232]
593: [1, [], [], 13.998884893725953676279465299822412057]
596: [1, [], [], 12.333427502589647474754076738854565561]
597: [1, [], [], 9.1849199841077180681112341338288359004]
600: [2, [2], [Qfb(3, 24, -2, 0.E-38)], 4.5848633391223553756015746226960308632]
601: [1, [], [], 33.262005658166159507598926117710948642]
604: [1, [], [], 21.963463355514940719270799404875104025]
605: [1, [], [], 4.8121182505960344749775891342436842314]
608: [2, [2], [Qfb(11, 6, -13, 0.E-38)], 4.3038824281139971120098801079933645115]
609: [2, [2], [Qfb(8, 15, -12, 0.E-38)], 14.007279018582558001932587209962689681]
612: [1, [], [], 8.3788501890444051769792913842621146138]
613: [1, [], [], 11.500478319770991650795619910152112993]
616: [2, [2], [Qfb(3, 20, -18, 0.E-38)], 10.659374762365963325508070517573645679]
617: [1, [], [], 18.222466752763998846866642286988580173]
620: [2, [2], [Qfb(7, 16, -13, 0.E-38)], 6.2105960448072356901322124916297441599]
621: [3, [3], [Qfb(9, 15, -11, 0.E-38)], 3.2172719711572578762553155853814113414]
624: [4, [4], [Qfb(8, 12, -15, 0.E-38)], 3.9116227652145884669216232846558255852]
628: [1, [], [], 16.083942619388368985303137813984327202]
629: [2, [2], [Qfb(5, 23, -5, 0.E-38)], 3.2204719984644530383873604296718047841]
632: [1, [], [], 9.6476916647768086861663062823027100652]
633: [1, [], [], 20.597186033854511220854421383205464756]
636: [2, [2], [Qfb(5, 24, -3, 0.E-38)], 7.8815597744422518056326030339284002973]
637: [1, [], [], 9.5581057382968744328954466281527241883]
640: [2, [2], [Qfb(3, 20, -20, 0.E-38)], 7.2737858369282672939347958542428359751]
641: [1, [], [], 25.003282820761232565277425353099708308]
644: [1, [], [], 10.066881097641470596166151972186272959]
645: [2, [2], [Qfb(7, 15, -15, 0.E-38)], 4.8441250805677734002274413877825008165]
648: [1, [], [], 10.576483044234516302791311899757507708]
649: [1, [], [], 35.348455363008881363042227475312051234]
652: [1, [], [], 18.668790447027062293528624482696840104]
653: [1, [], [], 7.4151754720736394458363355170857538332]
656: [1, [], [], 8.3182542692523600262170899471444025742]
657: [1, [], [], 15.333380838516575494804151403679813401]
660: [2, [2], [Qfb(7, 18, -12, 0.E-38)], 7.6769369310858376543366254787705037097]
661: [1, [], [], 14.397468602748198503305204474606329702]
664: [1, [], [], 21.947572048268291503933076040722656057]
665: [2, [2], [Qfb(2, 25, -5, 0.E-38)], 10.219684191557813476134991802960357524]
668: [1, [], [], 5.8171023021357628176268245433530979628]
669: [1, [], [], 12.629001045503912977406896903320067779]
672: [4, [2, 2], [Qfb(8, 24, -3, 0.E-38), Qfb(17, 14, -7, 0.E-38)], 3.2566139548000524093162273605999785229]
673: [1, [], [], 32.212174294579240650807472808245187012]
677: [1, [], [], 3.9516133360820655400265290810512889401]
680: [4, [2, 2], [Qfb(13, 2, -13, 0.E-38), Qfb(7, 20, -10, 0.E-38)], 3.2595725562629215612965847313384443127]
681: [1, [], [], 30.698438128293577523350818739231635290]
684: [2, [2], [Qfb(5, 22, -10, 0.E-38)], 5.8289369669789265547345668575229095391]
685: [2, [2], [Qfb(3, 25, -5, 0.E-38)], 6.6320035132581149058707123761064102544]
688: [1, [], [], 17.697018560536745440583720961002986917]
689: [4, [4], [Qfb(8, 23, -5, 0.E-38)], 5.3470848542091847914552261729076097365]
692: [1, [], [], 7.7124440342870905104637541415324760237]
693: [2, [2], [Qfb(9, 15, -13, 0.E-38)], 4.3692875832102174533525562661442555429]
696: [2, [2], [Qfb(10, 16, -11, 0.E-38)], 7.9731553147018866535925496335570435514]
697: [6, [6], [Qfb(3, 23, -14, 0.E-38)], 5.5759634508632389085742321617805916502]
700: [2, [2], [Qfb(3, 26, -2, 0.E-38)], 8.3059781499407214981960042281512365596]
701: [1, [], [], 10.067475404442529264225951847262859672]
704: [2, [2], [Qfb(5, 22, -11, 0.E-38)], 5.9864456922527617958253354275483658262]
705: [2, [2], [Qfb(10, 15, -12, 0.E-38)], 13.069641694930572943689515694432088393]
708: [1, [], [], 11.734836256684383949620823326006802011]
709: [1, [], [], 17.412565799224712882340530704421742510]
712: [2, [2], [Qfb(19, 16, -6, 0.E-38)], 8.0715307960223516930105294594979915217]
713: [1, [], [], 16.173788980975779541034160370488043331]
716: [1, [], [], 15.941408590534062038308136904764708945]
717: [1, [], [], 5.4847797157115707891837279007739317883]
720: [2, [2], [Qfb(9, 12, -16, 0.E-38)], 5.7745419007152413699731069610924210776]
721: [1, [], [], 38.156813604749333598518729038347600164]
724: [1, [], [], 21.521876720840151407871621180433910936]
725: [2, [2], [Qfb(7, 19, -13, 0.E-38)], 3.2944622927421914212497172208872393270]
728: [2, [2], [Qfb(19, 14, -7, 0.E-38)], 3.9886409344944316721981886919642551743]
732: [2, [2], [Qfb(17, 16, -7, 0.E-38)], 6.8814102495402060070770471339220615399]
733: [3, [3], [Qfb(9, 11, -17, 0.E-38)], 3.2972057941752338664942368483372150135]
736: [2, [2], [Qfb(3, 26, -5, 0.E-38)], 10.792818102405339767084497309302523074]
737: [1, [], [], 20.041949922122492186991367327108483302]
740: [2, [2], [Qfb(13, 8, -13, 0.E-38)], 4.9127089470958663674242085674236561393]
741: [2, [2], [Qfb(5, 21, -15, 0.E-38)], 5.5012415504032773743647010656032186322]
744: [2, [2], [Qfb(13, 4, -14, 0.E-38)], 9.6159388000863220810792987505137788294]
745: [2, [2], [Qfb(2, 25, -15, 0.E-38)], 17.055678175281427236125003340248879277]
748: [2, [2], [Qfb(3, 26, -6, 0.E-38)], 8.1208859327262512993452211312088069171]
749: [1, [], [], 9.4684648862180903768904466649572406342]
752: [1, [], [], 9.1284793337169932874599297320950612550]
753: [1, [], [], 27.148219226378827327239644459633091838]
756: [3, [3], [Qfb(5, 24, -9, 0.E-38)], 4.7003977109172332359921705877414504816]
757: [1, [], [], 14.822976386504125039667419410713810160]
760: [2, [2], [Qfb(3, 26, -7, 0.E-38)], 11.552549942661064897701723727011616152]
761: [3, [3], [Qfb(2, 25, -17, 0.E-38)], 7.3777592988526437240676558407261527661]
764: [1, [], [], 16.705215426872731975720780466943654290]
765: [2, [2], [Qfb(7, 17, -17, 0.E-38)], 4.4186954172306685554113529618116139941]
768: [2, [2], [Qfb(11, 8, -16, 0.E-38)], 5.2678315876992668345001853892318737761]
769: [1, [], [], 38.027213543329791506488145402566076423]
772: [1, [], [], 15.076316523241252395609073493145575811]
773: [1, [], [], 4.9345256862683758827880713150785575175]
776: [2, [2], [Qfb(10, 16, -13, 0.E-38)], 5.9661401644368934459384153314944435491]
777: [4, [4], [Qfb(2, 25, -19, 0.E-38)], 6.1003139247344713768226963844590569787]
780: [4, [2, 2], [Qfb(17, 10, -10, 0.E-38), Qfb(19, 18, -6, 0.E-38)], 3.3309265526412519509191737558905943411]
781: [1, [], [], 18.722357418552273221015770210496424375]
785: [6, [6], [Qfb(2, 27, -7, 0.E-38)], 4.0256704158698217433725705392682844885]
788: [3, [3], [Qfb(7, 16, -19, 0.E-38)], 3.3334775868839925250249560541698422724]
789: [1, [], [], 10.368007422438275352963287025718891725]
792: [2, [2], [Qfb(7, 20, -14, 0.E-38)], 5.9763444674309516379059833523541061124]
793: [4, [4], [Qfb(2, 25, -21, 0.E-38)], 9.0809148115813156944967607803997837281]
796: [1, [], [], 24.205502138820647757043524370710327013]
797: [1, [], [], 5.9053692724831681290440242232910776287]
800: [2, [2], [Qfb(7, 18, -17, 0.E-38)], 5.2882415221172581513956559498787538542]
801: [1, [], [], 27.631025115922548221549195789646503517]
804: [1, [], [], 13.845253809212529603904864474321338899]
805: [2, [2], [Qfb(3, 25, -15, 0.E-38)], 7.2772472490326597094599416877060768708]
808: [2, [2], [Qfb(3, 26, -11, 0.E-38)], 8.7454437054384465016931953584284766129]
809: [1, [], [], 27.489116539643905897105163991881791682]
812: [2, [2], [Qfb(11, 8, -17, 0.E-38)], 4.7361214927589253417805410469683460386]
813: [1, [], [], 8.3742461288582444392784647609939579957]
816: [2, [2], [Qfb(5, 24, -12, 0.E-38)], 9.2101403419695143189011451030261258311]
817: [5, [5], [Qfb(12, 23, -6, 0.E-38)], 6.5308755027541739002452191225515958941]
820: [2, [2], [Qfb(12, 22, -7, 0.E-38)], 11.281976530597651569870724726305489099]
821: [1, [], [], 9.6920872820570804481144681283090218552]
824: [1, [], [], 11.687466834374687274277717700740111696]
825: [2, [2], [Qfb(2, 25, -25, 0.E-38)], 11.484505413999303044890091276271940373]
828: [2, [2], [Qfb(19, 12, -9, 0.E-38)], 7.7415334005741875111962335971414902992]
829: [1, [], [], 17.248806039393213566030459418549957569]
832: [2, [2], [Qfb(3, 26, -13, 0.E-38)], 7.1685793037226558246715849711145431412]
833: [1, [], [], 16.757700378088810353958582768524229228]
836: [1, [], [], 11.441450945196171901663905171023126394]
837: [3, [3], [Qfb(7, 19, -17, 0.E-38)], 3.3661046429251090049851616312122151017]
840: [4, [2, 2], [Qfb(11, 24, -6, 0.E-38), Qfb(2, 28, -7, 0.E-38)], 4.0601456127484032600242601434242633150]
844: [1, [], [], 27.045308044784119252041551084051912397]
845: [2, [2], [Qfb(11, 25, -5, 0.E-38)], 3.3684827754172241324843123939705789620]
848: [1, [], [], 11.794322829897909127432538092020415814]
849: [1, [], [], 35.638491217530602683748682260495883033]
852: [1, [], [], 12.870815207515653332524746184432802097]
853: [1, [], [], 10.221322912007268770362496065646922960]
856: [1, [], [], 27.960841549601641919787168003645555249]
857: [1, [], [], 16.602811522465691780495636805157489910]
860: [2, [2], [Qfb(23, 20, -5, 0.E-38)], 4.4772076572269216410778311182211958313]
861: [2, [2], [Qfb(11, 17, -13, 0.E-38)], 6.9343962618163681138467738973856111539]
864: [2, [2], [Qfb(5, 22, -19, 0.E-38)], 6.8772950086835330634023619340440462949]
865: [2, [2], [Qfb(17, 7, -12, 0.E-38)], 20.361851416554530336821780880503017275]
868: [1, [], [], 15.855187618675887090595678360500822165]
869: [1, [], [], 10.807240007302020274363031170951304359]
872: [2, [2], [Qfb(11, 16, -14, 0.E-38)], 6.2186040878590906899623974715821819292]
873: [1, [], [], 18.648766191954810636004803641808110466]
876: [4, [4], [Qfb(5, 24, -15, 0.E-38)], 4.9971666168755289058375969363913880801]
877: [1, [], [], 13.087051176061963909533727244812516578]
880: [4, [4], [Qfb(17, 8, -12, 0.E-38)], 5.1817519871262655543124356199610887882]
881: [1, [], [], 26.082830421405940523287798211518319739]
884: [2, [2], [Qfb(11, 24, -7, 0.E-38)], 8.1107274927942069520018489111635419398]
885: [2, [2], [Qfb(13, 25, -5, 0.E-38)], 5.4722530190834826806319430253854575225]
888: [2, [2], [Qfb(13, 28, -2, 0.E-38)], 5.6970822255611727297150357836665415756]
889: [1, [], [], 44.722315082046338915046707099278116959]
892: [3, [3], [Qfb(17, 12, -11, 0.E-38)], 6.1047882499160126680218069707664295936]
893: [1, [], [], 7.7410989011636674615861343401182925351]
896: [4, [4], [Qfb(13, 8, -16, 0.E-38)], 3.4000844141133395007001872142448670645]
897: [4, [4], [Qfb(2, 29, -7, 0.E-38)], 7.0884080819096072515541990418577218919]
901: [4, [4], [Qfb(3, 25, -23, 0.E-38)], 4.0946222243305305699593547694558676296]
904: [8, [8], [Qfb(19, 12, -10, 0.E-38)], 3.4023066454805944933423983257816786270]
905: [4, [4], [Qfb(17, 15, -10, 0.E-38)], 6.5820232205472074833873681142792876388]
908: [1, [], [], 6.1136772851295230661029417920951997023]
909: [1, [], [], 11.992891801191878955386382150385813906]
912: [2, [2], [Qfb(7, 18, -21, 0.E-38)], 5.7104160527631525225430823815295717739]
913: [1, [], [], 34.569759896505203409197595469811801820]
916: [3, [3], [Qfb(12, 22, -9, 0.E-38)], 8.1373959155530319240426385318183902097]
917: [1, [], [], 7.0741160992278776013627416139441343595]
920: [2, [2], [Qfb(13, 6, -17, 0.E-38)], 5.2039764961189574015830108321803390552]
921: [1, [], [], 36.156998696508759579867263712944393535]
924: [4, [2, 2], [Qfb(5, 22, -22, 0.E-38), Qfb(13, 12, -15, 0.E-38)], 5.0238372354874611172714715205198882496]
925: [2, [2], [Qfb(3, 25, -25, 0.E-38)], 7.4753395579347359112893776114698682849]
928: [2, [2], [Qfb(12, 20, -11, 0.E-38)], 10.576585074639798293651259398679875357]
929: [1, [], [], 25.814769177636469864069618312801807288]
932: [1, [], [], 10.743156386225084194180986847606608663]
933: [1, [], [], 11.921891105681161991141001689263598315]
936: [2, [2], [Qfb(19, 10, -11, 0.E-38)], 9.2497533650910104810142493654576575346]
937: [1, [], [], 34.519036223486120833020561333285059599]
940: [6, [6], [Qfb(13, 28, -3, 0.E-38)], 4.5216704086572969428727569028342789370]
941: [1, [], [], 7.0343887061765099460355357601501781319]
944: [1, [], [], 13.932046594216969340990037372086696532]
945: [2, [2], [Qfb(2, 29, -13, 0.E-38)], 13.219711479230926641539608107722072103]
948: [1, [], [], 13.030910149982391591426176195716669092]
949: [2, [2], [Qfb(5, 23, -21, 0.E-38)], 10.394671536982888504946648206236344966]
952: [2, [2], [Qfb(3, 26, -23, 0.E-38)], 10.057323895413105420702815367795894565]
953: [1, [], [], 22.426873185693407576201786563564458661]
956: [1, [], [], 16.332419623877762156861501951552983050]
957: [2, [2], [Qfb(19, 11, -11, 0.E-38)], 3.4329449937740609742613764273831238226]
960: [4, [2, 2], [Qfb(7, 20, -20, 0.E-38), Qfb(11, 28, -4, 0.E-38)], 4.1268741377911210934545623452402637429]
964: [1, [], [], 18.771493490740312247527301517511324662]
965: [2, [2], [Qfb(13, 9, -17, 0.E-38)], 3.4350261667384818857584248130203850438]
968: [1, [], [], 10.576483044234516302791311899757507708]
969: [2, [2], [Qfb(5, 23, -22, 0.E-38)], 17.117914774598398328474208469858739861]
972: [1, [], [], 11.852621072323350377625417125771715996]
973: [1, [], [], 14.406871937066286327081332352300080096]
976: [1, [], [], 21.985310765318625155555078930785756409]
977: [1, [], [], 23.414746026264332203714899903916617532]
980: [1, [], [], 11.549083801430482739946213922184842155]
981: [1, [], [], 11.129070173520948739767548175202063788]
984: [2, [2], [Qfb(7, 30, -3, 0.E-38)], 12.087345414229672053507752466351868534]
985: [6, [6], [Qfb(2, 29, -18, 0.E-38)], 6.7044158567869444819612735144959588922]
988: [2, [2], [Qfb(7, 20, -21, 0.E-38)], 12.046983122971704291665547527490916829]
989: [1, [], [], 11.544860083406761493426712457929739125]
992: [2, [2], [Qfb(13, 28, -4, 0.E-38)], 4.8362189128411564708972821408264844926]
993: [3, [3], [Qfb(2, 29, -19, 0.E-38)], 8.5743293471064465360256710111107360578]
996: [1, [], [], 16.655035120786197914311655476826121204]
997: [1, [], [], 12.042447221775050409000680305105857889]
1000: [2, [2], [Qfb(3, 26, -27, 0.E-38)], 9.0922322961603341174184948178035449689]
1001: [2, [2], [Qfb(2, 29, -20, 0.E-38)], 14.567780055975525714890041941255862180]
1004: [1, [], [], 15.810180938768241348079464577134994041]
1005: [2, [2], [Qfb(17, 11, -13, 0.E-38)], 7.4994229843367302499692560024414110355]
1008: [2, [2], [Qfb(19, 18, -9, 0.E-38)], 5.5373187666271476654640028187674910397]
1009: [7, [7], [Qfb(2, 29, -21, 0.E-38)], 6.9847171774559831361428221700742028588]
1012: [1, [], [], 22.586606903705775546698996871205964928]
1013: [1, [], [], 6.8276304083075228453001308919093592504]
1016: [3, [3], [Qfb(19, 16, -10, 0.E-38)], 6.2344068810210740240607673242091281991]
1017: [1, [], [], 29.389200463615686281938154512365025985]
1020: [4, [2, 2], [Qfb(5, 30, -6, 0.E-38), Qfb(10, 30, -3, 0.E-38)], 3.4647579066758628279277105354212827596]
1021: [1, [], [], 18.266898771144319554517266617695562569]
