2,509203
3,12119
4,361
5,13
6,84687
7,457
8,14
9,41
10,334
11,5
12,376
13,29
14,4
15,622403
16,100
17,49
18,246
19,9
20,8
21,45
22,2738
23,5
24,32336
25,105
26,149
27,13
28,3769
29,4
30,4928
31,145
32,10
33,545
34,6
35,5
36,33791
37,29
38,13
39,9
40,25462
41,8
42,15137
43,21
44,4
45,93
46,928
47,5
48,3226
49,81
50,16
51,25
52,25015
53,13
54,21
55,13
56,20
57,144
58,547
59,4
60,20558
61,125
62,8
63,857
64,14
65,10
66,NA
67,33
68,22
69,6
70,853
71,5
72,293
73,112
74,4
75,37
76,34
77,13
78,90059
79,9
80,253
81,74
82,22326
83,5
84,16
85,173
86,28
87,21
88,571
89,4
90,27
91,45
92,32
93,189
94,39
95,5
96,38995
97,43
98,10
99,9
100,211
101,13
102,1635
103,25
104,4
105,297
106,13624
107,5
108,13406
109,9
110,38
111,13
112,1357
113,20
114,24
115,57
116,14
117,149
118,50
119,4
120,NA
121,100
122,14
123,13
124,92881
125,8
126,480821
127,2593
128,44
129,14
130,2563
131,5
132,20
133,17
134,4
135,33
136,22195
137,17
138,1806
139,6
140,46
141,285
142,12
143,5
144,59
145,1169
146,8
147,73
148,1936
149,4
150,49074
151,37
152,16
153,34
154,61
155,5
156,NA
157,17
158,52
159,9
160,22
161,65
162,3259
163,81
164,4
165,79
166,4174
167,5
168,4744
169,16
170,20
171,85
172,235
173,13
174,6
175,21
176,58
177,209
178,22
179,4
180,NA
181,25
182,62
183,45
184,36
185,17
186,67
187,51
188,8
189,9
190,626861
191,5
192,13897
193,484
194,4
195,13
196,1267
197,10
198,3662
199,9
200,68
201,809
202,57
203,5
204,81
205,25
206,22
207,25
208,56
209,4
210,NA
211,100
212,70
213,57
214,44
215,5
216,92
217,337
218,74
219,9
220,103
221,13
222,88530
223,13
224,4
225,3617
226,820
227,5
228,16718
229,9
230,8
231,57
232,27760
233,14
234,46
235,64
236,80
237,29
238,17926
239,4
240,NA
241,65
242,14
243,121
244,6
245,13
246,77
247,61
248,82
249,41
250,9655
251,5
252,45
253,149
254,4
255,73
256,100
257,44
258,36
259,9
260,28
261,525
262,4276
263,5
264,54
265,20
266,88
267,133
268,1318
269,4
270,21681
271,33
272,8
273,737
274,21
275,5
276,NA
277,163
278,14
279,6
280,NA
281,17
282,19139
283,141
284,4
285,12
286,83
287,5
288,613
289,59
290,98
291,145
292,334
293,8
294,119
295,73
296,10
297,1073
298,116
299,4
300,85
301,605
302,13
303,37
304,31
305,16
306,39295
307,8
308,104
309,9
310,27547
311,5
312,173401
313,201
314,4
315,157
316,17434
317,13
318,144
319,9
320,106
321,22
322,18
323,5
324,14
325,653
326,110
327,51
328,48
329,4
330,NA
331,165
332,38
333,177
334,64
335,5
336,38756
337,81
338,74
339,9
340,32
341,13
342,629
343,51
344,4
345,1385
346,18043
347,5
348,18496
349,6
350,14
351,21
352,2426
353,58
354,141
355,79
356,8
357,717
358,NA
359,4
360,3782
361,1017
362,10
363,13
364,74
365,13
366,2109
367,45
368,40
369,36
370,160
371,5
372,4477
373,29
374,4
375,93
376,144
377,8
378,1517
379,9
380,128
381,445
382,4597
383,5
384,6
385,24705
386,44
387,13
388,38512
389,4
390,137
391,13
392,74
393,433
394,159
395,5
396,41672
397,73
398,8
399,9
400,164191
401,49
402,92
403,33
404,4
405,29
406,186
407,5
408,5316
409,41
410,136
411,205
412,69
413,13
414,84
415,25
416,140
417,56
418,1675
419,4
420,NA
421,489
422,46
423,17
424,16
425,17
426,62
427,213
428,10
429,9
430,8314
431,5
432,192596
433,92
434,4
435,217
436,130
437,13
438,2194
439,9
440,8
441,33
442,4429
443,5
444,179
445,22
446,74
447,13
448,51187
449,4
450,122
451,225
452,59
453,909
454,6
455,5
456,NA
457,361
458,16
459,9
460,56243
461,8
462,NA
463,13
464,4
465,3729
466,130
467,5
468,202
469,9
470,158
471,85
472,87
473,14
474,39
475,13
476,52
477,233
478,30655
479,4
480,38
481,1153
482,8
483,21
484,96
485,13
486,NA
487,121
488,164
489,6
490,94
491,5
492,86
493,25
494,4
495,61
496,141
497,49
498,96306
499,9
500,166
501,191
502,2692
503,5
504,201
505,45
506,14
507,211
508,11062
509,4
510,218
511,43839
512,14
513,87805
514,104
515,5
516,142
517,29
518,172
519,9
520,58
521,17
522,9797
523,132
524,4
525,1053
526,154
527,5
528,47
529,22
530,58
531,13
532,40
533,13
534,106
535,13
536,178
537,2153
538,8
539,4
540,800138
541,1085
542,182
543,33
544,219
545,8
546,NA
547,273
548,13
549,9
550,115
551,5
552,78
553,977
554,4
555,277
556,10027
557,13
558,259
559,6
560,10
561,4497
562,22
563,5
564,114
565,37
566,8
567,51
568,15933
569,4
570,NA
571,12
572,190
573,29
574,24
575,5
576,17798
577,18
578,142
579,9
580,167
581,13
582,54
583,73
584,4
585,2345
586,NA
587,5
588,94
589,9
590,196
591,73
592,1030
593,10
594,6
595,87
596,200
597,25
598,30859
599,4
600,102772
601,57
602,68
603,51
604,21
605,13
606,74660
607,37
608,8
609,121
610,142
611,5
612,105437
613,553
614,4
615,13
616,23447
617,17
618,2517
619,9
620,22
621,1245
622,90
623,5
624,569819
625,211
626,10
627,313
628,103
629,4
630,NA
631,157
632,14
633,353
634,58
635,5
636,27
637,45
638,70
639,9
640,1243
641,29
642,3214
643,13
644,4
645,18
646,22
647,5
648,237
649,14
650,8
651,325
652,52723
653,13
654,261
655,81
656,74
657,22
658,8566
659,4
660,322567
661,1325
662,14
663,165
664,6
665,17
666,231
667,217
668,14
669,9
670,243
671,5
672,41440
673,6049
674,4
675,25
676,149
677,13
678,195
679,9
680,226
681,32
682,22144
683,5
684,46
685,29
686,230
687,33
688,105
689,4
690,NA
691,163
692,8
693,69
694,279
695,5
696,288
697,201
698,232
699,6
700,299326
701,13
702,75
703,21
704,4
705,22593
706,302
707,5
708,19853
709,9
710,80
711,177
712,185
713,8
714,12
715,357
716,238
717,313
718,79
719,4
720,104
721,305
722,242
723,51
724,59
725,10
726,NA
727,13
728,NA
729,41
730,171
731,5
732,87959
733,57
734,4
735,45
736,133
737,40
738,13738
739,9
740,14
741,29
742,21546
743,5
744,299
745,169
746,31
747,21
748,106
749,4
750,21498
751,79
752,101
753,129
754,301
755,5
756,NA
757,629
758,10
759,9
760,247108
761,17
762,8
763,381
764,4
765,1533
766,235
767,5
768,55367
769,6
770,256
771,385
772,169
773,13
774,61
775,193
776,8
777,3113
778,286
779,4
780,285
781,33
782,28
783,13
784,156
785,49
786,37209
787,97
788,14
789,9
790,225
791,5
792,365
793,3177
794,4
795,157
796,129910
797,8
798,339
799,9
800,88
801,12833
802,364
803,5
804,6
805,25
806,268
807,201
808,1807
809,4
810,35683
811,13
812,13
813,45
814,164
815,5
816,343
817,97
818,8
819,9
820,261523
821,13
822,156369
823,25
824,4
825,57
826,589099
827,5
828,144
829,9
830,278
831,25
832,50
833,140
834,166
835,21
836,32
837,69
838,180384
839,4
840,84608
841,640
842,280
843,133
844,14
845,13
846,34
847,105
848,284
849,16
850,369
851,5
852,8529
853,29
854,4
855,213
856,1738
857,10
858,24053
859,9
860,8
861,1725
862,676
863,5
864,174
865,13857
866,16
867,13
868,78
869,4
870,66
871,217
872,98
873,113
874,6
875,5
876,NA
877,445
878,292
879,9
880,664
881,8
882,25606
883,25
884,4
885,1773
886,48784
887,5
888,69
889,41
890,10
891,445
892,189
893,13
894,284
895,13
896,14
897,3073
898,30
899,4
900,52
901,12
902,8
903,225
904,361
905,17
906,NA
907,79
908,29
909,6
910,NA
911,5
912,331
913,625
914,4
915,457
916,132
917,13
918,11946
919,9
920,103
921,3689
922,27
923,5
924,36
925,1853
926,104
927,57
928,1999
929,4
930,20
931,21
932,310
933,1869
934,16
935,5
936,100260
937,57
938,299
939,9
940,295
941,13
942,206
943,58
944,4
945,65
946,NA
947,5
948,220
949,9
950,316
951,13
952,79
953,17
954,381
955,477
956,10
957,57
958,174
959,4
960,NA
961,38
962,106
963,481
964,194
965,8
966,NA
967,21
968,16
969,41
970,126229
971,5
972,279
973,69
974,4
975,121
976,3313
977,37
978,177
979,6
980,110
981,1965
982,2242
983,5
984,196
985,33
986,8
987,25
988,300
989,4
990,NA
991,61
992,172
993,8
994,399
995,5
996,50311
997,313
998,38
999,9
1000,12
1001,17
1002,237
1003,17
1004,4
1005,2013
1006,476
1007,5
1008,623563
1009,81
1010,338
1011,21
1012,55714
1013,13
1014,6
1015,253
1016,112
1017,373
1018,3754
1019,4
1020,NA
1021,29
1022,10
1023,459
1024,81
