1541,484
2047,484
4577,484
5963,484
6533,2116
7107,1496
7449,304
7613,484
8119,484
8931,152
9131,484
9637,484
10649,484
12403,6084
13019,2116
13747,3364
14111,1156
14191,484
15051,2408
15203,484
15709,484
16341,304
16721,484
17633,304
17711,484
17823,152
19593,248
19757,484
20263,484
20591,3364
21667,2116
21781,484
21965,304
22269,304
22793,484
23299,484
23499,248
23651,484
24617,1156
24727,6084
25233,304
25829,484
26885,752
28073,484
28153,2116
29223,152
29371,484
29459,484
29679,152
30383,484
30857,3364
31621,10404
32407,484
32477,2116
32743,1156
33419,484
35037,608
35189,304
36961,484
37291,484
38503,19044
38875,124
38963,2116
41009,484
41207,484
41339,484
42059,1156
42127,10404
43017,304
43029,248
43033,484
43213,6084
43739,1444
43967,152
45449,2116
45629,1156
45761,484
46069,484
46625,496
47463,152
47587,484
47611,2116
48185,304
48599,484
50117,484
52141,484
53153,484
53487,376
53659,484
54097,2116
54671,484
54811,3364
55177,484
57837,304
58157,496
58213,484
59027,484
60583,2116
60691,1156
60787,484
60801,304
61143,152
61249,484
61337,6724
62261,484
62283,152
62767,484
63139,10404
63449,484
64079,2116
64107,152
64703,484
64907,2116
65077,3364
65513,76
65803,484
66641,1156
67069,2116
67321,484
67861,6084
67871,484
68143,6724
68333,484
69693,304
69851,484
70247,484
70371,248
72887,484
73373,1156
73393,484
74023,6084
74139,152
74563,7396
74911,484
75343,3364
75923,484
76429,484
76451,484
77439,248
77879,2116
77947,484
78959,484
79501,11236
80029,1444
80067,152
80477,484
82089,248
83031,152
83261,2116
83333,27556
83381,484
83513,484
84283,484
84371,472
85031,484
85375,124
85537,484
85559,484
85609,3364
85879,6084
86347,6084
87287,1444
87363,152
87477,304
87515,152
88199,484
88573,484
88639,1156
88959,152
89901,248
89915,488
90091,484
90159,488
90851,2116
91923,152
92453,3364
92509,6084
92621,484
92877,496
93013,2116
93127,484
93807,248
94139,484
94403,484
94545,608
94657,10404
95657,484
95951,1444
96049,19044
96727,9604
97751,1156
98159,1156
98671,6084
98991,152
99947,484
100211,484
100647,728
101619,248
101729,484
102173,6724
102719,3364
103247,484
104833,6084
105163,10404
105261,304
105877,1156
106107,728
106283,484
106691,376
106789,484
107255,376
107669,484
109061,36100
110309,2116
111189,304
111873,608
112471,2116
113355,304
113527,11236
113873,484
114153,304
114379,484
115231,19044
115669,10404
115897,484
116003,3844
116319,304
116407,3364
116843,484
117157,6084
117243,248
118599,152
118933,484
118957,2116
120081,304
120451,484
121463,484
121859,3364
121969,484
122019,152
122783,484
122969,304
122981,484
123251,3364
123577,1444
124499,484
124551,376
125357,484
125563,10404
125903,1156
126017,484
126523,484
126845,304
127697,8464
128133,824
128973,304
129397,6724
129677,1156
130835,152
132089,484
133293,752
134201,484
134413,19044
134863,6084
135285,1984
135631,484
135917,484
136001,1156
136681,10404
138093,304
138161,484
138623,484
138667,484
138689,484
139625,496
139679,484
139955,152
140183,1156
140807,2116
142739,2116
143009,6724
143023,484
143717,76
143783,3364
144233,484
144901,2116
145351,36100
145751,484
146257,484
146507,1156
147187,10404
147907,484
147967,6084
148163,1444
148491,248
148787,484
149293,484
151203,152
151387,2116
151889,484
152457,608
153847,484
153851,1156
154129,6084
154633,1156
154859,484
155711,2116
156311,484
156339,728
157693,10404
157873,2116
158687,484
159639,152
159867,152
159989,2116
160209,248
160291,6084
160733,484
160835,376
160931,484
161437,484
161943,1496
162255,496
162875,124
163439,484
163831,7396
163967,484
164473,484
164541,304
165567,152
165923,2116
166343,484
166499,27556
166519,484
167509,484
167737,3364
168033,944
168759,152
169027,484
169577,484
170039,484
170067,248
171211,6084
171557,484
171701,1156
171927,248
171951,152
172063,484
172483,1156
172749,304
173433,304
173581,484
173849,496
173951,9604
174117,304
174155,152
174269,5776
174383,152
174591,680
174593,484
175169,2116
175319,484
175637,304
175833,248
176397,304
176661,484
177629,484
177849,752
177879,152
178267,484
178375,124
178421,484
178709,29584
179147,484
179171,2116
179285,304
179463,488
180843,152
181171,484
181187,1156
181579,11236
181799,1156
182183,484
182843,484
183817,2116
183847,6084
184207,484
184939,6084
185219,484
185289,304
186125,496
186771,152
188141,2116
188269,3364
188453,484
190279,484
190303,2116
190651,6724
191217,304
191291,484
191351,31684
191407,19044
191483,1444
191673,304
191687,484
191959,19044
192713,1156
193931,484
193997,484
194221,27556
195113,3364
195999,472
196109,484
196157,304
196351,484
197363,484
198353,2116
198629,1156
198881,484
199269,248
199387,484
199655,728
200019,728
200375,152
200399,484
201587,484
201625,496
201763,484
201917,484
203187,152
203219,1156
203415,304
203941,484
204227,484
205459,484
205505,304
205679,484
206977,484
206981,68644
207405,608
207989,484
208339,6084
208801,3364
209507,484
209747,1156
209761,2116
210207,488
210673,1444
211069,6724
212413,3844
212543,484
213099,376
213381,752
213417,824
213511,484
213797,484
215749,6084
217097,484
217603,484
217779,152
218219,484
219527,152
219641,1156
220729,10404
221651,484
221921,76
222339,152
222641,484
223343,7396
224231,680
224681,6724
224687,484
225189,152
225193,484
225259,484
226073,484
226215,304
226481,304
226711,484
226899,152
227057,2116
227063,484
227723,484
227767,56644
228073,6084
228229,484
228379,1156
229219,2116
229241,484
230323,19044
230517,248
231147,376
231487,6724
231633,496
231695,9176
232277,484
232447,1444
232625,496
232731,680
232831,6084
233543,2116
235677,304
235819,484
236177,3364
237007,484
237083,152
238527,152
238929,3488
239249,1444
239705,304
239867,484
240029,2116
240923,484
241099,484
241205,752
241741,10404
242191,2116
244019,1156
244341,608
244421,484
244569,304
244835,152
245099,6724
245243,1156
246141,248
246443,3364
246507,152
246559,6084
246963,152
247011,680
247963,484
249173,484
249481,484
249631,11236
250493,484
250977,496
251931,472
252011,484
252517,484
252587,1444
252591,6968
254123,484
254639,152
254759,3844
255171,304
255647,824
256327,1156
256631,484
256999,3364
257071,484
257859,248
257945,304
258017,484
258523,484
258589,484
258987,728
259487,2116
259601,484
260131,3364
260271,680
260503,484
260871,152
261023,76
261119,484
261479,76
261801,680
262439,484
262753,10404
264419,484
264623,1156
265317,304
265671,248
265673,484
265973,2116
266799,152
266849,1984
267191,484
267859,19044
267977,29584
268397,1156
268687,19044
268737,304
268867,6084
269011,133956
269763,152
270397,3364
271055,152
271093,1444
271151,484
271207,6084
271283,484
271559,1156
273411,152
273769,484
274621,2116
275081,2116
275287,484
275691,152
275887,68644
275995,152
276139,2116
276761,1156
276959,484
277369,6084
278133,496
278323,484
278693,5776
279897,944
280391,484
280601,8464
280853,484
281107,2116
282371,484
282645,608
283253,1444
283889,484
283999,484
284583,152
285407,484
285431,2116
285671,23716
286177,484
286621,1156
287015,152
287267,1156
287431,484
288443,484
289029,304
289787,9604
290853,608
290929,3364
291917,2116
291993,304
292571,1156
292741,6724
292905,1504
292997,484
293013,248
293567,728
293585,944
293591,1156
294079,2116
294271,10404
294501,304
294625,496
295679,1444
295747,484
296097,304
296539,484
297105,1984
297733,29584
297769,1444
297921,304
298057,484
298529,304
299069,484
300243,488
300901,1156
301011,248
302017,6084
302367,152
302937,608
303227,484
304343,152
304613,484
304799,76
305027,1444
305141,484
305331,152
306307,6084
306353,6724
306813,304
308177,484
308683,484
308823,248
310201,484
310385,304
311081,484
311411,484
311461,3364
311719,484
312731,484
313237,484
313447,10404
313457,484
314109,608
315283,10404
315767,484
316229,484
316273,484
316449,248
316779,1496
317153,1156
317683,11236
317861,2116
317875,124
318669,304
318827,2116
318859,1444
319309,484
319507,79524
319793,484
319941,680
319977,752
320151,152
320265,608
320503,6084
321539,1156
322203,304
323159,484
323863,484
324137,496
324261,248
324447,248
324863,152
324939,152
325279,1156
325789,10404
326233,19044
326509,2116
328167,248
328399,9604
328571,3364
329429,484
330833,2116
330947,484
330991,484
331453,484
332007,152
332627,2116
332831,27556
333191,484
333577,6724
334059,304
334291,484
334489,484
334781,304
335303,484
335979,248
336453,304
336605,304
337019,484
337127,472
337319,2116
337613,484
337743,376
338083,3364
338837,3364
339043,484
339797,1156
340367,11236
340899,152
341125,496
341317,1444
341531,56644
341573,484
342259,3364
342367,7396
342381,304
342419,152
342739,484
343179,152
343597,484
344609,484
344761,10404
345983,728
346347,728
346457,484
346827,152
347387,3844
347697,248
347739,304
347777,23104
348151,484
348309,608
348575,152
348875,124
349487,1156
349715,152
349791,152
349823,484
350879,484
351187,484
351197,304
351273,304
351313,6084
351603,248
351809,2116
352199,484
352453,2116
352595,968
353079,484
354223,484
355301,484
355323,248
355741,484
355833,152
356753,484
356777,2116
357011,1444
357053,8464
357307,10404
358403,484
358559,14884
359341,51076
359369,3364
359789,484
359921,484
360533,119716
360621,608
361307,484
361813,484
363091,36100
363129,304
363331,484
363455,728
363637,6084
364311,680
364611,152
365111,3364
365651,2840
365861,484
365909,1156
366523,6084
366669,248
367379,484
367813,10404
368119,1156
368567,484
368753,304
369057,304
369139,484
369403,484
369437,1444
369749,2116
370151,484
370349,304
370389,496
370761,992
370921,484
372021,304
372329,484
372335,376
372439,484
372711,376
373057,3364
374393,11236
374415,304
374463,968
375039,248
375871,10404
375959,484
375961,6084
376487,484
376695,304
377607,152
377719,37636
378319,10404
378329,76
379253,944
380913,304
381041,484
381797,496
382169,8464
382509,304
382523,31684
382547,152
382559,484
383117,304
384077,484
384947,3364
386101,484
386513,1156
386751,680
387001,29584
387113,484
390149,484
391041,752
391667,484
392123,1444
393515,248
393647,484
393691,484
394023,304
394447,6084
394569,248
395099,484
395209,484
395279,2116
395375,124
395693,2116
395961,608
396419,484
396611,1156
396793,484
396951,680
397739,484
398413,56644
398469,304
398597,484
398697,304
398763,364
399257,484
399331,10404
399875,152
401945,752
402293,484
402833,1156
403143,152
403943,484
404317,484
405233,3844
405329,484
405623,19208
406287,248
406639,1444
407117,1156
407151,680
407389,10404
407903,484
408157,7396
409223,1444
410699,3364
410827,2116
411731,484
411907,484
412933,6084
412947,152
413227,484
413339,1156
413909,2116
414121,3364
414943,484
415229,484
415249,6724
415351,6084
416253,304
417431,76
417827,1156
418991,484
419019,472
419255,472
419761,11236
420243,152
421155,304
421379,472
421411,484
421637,2116
422143,19044
422179,1156
422409,304
422533,484
422687,484
424143,248
424387,3364
424447,484
424515,992
425063,484
425569,484
425633,6016
425915,752
426053,484
426399,1064
426627,152
428123,2116
428413,1444
428537,2116
428735,376
428767,6084
428861,6724
429617,484
430123,484
430313,304
431231,3364
431301,304
433331,1156
433553,9604
433629,248
434351,1156
434531,36100
434607,152
434677,484
434897,484
435329,5776
435671,36100
435747,152
436203,152
436221,680
436771,2116
437207,484
437713,484
438461,484
438703,10404
438977,304
439767,248
440193,304
440243,484
440639,484
440749,484
440759,248
441761,484
442929,304
443195,152
443257,2116
443279,484
443719,27556
443797,3844
444339,376
444919,3364
445223,7396
445347,248
445787,2116
446235,304
446821,484
447169,1156
447693,944
447719,2116
447831,152
447833,484
447863,488
448163,484
448471,484
448559,484
448595,488
449279,6724
449857,484
450187,1444
450869,484
451091,24964
451133,484
451463,484
451963,1156
451973,304
452303,1156
452315,152
452517,3008
453159,248
453259,6084
453787,11236
454067,2116
455363,1156
455423,484
456941,484
457375,124
457445,304
457447,484
457977,304
459307,10404
460219,484
460483,484
460507,19044
461435,304
462157,1444
462229,6084
462893,1984
463079,3844
463389,496
463677,304
464179,6084
464267,484
464703,152
465037,484
465387,152
465869,1156
466379,484
466467,728
466869,304
466901,2116
466993,8464
469019,484
469269,824
469697,6724
469873,6084
470273,484
470537,484
471087,152
471109,484
471547,1156
471967,484
472627,484
472873,10404
473639,484
474279,152
474553,6084
475663,484
475883,484
476269,29584
476503,6724
476767,7848
477129,608
477181,484
477401,484
477927,152
478079,152
478109,31684
478839,304
479117,484
479119,79524
479219,152
479711,484
479871,376
480217,484
482173,2116
482315,376
482561,3364
482867,152
483253,484
485783,484
485867,3364
485895,496
485983,3364
486289,484
486477,152
486877,6084
487301,484
487541,5776
487617,304
487631,484
487961,484
488375,124
488757,944
489099,152
489227,1156
490337,484
490843,484
491063,40804
492361,484
492367,1444
492383,484
492827,3364
493735,304
494865,5024
494891,484
496227,376
496541,484
496571,2116
496921,6724
497489,1156
497503,248004
497637,752
497927,484
498317,33124
499469,2116
499625,304
499951,484
500031,248
500963,484
500993,304
501227,484
501469,484
501643,3844
502799,472
503093,3364
503669,484
504071,1444
505363,6084
505401,304
505649,484
505971,152
506399,3364
507541,484
507567,152
507893,1156
508553,484
508835,248
509059,484
509923,1444
510323,248
510533,6724
510675,1648
510881,1648
511127,484
511625,496
511749,248
511769,1156
511911,824
512177,56644
512441,2116
512539,6084
513647,1444
514293,304
514447,128164
514603,2116
514897,10404
514931,1156
515131,484
515509,1444
516143,484
516953,608
517687,6084
518053,19044
519179,484
520145,304
520221,304
520697,484
520903,7396
520925,496
521089,2116
521459,9604
521839,11236
522721,484
522767,304
523227,1496
523431,680
525381,1744
525403,10404
525757,484
526757,304
527047,3364
527125,496
527759,484
529113,304
529497,484
529937,484
530003,484
530011,6084
530311,484
530951,6724
531051,152
531591,472
531759,376
531899,2116
531917,484
532271,3844
532323,752
532841,484
533255,152
533347,484
533559,152
533891,3364
534623,484
534737,76
535063,484
535807,1156
535877,968
535895,376
536383,484
536523,152
536603,484
538803,152
538913,484
539411,1156
539753,5776
540207,248
540431,484
541539,152
541767,152
541949,484
542743,10404
543071,484
543467,484
543629,2116
544313,304
544541,36100
544871,2116
545985,608
546365,304
546503,484
546903,248
547579,3364
547757,944
548021,484
548151,152
548183,2116
548735,1208
549539,484
550203,152
551051,45796
551181,496
551227,6084
551357,2116
551563,484
551799,152
553499,484
553519,2116
554093,484
554291,484
554423,3364
554599,484
555149,496
555789,304
556117,484
556169,23104
556417,19044
556921,10404
557129,484
557157,304
557689,76
557737,1156
558119,484
558173,376
558621,248
558753,304
559057,1444
560071,9604
560423,1156
560933,1156
561683,484
561869,304
562189,484
562527,248
562685,752
562811,2116
563707,484
564329,2116
564681,304
565023,152
565859,152
565951,484
566315,152
566805,97216
566983,6084
567271,484
568111,3364
568443,1064
569059,56644
569127,152
569339,484
570647,152
571979,484
572091,152
572839,19044
573123,872
573611,76
574333,484
574397,1156
575851,484
576033,752
576537,304
576869,3364
577699,484
578019,152
578377,3364
578381,484
578523,496
578549,11236
578593,6724
578771,96100
578887,484
579233,2116
579307,6084
579463,2116
580337,27556
580823,484
580831,36100
580983,152
581375,124
581923,484
582057,248
582429,5368
582473,484
583263,152
583441,484
583787,2116
584299,484
584453,484
585311,680
585469,6084
586343,13924
586697,484
586893,496
587861,195364
588089,1444
588203,152
589007,484
589533,304
589883,472
590371,484
591251,484
591631,6084
592043,484
592549,484
593181,608
593979,1064
594089,484
594229,8464
594593,1156
595079,484
595347,152
595487,3364
595803,152
596597,484
596759,2116
598053,496
598511,484
598881,608
598909,3364
598921,2116
600211,6084
600249,304
601723,484
602415,304
602447,1156
602669,484
602923,1156
602933,484
603213,304
604117,150544
605455,152
605711,1156
605753,3364
605759,152
606211,484
606719,6724
606787,2116
607569,8464
607659,152
607729,484
608039,152
608063,728
608115,304
608267,76
608457,304
608807,484
609141,304
609247,484
609369,304
609689,1156
609731,2116
609863,152
610117,6084
610171,7396
610641,680
610663,6084
611447,484
612129,752
612941,76
613587,152
613801,484
614813,484
615297,304
615851,51076
616551,152
616591,1156
617849,484
618071,1444
619441,3364
619651,1156
619873,484
620357,2116
620745,1984
620997,304
621117,248
621377,1444
621391,484
621531,728
622403,484
622441,6084
622703,2116
623459,1156
623921,484
624691,484
625049,29584
625967,484
626179,10404
626957,484
627203,14884
627299,2072
627463,484
627875,124
628233,944
628967,1156
629319,152
629399,484
629813,1444
630463,10404
631371,152
631511,484
631637,1444
632017,484
632093,304
633047,1156
633207,248
633887,484
635009,484
635053,484
635475,304
635873,248
636439,484
636551,3364
636617,992
636957,304
637299,152
637979,484
638089,484
638895,304
639607,484
639973,3364
640263,152
640487,484
640537,6084
640647,248
640823,728
642137,484
642193,1156
642643,484
642999,304
643227,152
643375,124
644323,2116
644471,1156
645173,484
645507,152
646601,11236
646801,484
647089,6084
647109,484
647673,304
647715,496
647901,992
648143,484
648187,484
648209,484
650119,19044
651125,496
652043,76
652367,484
653221,1444
653251,6084
653269,484
653459,6724
653601,304
654281,484
654977,1156
655799,484
655899,496
655997,484
657317,484
657359,17576
657393,1448
657847,2116
660353,484
660419,484
660463,484
660587,1156
660669,304
661277,484
661581,304
661981,10404
662419,3364
662493,304
662861,8464
662993,484
663171,11288
663389,484
663851,484
664119,364
664469,304
664841,484
664907,484
666231,680
666571,1156
666625,496
667153,51076
667349,3364
667619,7396
667871,3364
668197,19044
668449,484
668781,680
669143,1444
669281,31684
669967,484
670283,1444
670595,472
670771,3364
670979,484
671027,248
671421,944
671509,19044
671683,484
671727,304
671977,133956
672487,10404
673209,152
673333,484
674143,9604
674349,304
674411,484
674521,484
675533,968
675547,1156
675599,484
675767,728
675983,152
675989,1156
676853,484
677051,484
677899,6084
677903,2116
678219,248
678233,1156
679521,992
679583,37636
679707,248
680087,484
680277,304
680391,152
680627,11236
680847,152
681803,1156
682065,1504
682443,152
682823,56644
683203,6084
683239,2116
683241,304
683629,484
684233,992
684839,484
684863,1156
685147,484
686159,484
686951,484
687347,484
687563,2116
687687,608
688183,484
688399,10404
688469,484
689055,304
689323,68644
689449,2116
689875,124
690223,6084
690691,19044
690995,376
691303,3364
691879,484
691935,752
692019,152
692133,304
692231,484
692737,484
692891,484
693499,10404
693539,152
693657,496
694049,2116
694463,496
694793,608
694907,1444
694959,248
695471,680
696211,2116
696389,5776
696635,376
696959,152
697001,6800
697625,496
698147,3364
698179,6084
698901,3856
699821,484
699983,2116
700327,484
700503,1496
701087,2116
701101,6724
701143,31684
701339,484
701521,99856
701655,496
702507,152
702547,6084
702697,2116
702857,484
703143,248
704217,304
705471,152
706399,484
706953,304
707059,484
707411,484
707507,1156
708413,3364
708573,752
708709,6084
709461,608
709873,19044
710829,752
710953,484
711475,152
712463,1444
712471,484
713641,1444
713793,304
714317,29584
714605,1744
714653,11236
714871,6084
715669,2116
716141,59536
716267,2116
716349,1744
716519,484
716909,304
717279,248
718013,1156
718037,484
718537,79524
719873,304
719993,2116
720061,484
720529,10404
721033,6084
721519,6724
722101,3364
722327,484
722495,152
722671,6084
722673,248
723087,728
724737,304
725017,10404
725869,6084
726581,1156
726749,484
726903,152
727751,20164
730247,76
730687,484
730967,1156
731579,1156
732147,152
732367,3364
732717,608
733027,3844
733357,6084
734085,7904
734391,248
735127,2116
735593,484
736291,367236
736451,484
737771,484
738227,152
738277,484
738297,248
738303,152
738481,1156
739289,484
739451,2116
739899,152
740033,1984
740081,484
740405,1984
740507,1444
740759,1156
741039,152
742787,484
742831,484
743503,3364
743843,484
744041,484
744125,496
744349,484
745681,6084
745867,484
746029,10404
747077,484
747163,6084
747195,304
748601,304
748661,27556
748679,11236
748753,1444
748859,484
748903,484
749477,3364
750159,152
750377,484
750423,488
751413,304
751607,24964
751939,484
752309,496
753131,9604
753281,484
754469,484
755319,472
755549,6724
755555,152
755859,152
755957,1156
755987,484
755991,680
756779,484
758011,484
758387,472
758823,152
758873,3364
759529,484
760021,11236
761071,2116
761217,608
762813,152
762911,3844
763269,304
763577,484
763877,8464
764561,608
764675,152
764751,152
764867,31684
765239,1156
765601,484
765703,381924
766349,484
766613,484
767009,484
767119,484
767419,19044
767763,824
769187,484
769235,152
769349,76
769539,304
769583,484
769757,51076
770531,3364
770543,1156
771167,484
771705,608
771767,1156
772111,2116
772223,484
773191,484
773431,3364
773451,248
774707,152
775967,6724
776227,484
776383,27556
776491,6084
776607,152
777005,752
777547,10404
778367,2116
779483,484
780529,2116
780597,152
781049,1156
781263,248
781331,484
781515,944
781547,152
782193,304
782345,304
782653,6084
782773,6724
782875,124
783157,10404
783311,484
783949,484
784055,152
784829,484
784853,2116
785061,680
786601,19044
786657,1984
786853,484
787399,1444
787587,248
788075,10136
788323,11236
788461,1156
788579,248
789163,484
789699,728
790439,152
790515,304
790541,3364
790873,3844
791313,304
791743,9604
792111,152
793501,2116
793937,484
793963,3364
794069,484
794391,152
794645,4112
795191,484
795873,304
795961,484
796519,1444
796729,31684
796797,728
796973,484
796979,728
797027,376
797403,376
797469,304
797479,484
797501,484
797693,3472
798559,10404
798837,304
798997,484
799659,376
799987,2116
800251,484
800319,152
800911,484
801139,6084
801527,484
801643,19044
801923,484
802033,484
803191,6724
803795,376
804563,484
804827,484
804883,6084
805257,248
805751,484
805829,1444
806125,496
806473,2116
806587,484
808451,76
809163,248
809211,152
809535,496
809623,484
809783,248
810155,248
810767,484
811141,484
811149,304
811201,6084
811947,152
811985,304
812153,484
812177,2116
812441,304
813087,304
813451,10404
813473,484
813791,680
814573,1156
815189,484
815783,484
816417,248
816621,304
816659,1444
816707,484
817213,484
817283,2116
817571,3380
818217,608
818497,9604
818731,484
820639,6084
821059,51076
821339,3364
821767,484
822093,304
823527,484
823609,6724
824297,484
824587,3364
824909,1156
824945,3008
825095,152
825563,68644
825787,6084
825931,2116
826919,152
827219,2116
827603,152
827839,484
828363,152
828851,484
828853,1156
829091,1156
829437,496
830077,10404
831359,2116
831441,304
831949,6084
832133,4208
832393,484
832899,1496
833341,29584
833579,1156
833987,152
834307,484
835027,3364
835887,152
836947,484
837299,484
837959,484
839217,944
839257,484
839383,1444
839777,8464
839853,248
840071,484
840459,488
840583,10404
840781,119716
841127,1496
841501,484
841677,752
842119,1444
843019,484
843201,680
844027,6724
844031,484
844147,19044
844273,6084
844323,152
844779,152
845293,3364
845389,2116
846847,484
847743,152
848219,7396
848719,3844
849377,1444
850103,484
850137,1504
850575,1648
850757,11236
851089,10404
851391,152
851543,152
851547,752
851779,24964
852127,484
852189,304
852949,7396
852957,752
853469,56644
853991,2116
854583,152
854591,1156
854657,484
854773,2116
854803,6084
855163,484
856035,496
856199,2116
856223,1156
856635,608
857639,6724
858117,304
858199,484
858569,1156
859211,484
859549,27556
859717,484
860207,1444
860375,124
860729,484
861005,304
861081,304
861157,76
862247,484
862753,484
863329,19044
863831,484
863893,1444
864847,2116
865527,152
865789,484
866139,728
866273,484
866911,484
867183,472
868001,96100
868253,484
868757,5776
868871,680
869099,152
869171,2116
869555,152
869723,2116
869973,304
870167,484
871151,36100
871183,1156
871333,2116
871399,484
871861,484
872101,10404
872191,484
872253,608
872271,680
872873,484
874039,1156
874897,484
875603,1156
875807,1156
875909,484
876487,10404
877099,10404
877427,484
877847,1156
878219,145924
879101,13924
879451,484
880347,152
880463,484
880499,1156
880567,1156
880969,484
881453,484
882333,484
882969,608
883147,484
883625,496
884565,608
884783,11236
885347,484
885523,484
885667,1444
885743,76
886167,248
887041,484
887063,484
887283,248
888053,484
889571,484
889949,3844
890077,484
890189,1444
890699,2116
891113,8464
892051,1444
892203,152
892217,8464
892953,38824
893201,3364
893217,6592
893443,484
893569,6084
895359,488
895689,824
895847,14884
896041,68644
896535,304
897219,152
898131,152
898811,484
899125,496
899131,1156
899207,484
899999,484
900183,152
900197,484
900335,152
900483,488
900703,484
901419,16616
901601,2116
901667,248
902221,484
902243,484
902349,248
902577,304
902831,75076
903147,304
903299,484
903467,3364
903489,608
903629,484
903631,6084
903739,484
905237,304
905257,484
905399,10088
905893,6084
906565,1984
907121,1156
907441,36100
907973,304
908051,484
908087,2116
909987,152
910161,248
910329,304
910823,484
911091,248
911329,484
911469,304
912319,2116
912341,484
912473,484
913001,484
913859,484
914155,1208
914433,304
914699,1444
914993,27556
915377,484
915883,484
916327,228484
917401,484
918607,6084
918851,680
918879,152
918893,6724
918919,484
920361,304
920855,304
920919,376
920991,472
921059,2116
921317,484
921449,484
921767,152
921879,248
921957,304
922609,29584
922967,484
923473,484
923895,304
923957,484
923999,3364
924021,752
924379,6084
924563,1156
924579,152
924669,496
924917,496
925413,496
925757,76
925847,248
926137,23104
926509,484
926603,1156
926891,472
927389,23716
927771,152
928133,1156
928379,484
929253,304
929849,1504
930151,11236
930161,484
930411,680
930443,2116
930541,6084
930557,484
931343,152
931353,1504
932699,3364
933593,484
934729,1156
934915,152
936123,1496
936193,2116
936473,1444
937487,7396
937745,752
938299,10404
938477,484
938887,6084
939095,152
939311,6724
939817,1444
940039,484
940057,19044
940517,2116
940995,304
942591,152
943099,6084
943427,484
945129,496
945643,10404
945803,484
946117,6724
946243,484
947003,2116
947953,3364
948539,3844
948747,152
949349,1156
949431,304
949873,484
950001,304
951081,12272
952403,484
952443,872
953489,2116
954179,2116
954447,152
954797,3364
955027,1156
955055,152
955283,152
955571,484
955587,304
955651,2116
955739,1444
956149,10404
956869,484
957203,376
957881,484
957947,484
958247,152
958387,484
959107,1156
959311,484
959463,152
959501,1444
959553,752
959651,680
959923,10404
961423,484
962347,484
962489,992
963333,2264
963857,45796
963953,484
964147,7396
964177,11236
964343,1156
965383,484
965537,484
965633,2116
965657,304
965977,484
966461,2116
966989,484
967243,7396
967591,6084
968309,484
968751,248
968837,484
969013,484
969299,484
969879,728
970157,1156
970531,484
970571,2840
970673,496
971041,10404
971661,304
972383,152
972657,248
972843,248
972953,23104
973061,484
973713,304
973935,752
974381,484
974499,376
974579,484
974641,3844
974853,608
975109,2116
976603,484
976687,13924
977131,484
977319,376
977527,484
978251,7396
978421,19044
978995,152
979133,484
979571,2116
980663,1156
981317,163216
982169,484
983693,3844
983973,304
984087,152
984419,488
984557,376
984803,9604
986057,2116
986615,488
986723,484
987051,152
987229,484
987279,152
987583,1444
987647,484
987827,2072
987901,31684
988081,2116
988241,484
988747,484
989017,3364
989363,484
989627,484
989759,484
990519,488
990557,1156
991169,1156
991497,304
991519,484
991611,680
992105,304
992125,496
992187,248
992207,3364
992291,1156
992399,484
992543,2116
994507,248004
994791,496
995723,33124
995861,3364
995943,152
995963,484
996087,728
996337,484
996815,728
997603,19044
998323,6084
998679,304
999283,3364
999373,484
1000627,484
1000791,680
1000891,484
1000913,484
1000959,304
1001673,496
1001795,152
1002761,484
1002975,3472
1003421,484
1003505,304
1003883,484
1003927,484
1003961,76
1004535,944
1004543,484
1004807,484
1005181,484
1005215,152
1005377,2116
1005889,6084
1006127,3364
1006457,484
1006963,484
1007039,152
1007799,152
1007863,1156
1008635,152
1008673,1444
1009053,152
1009493,484
1009655,376
1009661,5776
1009999,484
1011159,376
1011863,2116
1011877,29584
1012793,1156
1014047,484
1014179,484
1014553,484
1015375,124
1016235,304
1016987,3844
1017083,484
1018173,304
1018349,4232
1018629,304
1019157,496
1019427,152
1019529,248
1020377,1444
1020511,2116
1020525,6592
1020731,824
1020983,6724
1021137,304
1021349,1648
1021871,1156
1022687,1156
1023023,484
1023231,6800
1023569,608
1023661,484
1024343,484
1024531,6084
1024687,3364
1025051,1444
1025295,496
1025583,152
1025881,27556
1026191,484
1026659,3364
1026997,2116
1027103,152
1027709,484
1028039,484
1028319,152
1029029,484
1029733,484
1030827,304
1031247,248
1031321,2116
1031435,152
1031511,152
1031867,484
1031879,3364
1032037,10404
1032053,496
1032379,19044
1032533,343396
1033231,484
1033259,1444
1033853,68644
1035159,152
1035299,484
1035767,1444
1036289,484
1038871,1156
1039059,248
1039721,1156
1040197,10404
1040359,484
1040859,152
1041401,6724
1041457,6084
1041539,248
1041809,608
1042163,484
1042361,2116
1042611,680
1042889,484
1043063,76
1043359,10404
1043699,1156
1044659,152
1045343,152
1046431,484
1046691,680
1047191,3364
1047443,484
