1: 0,
2: 0, 1,
3: 0, 1,
4: 0, 1,
5: 0, 1, 3,
6: 0, 1, 2, 3,
7: 0, 1, 6,
8: 0, 1, 3,
9: 0, 1, 8,
X: 0, 1, 4, 5, 7, 8,
E: 0, 1, 4, 5, 8, 9,
10: 0, 1, 3, 4, 5, 8,
11: 0, 1, 8, 10,
12: 0, 1, 6, 7, 8, 11,
13: 0, 1, 4, 5, 6, 8, 10, 11,
14: 0, 1, 7, 8, E, 11,
15: 0, 1, 2, 3, 6, 8, X, 10, 11,
16: 0, 1, 8, 9, X, 15,
17: 0, 1, 7, 8, E, 16,
18: 0, 1, 3, 4, 5, 7, 8, 9, 10, 14,
19: 0, 1, 6, 7, 8, 11, 13, 18,
1X: 0, 1, 3, 5, 6, 8, X, E, 11, 13, 16, 18,
1E: 0, 1, 4, 6, 8, 9, X, E, 14, 16, 18, 19,
20: 0, 1, 3, 5, 7, 8, 9, E, 14,
21: 0, 1, 2, 3, 4, 6, 8, 10, 12, 14, 16,
22: 0, 1, 5, 8, 10, 11, 16, 19,
23: 0, 1, 8, X, 15, 17, 22,
24: 0, 1, 7, 8, 11, 13, 18, 23,
25: 0, 1, 4, 6, 8, 9, 11, 12, 15, 16, 17, 1X, 20, 22, 23,
26: 0, 1, 2, 4, 5, 6, 7, 8, 9, X, E, 11, 12, 13, 16, 23,
27: 0, 1, 2, 8, 14, 1E, 23, 25, 26,
28: 0, 1, 8, 13, 17, 19, 1E, 20, 21, 23, 25,
29: 0, 1, 3, 4, 5, 8, 9, X, E, 10, 11, 15, 16, 17, 22, 23, 27,
2X: 0, 1, 2, 3, 5, 8, 9, 10, 12, 13, 14, 15, 19, 1E, 20, 23, 24, 26,
2E: 0, 1, 6, 8, 11, 12, 13, 18, 1X, 23, 24, 25,
30: 0, 1, 8, 9, 15, 17, 23, 24, 2E,
31: 0, 1, 6, 8, X, 12, 1E, 22, 23, 25, 27, 30,
32: 0, 1, 7, 8, E, 10, 16, 17, 22, 23, 26, 27,
33: 0, 1, 5, 8, 10, 11, 12, 19, 21, 23, 27, 2X, 32,
34: 0, 1, 5, 8, 9, E, 13, 14, 17, 1E, 20, 23, 28, 29, 31,
35: 0, 1, 2, 5, 6, 8, X, E, 10, 11, 13, 14, 17, 18, 1E, 20, 23, 28, 2X, 31, 32,
36: 0, 1, 6, 7, 8, 11, 12, 13, 18, 19, 1X, 23, 25, 2X, 30, 35,
37: 0, 1, 2, 4, 8, E, 14, 19, 1X, 23, 2E, 33, 35, 36,
38: 0, 1, 4, 8, E, 10, 14, 18, 19, 20, 21, 23, 24, 25, 27, 28, 2E, 30, 31, 33, 34, 35,
39: 0, 1, 8, 9, X, 15, 16, 17, 22, 23, 24, 2E, 30, 31, 38,
3X: 0, 1, 2, 5, 6, 8, 13, 15, 16, 19, 1X, 1E, 22, 23, 26, 28, 29, 2X, 2E, 30, 31, 33, 36, 37,
3E: 0, 1, 2, 4, 7, 8, X, 11, 12, 13, 15, 16, 20, 21, 22, 23, 24, 27, 2E, 30, 32, 35, 36, 38,
40: 0, 1, 7, 8, 9, 13, 14, 15, 1E, 20, 23, 25, 28, 2E, 31, 34, 37, 39,
41: 0, 1, 6, 8, 11, 13, 18, 1X, 23, 25, 35, 37, 40,
42: 0, 1, 8, 9, E, 10, 11, 12, 14, 15, 20, 21, 23, 24, 25, 27, 28, 37, 38, 3X, 3E, 40,
43: 0, 1, 2, 3, 4, 5, 8, 9, 10, 11, 13, 14, 15, 16, 17, 1E, 21, 23, 25, 26, 27, 31, 34, 35, 38, 39,
44: 0, 1, 5, 8, 10, 11, 19, 21, 23, 27, 34, 38, 3E, 43,
45: 0, 1, 2, 4, 6, 8, E, 13, 17, 1X, 20, 21, 23, 26, 28, 29, 2E, 30, 31, 33, 34, 35, 37, 38, 3X, 40, 42,
46: 0, 1, 8, X, 15, 17, 22, 23, 24, 2E, 31, 38, 3X, 45,
47: 0, 1, 2, 5, 8, 9, X, E, 10, 11, 12, 13, 15, 16, 17, 18, 19, 1E, 21, 22, 23, 27, 29, 33, 40, 41, 43, 44,
48: 0, 1, 7, 8, 11, 13, 19, 23, 35, 37, 40,
49: 0, 1, 7, 8, E, 10, 16, 17, 18, 22, 23, 26, 27, 39, 3X, 41, 48,
4X: 0, 1, 2, 6, 8, 9, E, 12, 13, 16, 18, 19, 1E, 23, 24, 25, 28, 29, 2X, 30, 33, 35, 36, 39, 3X, 40, 43, 45, 46, 47,
4E: 0, 1, 4, 5, 7, 8, 10, 11, 12, 13, 14, 15, 16, 19, 1X, 21, 23, 24, 26, 29, 2E, 30, 33, 34, 40, 41, 42, 45, 48, 49,
50: 0, 1, 3, 4, 5, 8, 9, E, 10, 13, 14, 17, 18, 19, 20, 21, 23, 24, 25, 28, 30, 31, 34, 37, 38, 3E, 40, 44, 45, 48,
51: 0, 1, 3, 8, 9, 18, 20, 23, 24, 29, 2X, 31, 32, 35, 42, 45, 4X, 50,
52: 0, 1, 2, 4, 8, 13, 14, 1E, 23, 25, 26, 27, 29, 33, 3X, 3E, 46, 50,
53: 0, 1, 8, 23, 24, 2E, 30, 47, 52,
54: 0, 1, 5, 7, 8, 9, E, 19, 1E, 20, 21, 23, 27, 2E, 34, 39, 3E, 41, 43, 48, 51,
55: 0, 1, 5, 8, 10, 12, 16, 19, 21, 22, 23, 27, 2X, 32, 38, 3E, 44, 45, 49, 50, 54,
56: 0, 1, 3, 4, 6, 8, 9, X, E, 10, 11, 12, 13, 16, 17, 18, 19, 1X, 1E, 20, 21, 23, 25, 26, 28, 29, 2E, 32, 34, 41, 42, 4E, 51, 54,
57: 0, 1, 3, 5, 8, 9, 12, 13, 1X, 21, 23, 34, 37, 44, 45, 4X, 4E, 52, 54, 56,
58: 0, 1, 3, 4, 7, 8, 10, 11, 14, 15, 18, 19, 20, 23, 24, 27, 28, 29, 30, 33, 34, 37, 38, 39, 40, 41, 44, 45, 48, 49, 4E, 50, 53, 54,
59: 0, 1, 3, 8, 9, X, 12, 13, 16, 18, 19, 1X, 1E, 20, 21, 23, 24, 25, 27, 28, 2X, 30, 33, 37, 42, 44, 45, 48, 49, 4X, 52, 53, 54, 55, 57,
5X: 0, 1, 6, 8, 11, 12, 13, 18, 19, 1X, 23, 25, 2X, 2E, 30, 35, 36, 40, 42, 47, 49, 53, 54, 59,
5E: 0, 1, 3, 5, 6, 8, X, E, 11, 12, 13, 14, 17, 18, 20, 22, 23, 27, 30, 31, 32, 33, 35, 36, 37, 3X, 40, 41, 42, 45, 46, 4E, 52, 54, 57, 59,
60: 0, 1, 8, 9, 15, 17, 23, 2E, 31, 39, 45, 47, 53, 54, 5E,
61: 0, 1, 3, 7, 8, 9, 15, 19, 1X, 20, 23, 26, 37, 3X, 41, 43, 44, 48, 53, 54, 55, 5X, 60,
62: 0, 1, 6, 8, X, E, 22, 23, 25, 27, 30, 31, 32, 37, 39, 3E, 40, 43, 50, 53, 54, 56, 58, 61,
63: 0, 1, 3, 4, 6, 8, 10, 12, 14, 15, 1X, 20, 21, 22, 23, 24, 29, 2X, 30, 32, 37, 38, 3X, 42, 44, 46, 48, 49, 52, 54, 56, 58, 61,
64: 0, 1, 7, 8, E, 10, 17, 18, 23, 27, 31, 33, 39, 41, 48, 54, 55, 58, 59, 63,
65: 0, 1, 6, 7, 8, 13, 18, 19, 1X, 23, 2X, 2E, 30, 35, 37, 40, 41, 42, 47, 49, 52, 53, 54, 59, 5E, 64,
66: 0, 1, 5, 8, 10, 11, 12, 16, 19, 21, 22, 23, 27, 2X, 32, 33, 34, 38, 3E, 45, 49, 50, 54, 5X, 61, 65,
67: 0, 1, 8, 10, 12, 13, 16, 19, 23, 32, 35, 3X, 44, 49, 4X, 51, 52, 54, 55, 57, 59, 5E, 66,
68: 0, 1, 3, 7, 8, 9, 11, 13, 14, 15, 1E, 20, 21, 23, 27, 28, 29, 31, 33, 34, 39, 40, 43, 48, 4E, 51, 54, 59, 60, 63,
69: 0, 1, 8, X, 15, 17, 22, 23, 24, 2E, 31, 38, 3X, 45, 46, 47, 52, 54, 5E, 61, 68,
6X: 0, 1, 3, 6, 8, X, 11, 12, 13, 14, 17, 18, 19, 1X, 21, 22, 23, 24, 27, 29, 2E, 32, 34, 35, 37, 39, 3X, 40, 42, 44, 45, 4X, 4E, 54, 55, 5X, 5E, 61, 63, 65, 66, 68,
6E: 0, 1, 3, 4, 5, 7, 8, 9, X, E, 10, 12, 14, 19, 1X, 1E, 20, 21, 23, 25, 27, 28, 33, 34, 36, 39, 3X, 3E, 40, 41, 42, 45, 47, 49, 53, 54, 55, 56, 58, 5X, 65, 69,
70: 0, 1, 7, 8, 11, 13, 18, 19, 23, 24, 25, 2E, 30, 35, 40, 47, 48, 49, 54, 59, 5E, 64,
71: 0, 1, 2, 3, 8, X, 10, 14, 1X, 1E, 20, 23, 24, 2X, 2E, 34, 35, 37, 3X, 3E, 40, 41, 44, 45, 46, 47, 48, 4E, 50, 54, 55, 56, 57, 58, 5X, 5E, 60, 62, 64, 66, 67, 68, 69,
72: 0, 1, 2, 4, 8, E, 14, 19, 1X, 23, 28, 2E, 33, 35, 36, 37, 38, 3E, 43, 46, 4E, 54, 55, 5X, 63, 66, 6X, 71,
73: 0, 1, 2, 3, 6, 7, 8, 15, 17, 19, 1X, 20, 22, 23, 24, 25, 26, 29, 2X, 31, 32, 33, 35, 36, 37, 3E, 43, 44, 47, 48, 52, 54, 57, 59, 5E, 60, 61, 62, 63, 64, 65, 66, 6X, 6E,
74: 0, 1, 7, 8, E, 11, 14, 15, 17, 19, 1E, 20, 21, 23, 27, 28, 29, 31, 34, 37, 3E, 40, 41, 45, 48, 4E, 54, 60, 61, 67, 68, 6E, 71,
75: 0, 1, 2, 3, 5, 6, 8, 9, E, 10, 12, 14, 15, 16, 18, 19, 23, 25, 26, 29, 2E, 30, 31, 32, 34, 37, 39, 3E, 40, 42, 47, 49, 4X, 51, 53, 54, 55, 56, 57, 5X, 62, 64, 67, 6X, 71,
76: 0, 1, 8, 9, X, 15, 16, 17, 22, 23, 24, 2E, 30, 31, 38, 39, 3X, 45, 46, 47, 52, 53, 54, 5E, 60, 61, 68, 69, 6X, 75,
77: 0, 1, 8, 11, 12, 19, 23, 2X, 49, 54, 5X, 66, 6E, 76,
78: 0, 1, 3, 4, 8, 9, 10, 11, 14, 17, 18, 1E, 20, 23, 24, 28, 29, 30, 31, 34, 37, 38, 39, 40, 43, 44, 45, 48, 49, 50, 51, 53, 54, 57, 58, 5E, 60, 63, 64, 65, 68, 69, 70, 71, 73, 74,
79: 0, 1, 2, 4, 8, 14, 1E, 23, 25, 26, 27, 28, 33, 3X, 3E, 46, 4X, 50, 51, 53, 54, 56, 5X, 65, 66, 71, 75, 78,
7X: 0, 1, 4, 5, 6, 8, X, E, 10, 13, 14, 16, 17, 18, 19, 1X, 21, 22, 23, 24, 25, 27, 28, 2E, 30, 31, 33, 35, 36, 37, 3X, 3E, 41, 42, 46, 48, 50, 51, 54, 5X, 5E, 65, 68, 69, 71, 73, 77, 78,
7E: 0, 1, 7, 8, E, 10, 16, 17, 18, 22, 23, 26, 31, 33, 39, 3X, 41, 42, 48, 49, 4X, 54, 55, 58, 59, 6E, 70, 73, 74,
80: 0, 1, 3, 5, 8, 13, 15, 17, 19, 20, 23, 25, 27, 28, 29, 34, 37, 39, 3E, 47, 48, 49, 4E, 51, 54, 5E, 60, 61, 6E, 71, 73, 74, 75,
81: 0, 1, 8, 10, 16, 17, 1X, 23, 24, 26, 29, 2X, 36, 39, 3X, 3E, 42, 43, 44, 53, 54, 57, 59, 5X, 63, 65, 67, 75, 80,
82: 0, 1, 6, 8, 11, 13, 18, 1X, 23, 25, 2X, 30, 35, 37, 40, 41, 42, 49, 52, 54, 59, 66, 6E, 71, 76, 81,
83: 0, 1, 8, 9, X, 15, 16, 17, 22, 23, 24, 2E, 30, 31, 38, 39, 3X, 45, 46, 47, 52, 53, 54, 5E, 60, 61, 68, 69, 6X, 75, 76, 77, 82,
84: 0, 1, 4, 7, 8, 10, 11, 14, 17, 19, 1E, 20, 21, 23, 24, 25, 27, 28, 30, 31, 37, 38, 40, 41, 44, 45, 48, 4E, 51, 54, 57, 58, 60, 63, 64, 6E, 70, 74, 75, 77, 78, 80, 81,
85: 0, 1, 2, 7, 8, E, 12, 13, 15, 16, 18, 19, 1X, 1E, 20, 23, 25, 28, 29, 2E, 33, 34, 35, 36, 37, 38, 3E, 40, 43, 44, 47, 48, 53, 54, 55, 57, 5X, 5E, 61, 63, 64, 6X, 71, 74, 75, 77, 78, 7E, 80, 81, 82,
86: 0, 1, 2, 5, 7, 8, 9, E, 10, 12, 13, 14, 15, 16, 17, 1X, 1E, 20, 21, 22, 23, 24, 25, 28, 29, 2X, 2E, 30, 31, 33, 34, 36, 37, 38, 3X, 41, 42, 43, 46, 47, 49, 51, 54, 5E, 60, 69, 6X, 75, 78, 80, 82, 83,
87: 0, 1, 3, 8, X, 11, 12, 1X, 1E, 20, 23, 27, 2X, 31, 33, 51, 54, 56, 59, 60, 61, 64, 67, 68, 69, 76, 79, 7X, 7E, 84, 86,
88: 0, 1, 5, 8, 11, 19, 21, 23, 27, 33, 34, 3E, 43, 45, 49, 54, 61, 6E, 80, 83, 87,
89: 0, 1, 6, 7, 8, 11, 12, 13, 18, 19, 1X, 23, 24, 25, 2X, 2E, 30, 35, 37, 40, 41, 42, 47, 49, 52, 53, 54, 59, 5E, 64, 6E, 71, 76, 78, 81, 83,
8X: 0, 1, 2, 3, 4, 5, 7, 8, 9, X, 12, 14, 17, 19, 21, 22, 23, 24, 28, 2X, 31, 33, 37, 38, 39, 3X, 40, 41, 42, 43, 44, 45, 4E, 54, 55, 56, 58, 5X, 5E, 61, 63, 64, 65, 6X, 6E, 70, 72, 74, 75, 77, 79, 7X, 7E, 84,
8E: 0, 1, 2, 3, 4, 6, 8, X, E, 10, 11, 12, 14, 15, 16, 19, 1X, 20, 22, 23, 24, 26, 29, 2E, 30, 31, 34, 35, 36, 38, 39, 3E, 46, 47, 48, 49, 4X, 4E, 51, 54, 58, 59, 61, 63, 64, 66, 6X, 70, 73, 74, 78, 82, 84, 86,
90: 0, 1, 8, 15, 17, 23, 24, 2E, 31, 38, 45, 47, 54, 5E, 61, 68, 69, 75, 77, 84, 8E,
91: 0, 1, 4, 8, 14, 15, 17, 1E, 23, 29, 2X, 32, 37, 39, 3X, 47, 53, 54, 56, 58, 63, 64, 65, 6X, 72, 76, 78, 79, 85, 89, 8E, 90,
92: 0, 1, 2, 5, 8, X, E, 11, 13, 14, 19, 22, 23, 24, 25, 2X, 33, 34, 36, 38, 39, 3E, 42, 45, 46, 47, 4X, 4E, 51, 52, 54, 57, 59, 60, 61, 62, 63, 65, 66, 67, 68, 71, 72, 73, 74, 76, 77, 78, 79, 80, 82, 85, 87, 88, 8X, 8E,
93: 0, 1, 6, 8, X, 12, 1E, 22, 23, 25, 27, 30, 31, 32, 37, 39, 3E, 40, 43, 50, 53, 54, 56, 58, 68, 6X, 70, 71, 74, 81, 84, 85, 87, 89, 92,
94: 0, 1, 7, 8, 11, 13, 23, 25, 35, 37, 40, 41, 47, 48, 49, 54, 59, 5E, 65, 6E, 71, 77, 81, 83, 88, 93,
95: 0, 1, 3, 4, 8, 10, 12, 14, 19, 1X, 22, 23, 24, 25, 26, 27, 28, 29, 30, 32, 33, 36, 37, 3E, 40, 42, 43, 46, 47, 48, 50, 51, 54, 57, 58, 59, 60, 61, 64, 66, 67, 74, 75, 76, 79, 7X, 7E, 80, 82, 84, 86, 87, 88, 8X, 8E, 90, 93,
96: 0, 1, 7, 8, E, 10, 16, 17, 18, 22, 23, 26, 27, 31, 32, 33, 39, 3X, 41, 42, 48, 49, 54, 55, 59, 63, 65, 6E, 74, 7X, 80, 86, 8X, 8E,
97: 0, 1, 3, 4, 6, 8, 9, X, E, 10, 15, 16, 20, 23, 24, 25, 30, 33, 34, 36, 37, 39, 3X, 44, 45, 48, 49, 50, 51, 54, 55, 56, 57, 58, 5E, 62, 65, 66, 68, 69, 6X, 6E, 70, 71, 75, 76, 78, 79, 7X, 7E, 80, 83, 84, 85, 86, 90, 92, 95,
98: 0, 1, 3, 4, 8, 9, E, 10, 13, 14, 15, 18, 20, 21, 23, 24, 25, 27, 28, 29, 30, 34, 35, 37, 38, 3E, 40, 41, 44, 47, 48, 49, 50, 53, 54, 55, 58, 5E, 60, 64, 65, 67, 68, 69, 70, 74, 78, 79, 7E, 80, 81, 84, 87, 88, 90, 91, 93, 94,
99: 0, 1, 8, 16, 22, 23, 38, 45, 54, 61, 76, 77, 83, 91, 98,
9X: 0, 1, 2, 3, 4, 7, 8, 9, X, 11, 13, 16, 17, 19, 22, 23, 24, 25, 26, 27, 28, 29, 32, 34, 35, 38, 3X, 41, 42, 43, 44, 47, 48, 49, 4X, 4E, 54, 55, 5X, 5E, 61, 63, 64, 67, 69, 6X, 6E, 70, 79, 7X, 7E, 80, 82, 85, 86, 88, 8X, 8E, 94, 95,
9E: 0, 1, 6, 7, 8, 11, 13, 18, 1X, 23, 25, 2X, 2E, 30, 35, 37, 40, 42, 47, 48, 49, 52, 54, 59, 5X, 5E, 64, 65, 66, 6E, 71, 76, 77, 81, 82, 83, 88, 89, 8X, 95, 9X,
X0: 0, 1, 3, 5, 8, 9, E, 11, 13, 14, 17, 19, 1E, 20, 21, 23, 25, 27, 28, 29, 2E, 31, 33, 34, 35, 39, 3E, 40, 41, 43, 47, 48, 49, 4E, 54, 57, 60, 65, 68, 74, 80, 87, 88, 94, 95,
X1: 0, 1, 3, 4, 5, 6, 7, 8, X, 10, 12, 13, 14, 15, 17, 20, 21, 23, 24, 25, 26, 27, 28, 2X, 2E, 30, 31, 35, 36, 37, 39, 3E, 43, 44, 4E, 50, 53, 54, 55, 57, 58, 5E, 60, 61, 63, 69, 6X, 6E, 7E, 82, 84, 85, 87, 90, 94, 9E,
X2: 0, 1, 3, 8, 9, 18, 1E, 20, 23, 24, 29, 2X, 31, 32, 35, 44, 45, 4X, 50, 51, 54, 59, 5X, 60, 69, 70, 71, 75, 7X, 82, 83, 86, 93, 95, 96, 9E,
X3: 0, 1, 2, 3, 4, 5, 6, 8, E, 10, 12, 13, 14, 17, 18, 19, 20, 21, 23, 28, 29, 2X, 2E, 30, 31, 32, 33, 34, 35, 36, 37, 3X, 3E, 40, 41, 42, 43, 46, 49, 4X, 51, 53, 54, 57, 58, 5X, 5E, 66, 67, 78, 79, 7X, 7E, 81, 84, 85, 89, 8X, 92, 95, 96, 98,
X4: 0, 1, 4, 8, 13, 14, 1E, 23, 27, 28, 2E, 33, 3E, 50, 51, 54, 65, 71, 75, 77, 78, 7E, 81, 85, 90, 91, 98, X0,
X5: 0, 1, 2, 4, 7, 8, E, 10, 12, 16, 1E, 20, 22, 23, 24, 27, 32, 35, 36, 3X, 46, 4X, 4E, 52, 54, 58, 59, 60, 61, 62, 64, 65, 66, 69, 6X, 72, 74, 75, 77, 78, 79, 80, 87, 88, 8X, 90, 91, 94, 98, 9E, X2,
X6: 0, 1, 8, 23, 24, 2E, 30, 47, 52, 53, 54, 5E, 76, 77, 82, 83, 9X, X5,
X7: 0, 1, 2, 4, 5, 8, X, 17, 18, 23, 28, 29, 32, 34, 3E, 42, 46, 51, 53, 54, 56, 61, 64, 65, 73, 75, 7X, 84, 86, 8E, 90, 93, 99, 9E, X3, X5, X6,
X8: 0, 1, 7, 8, 9, 11, 13, 15, 17, 19, 20, 23, 31, 34, 37, 39, 3E, 41, 43, 47, 48, 49, 53, 54, 57, 59, 60, 63, 73, 74, 75, 79, 7E, 81, 83, 87, 88, 89, 99, X0, X3, X5,
X9: 0, 1, 2, 4, 8, E, 14, 19, 1X, 23, 28, 2E, 33, 35, 36, 37, 38, 39, 3E, 43, 46, 54, 55, 5X, 63, 66, 70, 71, 73, 74, 7X, 81, 86, 8E, 90, X1, X5, X7, X8,
XX: 0, 1, 8, 10, 12, 19, 21, 22, 23, 27, 2X, 32, 33, 34, 38, 43, 45, 49, 54, 55, 56, 5X, 61, 65, 66, 67, 6E, 72, 76, 78, 80, 83, 87, 89, 91, 94, 98, 99, 9X, X2, X5, X9,
XE: 0, 1, 2, 3, 4, 5, 8, 9, E, 11, 12, 13, 16, 18, 19, 1X, 1E, 21, 22, 23, 24, 29, 2X, 2E, 30, 31, 32, 33, 37, 39, 3E, 41, 45, 46, 51, 54, 56, 58, 59, 5E, 60, 61, 62, 63, 64, 67, 68, 69, 6E, 71, 73, 75, 76, 77, 83, 84, 85, 86, 8E, 94, 96, 97, 9E, X1, X4, X5,
E0: 0, 1, 4, 8, E, 10, 13, 14, 15, 18, 19, 1E, 20, 23, 24, 25, 28, 29, 30, 31, 33, 34, 37, 38, 39, 40, 41, 43, 44, 47, 48, 50, 54, 55, 58, 59, 5E, 60, 61, 63, 64, 67, 68, 70, 71, 74, 77, 78, 80, 81, 84, 85, 88, 8E, 90, 94, 95, 98, 9E, X0, X3, X4, X5, X7, X8, X9,
E1: 0, 1, 7, 8, 18, 23, 41, 42, 48, 49, 54, 59, 64, 65, 6E, 70, 8X, 95, X5, E0,
E2: 0, 1, 3, 5, 8, 12, 13, 1X, 20, 21, 23, 34, 36, 37, 39, 44, 45, 4E, 52, 54, 56, 57, 5X, 60, 63, 64, 69, 6X, 75, 77, 7X, 8E, 92, 94, 9E, X0, X5, X6, X9, XE,
E3: 0, 1, 8, X, 15, 17, 22, 23, 24, 2E, 31, 38, 3X, 45, 46, 47, 52, 54, 5E, 61, 68, 69, 6X, 75, 77, 82, 84, 8E, 90, 91, 98, 9X, X5, X7, E2,
E4: 0, 1, 5, 7, 8, 9, 11, 14, 15, 17, 19, 1E, 20, 23, 28, 29, 2E, 34, 35, 39, 3E, 40, 41, 43, 47, 48, 4E, 51, 53, 54, 57, 5E, 60, 67, 68, 6E, 74, 79, 80, 81, 83, 88, 89, 8E, 93, 94, X0, X1, X5, X8, E1,
E5: 0, 1, 3, 4, 5, 7, 8, 9, X, E, 14, 15, 18, 19, 1X, 20, 21, 23, 28, 29, 2E, 34, 35, 37, 38, 3X, 3E, 40, 43, 46, 48, 49, 52, 53, 54, 56, 59, 5X, 60, 64, 65, 66, 67, 6X, 70, 71, 73, 74, 78, 7E, 82, 83, 84, 85, 87, 8X, 8E, 90, 91, 93, 96, 9X, 9E, X2, X3, X4, X5, XE, E3,
E6: 0, 1, 2, 5, 6, 7, 8, X, 10, 13, 17, 1X, 1E, 20, 23, 26, 27, 29, 2X, 2E, 30, 32, 33, 36, 39, 3X, 3E, 42, 46, 49, 4E, 51, 52, 53, 54, 57, 58, 59, 60, 61, 66, 68, 6X, 6E, 71, 72, 73, 75, 76, 7X, 7E, 81, 82, 85, 8X, 91, 92, 94, 95, 99, 9X, X0, X1, X2, X4, X5, X7, X9, E2, E3,
E7: 0, 1, 8, 12, 23, 2X, 30, 33, 38, 39, 40, 44, 47, 49, 4E, 50, 52, 53, 54, 55, 62, 63, 64, 65, 67, 68, 6X, 70, 73, 77, 7E, 84, 87, 89, 8X, 94, 98, X5, X9, XE, E1, E6,
E8: 0, 1, 7, 8, 11, 13, 18, 19, 23, 24, 25, 2E, 30, 35, 37, 40, 41, 47, 48, 49, 53, 54, 59, 5E, 64, 6E, 70, 71, 78, 81, 83, 88, 93, 94, 95, X0, X5, X7, E0, E7,
E9: 0, 1, 2, 6, 7, 8, X, E, 11, 18, 1E, 20, 21, 23, 27, 2X, 30, 32, 33, 34, 35, 3X, 3E, 40, 43, 46, 47, 48, 50, 51, 52, 53, 54, 55, 59, 5E, 61, 62, 63, 6X, 6E, 70, 74, 75, 77, 78, 80, 81, 82, 83, 88, 8X, 90, 91, 93, 94, 95, 97, 9E, X0, X2, X3, X4, X5, X6, X7, X9, E0, E4, E5, E6,
EX: 0, 1, 4, 5, 6, 7, 8, X, E, 10, 16, 17, 18, 19, 1E, 20, 21, 23, 24, 27, 34, 37, 38, 3X, 3E, 40, 42, 43, 44, 45, 4E, 50, 51, 53, 54, 55, 56, 57, 5X, 5E, 61, 62, 68, 70, 71, 72, 73, 74, 79, 81, 84, 85, 87, 88, 89, 8X, 8E, 90, 91, 92, 94, 95, 98, X0, X5, X6, X7, X8, X9, E1, E7, E8,
EE: 0, 1, 5, 8, 10, 12, 16, 19, 21, 23, 27, 2X, 32, 33, 34, 38, 3E, 43, 44, 45, 49, 50, 54, 55, 56, 5X, 61, 67, 6E, 72, 76, 78, 80, 83, 87, 91, 94, 98, 99, 9X, X2, X5, XX, E3, E6, EX,
100: 0, 1, 8, 9, 15, 17, 23, 2E, 31, 39, 45, 47, 53, 54, 5E, 60, 61, 68, 69, 75, 77, 83, 8E, 91, 99, X5, X7, E3, E4, EE,
