2+: -261, -62, -55, -44, -42, -21, -20, -19, -18, -13, -12, -9, -8, -6, -4, -3, 1, 141,
2-: -2008, -1881, -1311, -1210, -735, -701, -317, -89, -81, -75, -39, -34, -15, -9, -5, -4, -3, -2, -1, 2, 3, 6, 30, 75, 81, 115, 123, 249, 362, 384, 462, 512, 751, 822,
3+: -1982, -832, -472, -208, -126, -110, -104, -40, -20, -8, -6, -2, -1, 2, 8, 32, 54, 114, 414, 1400, 1850,
3-: -1532, -34, -8, -2, 1, 2, 6, 10, 18, 40, 46, 86, 118, 170, 1172, 1698, 1810,
4+: -1920, -1323, -1308, -228, -95, -72, -35, -12, -8, -5, -3, -2, -1, 1, 3, 7, 33, 67, 223, 663, 912, 1383,
4-: -1233, -225, -133, -85, -37, -15, -9, -3, -1, 1, 2, 3, 5, 8, 14, 23, 63, 107, 132, 428, 530, 1137, 1973, 2000,
5+: -884, -362, -12, -6, -2, 1242,
5-: 8, 14, 42, 384, 564,
6+: -889, -607, -278, -80, -70, -43, -34, -30, -19, -18, -15, -10, -3, -2, -1, 1, 2, 91, 185, 387, 488, 747, 800,
6-: -1357, -761, -740, -305, -8, -3, -2, -1, 1, 2, 3, 19, 20, 24, 34, 77, 107, 114, 122, 165, 530, 1999,
7+: -1104, -1088, -512, -48, -44, -12, -8, -6, -2, 34, 1980,
7-: -48, -34, 2, 18, 68, 84,
8+: -1131, -597, -45, -37, -3, -2, -1, 5, 17, 23, 1911,
8-: -101, 1, 2, 7, 12, 25, 44, 219, 252, 507, 1155,
9+: -1578, -1122, -88, -70, -54, -2, 2,
9-: -76, -2, 10, 58, 264, 1568,
10+: -903, -171, -92, -80, -23, -15, -8, -3, 1, 3, 9, 21, 363,
10-: -1935, -574, -451, -436, -313, -69, -9, -1, 2, 3, 8, 11, 15, 39, 60, 72, 77, 117, 183, 252, 396, 1745,
11+: -1368, -740, -480, -360, -38, -18, 10,
11-: 2, 8, 252, 1184, 1308,
12+: -1286, -1053, -572, -513, -401, -81, -80, -42, -39, -28, -6, -5, -2, -1, 1, 8, 247,
12-: -634, -319, -189, -129, -56, -35, -23, -3, -2, -1, 1, 6, 43, 175, 821, 910, 1157,
13+: -530, -264, -240, -2,
13-: -54, 2, 6,
14+: -90, -43, -24, -13, -12, -8, -3, -2, -1, 3, 5, 6, 9, 33, 45, 243, 252, 1798,
14-: -329, -299, -279, -185, -48, -17, -6, 1, 3, 7, 98, 104, 128, 180, 834, 1633,
15+: -810, -206, -12, -6, -2, 8, 14, 44, 154, 274, 694,
15-: -80, -44, -26, -2, 2, 10, 14,
16+: -1280, -299, -72, -5, -3, -2, 1, 3, 55, 81, 223, 1227,
16-: -793, -7, -3, -1, 167, 189, 639,
17+: -180, -6,
17-: -1960, -1080, 2, 18, 20, 38, 68,
18+: -668, -345, -318, -292, -270, -42, -1, 1, 3, 21, 23, 842, 1683,
18-: -122, -35, -2, -1, 1, 2, 6, 8, 10, 28, 30, 39, 45, 112, 348, 380, 458, 585,
19+: -8, -2,
19-: 12, 410,
20+: -897, -150, -87, -60, -2, -1, 3,
20-: -123, -17, -9, 1, 18, 44, 60, 80, 123, 429, 1166,
21+: -542, -358, -204, -54, -10, -2, 2, 8, 26,
21-: -6, -2, 2, 18, 200, 282, 294, 1174,
22+: -1595, -102, -41, -2, 1, 15, 189, 814,
22-: -1614, -315, -19, -15, -3, -1, 2, 5, 140, 158, 263, 795, 992,
23+: -1488, -558, -110,
23-: -1588, -202,
24+: -1828, -1202, -724, -165, -1, 2, 8, 368,
24-: -182, 1, 2, 5, 12, 124, 1483,
25+: -18,
25-: 2, 68, 104, 450,
26+: -1068, -787, -409, -48, -42, -33, -3, -2, 117,
26-: -1283, -532, -76, -12, -3, 3, 8, 79, 132, 243, 373, 720, 1818,
27+: -308, -60, -2, 2, 56,
27-: 10, 18, 20,
28+: -1502, -641, -218, -86, -15, -12, -11, -8, -6, 1, 48, 468,
28-: -1279, -342, -252, -160, -51, -25, -19, -7, -1, 2, 5, 6, 12, 20, 47, 71, 624, 1149,
29+: -1628, -72, -68, -60, -2,
29-:
30+: -1599, -1119, -1092, -535, -134, -12, -10, -9, -8, -5, -3, -2, -1, 1, 2, 3, 7, 14, 17, 39, 79, 87, 99, 128, 169, 221, 252, 307,
30-: -71, -51, -35, -34, -32, -14, -8, -3, -1, 1, 63, 331, 366, 1461,
31+: -1418, -24,
31-: -30, 8,
32+: -1729, -429, -31, -6, -1, 5,
32-: -11, -3, 1, 140, 180, 726, 799,
33+: -798, -668, -424, -20, -2, 2, 632, 1840,
33-: -8, -2, 42, 1032,
34+: -95, -14, -11, -3, -2, 25, 33, 103, 195, 303, 415,
34-: -559, 2, 3, 11, 32, 164, 530, 984,
35+: -488, -432, -60, -2, 304,
35-: -252, 6, 12, 38, 132, 1248,
36+: -1110, -1082, -639, -219, -192, -3, -2, 1, 2, 3, 8, 191, 1256,
36-: -1036, -715, -26, -5, -1, 2, 3, 19, 62, 198, 972, 1007,
37+: -180, -66, -6, -2, 36,
37-: 24, 740, 978,
38+: -558, -99, -12, -6, -3, -1, 3, 1209,
38-: -1739, -234, 1, 2, 7, 8, 12, 30, 33, 67, 85, 139, 211, 1231,
39+: -644, -62, -8, 368, 402,
39-: -2, 2, 10, 448,
40+: -974, -89, -38, -21, -5, -3, 1, 202,
40-: -1750, -1084, -237, -24, -9, -1, 3, 8, 9, 11, 12, 24, 30, 51, 99, 158, 686, 836,
41+: -24,
41-: 2, 12, 84, 390,
42+: -1991, -751, -352, -201, -107, -22, -12, -10, -5, -2, -1, 1, 2, 11, 20,
42-: -1401, -381, -236, -135, -57, -48, -5, -3, -2, -1, 1, 2, 12, 21, 25, 40, 135, 310, 850, 1282,
43+: -986, -42, -2, 390,
43-: 2,
44+: -182, -24, -2, -1, 53,
44-: -203, 1, 3, 42, 43, 55,
45+: -514, -10, 2, 8, 84,
45-: -170, -84, -2, 2, 84, 94, 168, 700, 1204,
46+: -32, -14, -8, 1, 813, 1576,
46-: -1353, -583, -43, -1, 2, 17, 140, 287,
47+: -2,
47-: -214, 140, 348, 780,
48+: -922, -119, -21, -9, -2, -1, 3, 9, 14, 79, 114, 182,
48-: -752, -572, -54, -41, -11, -9, -7, -2, 1, 5, 21, 115, 127, 525, 1284, 1313,
49+: -1982, -728, -2,
49-: 2, 14, 710,
50+: -110, -54, -2,
50-: -1685, -17, -15, -5, -3, 2, 6,
