[1, 3, 1]
[2, 2, 1]
[3, 2, 1]
[4, 2, 1]
[5, 2, 1]
[6, 2, 1]
[7, 2, 1]
[8, 2, 1]
[9, 2, 1]
[10, 2, 1]
[11, 5, 1]
[12, 2, 1]
[13, 2, 1]
[14, 2, 1]
[15, 2, 1]
[16, 2, 1]
[17, 2, 1]
[18, 3, 2]
[19, 2, 1]
[20, 3, 2]
[21, 3, 1]
[22, 2, 1]
[23, 5, 3]
[24, 2, 1]
[25, 4, 3]
[26, 2, 1]
[27, 2, 1]
[28, 3, 2]
[29, 3, 2]
[30, 2, 1]
[31, 2, 1]
[32, 2, 1]
[33, 2, 1]
[34, 2, 1]
[35, 4, 3]
[36, 3, 1]
[37, 5, 2]
[38, 2, 1]
[39, 3, 2]
[40, 2, 1]
[41, 7, 6]
[42, 2, 1]
[43, 5, 4]
[44, 3, 2]
[45, 3, 2]
[46, 2, 1]
[47, 5, 1]; [47, 5, 3]
[48, 3, 2]
[49, 2, 1]
[50, 6, 1]
[51, 4, 3]
[52, 8, 3]
[53, 3, 2]
[54, 3, 2]
[55, 7, 1]; [55, 7, 3]
[56, 2, 1]
[57, 5, 1]; [57, 5, 3]
[58, 5, 4]
[59, 3, 2]
[60, 3, 1]
[61, 2, 1]
[62, 2, 1]
[63, 3, 1]
[64, 9, 8]
[65, 2, 1]
[66, 9, 1]; [66, 9, 2]
[67, 5, 2]
[68, 3, 2]
[69, 2, 1]
[70, 3, 1]; [70, 3, 2]
[71, 3, 1]
[72, 3, 1]
[73, 11, 1]
[74, 4, 3]
[75, 15, 4]; [75, 15, 7]; [75, 15, 11]
[76, 3, 2]
[77, 2, 1]
[78, 2, 1]
[79, 5, 2]
[80, 2, 1]
[81, 4, 3]
[82, 7, 4]
[83, 6, 5]
[84, 7, 1]; [84, 7, 5]
[85, 2, 1]
[86, 2, 1]
[87, 7, 5]
[88, 5, 1]
[89, 2, 1]
[90, 2, 1]
[91, 4, 3]
[92, 4, 1]; [92, 4, 3]
[93, 2, 1]
[94, 5, 2]
[95, 19, 8]; [95, 19, 10]
[96, 4, 1]; [96, 4, 3]
[97, 12, 1]
[98, 2, 1]
[99, 10, 7]
[100, 11, 10]
[101, 3, 2]
[102, 6, 5]
[103, 3, 1]
[104, 4, 1]
[105, 7, 1]; [105, 7, 4]
[106, 7, 6]
[107, 2, 1]
[108, 3, 1]
[109, 7, 3]
[110, 5, 1]
[111, 11, 4]; [111, 11, 8]
[112, 5, 3]
[113, 7, 5]
[114, 9, 2]
[115, 4, 3]
[116, 5, 1]; [116, 5, 3]
[117, 5, 3]
[118, 6, 1]
[119, 10, 9]
[120, 2, 1]
[121, 11, 7]
[122, 2, 1]
[123, 12, 1]
[124, 6, 1]
[125, 3, 2]
[126, 2, 1]
[127, 2, 1]
[128, 11, 8]
[129, 2, 1]
[130, 3, 1]
[131, 7, 1]; [131, 7, 3]
[132, 3, 1]
[133, 2, 1]
[134, 5, 1]
[135, 17, 9]
[136, 11, 4]
[137, 13, 1]
[138, 3, 2]
[139, 8, 7]
[140, 4, 1]
[141, 5, 1]
[142, 11, 4]
[143, 3, 1]
[144, 6, 1]
[145, 2, 1]
[146, 7, 2]
[147, 7, 6]
[148, 4, 1]
[149, 5, 1]
[150, 2, 1]
[151, 14, 5]
[152, 9, 1]; [152, 9, 8]
[153, 10, 9]
[154, 3, 1]
[155, 18, 13]; [155, 18, 17]
[156, 4, 1]; [156, 4, 3]
[157, 13, 4]
[158, 2, 1]
[159, 4, 3]
[160, 5, 4]
[161, 3, 1]
[162, 20, 17]
[163, 11, 6]
[164, 3, 2]
[165, 2, 1]
[166, 3, 2]
[167, 13, 7]
[168, 6, 5]
[169, 17, 6]
[170, 2, 1]
[171, 13, 4]
[172, 5, 3]
[173, 9, 5]
[174, 2, 1]
[175, 11, 9]
[176, 12, 11]
[177, 7, 3]
[178, 16, 1]; [178, 16, 13]
[179, 25, 21]
[180, 14, 11]
[181, 5, 1]
[182, 5, 3]
[183, 4, 3]
[184, 2, 1]
[185, 17, 7]
[186, 7, 5]
[187, 13, 7]
[188, 12, 7]
[189, 6, 5]
[190, 13, 4]
[191, 5, 4]
[192, 2, 1]
[193, 15, 14]
[194, 17, 16]
[195, 2, 1]
[196, 10, 1]; [196, 10, 3]
[197, 13, 5]
[198, 5, 1]
[199, 24, 7]
[200, 9, 8]
[201, 15, 11]
[202, 2, 1]
[203, 12, 5]
[204, 15, 11]
[205, 5, 3]
[206, 5, 1]
[207, 16, 7]
[208, 2, 1]
[209, 11, 9]
[210, 11, 6]
[211, 13, 9]
[212, 3, 2]
[213, 3, 2]
[214, 6, 1]
[215, 17, 2]; [215, 17, 8]
[216, 4, 3]
[217, 14, 11]
[218, 5, 3]
[219, 19, 3]
[220, 7, 6]
[221, 9, 7]; [221, 9, 8]
[222, 7, 2]
[223, 5, 3]; [223, 5, 4]
[224, 3, 2]
[225, 9, 2]
[226, 16, 7]
[227, 27, 17]
[228, 14, 9]
[229, 11, 5]
[230, 3, 2]
[231, 13, 5]
[232, 7, 2]
[233, 32, 3]
[234, 2, 1]
[235, 7, 5]
[236, 3, 1]
[237, 10, 3]
[238, 5, 3]
[239, 13, 11]
[240, 5, 3]
[241, 16, 7]
[242, 9, 7]
[243, 4, 3]
[244, 5, 3]
[245, 11, 10]
[246, 7, 3]
[247, 7, 6]
[248, 5, 1]
[249, 7, 4]
[250, 20, 3]
[251, 13, 10]
[252, 9, 4]
[253, 5, 4]
[254, 2, 1]
[255, 3, 1]
[256, 27, 20]
[257, 28, 27]
[258, 10, 7]
[259, 26, 19]
[260, 11, 10]
[261, 2, 1]
[262, 11, 8]
[263, 11, 5]
[264, 3, 2]
[265, 14, 1]
[266, 9, 5]
[267, 3, 2]
[268, 7, 3]
[269, 11, 6]
[270, 5, 2]
[271, 6, 1]
[272, 17, 10]
[273, 7, 2]
[274, 5, 4]
[275, 17, 1]; [275, 17, 6]; [275, 17, 15]
[276, 3, 1]
[277, 3, 2]
[278, 10, 3]
[279, 3, 1]
[280, 2, 1]
[281, 5, 3]
[282, 10, 7]
[283, 4, 3]
[284, 5, 4]
[285, 17, 6]; [285, 17, 15]
[286, 14, 1]
[287, 3, 1]
[288, 5, 1]; [288, 5, 2]; [288, 5, 3]
[289, 13, 7]
[290, 11, 2]
[291, 4, 3]
[292, 19, 7]; [292, 19, 13]
[293, 12, 11]
[294, 11, 2]; [294, 11, 3]
[295, 8, 5]
[296, 2, 1]
[297, 13, 6]; [297, 13, 9]
[298, 3, 2]
[299, 21, 2]
[300, 4, 1]
[301, 11, 2]
[302, 13, 10]
[303, 8, 1]
[304, 3, 1]
[305, 15, 1]; [305, 15, 2]
[306, 8, 5]
[307, 5, 2]
[308, 5, 3]
[309, 7, 2]
[310, 7, 4]
[311, 4, 3]
[312, 2, 1]
[313, 13, 8]
[314, 15, 4]
[315, 19, 3]
[316, 8, 5]
[317, 10, 1]
[318, 8, 1]
[319, 11, 10]
[320, 3, 2]
[321, 5, 4]
[322, 2, 1]
[323, 28, 11]
[324, 11, 9]
[325, 7, 2]
[326, 8, 3]
[327, 9, 2]
[328, 7, 3]
[329, 17, 7]
[330, 3, 2]
[331, 5, 2]
[332, 7, 1]
[333, 4, 3]
[334, 2, 1]
[335, 20, 3]; [335, 20, 11]
[336, 7, 2]
[337, 15, 2]
[338, 11, 4]
[339, 11, 7]
[340, 9, 1]
[341, 13, 1]
[342, 19, 13]
[343, 9, 8]
[344, 6, 5]
[345, 2, 1]
[346, 4, 3]
[347, 26, 1]
[348, 12, 5]
[349, 5, 4]
[350, 8, 7]
[351, 4, 3]
[352, 7, 1]
[353, 12, 1]
[354, 6, 1]
[355, 3, 2]
[356, 4, 1]
[357, 5, 1]
[358, 11, 1]
[359, 22, 1]
[360, 5, 2]
[361, 13, 5]
[362, 11, 5]
[363, 5, 2]
[364, 3, 1]
[365, 9, 8]
[366, 2, 1]
[367, 11, 3]
[368, 9, 8]
[369, 23, 21]
[370, 3, 2]
[371, 11, 7]
[372, 13, 1]
[373, 19, 5]
[374, 2, 1]
[375, 7, 2]
[376, 11, 8]
[377, 7, 2]
[378, 11, 8]
[379, 37, 17]
[380, 9, 1]
[381, 14, 9]
[382, 2, 1]
[383, 4, 3]
[384, 5, 1]
[385, 4, 3]
[386, 12, 1]
[387, 7, 6]
[388, 7, 5]
[389, 11, 3]
[390, 5, 4]
[391, 25, 12]
[392, 5, 4]
[393, 23, 22]
[394, 9, 7]
[395, 7, 4]
[396, 9, 5]
[397, 7, 5]
[398, 2, 1]
[399, 3, 2]
[400, 14, 1]
[401, 9, 8]
[402, 10, 7]
[403, 11, 1]
[404, 13, 3]
[405, 8, 7]
[406, 9, 4]
[407, 36, 31]
[408, 4, 1]
[409, 13, 9]
[410, 2, 1]
[411, 6, 1]
[412, 9, 4]
[413, 13, 12]
[414, 2, 1]
[415, 12, 11]
[416, 14, 11]
[417, 13, 9]
[418, 7, 6]
[419, 17, 1]
[420, 5, 1]
[421, 6, 5]
[422, 4, 3]
[423, 33, 19]
[424, 9, 4]
[425, 2, 1]
[426, 19, 5]
[427, 27, 14]
[428, 8, 3]
[429, 23, 22]
[430, 3, 1]; [430, 3, 2]
[431, 7, 2]
[432, 17, 8]
[433, 35, 11]
[434, 15, 13]
[435, 7, 2]
[436, 3, 2]
[437, 9, 8]
[438, 14, 9]
[439, 25, 8]
[440, 14, 5]
[441, 9, 5]
[442, 4, 3]
[443, 31, 14]
[444, 13, 8]
[445, 13, 8]
[446, 3, 2]
[447, 2, 1]
[448, 14, 1]
[449, 30, 23]
[450, 7, 5]
[451, 17, 3]
[452, 5, 4]
[453, 19, 2]
[454, 4, 3]
[455, 11, 6]
[456, 7, 1]
[457, 13, 10]
[458, 5, 1]
[459, 13, 7]
[460, 17, 4]; [460, 17, 9]
[461, 14, 13]
[462, 8, 1]
[463, 21, 4]
[464, 3, 1]
[465, 32, 21]
[466, 18, 5]
[467, 16, 3]
[468, 11, 6]
[469, 19, 4]
[470, 7, 5]
[471, 2, 1]
[472, 15, 4]
[473, 26, 15]
[474, 18, 11]
[475, 11, 3]
[476, 7, 3]
[477, 4, 3]
[478, 15, 4]
[479, 17, 10]
[480, 5, 4]
[481, 13, 12]
[482, 19, 9]
[483, 13, 1]
[484, 5, 4]
[485, 6, 5]
[486, 15, 1]
[487, 15, 1]
[488, 31, 16]
[489, 19, 5]
[490, 9, 8]
[491, 13, 8]
[492, 9, 1]
[493, 27, 23]
[494, 12, 5]
[495, 11, 9]
[496, 10, 3]
[497, 5, 2]
[498, 10, 7]
[499, 4, 3]
[500, 5, 1]
[501, 22, 21]
[502, 14, 3]
[503, 21, 17]
[504, 3, 2]
[505, 10, 7]
[506, 13, 9]
[507, 2, 1]
[508, 26, 9]
[509, 6, 1]
[510, 13, 6]
[511, 12, 1]
[512, 14, 5]; [512, 14, 9]
[513, 3, 1]
[514, 29, 5]; [514, 29, 16]
[515, 17, 1]
[516, 11, 10]
[517, 31, 29]
[518, 7, 5]
[519, 7, 3]
[520, 23, 9]; [520, 23, 19]
[521, 2, 1]
[522, 33, 8]
[523, 12, 7]
[524, 11, 3]
[525, 17, 4]; [525, 17, 5]
[526, 28, 5]; [526, 28, 9]; [526, 28, 23]
[527, 5, 4]
[528, 3, 1]
[529, 21, 16]
[530, 5, 1]
[531, 7, 1]
[532, 18, 13]
[533, 17, 11]
[534, 6, 5]
[535, 11, 3]
[536, 5, 1]
[537, 27, 7]
[538, 8, 7]
[539, 12, 7]
[540, 9, 1]
[541, 3, 1]
[542, 7, 5]
[543, 37, 1]
[544, 8, 7]
[545, 10, 3]
[546, 3, 2]
[547, 27, 20]
[548, 5, 2]
[549, 32, 11]
[550, 2, 1]
[551, 15, 1]; [551, 15, 2]
[552, 9, 4]
[553, 15, 11]
[554, 9, 5]
[555, 7, 5]
[556, 13, 11]
[557, 32, 29]
[558, 6, 1]
[559, 35, 31]
[560, 8, 7]
[561, 8, 1]
[562, 3, 1]
[563, 5, 4]
[564, 13, 4]; [564, 13, 7]
[565, 19, 1]
[566, 9, 2]
[567, 2, 1]
[568, 5, 4]
[569, 17, 8]
[570, 3, 2]
[571, 17, 16]
[572, 7, 3]
[573, 11, 4]
[574, 20, 1]; [574, 20, 11]
[575, 6, 1]
[576, 13, 12]
[577, 7, 5]
[578, 8, 5]
[579, 2, 1]
[580, 16, 11]; [580, 16, 15]
[581, 7, 1]
[582, 9, 5]
[583, 9, 8]
[584, 13, 5]
[585, 23, 17]
[586, 10, 1]
[587, 22, 17]
[588, 19, 10]
[589, 12, 7]
[590, 2, 1]
[591, 23, 22]
[592, 25, 16]
[593, 11, 7]
[594, 13, 1]; [594, 13, 8]
[595, 28, 3]
[596, 4, 1]
[597, 10, 1]
[598, 27, 2]; [598, 27, 20]
[599, 4, 3]
[600, 2, 1]
