2,39565
3,6487
4,2XE
5,7
6,84X58
7,155
8,3E
9,27
X,6X5
E,5
10,375
11,13
12,4
13,285599
14,32
15,27
16,292
17,9
18,8
19,1E
1X,1379
1E,5
20,158X3
21,67
22,165
23,11
24,2776
25,4
26,603
27,17E
28,X
29,367
2X,6
2E,5
30,1112
31,33
32,12
33,9
34,2374E
35,8
36,78X4
37,19
38,4
39,3E
3X,615
3E,5
40,857
41,27
42,14
43,21
44,14716
45,7
46,19
47,11
48,18
49,3E
4X,348
4E,4
50,9991
51,53
52,8
53,E05
54,12
55,X
56,NA
57,22
58,1X
59,6
5X,64E1
5E,5
60,50E
61,3E
62,4
63,31
64,2X
65,7
66,47780
67,9
68,727
69,3EE
6X,E403
6E,5
70,14
71,73
72,24
73,19
74,22
75,4
76,23
77,39
78,28
79,7E
7X,33
7E,5
80,33X31
81,X7
82,X
83,9
84,52
85,7
86,205
87,21
88,4
89,227
8X,146E
8E,5
90,13252
91,17
92,32
93,11
94,1385
95,18
96,20
97,49
98,12
99,9E
9X,42
9E,4
X0,NA
X1,23
X2,34
X3,47
X4,15E35
X5,7
X6,30E838
X7,3807
X8,38
X9,12
XX,735
XE,5
E0,11
E1,4E
E2,4
E3,29
E4,14X78
E5,1X
E6,1739
E7,6
E8,3X
E9,EE
EX,10
EE,5
100,4E
101,713
102,8
103,61
104,1988
105,4
106,24496
107,31
108,14
109,13
10X,51
10E,5
110,NA
111,3E
112,44
113,9
114,1X
115,7E
116,3701
117,69
118,4
119,11E
11X,23E
11E,5
120,5424
121,14
122,18
123,71
124,52
125,7
126,6
127,19
128,4X
129,67
12X,3E5
12E,4
130,NA
131,13
132,1E
133,39
134,30
135,1E
136,57
137,3E
138,8
139,17
13X,NA
13E,5
140,4687
141,167E
142,4
143,11
144,9635
145,7
146,2461
147,9
148,3E
149,427
14X,49
14E,5
150,69
151,153
152,1X
153,21
154,48
155,4
156,NA
157,89
158,5X
159,43
15X,38
15E,5
160,78
161,467
162,62
163,9
164,42
165,7
166,140977
167,11
168,4
169,1E67
16X,182E
16E,5
170,7E6
171,17
172,8
173,49
174,1598
175,12
176,3X
177,8E
178,68
179,13
17X,1800E
17E,4
180,NA
181,127
182,8
183,X1
184,6
185,7
186,65
187,51
188,6X
189,27
18X,57E8
18E,5
190,39
191,193
192,4
193,185
194,32
195,38
196,30
197,9
198,24
199,19E
19X,69X5
19E,5
1X0,46
1X1,13
1X2,74
1X3,E1
1X4,2792
1X5,4
1X6,2EXE8
1X7,29
1X8,8
1X9,313
1XX,19
1XE,5
1E0,260435
1E1,12E
1E2,8
1E3,6
1E4,NA
1E5,1E
1E6,6307
1E7,15
1E8,4
1E9,10
1EX,6E
1EE,5
200,1127
201,4E
202,82
203,101
204,8E
205,7
206,9E
207,61
208,X
209,17E
20X,98
20E,4
210,71
211,213
212,14
213,31
214,X1
215,14
216,189E69
217,11
218,88
219,17
21X,13918
21E,5
220,36E611
221,327
222,4
223,111
224,9XX5
225,7
226,100
227,9
228,8X
229,1X
22X,16
22E,5
230,12
231,233
232,92
233,3E
234,40
235,4
236,NA
237,6E
238,32
239,3E
23X,56
23E,5
240,57X6
241,153
242,94
243,9
244,28
245,7
246,3X0
247,71
248,4
249,727
24X,1X268
24E,5
250,13423
251,6
252,12
253,19
254,1XX5
255,14
256,E9
257,15
258,8
259,25E
25X,NA
25E,4
260,444
261,552
262,X
263,11
264,62
265,7
266,17850
267,15
268,34
269,27
26X,114
26E,5
270,4399
271,15
272,4
273,79
274,100
275,8
276,3890
277,9
278,X8
279,27E
27X,47X2
27E,5
280,6
281,120X7
282,38
283,59
284,60E2
285,4
286,E5
287,11
288,XX
289,827
28X,113
28E,5
290,3059
291,293
292,8
293,9
294,2512
295,27
296,78
297,149
298,4
299,13
29X,136
29E,5
2X0,30E2
2X1,27
2X2,E4
2X3,151
2X4,E0
2X5,7
2X6,70
2X7,21
2X8,E8
2X9,48
2XX,2535
2XE,4
2E0,NA
2E1,3E
2E2,3X
2E3,89
2E4,14
2E5,1E
2E6,52
2E7,159
2E8,X
2E9,17
2EX,15E5
2EE,5
300,23091
301,53
302,4
303,161
304,68
305,7
306,1635
307,9
308,8
309,67
30X,X618
30E,5
310,12E
311,15
312,104
313,11
314,1748
315,4
316,X2
317,169
318,108
319,31E
31X,6
31E,5
320,NA
321,967
322,14
323,9
324,19X63
325,7
326,NA
327,3E
328,4
329,1X7E
32X,68
32E,5
330,14X
331,17
332,112
333,99
334,73
335,8
336,33
337,11
338,44
339,33E
33X,15568
33E,4
340,32
341,4227
342,8
343,19
344,80
345,7
346,126899
347,37
348,118
349,6
34X,6E2
34E,5
350,72
351,33
352,4
353,51
354,E9
355,14
356,4753
357,9
358,11X
359,183
35X,292
35E,5
360,149
361,39
362,12
363,6E
364,1674E
365,4
366,162
367,27837
368,16
369,150E3
36X,88
36E,5
370,EX
371,13
372,124
373,9
374,16E
375,1E
376,16X84
377,3E
378,4
379,37E
37X,10X
37E,5
380,98
381,27
382,4X
383,11
384,34
385,7
386,8X
387,E1
388,12X
389,E27
38X,23
38E,4
390,NA
391,393
392,28
393,29
394,54
395,8
396,NA
397,1X9
398,14
399,17
39X,97
39E,5
3X0,66
3X1,313
3X2,4
3X3,1E1
3X4,1740E
3X5,7
3X6,197
3X7,6
3X8,X
3X9,233E
3XX,10
3XE,5
3E0,96
3E1,17E
3E2,8
3E3,E9
3E4,11600
3E5,4
3E6,NA
3E7,10
3E8,13X
3E9,13
3EX,20
3EE,5
400,158X3
401,245
402,58
403,9
404,11E
405,7
406,46
407,22
408,4
409,1027
40X,15E860
40E,5
410,7X
411,17
412,144
413,61
414,305
415,X
416,6
417,209
418,148
419,10
41X,1898
41E,4
420,NA
421,13
422,58
423,131
424,19
425,7
426,251X4
427,15
428,8
429,X1
42X,EX
42E,5
430,7X012
431,1E
432,4
433,11
434,60X2
435,1E
436,238E
437,9
438,1X
439,43E
43X,76
43E,5
440,2X4683
441,135
442,X
443,1EE
444,32
445,4
446,NA
447,111
448,8
449,5EE
44X,X6
44E,5
450,23
451,1E
452,5X
453,9
454,422
455,8X
456,63E0
457,11
458,4
459,16
45X,15
45E,5
460,208
461,12
462,8
463,231
464,99XE
465,7
466,199
467,69
468,62
469,40
46X,7765
46E,4
470,36X13
471,473
472,12
473,119
474,6
475,1E
476,173
477,3E
478,8
479,17
47X,183
47E,5
480,1E46
481,13E
482,4
483,21
484,269
485,7
486,143
487,9
488,16X
489,28
48X,3E53
48E,5
490,72
491,13
492,172
493,71
494,89
495,4
496,NA
497,249
498,8
499,3E
49X,1E3
49E,5
4X0,200
4X1,27
4X2,174
4X3,6
4X4,19X578
4X5,7
4X6,63
4X7,19
4X8,4
4X9,107EE
4XX,212
4XE,5
4E0,144E5
4E1,17
4E2,68
4E3,59
4E4,135
4E5,8
4E6,10
4E7,259
4E8,17X
4E9,4EE
4EX,15
4EE,4
500,88
501,13E
502,8
503,3E
504,4E
505,7
506,NA
507,11
508,NA
509,27
50X,123
50E,5
510,3E104
511,43
512,4
513,39
514,E1
515,15
516,747E
517,9
518,12
519,13
51X,15766
51E,5
520,20E
521,21E
522,6X
523,19
524,8X
525,4
526,X1E8E
527,79
528,14
529,100
52X,211
52E,5
530,NA
531,203
532,X
533,9
534,E54E
535,1E
536,186
537,279
538,4
539,53E
53X,177
53E,5
540,2805E
541,6
542,194
543,13E
544,392
545,7
546,51
547,141
548,8
549,1427
54X,E0
54E,4
550,183
551,18
552,24
553,11
554,110
555,27
556,X16XX
557,165
558,34
559,17
55X,169
55E,5
560,265
561,1467
562,4
563,291
564,5EE4E
565,7
566,137
567,9
568,74
569,6E67
56X,52
56E,5
570,6
571,43
572,1X4
573,149
574,575
575,4
576,15448
577,11
578,14
579,1E
57X,118
57E,5
580,247
581,113E
582,8
583,9
584,156E6
585,7
586,114E91
587,XE
588,4
589,13
58X,XE05E
58E,5
590,10
591,17
592,1E2
593,21
594,42
595,X7
596,11X
597,19
598,28
599,3E
59X,43E52
59E,4
5X0,5304
5X1,43E
5X2,58
5X3,X1
5X4,12
5X5,7
5X6,2X
5X7,89
5X8,1E8
5X9,14
5XX,269
5XE,5
5E0,182X6
5E1,13
5E2,4
5E3,159
5E4,615
5E5,X
5E6,1846X
5E7,9
5E8,8
5E9,5EE
5EX,292
5EE,5
600,126
601,7627
602,14
603,11
604,66
605,4
606,56
607,161
608,82
609,3E
60X,6
60E,5
610,NA
611,3E
612,1E
613,9
614,155E
615,8
616,3095
617,21
618,4
619,61E
61X,2663E
61E,5
620,11
621,27
622,X
623,311
624,137
625,7
626,1E8
627,11
628,12
629,20X7
62X,26
62E,4
630,10
631,10
632,8
633,23
634,261
635,1E
636,498X1
637,15
638,84
639,6
63X,NA
63E,5
640,237
641,23E
642,4
643,321
644,E0
645,7
646,X779
647,9
648,87
649,1727
64X,32
64E,5
650,30
651,653
652,88
653,49
654,775
655,4
656,18
657,6E
658,21X
659,65E
65X,14
65E,5
660,4X030
661,13
662,222
663,9
664,305
665,7
666,152
667,99
668,4
669,73
66X,NA
66E,5
670,32
671,17
672,224
673,11
674,12E
675,1E
676,279
677,339
678,X
679,43
67X,10E
67E,4
680,NA
681,32
682,8X
683,341
684,142
685,7
686,NA
687,19
688,14
689,27
68X,68XEE
68E,5
690,1E3
691,133
692,4
693,X1
694,688
695,1E
696,129
697,6
698,92
699,69E
69X,545
69E,5
6X0,144
6X1,72
6X2,8
6X3,21
6X4,210
6X5,4
6X6,345215
6X7,51
6X8,238
6X9,30
6XX,293
6XE,5
6E0,3469
6E1,4EE
6E2,32
6E3,9
6E4,10
6E5,1E
6E6,179
6E7,178
6E8,4
6E9,6EE
6EX,338
6EE,5
700,NA
701,27
702,242
703,19
704,9467
705,7
706,6
707,191
708,94
709,927
70X,252E
70E,4
710,NA
711,13
712,8
713,8E
714,69
715,18
716,111
717,217
718,8
719,17
71X,162
71E,5
720,2X63
721,3E
722,4
723,11
724,2E6
725,7
726,967
727,9
728,24X
729,427E
72X,30
72E,5
730,19
731,327
732,252
733,199
734,219E
735,4
736,102E4X
737,379
738,12
739,53
73X,2E1
73E,5
740,31X
741,13E
742,8
743,9
744,123382
745,7
746,7238X
747,11
748,4
749,34
74X,82
74E,5
750,23X0X
751,17
752,8
753,E1
754,198
755,27
756,38
757,32
758,87
759,13
75X,188
75E,4
760,79
761,1X67
762,18
763,6E
764,6
765,7
766,E758
767,29
768,X
769,163
76X,1E2
76E,5
770,E475
771,773
772,4
773,59
774,10845
775,1E
776,179
777,9
778,268
779,32
77X,705
77E,5
780,12
781,66
782,34
783,3X1
784,45E
785,4
786,84
787,122
788,8
789,3E
78X,168
78E,5
790,39X8XE
791,43
792,14
793,6
794,4X
795,X
796,4652
797,X3
798,4
799,79E
79X,1X
79E,5
7X0,5E3E0
7X1,27
7X2,12
7X3,3E1
7X4,370
7X5,7
7X6,16X
7X7,E9
7X8,6E
7X9,473E
7XX,E3
7XE,4
7E0,116
7E1,103
7E2,X8
7E3,10
7E4,323
7E5,1E
7E6,26E
7E7,11
7E8,15
7E9,17
7EX,NA
7EE,5
800,2082
801,20X7
802,4
803,29
804,76
805,7
806,39X
807,9
808,38
809,13
80X,12172
80E,5
810,176
811,1E
812,10
813,101
814,23E
815,4
816,NA
817,409
818,14
819,183
81X,3X
81E,5
820,228
821,3E
822,3E
823,9
824,X88E
825,7
826,23
827,61
828,4
829,X367
82X,362
82E,5
830,49
831,6
832,292
833,209
834,15
835,1E
836,33E
837,21
838,8
839,83E
83X,163
83E,4
840,NA
841,3X53
842,158
843,11
844,1E8
845,7
846,258
847,1X5
848,12
849,19
84X,126
84E,5
850,138163
851,853
852,4
853,31
854,123182
855,8
856,114
857,9
858,X
859,43
85X,544X4
85E,5
860,6
861,65E
862,2X2
863,27
864,17E
865,4
866,93171
867,11
868,E4
869,1519
86X,12
86E,5
870,NA
871,133
872,8
873,9
874,164
875,1X
876,244
877,3E
878,4
879,13
87X,125
87E,5
880,XE671
881,113
882,E8
883,441
884,30
885,7
886,75
887,221
888,2XX
889,E3
88X,1302
88E,4
890,285
891,893
892,14
893,111
894,15
895,27
896,263
897,8E
898,3X
899,17
89X,187
89E,5
8X0,1X3
8X1,13
8X2,4
8X3,19
8X4,408
8X5,7
8X6,4EE52
8X7,9
8X8,8
8X9,7X27E
8XX,12X25
8XE,5
8E0,23
8E1,23
8E2,X
8E3,11
8E4,7498
8E5,4
8E6,339404
8E7,16
8E8,3E
8E9,4E
8EX,6
8EE,5
900,1330
901,127
902,302
903,9
904,3922
905,7
906,49383
907,48
908,4
909,3E
90X,305E
90E,5
910,2X
911,17
912,18
913,69
914,362
915,14
916,1X0
917,11
918,308
919,4E
91X,205
91E,4
920,NA
921,61E
922,8
923,149
924,46
925,7
926,55338
927,119
928,30X
929,6
92X,86162
92E,5
930,160
931,3E
932,4
933,239
934,13X
935,1E
936,153
937,9
938,104
939,1E
93X,59
93E,5
940,38E
941,20193
942,314
943,3E
944,21E
945,4
946,404
947,21
948,X
949,123E
94X,391
94E,5
950,382
951,13
952,108
953,9
954,1668
955,27
956,125
957,19
958,4
959,95E
95X,2E3305
95E,5
960,X66
961,22
962,254
963,11
964,NA
965,7
966,19
967,15
968,14
969,89
96X,289
96E,4
970,21XX74
971,21E
972,224
973,131
974,1E0
975,8
976,368
977,499
978,328
979,17
97X,2E8
97E,5
980,275
981,1X7
982,4
983,59
984,363
985,7
986,277E
987,6
988,32X
989,2527
98X,267
98E,5
990,28X
991,33
992,8
993,19
994,28662
995,4
996,70
997,40E
998,8
999,13
99X,1E8
99E,5
9X0,40
9X1,5EE
9X2,X
9X3,9
9X4,49
9X5,7
9X6,15362
9X7,129
9X8,4
9X9,53
9XX,221E
9XE,5
9E0,729EX
9E1,10
9E2,44
9E3,259
9E4,1E2
9E5,10
9E6,6
9E7,4E9
9E8,33X
9E9,63
9EX,147X5
9EE,4
X00,19E
X01,88
X02,12
X03,31
X04,14
X05,7
X06,67000
X07,15
X08,8
X09,27
X0X,9XE08
X0E,5
X10,16919
X11,468
X12,4
X13,11
X14,137
X15,27
X16,797
X17,9
X18,348
X19,57
X1X,18
X1E,5
X20,206
X21,15
X22,118
X23,69
X24,415
X25,4
X26,NA
X27,39
X28,32E
X29,E1
X2X,9E
X2E,5
X30,2E1
X31,43
X32,14
X33,9
X34,1E215
X35,12
X36,NA
X37,11
X38,4
X39,X3E
X3X,3622
X3E,5
X40,15030
X41,27
X42,8
X43,521
X44,13675
X45,7
X46,12
X47,19
X48,358
X49,13
X4X,218
X4E,4
X50,230
X51,X53
X52,11X
X53,3E
X54,6
X55,7E
X56,399
X57,1E
X58,28
X59,17
X5X,NA
X5E,5
X60,E3
X61,21E
X62,4
X63,531
X64,202
X65,7
X66,78
X67,9
X68,12
X69,61EE
X6X,NA
X6E,5
X70,X1
X71,13
X72,34
X73,279
X74,262
X75,4
X76,9X352
X77,8E
X78,8
X79,43
X7X,216
X7E,5
X80,451
X81,15
X82,18
X83,6
X84,58
X85,7
X86,4XX5
X87,32
X88,4
X89,2827
X8X,23
X8E,5
X90,5465
X91,17
X92,X
X93,141
X94,828
X95,8
X96,439
X97,549
X98,X9
X99,33
X9X,998
X9E,4
XX0,1X1
XX1,73
XX2,144
XX3,29
XX4,25
XX5,7
XX6,NA
XX7,11
XX8,14
XX9,110
XXX,56E
XXE,5
XE0,10
XE1,50E
XE2,4
XE3,289
XE4,188
XE5,14
XE6,17232
XE7,9
XE8,14
XE9,13
XEX,EXE
XEE,5
E00,224
E01,13E
E02,1X
E03,561
E04,E0
E05,4
E06,371
E07,291
E08,4X
E09,2927
E0X,19
E0E,5
E10,NA
E11,57
E12,12
E13,9
E14,35
E15,74
E16,E0
E17,8E
E18,4
E19,1E
E1X,31775
E1E,5
E20,47X4
E21,6
E22,12X
E23,21
E24,32330
E25,7
E26,14
E27,12E
E28,8
E29,67
E2X,5221E
E2E,4
E30,147988
E31,E33
E32,58
E33,11
E34,12
E35,1E
E36,182E53
E37,19
E38,14
E39,17
E3X,174
E3E,5
E40,5X
E41,16
E42,4
E43,581
E44,568
E45,7
E46,417
E47,9
E48,398
E49,1247
E4X,378
E4E,5
E50,6
E51,688
E52,52
E53,151
E54,202
E55,4
E56,450
E57,11
E58,18
E59,133
E5X,32
E5E,5
E60,19X8X9
E61,4E3
E62,8
E63,9
E64,48
E65,7
E66,153X5
E67,21
E68,4
E69,42
E6X,NA
E6E,5
E70,64X9
E71,17
E72,3X4
E73,19
E74,E0
E75,1E
E76,56
E77,599
E78,12
E79,E7E
E7X,570
E7E,4
E80,706X
E81,327
E82,X
E83,205
E84,52
E85,7
E86,502
E87,3E
E88,3XX
E89,12
E8X,385
E8E,5
E90,139110
E91,13
E92,4
E93,89
E94,3X5E
E95,7E
E96,394
E97,9
E98,8
E99,3E
E9X,65
E9E,5
EX0,19
EX1,203E
EX2,3E4
EX3,11
EX4,4E42
EX5,4
EX6,99
EX7,159
EX8,32
EX9,32
EXX,6
EXE,5
EE0,14E
EE1,16E
EE2,13X
EE3,9
EE4,74782
EE5,8
EE6,5996E
EE7,251
EE8,4
EE9,EEE
EEX,32E
EEE,5
1000,18
