2,206817
3,701E
4,261
5,11
6,41013
7,321
8,12
9,35
X,23X
E,5
10,274
11,25
12,4
13,26022E
14,84
15,41
16,186
17,9
18,8
19,39
1X,1702
1E,5
20,16868
21,89
22,105
23,11
24,2221
25,4
26,2X28
27,101
28,X
29,395
2X,6
2E,5
30,1767E
31,25
32,11
33,9
34,1289X
35,8
36,8915
37,19
38,4
39,79
3X,654
3E,5
40,1X4X
41,69
42,14
43,21
44,12587
45,11
46,19
47,11
48,18
49,100
4X,397
4E,4
50,EX92
51,X5
52,8
53,5E5
54,12
55,X
56,NA
57,29
58,1X
59,6
5X,5E1
5E,5
60,205
61,94
62,4
63,31
64,2X
65,11
66,4414E
67,9
68,191
69,62
6X,10E06
6E,5
70,14
71,125
72,24
73,19
74,3E7
75,4
76,23
77,39
78,28
79,139
7X,33
7E,5
80,1X697
81,37
82,X
83,9
84,157
85,11
86,E43
87,21
88,4
89,209
8X,7X74
8E,5
90,7912
91,9
92,32
93,11
94,951
95,18
96,20
97,49
98,12
99,105
9X,42
9E,4
X0,NA
X1,84
X2,12
X3,11
X4,45901
X5,8
X6,1E2305
X7,1601
X8,38
X9,12
XX,1597
XE,5
E0,18
E1,15
E2,4
E3,29
E4,10X17
E5,15
E6,1066
E7,6
E8,3X
E9,1E9
EX,10
EE,5
100,4E
101,815
102,8
103,61
104,1154
105,4
106,24496
107,31
108,14
109,2X
10X,51
10E,5
110,NA
111,15
112,44
113,9
114,1X
115,55
116,1X77
117,69
118,4
119,67
11X,24EX
11E,5
120,28E4
121,14
122,18
123,71
124,177
125,11
126,6
127,19
128,4X
129,155
12X,1X
12E,4
130,NA
131,21
132,52
133,39
134,30
135,15
136,57
137,43
138,8
139,9
13X,262925
13E,5
140,8061
141,344
142,4
143,11
144,897
145,X
146,2152
147,9
148,58
149,575
14X,49
14E,5
150,69
151,21
152,1X
153,21
154,48
155,4
156,NA
157,84
158,5X
159,49
15X,38
15E,5
160,78
161,241
162,62
163,9
164,87
165,11
166,43296
167,11
168,4
169,2115
16X,584
16E,5
170,9812
171,9
172,8
173,49
174,14094
175,12
176,3X
177,54
178,68
179,25
17X,X45X
17E,4
180,NA
181,55
182,12
183,X1
184,6
185,11
186,65
187,51
188,6X
189,35
18X,5707
18E,5
190,39
191,105
192,4
193,61
194,84
195,38
196,30
197,9
198,24
199,379
19X,2584
19E,5
1X0,46
1X1,18
1X2,74
1X3,E1
1X4,91X
1X5,4
1X6,10669
1X7,29
1X8,8
1X9,515
1XX,19
1XE,5
1E0,NA
1E1,117
1E2,12
1E3,6
1E4,NA
1E5,15
1E6,E0XE
1E7,E9
1E8,4
1E9,10
1EX,6E
1EE,5
200,431
201,4E
202,82
203,101
204,23X
205,8
206,9E
207,61
208,X
209,755
20X,98
20E,4
210,71
211,425
212,11
213,31
214,27
215,14
216,1X8X7
217,8
218,88
219,9
21X,13E37
21E,5
220,84421
221,149
222,4
223,111
224,X10X
225,11
226,100
227,9
228,8X
229,1X
22X,16
22E,5
230,12
231,465
232,92
233,43
234,40
235,4
236,NA
237,119
238,32
239,129
23X,54
23E,5
240,1X518
241,69
242,62
243,9
244,28
245,11
246,445
247,43
248,4
249,975
24X,X537
24E,5
250,X854
251,6
252,12
253,19
254,14X2
255,4X
256,E9
257,67
258,8
259,4E9
25X,NA
25E,4
260,2232
261,709
262,X
263,11
264,62
265,11
266,1279
267,39
268,34
269,30
26X,114
26E,5
270,2711
271,25
272,4
273,79
274,100
275,8
276,X65
277,9
278,X8
279,311
27X,27E1
27E,5
280,6
281,12369
282,38
283,11
284,1X354
285,4
286,E5
287,11
288,62
289,301
28X,113
28E,5
290,20148
291,61
292,8
293,9
294,7E027
295,41
296,78
297,29
298,4
299,25
29X,136
29E,5
2X0,30E0
2X1,35
2X2,E4
2X3,151
2X4,59
2X5,11
2X6,70
2X7,21
2X8,E8
2X9,48
2XX,E77
2XE,4
2E0,NA
2E1,349
2E2,3X
2E3,15
2E4,14
2E5,15
2E6,52
2E7,159
2E8,X
2E9,9
2EX,498X
2EE,5
300,93558
301,78
302,4
303,161
304,XX
305,11
306,132X
307,9
308,8
309,29
30X,2691
30E,5
310,12E
311,1X
312,62
313,11
314,25757
315,4
316,X2
317,169
318,4E
319,639
31X,6
31E,5
320,NA
321,261
322,14
323,9
324,2866E
325,8
326,NA
327,11
328,4
329,21X9
32X,XX
32E,5
330,14X
331,9
332,112
333,71
334,73
335,12
336,33
337,11
338,44
339,175
33X,158X7
33E,4
340,32
341,801
342,8
343,19
344,80
345,11
346,NA
347,X1
348,118
349,6
34X,7X
34E,5
350,72
351,21
352,4
353,51
354,E9
355,41
356,47896
357,9
358,11X
359,13E
35X,1684
35E,5
360,149
361,39
362,12
363,157
364,649X
365,4
366,162
367,21453
368,12
369,42991
36X,88
36E,5
370,EX
371,25
372,124
373,9
374,4X
375,15
376,5805
377,E0
378,4
379,739
37X,10X
37E,5
380,3E
381,1X
382,4X
383,11
384,34
385,11
386,8X
387,11
388,12X
389,12E5
38X,8
38E,4
390,327062
391,765
392,132
393,29
394,163
395,8
396,NA
397,1X9
398,11
399,9
39X,97
39E,5
3X0,66
3X1,695
3X2,4
3X3,1E1
3X4,5977
3X5,11
3X6,197
3X7,6
3X8,X
3X9,2729
3XX,1X
3XE,5
3E0,96
3E1,31
3E2,8
3E3,43
3E4,9279
3E5,4
3E6,NA
3E7,10
3E8,13X
3E9,25
3EX,20
3EE,5
400,X372
401,16
402,EX
403,9
404,11E
405,11
406,46
407,61
408,4
409,1435
40X,NA
40E,5
410,7X
411,9
412,144
413,61
414,71X
415,X
416,6
417,73
418,148
419,21
41X,15X37
41E,4
420,4E584
421,49
422,58
423,43
424,19
425,11
426,37258
427,31
428,8
429,X1
42X,EX
42E,5
430,51025
431,3X1
432,4
433,11
434,1169E
435,15
436,1559
437,9
438,1X
439,879
43X,76
43E,5
440,23590E
441,157
442,X
443,221
444,87
445,4
446,NA
447,111
448,12
449,255
44X,4X
44E,5
450,23
451,39
452,5X
453,9
454,877
455,25
456,1X3X
457,11
458,4
459,16
45X,1X
45E,5
460,179
461,12
462,8
463,231
464,26617
465,11
466,199
467,69
468,62
469,1X
46X,4E5X
46E,4
470,136807
471,925
472,12
473,119
474,6
475,15
476,173
477,161
478,12
479,9
47X,183
47E,5
480,1EE94
481,3601
482,4
483,21
484,105
485,11
486,143
487,9
488,16X
489,28
48X,10994
48E,5
490,3X
491,25
492,172
493,29
494,89
495,4
496,NA
497,117
498,8
499,59
49X,1E3
49E,5
4X0,200
4X1,149
4X2,174
4X3,6
4X4,12527X
4X5,11
4X6,63
4X7,19
4X8,4
4X9,110X9
4XX,212
4XE,5
4E0,E5X5
4E1,9
4E2,68
4E3,129
4E4,135
4E5,8
4E6,10
4E7,259
4E8,17X
4E9,221
4EX,67
4EE,4
500,88
501,215
502,182
503,43
504,4E
505,X
506,NA
507,11
508,NA
509,35
50X,123
50E,5
510,42X9E
511,49
512,4
513,39
514,E1
515,34
516,7E4X
517,9
518,12
519,25
51X,10576
51E,5
520,20E
521,121
522,27
523,19
524,8X
525,4
526,10536
527,67
528,85
529,X9
52X,211
52E,5
530,NA
531,445
532,X
533,9
534,EE004
535,15
536,8
537,279
538,4
539,X79
53X,177
53E,5
540,2805E
541,6
542,194
543,281
544,121
545,11
546,51
547,141
548,8
549,1975
54X,1EX
54E,4
550,1E9
551,29
552,24
553,11
554,110
555,41
556,19649
557,81
558,12
559,9
55X,169
55E,5
560,265
561,1X09
562,4
563,111
564,6321X
565,8
566,243
567,9
568,74
569,7515
56X,264
56E,5
570,6
571,21
572,1X4
573,149
574,1067
575,4
576,18797
577,11
578,11
579,39
57X,118
57E,5
580,247
581,81
582,8
583,9
584,107417
585,11
586,765X9
587,21
588,4
589,49
58X,244XE7
58E,5
590,100
591,9
592,1E2
593,21
594,42
595,E8
596,11X
597,19
598,28
599,59
59X,88480
59E,4
5X0,40E68
5X1,454
5X2,1E4
5X3,E1
5X4,12
5X5,11
5X6,2X
5X7,89
5X8,1E8
5X9,14
5XX,269
5XE,5
5E0,4E29
5E1,25
5E2,4
5E3,159
5E4,100X
5E5,X
5E6,11E05
5E7,9
5E8,8
5E9,EE9
5EX,484
5EE,5
600,126
601,8029
602,14
603,11
604,66
605,4
606,56
607,161
608,82
609,95
60X,6
60E,5
610,NA
611,311
612,204
613,9
614,474
615,8
616,1299X
617,21
618,4
619,1039
61X,24294
61E,5
620,59
621,35
622,X
623,311
624,139
625,11
626,1E8
627,11
628,12
629,1941
62X,26
62E,4
630,44
631,10
632,8
633,169
634,261
635,15
636,NA
637,67
638,25
639,6
63X,NA
63E,5
640,237
641,441
642,4
643,321
644,E0
645,11
646,6XE6
647,9
648,87
649,2175
64X,23
64E,5
650,30
651,10X5
652,88
653,49
654,11X7
655,4
656,18
657,19
658,21X
659,10E9
65X,14
65E,5
660,4X030
661,49
662,20E
663,9
664,207
665,11
666,152
667,4X
668,4
669,55
66X,NA
66E,5
670,164
671,9
672,224
673,11
674,67
675,15
676,279
677,339
678,X
679,49
67X,126
67E,4
680,NA
681,32
682,8X
683,341
684,142
685,8
686,NA
687,19
688,14
689,35
68X,61071
68E,5
690,1E3
691,59
692,4
693,X1
694,1E01
695,31
696,129
697,6
698,92
699,1179
69X,136X
69E,5
6X0,144
6X1,29
6X2,8
6X3,21
6X4,210
6X5,4
6X6,NA
6X7,51
6X8,124
6X9,8
6XX,293
6XE,5
6E0,25147
6E1,221
6E2,32
6E3,9
6E4,10
6E5,15
6E6,179
6E7,15
6E8,4
6E9,11E9
6EX,338
6EE,5
700,260X37
701,69
702,242
703,19
704,282XX
705,11
706,6
707,191
708,94
709,271
70X,220X
70E,4
710,NA
711,25
712,X
713,323
714,69
715,18
716,111
717,15
718,8
719,9
71X,881
71E,5
720,2X63
721,55
722,4
723,11
724,2E6
725,11
726,E23E
727,9
728,24X
729,49X9
72X,37
72E,5
730,19
731,285
732,252
733,199
734,1497
735,4
736,57X84
737,379
738,12
739,29
73X,2E1
73E,5
740,31X
741,229
742,11
743,9
744,91361
745,11
746,41616
747,11
748,4
749,34
74X,82
74E,5
750,391E0
751,9
752,8
753,E1
754,198
755,41
756,38
757,33
758,87
759,25
75X,188
75E,4
760,79
761,2609
762,18
763,157
764,6
765,11
766,2411E2
767,29
768,X
769,X9
76X,961
76E,5
770,2645
771,1325
772,4
773,1X9
774,2504X
775,12
776,1EX
777,9
778,268
779,25
77X,1877
77E,5
780,12
781,66
782,34
783,3X1
784,254
785,4
786,84
787,51
788,8
789,129
78X,168
78E,5
790,3EX01
791,21
792,85
793,6
794,4X
795,X
796,10872
797,43
798,4
799,1379
79X,1X
79E,5
7X0,8532X
7X1,35
7X2,12
7X3,3E1
7X4,370
7X5,8
7X6,16X
7X7,E9
7X8,278
7X9,5329
7XX,E3
7XE,4
7E0,116
7E1,1X1
7E2,1X
7E3,10
7E4,323
7E5,15
7E6,26E
7E7,11
7E8,4E
7E9,9
7EX,NA
7EE,5
800,2082
801,1684
802,4
803,29
804,76
805,11
806,39X
807,9
808,38
809,49
80X,80E1
80E,5
810,176
811,39
812,100
813,67
814,23E
815,4
816,NA
817,117
818,14
819,45
81X,3X
81E,5
820,228
821,7X
822,12
823,9
824,253X
825,11
826,23
827,61
828,4
829,XE95
82X,14E4
82E,5
830,100
831,6
832,292
833,209
834,67
835,15
836,33E
837,21
838,8
839,1479
83X,163
83E,4
840,NA
841,995
842,294
843,11
844,341
845,11
846,258
847,211
848,12
849,19
84X,126
84E,5
850,2069X
851,21
852,4
853,31
854,NA
855,8
856,114
857,9
858,X
859,21
85X,1598XE
85E,5
860,6
861,2031
862,2X2
863,43
864,599
865,4
866,8671
867,11
868,54
869,5869
86X,12
86E,5
870,NA
871,59
872,8
873,9
874,164
875,15
876,1E
877,31
878,4
879,25
87X,125
87E,5
880,12557
881,X9
882,E8
883,441
884,191
885,X
886,359
887,221
888,2XX
889,29
88X,1509X
88E,4
890,285
891,1565
892,61
893,65
894,19
895,41
896,263
897,323
898,3X
899,9
89X,187
89E,5
8X0,1X3
8X1,23
8X2,4
8X3,19
8X4,271
8X5,11
8X6,256656
8X7,9
8X8,8
8X9,7XE69
8XX,8XE1
8XE,5
8E0,194
8E1,311
8E2,X
8E3,11
8E4,3890
8E5,4
8E6,70889
8E7,16
8E8,12
8E9,15
8EX,6
8EE,5
900,9X4
901,55
902,302
903,9
904,13X1
905,8
906,33265
907,117
908,4
909,1381
90X,54
90E,5
910,16
911,9
912,18
913,69
914,362
915,11
916,1X0
917,11
918,308
919,15
91X,117
91E,4
920,NA
921,6X9
922,8
923,205
924,46
925,11
926,113E94
927,31
928,267
929,6
92X,330X8X
92E,5
930,160
931,49
932,4
933,239
934,13X
935,15
936,153
937,9
938,104
939,39
93X,124
93E,5
940,38E
941,20E15
942,175
943,43
944,1X
945,4
946,404
947,21
948,X
949,X1
94X,287
94E,5
950,177
951,25
952,108
953,9
954,54
955,41
956,276
957,19
958,4
959,16E9
95X,2E4064
95E,5
960,8073
961,25
962,38
963,11
964,NA
965,11
966,19
967,67
968,14
969,89
96X,289
96E,4
970,26X9X7
971,1X
972,2XX
973,43
974,64
975,8
976,368
977,499
978,272
979,9
97X,386
97E,5
980,2E6
981,29
982,4
983,105
984,363
985,11
986,32X5
987,6
988,223
989,32E5
98X,267
98E,5
990,3X9
991,61
992,8
993,11
994,37270
995,4
996,70
997,4X9
998,12
999,25
99X,54
99E,5
9X0,232
9X1,121
9X2,X
9X3,9
9X4,49
9X5,11
9X6,9X71
9X7,129
9X8,4
9X9,135
9XX,927
9XE,5
9E0,114523
9E1,9
9E2,44
9E3,259
9E4,829
9E5,15
9E6,6
9E7,1X1
9E8,33X
9E9,105
9EX,X9XX
9EE,4
X00,19E
X01,88
X02,12
X03,31
X04,14
X05,11
X06,5744E
X07,261
X08,8
X09,35
X0X,NA
X0E,5
X10,696XX
X11,21
X12,4
X13,11
X14,137
X15,41
X16,797
X17,9
X18,348
X19,29
X1X,18
X1E,5
X20,206
X21,1X
X22,118
X23,4E
X24,54
X25,4
X26,NA
X27,39
X28,34X
X29,E1
X2X,9E
X2E,5
X30,2E1
X31,49
X32,14
X33,9
X34,69564
X35,12
X36,NA
X37,11
X38,4
X39,1879
X3X,5254
X3E,5
X40,E219
X41,69
X42,8
X43,521
X44,43X0
X45,11
X46,12
X47,19
X48,358
X49,49
X4X,67
X4E,4
X50,3X0
X51,18X5
X52,98
X53,43
X54,6
X55,55
X56,399
X57,21
X58,235
X59,9
X5X,NA
X5E,5
X60,E3
X61,309
X62,4
X63,531
X64,254
X65,X
X66,78
X67,9
X68,12
X69,7069
X6X,398261
X6E,5
X70,X1
X71,25
X72,1X4
X73,279
X74,136
X75,4
X76,NA
X77,13E
X78,8
X79,21
X7X,216
X7E,5
X80,451
X81,67
X82,18
X83,6
X84,58
X85,11
X86,27EE
X87,157
X88,4
X89,36E5
X8X,23
X8E,5
X90,55532
X91,9
X92,X
X93,13E
X94,3691
X95,8
X96,439
X97,549
X98,124
X99,65
X9X,41754
X9E,4
XX0,313
XX1,55
XX2,374
XX3,29
XX4,67
XX5,11
XX6,NA
XX7,11
XX8,11
XX9,X9
XXX,31
XXE,5
XE0,10
XE1,19X5
XE2,4
XE3,289
XE4,188
XE5,11
XE6,XE71
XE7,9
XE8,14
XE9,25
XEX,454
XEE,5
E00,224
E01,X9
E02,1X
E03,51
E04,327
E05,4
E06,371
E07,3X
E08,4X
E09,3835
E0X,19
E0E,5
E10,NA
E11,29
E12,12
E13,9
E14,937
E15,74
E16,59
E17,113
E18,4
E19,39
E1X,1X3X1
E1E,5
E20,846X
E21,6
E22,12X
E23,21
E24,230X0
E25,11
E26,14
E27,67
E28,8
E29,155
E2X,E7X94
E2E,4
E30,X1E49
E31,3E4
E32,105
E33,11
E34,12
E35,15
E36,29712
E37,19
E38,85
E39,9
E3X,174
E3E,5
E40,5X
E41,121
E42,4
E43,581
E44,4077
E45,8
E46,417
E47,9
E48,398
E49,289
E4X,157
E4E,5
E50,6
E51,117
E52,52
E53,151
E54,202
E55,4
E56,450
E57,11
E58,18
E59,59
E5X,84
E5E,5
E60,26X181
E61,469
E62,8
E63,9
E64,144
E65,11
E66,498X
E67,21
E68,4
E69,42
E6X,NA
E6E,5
E70,3479
E71,9
E72,72
E73,19
E74,8
E75,15
E76,56
E77,599
E78,12
E79,1E39
E7X,570
E7E,4
E80,14936
E81,201
E82,X
E83,205
E84,224
E85,11
E86,502
E87,161
E88,3XX
E89,12
E8X,385
E8E,5
E90,3138E2
E91,25
E92,4
E93,89
E94,184X4
E95,55
E96,8X
E97,9
E98,8
E99,61
E9X,199
E9E,5
EX0,19
EX1,961
EX2,3E4
EX3,11
EX4,10X34
EX5,4
EX6,99
EX7,159
EX8,311
EX9,69
EXX,6
EXE,5
EE0,14E
EE1,4X
EE2,13X
EE3,9
EE4,1004E4
EE5,8
EE6,2XX94E
EE7,4E
EE8,4
EE9,1X31
EEX,XX
EEE,5
1000,18
