2: 245, 3X9, 459, 781, 977, 1001, 1129, 1227, 1515, 1691, 1771, 1X91, 2401, 2641, 2643, 2861, 31E1, 39X1, 4731, 4995, 4XX9, 51X7, 5E31, 6161, 6661, 74X9, 7E51, 7E57, 8111, 8477, 9111, 9201, 9801, X9X9, XX01, E667,
3: 77, X1, 1EX, 47E, 4X7, 671, 781, X85, 1001, 1117, 1515, 1661, 1691, 1771, 1X95, 1E47, 2207, 2X55, 3267, 39X1, 4331, 4X41, 51X7, 6161, 6457, 7217, 83X7, 896E, 8E41, 9201, 9647, 9697, XX01, E241,
4: 13, 71, 77, 245, 303, 317, 3X9, 459, 4X7, 781, 87E, 89E, 977, XE9, E93, 1001, 1117, 1129, 1227, 1247, 1515, 1691, 1771, 1991, 1X91, 1E47, 216E, 2401, 2641, 2643, 2861, 2937, 298E, 31E1, 3267, 39X1, 3X17, 4731, 4995, 4XX9, 5047, 51X7, 52E1, 534E, 53E7, 5685, 58X7, 5E31, 6161, 6661, 7217, 74X9, 764E, 7E51, 7E57, 8111, 837E, 8477, 8611, 8863, 8977, 9111, 9201, 9331, 9647, 9801, X9X9, XX01, E471, E667, E827, EX31,
5: 4, X4, 161, 3X9, 551, X85, 1001, 1117, 1771, 2477, 31E1, 32E7, 333X, 3397, 39X1, 4389, 4631, 4791, 51X7, 5875, 6481, 6784, 74X9, 7651, 7871, 8111, 8805, 9147, 9201, 9521, X347,
6: 2E, 135, 161, 211, 341, 781, 787, 891, 931, 1001, 1515, 1691, 1771, 1E91, 2091, 20E1, 2321, 2477, 2727, 3381, 3945, 39X1, 4791, 4X11, 51X7, 5497, 5875, 6161, 6191, 6481, 6541, 7095, 834E, 8611, 9201, 9725, X041, X761, XX01, E701,
7: 6, 21, 231, 3X9, 4X7, 581, 781, 1081, 1271, 1441, 1515, 1X91, 2751, 2961, 3X61, 4995, 5E01, 6161, 6191, 6481, 6801, 6E61, 7XX9, 81X1, 9819, 9886, XX01, E241, E831, E995, E9X1,
8: 9, 19, 39, 53, 55, 89, 99, E1, 109, 173, 1X9, 245, 341, 367, 3X9, 409, 459, 463, 5E9, 671, 6E5, 781, 8X9, 959, 977, 9X1, X85, E55, E65, 1001, 1049, 1129, 1227, 1309, 1515, 1545, 1691, 1771, 19X1, 1X03, 1X29, 1X91, 2105, 2135, 2399, 2401, 2455, 2641, 2643, 2829, 2861, 2X21, 31E1, 3279, 354E, 3795, 3945, 39X1, 4033, 4143, 4189, 4731, 4995, 4XX9, 51X7, 5441, 5751, 57X5, 5875, 5909, 5E31, 6161, 6275, 6481, 6661, 6755, 7315, 74X9, 7871, 7975, 7E51, 7E57, 8009, 8111, 8477, 8481, 8805, 9095, 9111, 9201, 9659, 9725, 9801, 9929, 9E29, X221, X409, X9X9, XX01, E241, E3X1, E667,
9: 4, 8, 24, 44, 77, X1, 151, 1EX, 264, 367, 384, 434, 47E, 4X1, 4X7, 66X, 671, 724, 781, 8E4, 977, X85, 1001, 1117, 1515, 1545, 1661, 1691, 175X, 1771, 183X, 1924, 1X95, 1E47, 2207, 2648, 2824, 2X55, 3124, 3267, 3824, 39X1, 3X17, 4121, 4331, 46E5, 4X41, 5047, 5088, 516X, 51X7, 6161, 6457, 6661, 6784, 7024, 7217, 7627, 8111, 81X1, 83X7, 8611, 87E1, 896E, 89XE, 8E41, 9201, 921E, 92X4, 9647, 9697, X11X, XX01, E074, E241, E484,
X: 9, 29, 77, 83, 197, 317, 341, 3X9, 469, 4X7, 639, 869, 1001, 1489, 1771, 1885, 1E19, 1E47, 2491, 250E, 2749, 31E1, 3945, 3951, 39X1, 4143, 43X7, 4601, 4871, 4X41, 51X7, 5955, 651E, 6569, 68X9, 7217, 74X9, 8009, 8111, 8611, 86X9, 8767, 8977, 9201, E141, E353,
E: X, 13, 5X, E1, 13X, 197, 215, 341, 459, 4X7, 561, 781, 92X, 1001, 1227, 1381, 1515, 1771, 2795, 2X21, 2E01, 3001, 39X1, 4679, 4841, 488X, 5047, 51X7, 576X, 6161, 7217, 7871, 84X1, 8805, 9201, 9801, X2EE, X9X9,
10: 55, 77, E1, EE, 101, 187, 275, 281, 4X7, 731, 777, 781, E55, 1001, 1111, 1117, 1221, 1361, 1515, 1691, 1771, 1887, 1E47, 2081, 2X91, 3131, 3267, 3421, 3611, 3795, 39X1, 51X7, 5301, 6161, 64E1, 7217, 7401, 7575, 7677, 7871, 7881, 7X41, 8181, 8327, 8761, 8805, 8921, 9201, 9647, X921, XX01, E1E1, E365, EX37,
11: 4, 6, 10, 19, 71, 89, 173, 184, 1E0, 259, 2E7, 3X9, 777, 1049, 1117, 1515, 175X, 2105, 2XE0, 2E91, 3001, 3279, 39X1, 4143, 5149, 51X7, 5661, 56E1, 5E70, 6161, 6661, 7217, 7379, 764E, 7881, 7959, 7E05, 8477, 8805, 8863, 8E81, 9201, X377, E525, E631,
12: 13, 33, 55, 143, 341, 3X9, 551, 561, 5X1, 6X1, 781, 787, X85, 1117, 1381, 1515, 1595, 1661, 1707, 1X91, 3001, 3381, 3919, 3945, 3951, 4143, 4197, 4389, 4447, 4481, 4995, 5301, 6161, 7217, 72X1, 7315, 74E1, 7547, 7931, 81EE, 8601, 8877, 8E41, XX01, E631,
13: 12, 245, 51X, 66X, X31, X85, E87, 1001, 1117, 1141, 1771, 1991, 1X91, 250E, 3951, 39X1, 43X7, 5051, 51X7, 5301, 5E47, 61E5, 7547, 8161, 8611, 8E01, 9201, 98E5, E141, E701,
14: 13, 43, 71, 77, 193, 245, 303, 317, 3X9, 417, 459, 4X7, 781, 87E, 891, 89E, 8E1, 977, XE9, E87, E93, 1001, 1117, 1129, 1227, 1247, 1263, 14X7, 1515, 1691, 1771, 1991, 1X91, 1E47, 2147, 216E, 2401, 2641, 2643, 2861, 2937, 298E, 2E37, 2E93, 31E1, 3267, 39X1, 3X17, 43X7, 4587, 4731, 4847, 4917, 4931, 4995, 4XX9, 5047, 5091, 51X7, 52E1, 534E, 53E7, 5685, 58X7, 5E31, 6161, 62E7, 6381, 6661, 7217, 74X9, 764E, 7E51, 7E57, 8111, 837E, 8477, 8611, 8863, 8977, 9111, 9201, 9331, 9647, 9801, X093, X319, X9X9, XX01, E471, E667, E827, EX03, EX31,
15: 4, 8, 9, 14, 39, 77, 101, 199, 551, 787, 864, 909, 1001, 1111, 12E1, 1771, 2387, 2399, 2401, 250E, 2X14, 3131, 333X, 3461, 39X1, 3X61, 4197, 4XX9, 51X7, 6161, 6784, 7217, 7401, 7871, 8009, 9191, 9201, 9801, E241, E501, EXEE,
16: 21, 41, 55, 71, E1, 165, 22E, 231, 247, 2E5, 317, 451, 657, 781, 861, 961, 977, E55, 1001, 1141, 12E1, 1515, 1691, 1771, 1775, 1881, 1E11, 24E1, 2795, 2901, 3245, 3391, 3461, 3531, 3795, 3931, 39X1, 4301, 51X7, 52E1, 5EX5, 6161, 6415, 65E1, 6661, 6741, 6E61, 7651, 7871, 8111, 8805, 8857, 8951, 8E81, 9181, 9201, 9271, 967E, X947, XX01, XX91, E321, E471, EX45,
17: 6, 9, 13, 16, 39, 41, 109, 121, 247, 3X9, 451, 621, 635, 636, 723, 781, E39, E65, 10X1, 1117, 1441, 1515, 1691, 1771, 1863, 1X29, 2401, 2861, 31E1, 31E6, 3381, 3727, 3951, 39X1, 3X61, 4731, 4869, 4961, 4X41, 5171, 53E7, 5951, 5971, 6103, 6161, 6481, 6831, 6X01, 7217, 7547, 764E, 7791, 7E51, 7E57, 8009, 89XE, 8XX1, 9201, 9697, 9725, 9835, X591, XX41, E141, E501, E921,
18: 19, 49, E1, 173, 293, 3X9, 47E, 5E9, 621, 8X9, E59, 1001, 1117, 1237, 1491, 1545, 1721, 1771, 1857, 192E, 1X29, 2413, 3073, 31E1, 3201, 3381, 3461, 39X1, 3E41, 4767, 4X59, 51X7, 65E9, 6831, 6X25, 74X9, 7677, 8111, 81X3, 89XE, 8X3E, 9201, 9621, 9937, X587,
19: 4, X, 18, 47, 55, 71, 165, 4X7, 561, 731, 781, 10X4, 1217, 1515, 2231, 281X, 3001, 3201, 3577, 3951, 4317, 5047, 5231, 52E1, 6161, 6401, 68X7, 764E, 7677, 8111, 8477, X347, X587, XX01, E241, E471, E631,
1X: 19, 59, 77, 89, 115, 121, 249, 343, 345, 459, 571, 781, 827, 87E, 891, X85, E55, 1001, 1117, 1219, 1221, 1227, 1491, 1515, 1701, 1771, 1X61, 2105, 2249, 3267, 3279, 354E, 3597, 39X1, 3X59, 4121, 4143, 4257, 4529, 4847, 4X11, 4X59, 51X7, 5579, 5X89, 6081, 6161, 6481, 6831, 6975, 7181, 7881, 81EE, 8863, 8991, 9055, 9201, 95X1, 9621, 9663, 9801, 9E29, X347, X9X9, E241, E251, E631,
1E: 1X, 29, 77, 10X, 119, 121, 1X1, 245, 281, 317, 341, 3X1, 3X9, 452, 66X, 717, 731, 749, 781, 827, 89E, 1001, 100X, 1019, 1237, 1415, 1515, 1545, 1691, 1771, 183X, 1961, 1EE1, 2401, 2441, 2621, 2643, 2861, 2X91, 2E91, 3751, 3829, 3945, 3951, 41E1, 4257, 4731, 4995, 4X11, 500E, 5089, 51X7, 5231, 5811, 6161, 6941, 705X, 7887, 7E51, 7E57, 8111, 82E1, 8701, 8761, 8805, 8863, 9201, 921X, 9801, XX01, E141, E361, E365, EX11,
20: 21, 97, 127, 231, 3X1, 3EE, 571, 671, 781, X85, 1001, 1037, 1081, 1187, 1491, 14X1, 1515, 1691, 1701, 1771, 1805, 2231, 2527, 2761, 39X1, 4017, 4027, 4121, 41E1, 43X7, 4411, 4631, 5071, 51X7, 5311, 5501, 5815, 6081, 6161, 6831, 6E61, 8001, 8421, 8611, 8841, 89XE, 9201, 9797, X591, X947, XX01, E241, E361,
21: 4, 6, 8, 10, 20, 24, 33, 56, 77, X4, 161, 174, 1E0, 297, 2E6, 317, 384, 3X9, 434, 4X7, 551, 570, 604, 66X, 7X0, 8E4, X85, 1001, 1117, 1227, 1691, 175X, 1771, 1827, 183X, 1924, 1986, 1E47, 20E4, 2374, 2431, 2477, 2527, 2784, 2824, 2866, 30E5, 31E1, 3267, 32E7, 333X, 3397, 354E, 39X1, 4389, 4484, 4631, 4791, 5006, 51X7, 5875, 5934, 6481, 6784, 7217, 74X9, 7651, 7871, 7X84, 8111, 8611, 8805, 8863, 8977, 9147, 9201, 9521, 9647, 9725, X347, X850, X947, XX01, E074, E667,
22: 9, 13, 21, 23, 39, 63, E1, E3, 109, 127, 161, 169, 197, 2E5, 337, 3X9, 411, 483, 4X7, 547, 651, 723, 749, 7E7, 1515, 19X1, 1E11, 1E61, 2091, 2269, 2477, 2751, 28E1, 2X21, 2E01, 3181, 3639, 38E7, 3939, 39X1, 3X61, 4791, 5047, 51X7, 5301, 6161, 6451, 6481, 6573, 65EE, 6661, 8009, 8477, 8631, 8XX1, 9201, 92E3, 9819, 9965, X207,
23: 22, 55, 77, X1, E1, 187, 197, 1EX, 245, 265, 341, 47E, 4X7, 671, 6E5, 781, X85, E55, 1001, 1117, 1247, 1515, 1661, 1691, 1771, 1885, 1895, 19X2, 1X95, 1E47, 2105, 2207, 2401, 28E5, 2X21, 2X55, 3097, 31E1, 3267, 32E7, 3305, 3795, 3945, 39X1, 4331, 4481, 4731, 4917, 4995, 4X41, 51X7, 5357, 5751, 5815, 5841, 5875, 58X7, 6161, 6275, 6457, 6481, 7217, 7315, 764E, 7695, 7871, 83X7, 8767, 8805, 896E, 8E41, 9062, 9201, 9331, 9647, 9697, 9725, X347, XX01, E241, EXEE,
24: 9, 23, 39, 73, 101, 199, 261, 381, 3X9, 4X7, 553, 555, 781, 909, 999, 9E3, 1111, 1221, 1491, 1515, 17E3, 1X29, 1X91, 2775, 2877, 2E91, 2EE9, 3131, 4109, 4871, 4995, 4X41, 5841, 5977, 6161, 7401, 7871, 7881, 7891, 8009, 83X7, 8669, 8805, 9269, X347, XX01,
25: 4, 12, 13, 19, 24, 2E, 44, 77, 89, 173, 1X4, 245, 264, 331, 341, 3X9, 463, 561, 607, 781, 1001, 1104, 1121, 1275, 1381, 1771, 2024, 2057, 2431, 2643, 2677, 2E91, 3001, 3124, 3201, 3279, 32E7, 3641, 39X1, 4189, 427X, 4995, 4X41, 4X59, 5149, 51X7, 6481, 6851, 723E, 7E57, 9021, 9201, 9621, 9647, 9659, X061, X611, E071, E667,
26: 41, 77, E1, 161, 187, 245, 297, 331, 351, 411, 451, 4X7, 607, 62E, 631, 657, 8X1, X67, X81, 1001, 1237, 1251, 1771, 1961, 1X91, 1X97, 1E47, 20X1, 2441, 2455, 2477, 3395, 35X7, 3611, 3641, 3861, 39X1, 3E41, 4521, 4787, 4791, 4X41, 51X7, 5875, 6481, 6941, 6X01, 7007, 7217, 7401, 764E, 84E7, 8701, 8951, 9067, 9201, 9681, 96E1, X061, X221, X70E, E517, E691,
27: 6, X, 13, 26, 41, 55, 56, E1, 135, 317, 341, 3X9, 451, 657, 66X, 781, 859, 1001, 1071, 1411, 1485, 1515, 1589, 1XEX, 2901, 2X21, 3741, 3781, 39X1, 4143, 4365, 4389, 4895, 51X7, 5301, 534E, 6086, 6161, 6417, 6481, 7217, 8267, 9477, X347, XX01, E4E5, E721, EXEE,
28: 21, 29, 79, 119, 151, 161, 231, 245, 281, 2E5, 329, 3X9, 459, 4X1, 561, 589, 713, 715, 731, 741, 749, 781, 949, 977, X71, EX1, 1001, 1129, 1227, 1411, 1419, 1515, 1661, 1691, 1721, 1771, 1925, 19E1, 1X91, 2091, 2259, 2401, 2477, 2491, 2641, 2643, 2861, 2X91, 3001, 3181, 31E1, 35X1, 39X1, 39XE, 3X35, 3X61, 3XE9, 4605, 46X9, 4731, 4791, 4871, 4981, 4995, 4XX9, 4E25, 4E61, 51X7, 5275, 5301, 5E31, 6161, 6451, 6661, 6E31, 6E61, 6EXE, 72X1, 74X9, 7791, 77E1, 7E51, 7E57, 8111, 8149, 8477, 8617, 8631, 8761, 8E41, 9111, 9201, 9621, 9801, 9819, 9X21, 9E31, X101, X651, X947, X9X9, XX01, E049, E485, E501, E56E, E581, E667, E887,
29: 4, 8, 14, 28, 71, 354, 395, 4X7, 741, 781, 9X1, E55, 1001, 10X5, 1515, 1545, 1771, 1E48, 2401, 2724, 2861, 31E1, 3381, 3461, 3945, 39X1, 4671, 51X7, 52E1, 5301, 5441, 6161, 6661, 66X7, 7095, 7217, 7E51, 9201, 9725, 9835, X494, X587, E631,
2X: 13, 19, 29, 2E, 47, 55, 65, 89, 119, 173, 1X9, 281, 2E9, 303, 311, 47E, 4X7, 6E5, 731, 749, 803, 805, 8X9, 959, 1001, 10E9, 1117, 1217, 1237, 1247, 12X9, 1737, 1771, 1849, 1X29, 2105, 2401, 2937, 2X91, 2EX1, 3279, 3421, 3577, 3795, 3945, 39X1, 3E71, 4029, 4143, 4447, 4671, 4871, 4XX9, 5047, 51X7, 5301, 54X9, 6161, 6275, 6349, 792E, 7E13, 8061, 81X3, 81EE, 85E9, 8601, 8863, 8E81, 9201, 9491, 9801, X255, XE79, E631,
2E: 9, 2X, 43, 109, 245, 30X, 3X9, 552, 87E, 891, XE9, 1141, 139X, 14X7, 1691, 17E3, 1XXX, 2101, 2643, 2E37, 2EX1, 3239, 4447, 4501, 4741, 4X3X, 6045, 6481, 7217, 7677, 8009, 8601, 8863, 9621, 9725, X093, XEEX, E029, E667, E70X,
30: 2E, 77, 135, 161, 197, 211, 297, 341, 3X7, 487, 4X7, 781, 787, 7E7, 891, 8EE, 931, 977, E07, 1001, 1117, 1515, 164E, 1691, 1771, 18X7, 19X1, 1E47, 1E91, 2091, 20E1, 2321, 2477, 2491, 24E7, 2727, 3267, 32E7, 3381, 3581, 3905, 3945, 39X1, 3X17, 43X7, 4791, 47X1, 4871, 4X11, 5047, 5137, 51X7, 5497, 57X5, 5875, 5E47, 6161, 6191, 6481, 6541, 6557, 6661, 7095, 7217, 8111, 834E, 8611, 8767, 9201, 9647, 9725, 9835, 9911, X041, X347, X431, X587, X761, XX01, E701, EXEE, EE77,
31: 4, 6, 9, 10, 16, 24, 30, 39, 49, 56, E1, 123, 161, 186, 1X4, 1E9, 211, 290, 317, 331, 3X9, 411, 491, 569, 581, 749, 781, 869, 8X1, 931, 977, X30, E59, 1001, 1104, 1109, 1224, 1251, 1491, 1515, 1545, 1590, 1696, 1771, 1801, 2084, 2091, 2231, 2321, 2413, 2477, 2749, 2E29, 3387, 3421, 356X, 3641, 3699, 39X1, 4083, 4143, 4521, 4629, 51X1, 51X7, 5447, 5497, 560X, 6161, 6191, 6451, 6476, 6831, 7081, 7217, 7X69, 7E57, 8009, 8111, 84X7, 84E7, 8977, 9201, 9329, 9490, 96E1, X041, X136, X239, X591, X761, X921, X947, E365, E807, EXEE,
32: 33, 55, 71, 77, 93, 135, 165, 197, 201, 331, 341, 3X9, 445, 4X1, 607, 781, 859, X03, X05, 1485, 1515, 1527, 1589, 1661, 1691, 1771, 19X1, 1E47, 20X9, 2211, 2401, 250E, 2861, 308E, 31E1, 35X7, 3641, 39X1, 4017, 4389, 4481, 44X5, 4731, 4895, 5301, 58X7, 6011, 6161, 61E5, 6231, 6X35, 7677, 7975, 7E51, 7E57, 8701, 8767, 8863, 8E41, 9201, 9401, 9647, X061, X347, XX55, E1X7, E4E5,
33: 32, 7E, E1, 245, XX1, 108X, 1117, 1227, 1271, 1515, 1925, 1EX7, 2251, 2491, 2551, 2677, 333X, 3515, 3945, 39X1, 3X61, 4871, 4995, 51X7, 6011, 6161, 7217, 723E, 8055, 8111, 9201, 9521, 9621, 9725, 9X75, EX9E,
34: 33, 77, X1, X3, 201, 317, 385, 3X9, 4X7, 561, X85, XX1, E13, 1001, 1141, 1771, 1817, 1961, 1E47, 2207, 2271, 2X55, 31E1, 3395, 35X7, 39X1, 4147, 4201, 4331, 51X7, 5301, 5875, 6381, 6457, 6481, 6529, 6801, 7217, 74X9, 7695, 7871, 8111, 8147, 8611, 8701, 8805, 8977, 8E41, 9181, 9201, 9559, E8E1,
35: 4, 8, X, 13, 18, 19, 2E, 34, 89, 101, 173, 248, 3X9, 429, 459, 47E, 4X7, 5X1, 749, 781, 8X9, 977, 9X1, 1001, 1111, 1117, 1289, 1515, 1691, 1771, 1919, 1925, 2271, 2401, 2525, 2749, 299X, 3131, 3279, 3695, 3EX4, 4731, 4973, 4995, 5047, 51X1, 51X7, 5431, 5441, 5EX9, 6161, 63E1, 6E91, 7401, 764E, 81X3, 83X9, 8601, 9191, 9201, 92E9, 9659, 9E7X, X279, X517, X9X9, E5E5, EXEE,
36: 151, 317, 381, 3X7, 4X1, 781, 87E, X01, X85, 102E, 1031, 1067, 1117, 1141, 119E, 1515, 1661, 3137, 32E7, 3561, 3581, 4301, 4365, 47X1, 5091, 57X5, 6161, 6191, 6481, 705E, 7217, 7871, 8111, 8461, 8477, 8805, 8E41, X237, XX01,
37: 6, 12, 19, 21, 29, 36, 65, 77, 89, 119, 135, 173, 231, 281, 2E5, 341, 379, 3X9, 549, 589, 5E9, 651, 691, 731, 781, 859, X85, 1001, 1049, 1067, 1081, 1145, 1247, 14X1, 1515, 1589, 1771, 1795, 19X1, 1X95, 1EX7, 2231, 22E9, 2401, 2681, 2961, 2X91, 3279, 3649, 3829, 3955, 39X1, 3X61, 4121, 4379, 4511, 4641, 48E7, 5161, 51X7, 58X7, 5E85, 6161, 6181, 6349, 6401, 6661, 6E31, 6E61, 73X1, 7655, 7789, 8111, 8149, 81X1, 82E1, 9201, 9647, 9X21, 9E49, X255, X591, X847, XX01, E241, E2X9, E3X1, E501, E667, E889,
38: 9, 13, 39, 55, 99, X9, 15E, 211, 269, 283, 409, 459, 4X7, 521, 709, 723, 781, 939, E79, 1001, 1141, 1153, 1155, 1191, 1227, 1329, 1515, 1661, 1771, 20X9, 2321, 2399, 2455, 2681, 2821, 3089, 3769, 3945, 39X1, 3X69, 4269, 4301, 4X29, 5047, 51X7, 5497, 5731, 5E45, 6161, 6191, 6E31, 7061, 7217, 7677, 8009, 8529, 8E41, 9095, 9201, 9725, 9801, X109, X119, X761, X9X9, E159, E3X1, E921,
39: 4, 1X, 38, 64, E1, 191, 2XX, 304, 317, 341, 452, 537, 87E, 9X1, X85, XX2, 1001, 1037, 1117, 1191, 1227, 1237, 1247, 1444, 147X, 1701, 1771, 1925, 1XX1, 2081, 2401, 2947, 2X21, 3141, 354E, 37XX, 3945, 39X1, 3E41, 42E5, 4964, 4995, 51X7, 5501, 6367, 64E1, 6784, 79X4, 8111, 8481, 8E42, 8E5X, 9201, 9445, 9621, X48E, E667, EXEE,
3X: 9, 13, 39, E1, E9, 101, 177, 199, 245, 265, 2E3, 3X9, 469, 4X7, 4X9, 501, 537, 551, 671, 781, 909, 9X1, X93, E51, 1001, 1111, 1117, 1171, 119E, 1247, 1283, 1285, 1335, 1515, 1691, 1771, 1X29, 1X99, 2401, 2449, 250E, 2643, 2701, 2861, 3131, 32E7, 3419, 3461, 3611, 3X81, 4365, 4731, 4995, 5047, 51X7, 53E7, 5441, 5511, 5631, 5751, 5963, 5E59, 6161, 6239, 6481, 6569, 65E7, 66X7, 6E29, 7217, 725E, 752E, 7E17, 7E51, 7E57, 8009, 8111, 8481, 9181, 9191, 9201, 9801, X8E1, XX01, E039, E1E1, E241, E9E9,
3E: 3X, 55, 59, 71, 165, 197, 245, 249, 2E7, 341, 362, 3X9, 459, 4X7, 501, 561, 571, 60X, 629, 66X, 781, 819, 9XX, XE9, E55, E9X, 1001, 1037, 1117, 1381, 1515, 1701, 175X, 1771, 19X1, 1X29, 2257, 25X5, 2719, 3001, 31E1, 3489, 3777, 3795, 39X1, 4027, 51X7, 5501, 5511, 5875, 6081, 6161, 6661, 6X31, 7021, 7217, 74X9, 7E17, 89X9, 90E2, 9161, 9187, 9201, 9559, 9E29, X9X9, E191, E471,
40: 41, 77, 185, 197, 235, 2E7, 341, 451, 4X7, 561, 595, 781, 897, E51, 1001, 1071, 1117, 1141, 1381, 13EE, 1401, 1441, 1515, 1691, 1771, 1891, 1E47, 1EX7, 2701, 2901, 3001, 3255, 3267, 32E7, 353E, 3945, 39X1, 3X61, 3X81, 4301, 5171, 51X7, 5581, 5875, 5971, 6161, 6481, 7217, 7791, 8767, 8877, 9187, 9201, 9647, 9725, 9857, X347, X8E1, XX01, EXEE,
41: 4, 6, 8, 10, 13, 14, 20, 21, 40, 56, 63, 64, 124, 128, 174, 187, 1E0, 214, 231, 2E5, 303, 337, 354, 3X7, 3X9, 494, 4X7, 581, 634, 66X, 671, 757, 781, 7X0, 7E6, E93, 1081, 1117, 1271, 1441, 1444, 1515, 1532, 1551, 1691, 1928, 1957, 1X84, 1X91, 1EX7, 2751, 2961, 30E1, 32E7, 333X, 3581, 3585, 36X7, 3824, 3X61, 4274, 4607, 47X1, 4995, 5006, 5047, 57X5, 5934, 5E01, 6024, 6161, 6191, 6481, 6573, 6784, 6801, 6E61, 7217, 7294, 7366, 7694, 7791, 7970, 7XX9, 7E57, 8107, 8111, 81X1, 8863, 896E, 8XX1, 9051, 960X, 9725, 9819, 9886, XX01, E241, E667, E831, E995, E9X1, EE77,
42: 19, 41, 43, 9E, E1, 103, 173, 211, 259, 3X9, 451, 4X1, 561, 581, 595, 5E9, 657, 725, 8X9, E55, 1001, 11E5, 1221, 1227, 1277, 1543, 1545, 1691, 1771, 1891, 1X29, 1X95, 2321, 2375, 2901, 31E1, 3387, 39X1, 4551, 4559, 47X1, 4841, 51X7, 52E1, 5301, 5497, 5581, 5661, 6191, 74X9, 8111, 8579, 8951, 8E41, 9201, 9E29, X401, X761, XX01, E471, E667,
43: X, 21, 42, 55, 5X, 77, 127, 231, 317, 341, 651, 87E, E81, 1001, 1081, 1237, 1397, 1651, 1771, 1925, 223X, 28E5, 2X27, 31E1, 36X7, 3795, 3921, 39X1, 4201, 4X11, 51X7, 5287, 5597, 576X, 584X, 6161, 6481, 6E61, 7095, 7217, 789X, 792E, 7E57, 8111, 9201, 9521, 9955, X401, X587, X84E, E241, E631,
44: 43, 71, 113, 1X1, 3X9, 47E, 631, X61, X85, 1117, 1491, 1515, 1651, 1693, 1695, 1973, 1X29, 1E91, 2441, 250E, 2735, 2E93, 3797, 3881, 3945, 39X1, 4027, 4201, 4X11, 51X7, 53X5, 57X5, 589E, 5EX5, 6161, 6661, 7217, 764E, 7871, 8477, 8863, 9201, 9219, 9521, 9725, 9741, 9XX7, X131, XX91, XE8E, E241, E389, E701,
45: 4, 9, 22, 23, 24, 33, 39, 44, 55, 77, 99, 109, 1EX, 253, 264, 3X9, 409, 4X7, 66X, 724, 781, 991, X01, X85, E44, 1001, 1341, 1515, 1569, 1771, 17X7, 17E3, 1961, 1X91, 1E47, 1E7X, 2021, 2145, 2299, 2399, 2784, 2921, 30E1, 3461, 35X7, 3824, 3881, 39X1, 3X49, 3EE3, 4871, 4E84, 51X7, 5203, 5541, 5909, 5X83, 6161, 6661, 66X7, 6764, 6801, 6XE7, 7399, 7975, 8701, 8811, 9201, 9E05, X131, X6X1, E365, E372,
46: 47, 1X1, 245, 261, 281, 407, 551, 731, 781, 87E, 1001, 10X7, 1335, 1515, 1691, 1771, 17X7, 182E, 1EE1, 2401, 2431, 2441, 2X91, 30E1, 31E1, 363E, 39X1, 43X7, 4731, 4995, 51X7, 5301, 6161, 6941, 7891, 8535, 8611, 8761, 8E01, 9201, X337, XX01, E5X7,
47: 6, 9, 16, 19, 23, 46, 53, 77, 109, 139, 259, 269, 3X1, 4X1, 569, 717, 896, 977, X61, 1001, 10E9, 1691, 1771, 1X39, 2141, 2401, 2693, 3769, 3945, 3951, 39X1, 3X17, 41E1, 4731, 51X7, 57X5, 5901, 61E5, 6289, 7871, 7X69, 8009, 8805, 8E41, 9201, 9647, 9899, XX01, XX91, E141, E361, E471, EX37,
48: 13, 29, 47, 49, 7E, 119, 155, 187, 1E9, 297, 3X9, 411, 443, 4E7, 717, 731, 781, 937, X51, E59, EX1, 1117, 1171, 119E, 1501, 1515, 1993, 1X21, 1X91, 2081, 2091, 2621, 32E7, 3341, 3889, 4521, 4861, 4995, 6161, 6481, 64E1, 7217, 7X41, 7E13, 90E1, 9621, XX01, E149, E241, E361, E365, E921,
49: 4, 8, 12, 21, 24, 48, 55, X5, 101, 14E, 161, 231, 275, 317, 501, 505, 551, 6E5, 781, E35, 1111, 1117, 1227, 13E4, 1515, 1691, 1771, 1827, 1X21, 1X91, 2091, 2121, 2374, 2491, 250E, 3131, 3181, 38X5, 3945, 39X1, 4411, 44X5, 4791, 4X41, 5511, 5555, 5E85, 6161, 6E61, 7217, 7695, 77X4, 789X, 8111, 8421, 8977, 9201, 9521, 9697, X521,
4X: 49, E1, 129, 1E9, 245, 3X9, 47E, 4X7, 619, 781, 795, 7E1, X01, X85, 1001, 1117, 1241, 1771, 18X9, 1961, 19E9, 1E43, 1E45, 2231, 2425, 2433, 2643, 32E1, 35X7, 39X1, 4317, 43X7, 475E, 4847, 4995, 5091, 51X7, 5301, 6755, 6X43, 6E63, 7177, 7217, 7411, 7E57, 8611, 8701, 8805, 9149, 9201, 967E, 9725, 9E21, X591, XX21, E041, E117, E667,
4E: 13, 4X, 73, 101, 303, 317, 3X9, 459, 66X, 707, 781, 7E1, 87E, X85, E65, 1001, 1111, 119E, 1491, 1515, 1717, 1771, 1961, 2533, 2861, 2937, 3131, 32E7, 3395, 36EE, 3861, 3945, 39X1, 4365, 4871, 4995, 5055, 51X7, 56E1, 5X01, 5XE5, 6161, 6481, 6529, 6661, 66X3, 6831, 699X, 6EXE, 7401, 7622, 764E, 7871, 7E51, 8111, 8701, 8977, 8E81, 9201, X7X7, X9X9, XX01, XX21, E667, EE91,
50: 245, 2E7, 341, 47E, 561, 5X1, 1001, 1117, 1381, 1771, 1991, 1X91, 20EE, 2101, 2151, 2795, 2921, 3581, 3695, 3945, 39X1, 4027, 51X7, 51E1, 5901, 5E21, 6801, 7177, 7871, 7975, 8611, 8805, 9201, 9941, XE21, EXEE,
51: 4, 6, X, 10, 13, 18, 26, 44, 50, 77, 79, XX, 10E, 13X, 161, 245, 284, 297, 329, 3X9, 487, 556, 68X, 781, 891, X01, 1001, 1470, 1515, 1691, 1771, 18X7, 1E7X, 2091, 2151, 2425, 2477, 2643, 2795, 2798, 2E04, 3124, 31E1, 3951, 39X1, 3X61, 3E27, 4143, 4324, 44X5, 46X9, 4791, 5137, 51X7, 5475, 5875, 5901, 5E70, 6161, 6557, 6801, 736X, 7791, 7871, 8111, 9201, 9471, X347, E141, E525,
52: 9, 19, 39, 53, 77, 89, 133, 173, 215, 261, 2E7, 399, 3X9, 47E, 487, 4X7, 561, 5E9, 781, 891, 8X9, X85, 1001, 1289, 1515, 1545, 1709, 17E3, 1E47, 1EX7, 2283, 2285, 2491, 250E, 2795, 3001, 30X3, 3267, 3279, 34E9, 3511, 3695, 3859, 3945, 39X1, 3X61, 3E69, 4009, 4027, 5137, 51X7, 5743, 5951, 5EX5, 6161, 6801, 7695, 7871, 7891, 8009, 81X3, 8449, 8877, 9401, 9419, 9647, 9E05, 9E15, X409, X431, XX01, E827,
53: 52, 245, 341, 381, 4X7, 5X1, 781, 7E7, 9X1, 1195, 1247, 1515, 1551, 1E57, 2091, 216E, 2401, 2795, 2EX1, 31E1, 333X, 365E, 3945, 4027, 4171, 4567, 5301, 5441, 6161, 7871, 7E57, 81X1, 8601, 8805, 8E42, XX01, E241, E485, E667,
54: 9, 13, 19, 2E, 33, 39, 53, 55, 71, 77, 89, 99, E1, 109, 143, 165, 173, 187, 197, 1X9, 223, 245, 259, 303, 317, 31E, 341, 367, 3X9, 409, 459, 463, 47E, 4X7, 537, 539, 583, 5E9, 609, 671, 6E5, 723, 781, 845, 87E, 89E, 8X9, 959, 977, 9X1, X85, XE9, E55, E65, E93, 1001, 1049, 1117, 1129, 1199, 1227, 1247, 1309, 1409, 1515, 1545, 1691, 1771, 17E3, 18E3, 1991, 19X1, 1X03, 1X29, 1X91, 1X95, 1E47, 2105, 2135, 216E, 21XE, 2399, 2401, 2453, 2455, 250E, 2641, 2643, 2829, 2861, 2937, 298E, 2X21, 2E13, 2E19, 31E1, 3267, 3279, 32E7, 3311, 354E, 3609, 36EE, 3711, 3795, 3945, 39X1, 3X17, 3EE3, 4033, 4121, 4143, 4189, 4559, 4731, 4973, 4995, 4XX9, 5047, 51X7, 51E1, 5203, 52E1, 534E, 5357, 53E7, 5441, 5593, 5685, 5751, 57X5, 5875, 58X7, 5909, 5X89, 5E31, 6161, 6275, 6339, 6481, 6661, 6755, 6999, 7217, 7315, 74X9, 764E, 7871, 7975, 7X2E, 7E05, 7E51, 7E57, 8009, 8111, 81X3, 81EE, 834E, 837E, 8477, 8481, 84XE, 8611, 8709, 8767, 8805, 8863, 8951, 8977, 89XE, 9095, 9111, 9201, 9239, 9331, 9647, 9659, 9725, 9801, 9929, 9E29, X221, X347, X393, X409, X527, X9X9, XX01, XE37, E241, E3X1, E471, E667, E827, EX31, EXEE,
55: 4, 8, 14, 24, 28, 29, 54, 94, E1, 174, 201, 314, 367, 3X9, 4X7, 787, 87E, 977, 10X8, 1117, 1141, 1504, 1691, 1EX7, 2081, 21X9, 2597, 2784, 2E24, 3945, 39X1, 3X61, 4995, 51X7, 5629, 5751, 5814, 5815, 6221, 64E1, 6854, 68X7, 746X, 7791, 8805, 89XE, 8EX8, 9201, 9815, 9E24, X947, XX01, E029, E921,
56: 55, 77, 23E, 331, 341, 607, 781, 89E, X85, 1001, 1117, 1247, 1335, 1515, 1771, 1827, 19X1, 2401, 2597, 262E, 2861, 31E1, 3267, 3641, 39X1, 4035, 4741, 51X7, 53E7, 58X7, 6161, 6661, 68X7, 764E, 7E51, 8977, 9201, X061, E241, E525, EXEE,
57: 6, 1X, 29, 41, 43, 56, 71, 10X, 119, 137, 161, 281, 3X9, 451, 48X, 4X7, 66X, 731, 75X, 781, 911, X67, EX1, 1001, 1227, 1341, 1371, 1515, 1691, 1759, 1771, 19E9, 1X29, 2091, 2477, 24E1, 2786, 281E, 291X, 2X91, 3026, 32E7, 3431, 365E, 3829, 39X1, 4501, 4559, 4791, 4995, 4X11, 4X17, 5301, 5377, 5EE6, 6161, 6481, 6661, 6801, 68X9, 7217, 7651, 7677, 86X9, 8805, 8863, 8E81, 9201, 9275, 94E9, 9801, 9X21, X811, XX01, E415, E471, EXEE,
58: 21, 41, 59, 77, X5, E1, 135, 149, 161, 187, 231, 249, 261, 297, 331, 341, 411, 451, 571, 607, 651, 657, 6E9, 715, 859, 861, 8X1, 9X1, X67, X85, EE9, 1001, 1037, 1071, 1251, 1321, 1343, 1491, 1567, 1589, 1661, 16E1, 1771, 1X97, 1E11, 2091, 2401, 2477, 2813, 2815, 2871, 2X21, 2XX9, 3111, 3181, 3381, 3641, 39X1, 4027, 4379, 4481, 4521, 4561, 4791, 4929, 4XX9, 4EX9, 51X7, 5281, 5501, 5579, 6081, 6161, 6481, 6587, 6801, 6831, 6951, 6E61, 7007, 7217, 7479, 7481, 7891, 8229, 8481, 84E7, 8631, 8805, 896E, 89XE, 8E41, 9201, 9271, 9521, 96E1, 9801, 9819, 9987, X061, X2X1, E517, E791, E8E9,
59: 4, 2X, 2E, 58, 71, 77, 9E, E1, 187, 261, 417, 781, 977, E27, 1001, 1141, 14X7, 1515, 1567, 1691, 1771, 2105, 2147, 250E, 2871, 2981, 3381, 3695, 3X17, 4027, 4301, 4587, 51X7, 5EX5, 6161, 6587, 6661, 6X81, 764E, 7891, 82E2, 834E, 8951, 9201, 9835, X2E1, XX01, E224, E3X1, E471, EXEE,
5X: 59, 121, 159, 245, 275, 3X9, 47E, 4X7, 551, 629, 671, X01, X85, E41, E55, 1117, 11X9, 1335, 1691, 1729, 17E5, 1925, 1X29, 2425, 260E, 2643, 2X03, 2X05, 3581, 36X9, 3861, 3X49, 4389, 475E, 5471, 5501, 68E9, 7021, 7095, 7181, 7249, 7401, 7555, 7975, 89X9, 89XE, 9331, 9E29, XX91, E667,
5E: 9, X, 12, 13, 19, 2E, 39, 53, 5X, 89, 173, 223, 26X, 303, 3X9, 4X7, 723, 781, 977, 1001, 1141, 1247, 1341, 1415, 1515, 1691, 1771, 17E3, 1XX2, 2399, 2401, 2693, 3279, 3951, 39X1, 4301, 4731, 4973, 4X11, 5047, 51X7, 56E1, 576X, 5815, 5EX5, 6161, 6481, 6867, 7217, 7365, 77E9, 7E57, 7E63, 8009, 8049, 9201, 9725, X2E1, XXE3, E029, E141, E27X, E2XX,
60: 71, 215, 265, 317, 367, 551, 561, 671, 725, 781, 875, 977, X85, 1001, 1515, 1531, 1545, 1691, 1771, 1827, 2651, 2677, 26E1, 2EEE, 3001, 3061, 3711, 39X1, 3X61, 4X81, 51X7, 52E1, 6161, 6661, 7791, 8111, 81EE, 9201, 9621, X377, XX01, E241, E471, EX91,
61: 4, 6, 8, 9, 10, 16, 20, 30, 39, 55, 60, 93, 99, 135, 151, 197, 1E0, 239, 269, 341, 385, 3X9, 409, 4X7, 781, 859, X01, X65, E69, 1001, 1099, 1117, 1141, 1227, 1485, 1515, 1516, 1589, 1590, 1661, 175X, 1771, 1EX7, 2399, 2609, 2824, 2939, 3061, 31E1, 333X, 3769, 39X1, 3X61, 4143, 4204, 4301, 4481, 4895, 4X11, 51X7, 5301, 5873, 7367, 7X99, 8009, 8111, 81EE, 84E9, 8E41, 8E81, 9801, E4E5,
62: 13, 21, 63, 77, 127, 163, 231, 265, 2E7, 303, 367, 3X9, 561, 671, 773, 781, 977, X71, 1001, 1081, 1117, 1397, 1515, 1771, 26E1, 2795, 2937, 3001, 3203, 3267, 36X7, 3945, 3951, 39X1, 3X17, 4365, 44X5, 51X7, 6161, 6217, 6481, 7367, 7487, 7547, 764E, 7871, 7E57, 8111, 8333, 8877, 8913, 9201, E141, E241, E581, 
63: 62, 77, E1, 187, 197, 201, 2E7, 341, 4X7, 561, 755, 807, 891, 977, X85, E55, 1001, 10X1, 1117, 1247, 1381, 1491, 1691, 1765, 1771, 1E47, 20E1, 2401, 2861, 2877, 2X21, 3267, 3511, 3611, 3945, 39X1, 3X17, 4731, 4841, 4995, 4E9X, 51X7, 5357, 53E7, 5447, 58X7, 5E31, 6831, 7095, 7217, 7401, 7571, 7E51, 8017, 8055, 8767, 8877, 895E, 9187, 9201, 9647, X165, X587, X681, XX01, E415, E827, EXEE,
64: 13, 19, 21, 29, 2E, 47, 63, 65, 89, 119, 127, 173, 1X1, 1XE, 231, 281, 2E5, 379, 395, 3X9, 551, 589, 671, 781, 789, 803, 925, 961, 9X1, X43, X85, 1019, 1049, 1081, 1117, 1145, 13X9, 1515, 1691, 16E1, 1771, 1EE1, 20E9, 2105, 2401, 2441, 2455, 2735, 2861, 2X91, 31E1, 3279, 3413, 3415, 3945, 3955, 39X1, 4143, 4729, 4731, 4X11, 4X35, 5089, 53E7, 5441, 5721, 5E85, 6161, 6349, 6573, 6759, 6941, 6E61, 7217, 764E, 7871, 7XX1, 7E13, 7E51, 7E57, 8149, 8295, 8805, 9201, 9521, 95X9, 9X21, X4X9, XX49, XE49, E241, E985,
65: 4, 32, 33, 49, 55, 64, 187, 1E9, 4X7, 519, 689, 781, 977, X61, E59, 1117, 1515, 1691, 175X, 1871, 2189, 2401, 2643, 2824, 2E29, 31E1, 3381, 3421, 3795, 3889, 3945, 3951, 4501, 4565, 4731, 5X01, 6161, 62X1, 65E9, 7547, 7677, 9329, 9835, 9X75, EX45,
66: 65, 245, 281, 317, 3X1, 4X7, 605, 731, 87E, 89E, X01, 10X1, 1141, 1227, 1515, 1725, 1961, 2425, 250E, 2621, 2795, 3137, 35X7, 362E, 3631, 3955, 39X1, 4995, 51X7, 5231, 6161, 7871, 8111, 8977, 89XE, 9201, X2EE, X347, EE81,
67: 6, 13, 22, 33, 41, 55, 66, 77, 143, 211, 3X7, 3X9, 451, 781, E55, 1001, 1277, 1515, 162X, 1661, 1691, 1771, 1X29, 2321, 2533, 2901, 2E13, 3795, 3945, 39X1, 40E7, 4143, 4315, 4447, 4871, 4995, 51X7, 5497, 57X5, 5875, 6161, 6191, 6E41, 8477, 8601, 8805, 89XE, 8E41, 9045, 9201, 9647, 9725, 9815, 9E29, X335, X761, E233, E3X1, E667,
68: 9, 23, 41, 69, 121, 179, 211, 239, 341, 3X1, 3X9, 451, 4E3, 623, 859, 969, X99, 1001, 1071, 1117, 1277, 1299, 1589, 1771, 17E3, 1899, 1E09, 1E71, 1EX7, 2069, 20X1, 22X7, 2321, 31E1, 3751, 3853, 3855, 3945, 39X1, 3X61, 4143, 41E1, 44X5, 4639, 4945, 4961, 50X9, 51X7, 5497, 5EX5, 6191, 6541, 7181, 74X9, 7861, 8009, 8111, 8139, 9201, 9741, X761, E361, EX11, EXEE,
69: 4, 8, X, 14, 18, 24, 34, 44, 5X, 68, 71, 77, 94, X1, XX, 128, 13X, 151, 154, 174, 1E4, 1EX, 204, 264, 26X, 317, 354, 367, 374, 384, 434, 47E, 4X1, 4X7, 50X, 51X, 63X, 66X, 671, 685, 694, 724, 781, 814, 891, 8E4, 977, 9E7, X14, X85, E1X, 1001, 1117, 1154, 1224, 1227, 1288, 1515, 1545, 1551, 162X, 1661, 1691, 175X, 1771, 1834, 183X, 1924, 19E4, 1X91, 1X95, 1E47, 2025, 2134, 2207, 2244, 2354, 2614, 2648, 2824, 2937, 2X55, 2E5X, 30E4, 3124, 3267, 333X, 354E, 3711, 3774, 3824, 39X1, 3X17, 409X, 4121, 4331, 43X7, 4411, 4444, 446X, 4554, 46E5, 4894, 4931, 4X41, 4E9X, 5047, 5088, 516X, 51X7, 52E1, 55XX, 5685, 576X, 5934, 5951, 5EE4, 6161, 6268, 6457, 6661, 6784, 7024, 7217, 7294, 72E4, 7627, 7934, 7E57, 803X, 8111, 8158, 81X1, 81EE, 83X7, 8477, 8611, 87E1, 8954, 896E, 8977, 89XE, 8E41, 9201, 921E, 92X4, 95E1, 9647, 9697, 9801, X00X, X11X, X354, X967, XX01, XE28, E074, E241, E27X, E471, E484, E611, E667, E9E4, EE9X,
6X: 9, 21, 23, 39, 69, 77, 169, 189, 231, 299, 341, 367, 3X9, 459, 523, 561, 623, 651, 671, 781, 879, 87E, 941, 969, 977, 9E3, X71, X85, 1001, 1081, 1209, 1247, 1271, 1369, 1381, 1499, 1515, 1691, 1771, 17E3, 1821, 2269, 2401, 2553, 26E1, 3001, 32E7, 3729, 3847, 3939, 3945, 3X17, 3X83, 3X85, 4691, 4731, 4995, 51X7, 58X7, 5X01, 6161, 6481, 6599, 6E61, 7009, 7217, 7677, 7871, 8009, 8611, 8805, 8E53, 8E95, 9201, 9237, 9647, 9815, 9819, X151, X9X9, E241, E355, E581,
6E: 19, 55, 6X, 89, X3, E1, 151, 173, 1X1, 1X9, 1EE, 317, 385, 3X9, 495, 4X1, 4X7, 5E9, 6E5, 781, 789, 875, 959, X9X, 1001, 1049, 1117, 1311, 1515, 15X1, 1661, 1771, 1895, 190X, 1X91, 1EE1, 2441, 25X9, 2677, 2735, 2829, 28E5, 3279, 3381, 3951, 39X1, 4051, 4529, 4X59, 51X7, 5593, 5E31, 6161, 6355, 6589, 6661, 6941, 7547, 7871, 789X, 8111, 8459, 8611, 8863, 8E41, 9201, 9237, 9621, 9835, XX01, XE49, E141, E241, E649, E827,
70: 71, 2X7, 341, 4X7, 781, 787, 997, E27, 1515, 1545, 1551, 1885, 19X1, 2147, 2157, 2491, 3381, 3695, 3945, 4051, 40EE, 4171, 4201, 4691, 4X41, 5047, 52E1, 6161, 6755, 764E, 7X37, 8111, 8147, 83X7, 8477, 8951, 89XE, 8X77, 8E95, 95E1, 9835, XX01, E355, E471,
71: 4, 6, 10, 12, 19, 24, 36, 70, X9, 173, 197, 1E0, 211, 245, 341, 384, 463, 4X7, 551, 633, 8X9, 947, X43, E07, 1001, 1227, 1335, 1551, 1691, 1771, 1961, 1X29, 1X91, 1XEE, 2321, 2370, 2643, 2784, 2795, 2861, 298E, 3089, 333X, 35X7, 39X1, 4171, 4189, 4447, 44X5, 4977, 51X7, 5497, 56E1, 5784, 6191, 6529, 6541, 6784, 72X9, 7871, 7E51, 7E57, 7EE5, 8150, 8601, 8701, 8E41, 9201, 95X9, 9X57, 9E29, X2EE, X761, XX01, E667,
72: 13, 43, 55, 71, 73, 101, 165, 193, 275, 303, 317, 351, 3X9, 417, 4X7, 707, 781, X33, 1001, 1111, 1117, 1263, 1515, 1717, 1771, 1791, 1957, 1EE7, 2401, 3131, 3359, 3861, 39X1, 4343, 4345, 43E7, 4559, 5047, 51X7, 52E1, 5721, 6161, 643E, 6481, 6661, 6801, 7217, 7249, 7401, 8061, 8111, 8181, 8363, 8805, 9191, 9201, 9671, 9X57, XX01, E667, EX03, EXEE,
73: 72, 77, E1, 161, 187, 211, 281, 297, 335, 3X7, 411, 581, 731, 781, 787, 931, E65, EX1, 1001, 1227, 1451, 162X, 164E, 1771, 2081, 2091, 2235, 2321, 2477, 2491, 2861, 2X91, 31E1, 3387, 3945, 39X1, 43X7, 43E7, 4521, 4791, 47X1, 4X41, 503X, 51X7, 5497, 5841, 5875, 6191, 64E1, 6661, 7X41, 7E51, 8061, 8111, 8611, 8805, 8811, 89XE, 9201, 9647, 9835, 9X21, X041, X761, E117, E907, EEE2,
74: 73, 77, E1, 101, 161, 187, 1X3, 297, 311, 341, 411, 459, 781, 87E, 1001, 1111, 1117, 1227, 1515, 15E1, 1617, 1771, 19E9, 2091, 2477, 260E, 2981, 2X21, 3131, 3267, 3421, 365E, 39X1, 3X61, 4127, 4521, 4593, 4595, 4791, 51X7, 5301, 6161, 6789, 6837, 7401, 7575, 7871, 7EX1, 8181, 8601, 8805, 8863, 9201, 9641, 9801, X557, X681, X9X9, E1E1, E525, E7X1, EXEE,
75: 4, 8, 9, 13, 1X, 29, 38, 39, 47, 71, 74, 83, 109, 119, 121, 245, 281, 353, 3X9, 539, 723, 731, 781, 811, 911, 977, X01, X85, XE9, E55, 1001, 1269, 1515, 1569, 1617, 1691, 1759, 1771, 1881, 18E3, 1X29, 2361, 23X7, 2425, 250E, 2643, 2921, 2981, 2X91, 31E1, 3577, 39X1, 3X49, 3X61, 4143, 4495, 4549, 4567, 51X7, 5449, 6099, 6161, 6661, 6801, 7217, 7791, 7E13, 8009, 8391, 8805, 8921, 9201, 94E9, 9X21, 9E29, X471, X6X1, E09X, E321, E565, EX57,
76: 77, 43E, 4X7, 561, 6E5, 805, 1001, 1227, 1491, 1771, 1957, 1E47, 2401, 2877, 3775, 39X1, 482E, 4995, 4X41, 51X7, 6801, 6831, 7217, 7651, 7871, 8111, 8611, 8805, 9201, X2E1, E20E, E667, E701, E887,
77: 6, 9, X, 13, 16, 26, 39, 56, 59, 76, 97, 151, 153, 245, 249, 269, 303, 361, 3X9, 639, 723, 749, 977, X06, X85, 1099, 1227, 1237, 1515, 164E, 1691, 1779, 17E3, 18E3, 2399, 2491, 250E, 2643, 2769, 354E, 3769, 3945, 4049, 43X7, 5006, 5501, 5875, 6161, 73E1, 74X9, 7E57, 8009, 8111, 8229, 8585, 8611, 9256, 9521, X991, E611, EE95,
78: 19, 33, 55, 77, 79, 89, 161, 173, 1X9, 211, 245, 297, 317, 329, 3X7, 3X9, 463, 5E9, 6E5, 765, 781, 849, 89E, 931, 959, 981, E65, 1001, 1515, 15E7, 1691, 1771, 1X03, 21XE, 2231, 2321, 2401, 2477, 2643, 2829, 2861, 3279, 35E9, 36X1, 36EE, 3X61, 4189, 4501, 46X9, 4731, 4791, 4995, 4X93, 4X95, 4E51, 5149, 51X7, 5497, 5593, 6015, 6161, 6191, 7791, 7871, 7E51, 7E57, 8111, 81E5, 8863, 89XE, 9201, 9659, 9801, 9EX5, X041, X591, X761, XX01, E381, E501, EXEE,
79: 4, 21, 24, 3X, 78, 211, 22X, 231, 2E5, 362, 384, 561, 571, 601, 60X, 761, 781, 981, X71, E51, 1001, 1037, 1227, 1247, 14X1, 1515, 1701, 183X, 2231, 2321, 2401, 250E, 2605, 2701, 2X41, 2X84, 2E27, 2E91, 3001, 3165, 32X1, 3381, 3461, 39X1, 3X61, 3X81, 4431, 4447, 4467, 47X1, 4995, 4E51, 4E84, 5087, 51X7, 5501, 5X21, 6081, 6161, 6191, 6611, 6661, 6801, 6X6E, 6E41, 6E61, 7217, 7861, 7871, 8171, 820X, 8438, 8601, 8615, 9491, 9521, 9835, X587, X591, X761, X775, X8E1, XX01, E501, E581, EX77,
7X: 13, 49, 77, 79, 7E, X1, E1, 10E, 161, 187, 1E9, 245, 297, 303, 329, 3X9, 411, 459, 689, 749, 781, 87E, X85, E17, E59, 1001, 1033, 1237, 1503, 1515, 1771, 1855, 1881, 1925, 2091, 2207, 2413, 2477, 2627, 2727, 2X55, 31E1, 3359, 39X1, 3X35, 4137, 4143, 4331, 43X7, 4521, 46X9, 4791, 5087, 5143, 51X7, 5301, 5901, 5X01, 6015, 6161, 643E, 6451, 6457, 6661, 74X9, 7593, 8055, 8611, 9201, 9491, 9521, 9647, 967E, 9X75, X9X9, E241, E321,
7E: 77, 7X, E9, 245, 3X9, 46X, 47E, 51X, 787, X93, E17, 1117, 1141, 175X, 1771, 1881, 198E, 1E47, 1E91, 2101, 2449, 2643, 28E1, 31E1, 3267, 3695, 3945, 39X1, 3X81, 4143, 4935, 4E89, 5341, 56E5, 5963, 6481, 7895, 82X9, 9201, 9977, X443, X517, XX01, XE8E,
80: 55, 7E, E1, 331, 345, 487, 551, 691, 781, 891, 8X1, E55, 1001, 1097, 1515, 1641, 1661, 1691, 1771, 2075, 2375, 250E, 2795, 3301, 3641, 3795, 3917, 39X1, 51X1, 51X7, 5341, 53EE, 5401, 5481, 6161, 6557, 6X61, 73X1, 7571, 7835, 7871, 7977, 8601, 8611, 8805, 8E41, 9201, 967E, 96E1, X061, X847, XX01, EX45,
81: 4, 6, 8, 10, 14, 19, 20, 28, 40, 41, 56, 80, 89, 103, 128, 136, 173, 185, 245, 248, 331, 341, 354, 3X9, 451, 459, 463, 595, 66X, 671, 691, 740, 749, 750, 781, 7X0, 1001, 1071, 1117, 1226, 1227, 1515, 1691, 1771, 1880, 1925, 1X91, 1X97, 20X1, 250E, 2643, 2881, 298E, 31X8, 3279, 3641, 39X1, 3E37, 4189, 4588, 4787, 4847, 51X7, 5481, 6161, 6735, 73X1, 7404, 8489, 8611, 8805, 8921, 9201, 9310, 9725, X061, X354, X740, X847, X968, X9X9, E241, E529,
82: 9, 29, 39, 71, 83, 109, 119, 203, 317, 345, 3X9, 3E1, 539, 609, 709, 731, 74E, 781, 891, E55, EX1, 1141, 1515, 1545, 164E, 1691, 1759, 18X7, 1X29, 1X91, 2091, 20X9, 2109, 21X9, 2399, 2431, 2639, 2E39, 3431, 3E41, 4301, 43X7, 4559, 4931, 4995, 5231, 52E1, 5683, 5685, 5747, 5875, 6161, 6415, 6501, 6XX3, 77X9, 7871, 7E57, 8009, 8111, 8611, 8709, 8805, 9319, 94E9, 9517, 9621, 9E29, X009, X2E1, X959, XX01, E389, E471, E667,
83: 12, 21, 2E, 41, 55, 82, 101, 121, 127, 161, 185, 231, 261, 275, 451, 4X7, 505, 51X, 547, 595, 5X5, 781, 861, 9X5, X67, 1001, 108X, 1111, 1327, 1332, 1491, 1515, 1771, 1X15, 1X91, 2091, 2431, 2477, 2541, 2877, 2901, 2937, 2X05, 3131, 3181, 32E7, 39X1, 3EX1, 4027, 4141, 4641, 4791, 4961, 4995, 5047, 51X7, 534E, 5555, 5747, 5E85, 6161, 6481, 6831, 6E61, 7217, 7315, 7401, 7891, 8181, 8631, 8X61, 9201, 9271, X835, E075, EX9E,
84: 9, 29, 77, 83, 109, 197, 213, 317, 341, 3X9, 469, 4X7, 639, 671, 787, 869, 875, 1001, 1117, 1227, 1421, 1489, 1691, 1771, 17E3, 1885, 1E19, 1E47, 2491, 250E, 2749, 31E1, 3267, 3581, 3945, 3951, 39X1, 4017, 4143, 4325, 43X7, 4501, 4601, 4871, 4X41, 51X7, 5953, 5955, 6131, 6381, 651E, 6569, 68X9, 69E7, 7217, 74X9, 7547, 8009, 8011, 8111, 8437, 8611, 86X9, 8767, 8863, 8977, 9201, 9647, 9697, 9X21, XX01, E141, E353, E667, EXEE,
85: 4, X, 13, 18, 21, 42, 43, 63, 71, 77, 84, 127, 13X, 193, 197, 231, 245, 2E5, 341, 3X9, 417, 4X7, 561, 651, 749, 781, 8X3, 9X1, X61, X71, XE9, 1001, 1124, 1355, 1381, 1397, 13E8, 14X1, 14X7, 1515, 16E1, 1771, 19X1, 1E47, 1EX7, 207X, 2147, 2401, 2643, 2E37, 3001, 3161, 3421, 35XE, 36X7, 38E7, 39X1, 3X21, 3X61, 4559, 4587, 4995, 4X11, 5047, 51X7, 5301, 5441, 584X, 6161, 61E5, 6661, 6E61, 7217, 7871, 8438, 8767, 895E, 8985, 9181, 9201, 9641, 9647, X093, X467, XX01, E501, E581, E667,
86: E1, 361, 3X1, 47E, 4X7, 501, 787, X51, 1001, 1117, 1171, 1545, 1721, 1771, 2491, 2E91, 31E1, 3695, 3971, 39X1, 41E1, 4861, 51X7, 5511, 56E1, 5977, 602E, 6031, 60E7, 6161, 6801, 764E, 7E17, 7E57, 8111, 8585, 8805, 8X3E, 9201, 9621, 98E5, X347, X991, E361,
87: 6, 2X, 33, 43, 55, 56, 71, 77, 86, E1, 165, 187, 341, 3X1, 3X9, 473, 66X, 717, 749, 781, 891, X51, 1001, 1117, 1237, 139X, 1491, 14X7, 1515, 1771, 19X1, 20E1, 2795, 2X21, 2E37, 30X1, 3267, 3945, 39X1, 3XEX, 4121, 41E1, 4931, 4995, 51X7, 52E1, 5507, 57X5, 60E7, 6161, 6661, 6831, 7555, 7571, 7871, 7E95, 8111, 8951, 9201, 9725, X2E1, X531, E241, E361, EX11,
88: 13, 19, 2E, 89, 101, 173, 219, 331, 36E, 3X9, 429, 4X7, 501, 7E1, X89, 1049, 10E5, 1303, 1415, 1515, 1863, 1919, 1961, 2105, 2693, 3131, 3279, 3381, 3397, 35X7, 3951, 39X1, 3EE1, 4143, 4649, 470E, 5047, 51X7, 5229, 5EX9, 6161, 6289, 6313, 6315, 63X1, 63E9, 6661, 7115, 7401, 7E17, 8477, 8805, 9201, 9835, 9871, X061, X347, XX21, E995,
89: 4, 8, 22, 44, 88, 317, 341, 495, 607, 977, E55, 1155, 1175, 1227, 1247, 1287, 1491, 1691, 1961, 1X91, 2401, 2861, 3124, 3235, 3945, 46X1, 4731, 4808, 4895, 4E9X, 5447, 63X1, 6941, 6X77, 7217, 778E, 7E57, 8017, 8111, 92X4, X347, E4E5, EE91,
8X: 13, 19, 2E, 71, 89, E1, 173, 229, 259, 387, 3X9, 525, 781, 981, E19, E93, 1001, 1049, 1117, 1373, 1515, 1771, 1X91, 1XE5, 2063, 2105, 2201, 2231, 2E19, 2E91, 31X9, 3775, 3945, 39X1, 4143, 4973, 4E81, 51X7, 5685, 5875, 5X71, 6161, 6603, 6605, 6661, 6E33, 7217, 7451, 7749, 7871, 7E05, 8049, 8611, 8951, 8X31, 9201, 9E77, X2E1, X591, E471,
8E: 9, 21, 23, 39, 77, 8X, E1, 113, 169, 187, 1X1, 231, 317, 339, 3X9, 459, 4X7, 51X, 621, 781, 787, 7E5, 87E, 925, 96X, 981, 9E3, X85, E57, 1001, 108X, 1117, 1221, 1239, 1415, 1469, 1491, 1515, 15E7, 1771, 17E3, 1881, 1942, 1X9X, 1E11, 1E47, 1EE1, 2069, 2231, 2269, 2331, 2399, 2401, 2441, 2491, 277X, 2877, 31E1, 3267, 3391, 3939, 3951, 39X1, 4027, 4317, 4365, 4432, 4X11, 500E, 51X7, 534E, 5541, 56EX, 5E69, 6161, 61E5, 6481, 6831, 6941, 6X99, 6E61, 7035, 7547, 7677, 7871, 7881, 795X, 7E57, 8009, 8111, 8611, 8669, 8805, 8977, 89XE, 8E42, 9139, 9201, 9937, X409, X591, X6E5, X9X9, XX01, E141, EX53,
90: 77, 245, 2E7, 395, 4X7, 537, 561, 621, 781, 947, 9X1, E57, 1001, 1117, 1247, 1491, 1515, 1551, 1691, 1771, 1925, 1E47, 1EX7, 2201, 2401, 2877, 3001, 31E1, 3267, 39X1, 3X21, 3X61, 4597, 4731, 4995, 51X7, 5441, 58X7, 6161, 6831, 68EE, 6901, 6991, 7217, 764E, 7791, 8017, 8877, 8X31, 9201, 9331, 9647, 9E77, X1E7, XX01, E501,
91: 4, 6, 9, 10, 13, 16, 23, 24, 29, 30, 39, 46, 47, 55, 83, 90, 99, E3, 119, 136, 209, 245, 269, 281, 2E7, 2E9, 303, 353, 3X9, 409, 561, 723, 731, 781, 790, 7E6, 947, 949, 977, X39, X85, E55, E93, 1001, 1117, 1271, 12X9, 13X4, 13X5, 1515, 1551, 1590, 1661, 1691, 1771, 17E3, 18E3, 1X29, 1X91, 1E37, 2299, 2391, 2399, 23X7, 2430, 2469, 2533, 2643, 2X91, 3001, 3515, 3531, 3769, 3795, 39X1, 3X61, 3E90, 4490, 4871, 4E61, 51X7, 5X30, 6161, 6187, 6369, 6583, 6991, 7069, 7217, 72X1, 7791, 7871, 7E13, 8009, 8805, 8863, 8889, 8E41, 9201, 9304, 9E29, X2E1, X587, XX01, XX15, E183, E209, E353, E667, EX99,
92: 93, 197, 201, 233, 341, 4X7, 537, 977, 9X1, X85, 1001, 1117, 1237, 1247, 1589, 1691, 1771, 1961, 2391, 2401, 3381, 35X7, 39X1, 4379, 4731, 51X7, 5301, 6481, 6X77, 7003, 7217, 8701, 89XE, 9201, 9857, X2E1, X347, XX01, EXEE,
93: X, 1X, 2E, 47, 65, 92, 13X, 215, 281, 361, 452, 561, 66X, 731, 781, 1001, 1227, 1515, 1771, 1X91, 2105, 216E, 2455, 2875, 2X91, 3001, 31E1, 3395, 3695, 3951, 3955, 3971, 39X1, 4447, 44X5, 4601, 4731, 4995, 4X11, 4E75, 51X7, 6161, 6661, 7217, 7871, 8585, 8761, 9201, 9562, 9801, 9X21, 9E21, E141, E667,
94: 55, 93, X1, 135, 243, 341, 3X9, 3E1, 4X7, 685, 749, 781, 859, X25, X85, 1141, 1237, 1485, 1515, 1551, 1589, 1X91, 1X95, 2207, 2505, 250E, 2X55, 3945, 4027, 4143, 4171, 4301, 4331, 4379, 4787, 4895, 4995, 5EX5, 6161, 7313, 7315, 7933, X493, X587, XX01, E4E5,
95: 4, 8, 12, 14, 19, 24, 44, 48, 49, 77, 89, 94, E1, 128, 154, 173, 187, 1E9, 1EX, 264, 293, 317, 354, 3X9, 434, 459, 475, 47E, 5E9, 781, 891, 8X9, X14, E59, 1001, 108X, 1117, 1247, 1503, 1515, 1545, 1721, 1771, 192E, 2105, 2364, 23X8, 2401, 2652, 2861, 3073, 3267, 3279, 3381, 3841, 393X, 39X1, 4021, 4027, 4143, 516X, 51X7, 53E7, 5593, 5621, 58X7, 5901, 5E57, 6161, 6481, 6494, 65E9, 7217, 74X9, 7557, 7571, 764E, 7E51, 8055, 8111, 8174, 81X3, 8267, 8805, 8977, 8X3E, 9201, 9214, 92X4, 92E9, 9329, 9725, X9X9, XX91, E074, E921,
96: 77, 97, 151, 3E1, 571, 781, X47, E01, 1037, 1141, 1227, 1515, 1545, 1607, 1661, 1691, 1701, 1771, 1X91, 1E47, 2357, 2795, 2821, 2E27, 32E7, 3381, 39X1, 3X17, 4021, 4301, 5047, 5051, 5501, 6081, 6161, 6481, 7557, 762E, 7631, 7651, 7707, 7871, 8111, 8801, 8805, 8E41, 9201, 9621, 9647, 9725, X2EE, X641, XE31, EE11,
97: 6, 32, 49, 56, 73, 96, E1, 351, 39E, 3X9, 4X7, 681, 689, 787, E55, E59, 1001, 1771, 1X29, 1X91, 2455, 2491, 3311, 3611, 3861, 3889, 39E1, 4201, 4XX2, 51X7, 52E1, 6641, 7095, 7217, 7707, 8111, 8147, 8805, 8951, 9201, 9331, 9725, 9857, 9E29, EXEE,
98: 9, 13, 33, 39, 41, 55, 59, 77, 97, 99, 143, 153, 20E, 245, 249, 261, 3X9, 409, 451, 571, 629, 723, 749, 781, X47, 1001, 1037, 1157, 1341, 1683, 1701, 1771, 1X09, 1X29, 1EX7, 20X1, 2101, 2533, 2643, 2719, 28E1, 3317, 3581, 3795, 3945, 39X1, 3X61, 3EE3, 4143, 4995, 51X7, 5501, 5875, 6081, 7871, 7891, 7895, 7953, 7X31, 7E57, 89X9, 9201, 9647, X481, E241, E389, E667,
99: 4, 41, 4X, 98, 101, 135, 551, 681, 755, 961, EX7, 1071, 1117, 1157, 1241, 1515, 175X, 19X1, 1X91, 2401, 250E, 3111, 3131, 31E1, 32E7, 39X1, 3E65, 4141, 51X7, 5301, 5441, 5E21, 6161, 6481, 6661, 6E21, 7177, 7217, 7271, 7401, 7411, 7871, 7X31, 7E57, 9067, 9191, 9201, 9681, X681, XX85, E365, E721,
9X: 9, 19, 21, 33, 39, 43, 53, 55, 71, 77, 89, 99, 9E, X1, 109, 161, 165, 169, 173, 1X9, 231, 259, 297, 2E5, 379, 381, 3X9, 409, 459, 473, 4X7, 539, 583, 5E9, 6E5, 741, 753, 781, 787, 959, X8E, 1001, 1049, 1117, 1177, 1199, 1289, 14X7, 1515, 1579, 1741, 1771, 1839, 1E47, 2091, 2207, 2269, 2477, 2491, 2829, 2861, 2X55, 2X99, 2E37, 2E93, 3181, 3245, 3267, 3279, 36X3, 3939, 39X1, 3E49, 4029, 4235, 4331, 4791, 4995, 51X7, 51E9, 52E1, 539E, 53E7, 5591, 5909, 6161, 6457, 6661, 6929, 6999, 6E61, 70X5, 7217, 7651, 7E05, 7E51, 8009, 8083, 8085, 8111, 8611, 8631, 9201, 9659, 9819, X6X7, X779, X811, X9X9, XX01, E631, E667,
9E: 13, 9X, 129, 207, 265, 317, 341, 345, 47E, 619, 671, 749, 891, X85, 1117, 1129, 136X, 1545, 1691, 175X, 1X29, 1EX7, 2091, 20E1, 2433, 2861, 31E1, 3359, 3752, 3X61, 4025, 4121, 43X7, 5275, 5361, 53E7, 548X, 56E1, 6161, 6451, 6X43, 7177, 7411, 7589, 7791, 789X, 8111, 8611, 9149, 9521, 9E29, E241, E3X1, E667, 
X0: 65, 77, 9E, X1, 137, 245, 4X1, 4X7, 5X7, 911, X85, XE1, 1001, 1235, 14X7, 1771, 1X91, 1E47, 2207, 2X55, 2E37, 3381, 39X1, 3X61, 4331, 44X5, 4631, 4637, 4E61, 51X7, 6457, 7217, 764E, 83EE, 84X1, 8E41, 9201, 9391, 9X21, X255, X431,
X1: 4, 6, 8, X, 10, 13, 18, 20, 24, 26, 34, 50, 5X, 64, 77, X0, E1, 104, 133, 13X, 187, 197, 1E0, 1E4, 215, 248, 26X, 2E7, 303, 341, 384, 459, 4X7, 51X, 534, 561, 643, 724, 750, 781, 7X0, 807, 87E, 8E4, 92X, X34, 1001, 1036, 1117, 1227, 1288, 1381, 1444, 1470, 1515, 1545, 15EX, 1691, 1764, 1771, 19X1, 19E4, 1X91, 1E47, 2264, 2795, 2798, 2937, 2X21, 2X74, 2E01, 2EX0, 3001, 30X3, 30E4, 3267, 3774, 3824, 39X1, 409X, 4637, 4679, 4841, 488X, 5047, 51X7, 5357, 5743, 576X, 5EE4, 6161, 6184, 6661, 6784, 6X8X, 7217, 72E4, 746X, 7651, 7871, 84X1, 8767, 8805, 8863, 8877, 90E6, 9187, 9201, 9647, 9801, X2EE, X9X9, XX01, E226, E484, E620, EXEE,
X2: 29, 55, X1, X3, E1, 119, 151, 197, 211, 245, 263, 281, 2E9, 317, 341, 385, 3X9, 425, 4X7, 581, 5X7, 671, 731, 749, 781, 7E5, 89E, 949, XE1, E07, 1001, 119E, 1237, 12X9, 13E7, 1451, 14E7, 1515, 1661, 1691, 1771, 1881, 19E1, 2081, 2207, 2321, 2643, 2711, 2761, 2X21, 2X55, 2X91, 3017, 31E1, 32E7, 3387, 39X1, 3X07, 3XE9, 4365, 4389, 43X7, 4459, 4481, 4501, 4675, 4847, 4XX1, 4E61, 5141, 51X7, 5497, 5525, 5751, 5X01, 6161, 6191, 64E1, 6541, 69E7, 7217, 7315, 7581, 764E, 7X41, 8111, 82E1, 8617, 86X9, 8743, 8745, 87E1, 8805, 8827, 8863, 8977, 89XE, 8E41, 9201, 9391, 97X7, 9811, X219, X587, X7X1, E241, E281, E3X9,
X3: 71, X2, 161, 211, 215, 245, 2E7, 311, 47E, 4X7, 561, 725, 781, 931, X61, 1001, 1117, 14E7, 1515, 1627, 1691, 175X, 1771, 1961, 2091, 216E, 2321, 2477, 2761, 3001, 3185, 31E1, 333X, 3421, 35X7, 365E, 4465, 4791, 47X1, 51X7, 5301, 5497, 6161, 6191, 6317, 6661, 77E1, 7871, 8611, 8701, 8805, 8827, 89XE, 89E1, 8E81, 9201, 9801, X041, X761, X811, E415, E471, E485, E667, E7X5,
X4: 13, 21, 63, X1, X3, X5, 127, 151, 231, 273, 317, 3X9, 433, 715, 781, 92E, 9E7, E55, 1001, 1081, 1515, 1661, 1895, 1943, 1X29, 2135, 2X55, 2E71, 353E, 39X1, 4331, 4871, 4EX9, 51X7, 534E, 6161, 6573, 6E61, 7217, 7219, 7X2E, 8805, 89XE, 89E1, 8X93, 8E41, 9521, 9929, 9E29, X101, XX01, E241,
X5: 4, 9, 19, 52, 53, 64, 79, 99, X4, E1, 161, 173, 1X9, 1E3, 245, 341, 3X9, 411, 463, 47E, 551, 5E9, 6E5, 849, 87E, 8X9, X43, X85, 1001, 1117, 1169, 119E, 1247, 1335, 1444, 1545, 1769, 1771, 17E3, 1961, 1X29, 1E04, 216E, 2249, 2401, 2477, 260E, 2643, 2795, 2829, 2X21, 2E91, 3169, 31E1, 32E7, 333X, 3397, 3437, 38X5, 3945, 39X1, 4143, 4189, 4365, 4389, 4521, 4631, 4791, 4995, 51X7, 5431, 5875, 62X1, 63E9, 643E, 6481, 6784, 7379, 74X9, 752E, 7593, 7651, 7871, 7E64, 8009, 8111, 81X3, 8701, 8805, 89XE, 9147, 9201, 941E, 9521, 95X9, X347, E0EE, E20E, EXEE,
X6: 21, X5, 187, 231, 245, 337, 44E, 715, 781, X85, E57, 1117, 1355, 1491, 1515, 1661, 1X07, 2141, 2401, 2455, 31E1, 3421, 36X7, 534E, 6161, 61E5, 62X1, 6E61, 7217, 7E57, 8E41, 9147, 922E, 9317, 9621, X101, X431, X921, XX01, E667, EX37, EXEE, EEE1,
X7: 6, 9, 12, 16, 19, 36, 39, 53, 77, 89, X6, 109, 173, 261, 317, 3X9, 459, 4X7, 5E9, 781, 869, 1001, 1049, 1117, 1421, 1515, 1691, 1771, 1X29, 1X91, 1E47, 2026, 2105, 2749, 3267, 3279, 3531, 39X1, 4143, 4801, 4EX1, 51X1, 51X7, 5593, 6161, 6661, 7217, 7891, 8009, 8111, 83X9, 8499, 9201, 9317, X9X9, E016, E029, E365,
X8: 41, X9, 101, 211, 245, 279, 3X9, 3E1, 451, 459, 551, 621, 781, 977, 1001, 1111, 1129, 1141, 1227, 1277, 1329, 1335, 1447, 1491, 1515, 1691, 1771, 1957, 1X91, 21E9, 2321, 2401, 2513, 2641, 2643, 2651, 2861, 2901, 3131, 31E1, 3381, 3727, 3861, 3951, 39X1, 4141, 4301, 4731, 47X1, 4995, 4X11, 4XX9, 5051, 505E, 51X7, 5447, 5497, 5E31, 6161, 6191, 6489, 6661, 6801, 6831, 6X01, 6X03, 7401, 74X9, 7E51, 7E57, 8111, 8181, 8267, 8477, 8529, 9059, 9111, 9191, 9201, 9593, 9595, 9681, 9801, 9835, X761, X901, X9X9, XX01, E141, E667,
X9: 4, 8, 14, 28, 41, 54, 55, 77, X4, X8, 161, 1X1, 297, 354, 451, 495, 555, 634, 708, 781, X67, X85, 1001, 1194, 1221, 1304, 1447, 1515, 1771, 1X91, 1X95, 1EE1, 2091, 20X1, 216E, 2237, 2441, 2477, 2641, 2651, 2727, 2901, 3381, 3945, 39X1, 40X1, 4228, 4551, 4791, 4854, 4995, 5014, 51X7, 5581, 56E1, 5XX5, 5E47, 6067, 6161, 6801, 6941, 7315, 7481, 7621, 7881, 837E, 87E7, 8805, 9201, 9647, 9681, 9801, 9857, 9X22, X177, XX01, E241, E517, E701,
XX: X1, X9, 161, 211, 289, 381, 3X9, 931, 977, X01, E55, 1329, 1691, 1X29, 2207, 2237, 2455, 2477, 2X55, 3315, 3351, 39X1, 4027, 4143, 4331, 4791, 4995, 51X7, 5497, 5E47, 6481, 6719, 6801, 7217, 72X9, 8E01, 9201, 920E, 9857, 9943, 9E29, X761, XX01, E701, EX9E,
XE: X, 13, 22, 29, 33, 47, 55, 77, XX, EE, 119, 13X, 143, 201, 281, 2E9, 3X9, 459, 47E, 4E7, 731, 781, X85, E02, 1001, 1117, 1129, 1141, 12X9, 1515, 1545, 175X, 1771, 1X29, 21X9, 250E, 2X91, 31E1, 3267, 3351, 3577, 3795, 3945, 39X1, 4301, 4847, 51X7, 5629, 6127, 6161, 764E, 7E13, 7E57, 8111, 8761, 89XE, 8E01, 9201, 9X22, X9X9, XX01, XX55, EE9X,
E0: 21, 71, E1, 151, 231, 2E5, 475, 487, 4X1, 4X7, 645, 715, 781, 891, 897, 1001, 1097, 1385, 1441, 14X1, 1515, 1535, 1661, 1771, 192E, 1E11, 1EX7, 2025, 2401, 2425, 2751, 27X1, 2861, 31X5, 31E1, 32E7, 39X1, 3X61, 4931, 4X11, 51X7, 52E1, 5E85, 6161, 6481, 6661, 6E61, 7217, 7251, 7571, 7871, 7E05, 7E51, 8805, 8841, 8951, 89XE, 8XX1, 8E41, 9031, 9201, 9X75, X0EE, X101, X1E1, E501, E545, E611,
E1: 4, 6, 10, 1X, 29, 38, 44, 56, E0, 101, 119, 149, 186, 1E0, 1EX, 215, 317, 3X9, 459, 515, 561, 607, 66X, 679, 6E9, 74X, 781, 891, X85, 1035, 1084, 1111, 11E9, 1227, 1343, 1441, 1515, 1545, 1696, 2171, 2491, 2929, 3001, 3124, 3131, 32E7, 3459, 3511, 3531, 354E, 3695, 3917, 3945, 3X61, 3E41, 4143, 44X4, 4679, 4706, 4929, 5151, 516X, 5231, 5589, 599X, 59X9, 6161, 6481, 66E0, 699X, 7027, 7119, 7301, 77X9, 789X, 804X, 8111, 8181, 81EE, 84XE, 9521, 9815, X1E1, X9X9, E8E9,
E2: 9, 13, 19, 23, 2E, 39, 49, 53, 77, 7E, 89, E1, E3, 109, 123, 139, 173, 187, 1E9, 201, 223, 293, 341, 369, 3X1, 3X9, 475, 5E3, 669, 689, 717, 723, 781, 839, 9E3, X51, E17, E59, 1001, 1049, 1109, 1117, 11X3, 1227, 1515, 1599, 1609, 1691, 1771, 1881, 192E, 19X1, 1X27, 20E3, 2105, 2399, 2627, 2X21, 3267, 3279, 3531, 3569, 3951, 39X1, 4143, 41E1, 4995, 4XX1, 5037, 5069, 60E7, 6161, 61E5, 6661, 6X25, 7547, 77E9, 8009, 8611, 9201, 9329, 9369, 9649, 9659, 9801, 9951, X239, X2E1, X483, X577, XX01, E141, E321, E361, EX11,
E3: E2, 165, 211, 2E7, 331, 3X1, 561, 66X, 7XE, X85, E17, 1001, 1117, 119E, 1221, 1627, 1771, 1801, 1881, 1E71, 2321, 2447, 2861, 2957, 3091, 31E1, 32E7, 3641, 39X1, 41E1, 47X1, 51X7, 5335, 53E7, 5497, 5661, 5665, 5847, 5875, 6191, 6481, 6801, 6X91, 75X1, 7871, 7E51, 7E57, 8101, 8611, 8805, 8X67, 9201, 9861, 9X22, X061, X347, X577, X587, X761, E361, E807, E921,
E4: 9, 13, 23, 39, E3, 1X1, 211, 2X3, 2E7, 303, 339, 469, 491, 4X7, 561, 723, 869, 1001, 1015, 1117, 1233, 1247, 1269, 1299, 1469, 1627, 1771, 17E3, 1999, 1EE1, 2183, 2321, 2399, 2401, 2441, 2749, 2761, 2795, 2937, 3699, 39X1, 4251, 4847, 4XX9, 5047, 51X1, 51X7, 5223, 5497, 5955, 6161, 6191, 7647, 7871, 8009, 8863, 8921, 9109, 9139, 9201, 9239, 9431, 9517, 9801, 9X15, X347, X761, X853, X855, E241,
E5: 4, 8, 24, 2X, 43, 58, 59, 71, E4, 104, 17X, 197, 204, 249, 287, 341, 367, 384, 3X9, 434, 459, 4X1, 4X7, 551, 571, 5X1, 671, 674, 724, 781, 787, 819, 88X, 977, X48, X85, E1X, 1001, 1037, 1117, 1224, 1515, 152X, 15E4, 1661, 1691, 1701, 1771, 183X, 19X1, 1X74, 2021, 2119, 25X5, 2795, 2824, 2XE4, 2E93, 3044, 31E1, 3334, 3489, 3711, 3951, 39X1, 4143, 4197, 4481, 4917, 4974, 4XX9, 4E9X, 511X, 51X7, 5501, 5521, 5737, 58E4, 6081, 6161, 6304, 6661, 6747, 6784, 7021, 7547, 7871, 7X97, 7E48, 8229, 8457, 864X, 8E41, 9201, 9331, 94E1, 9801, 9815, X07X, X9X9, XX01, XE37, E141, E241, E484,
E6: 55, 197, 341, 367, 491, 4X7, 671, 691, 781, 977, X21, 1001, 1045, 1117, 1421, 1515, 1691, 1721, 1771, 19X1, 1EX7, 2255, 2E87, 3945, 3X61, 4X11, 51X1, 51X7, 5287, 5301, 5541, 5X57, 6161, 643E, 6661, 6E31, 7217, 73X1, 7791, 7871, 81X1, 82X7, 9201, 9521, X347, X847, XX01, XE37, E02E, E031, E241,
E7: 6, 13, 19, 2E, 3X, 59, 77, 89, 97, E6, 115, 173, 186, 245, 249, 303, 317, 343, 3X9, 41X, 463, 4X7, 571, 5E9, 60X, 74X, 781, 89E, X47, X85, 1001, 1037, 1112, 119E, 1227, 1493, 1515, 1701, 1771, 1X29, 1E47, 2031, 20X9, 2249, 2643, 2795, 2X7E, 3279, 32E7, 3461, 354E, 3907, 39X1, 4017, 4189, 4365, 5047, 51X7, 5501, 5579, 5593, 6081, 6161, 6481, 66X7, 6801, 68X7, 726X, 778E, 7871, 8111, 8863, 9055, 9201, 9647, X2EE, XX01, E241, E949, EXEE,
E8: E9, 187, 245, 2X9, 341, 3X9, 87E, X93, XE9, 1067, 1415, 1479, 1641, 1691, 1881, 1961, 2449, 2643, 353E, 3613, 3907, 3945, 3951, 3X81, 4129, 4143, 4847, 4XX1, 55X1, 5963, 6289, 7217, 7871, 7997, 82X9, 8805, 8811, 8863, 8951, 9857, X347, E413, E415, E511, E667,
E9: 4, X, 12, 18, 24, 2E, 5X, E1, E8, 257, 317, 355, 4X7, 551, 781, 782, 1001, 1117, 1237, 1515, 1531, 1532, 1771, 1827, 1X91, 2231, 2401, 2937, 3421, 39X1, 3XX1, 4017, 4261, 4317, 43X7, 4787, 4995, 4X81, 51X7, 534E, 6024, 6161, 6481, 7217, 7651, 7E57, 8111, 8611, 9201, 99X1, X591, X921, E511, E667,
EX: 29, 33, 55, 77, E9, EE, 119, 135, 281, 2E9, 341, 371, 395, 3X9, 42E, 47E, 4X9, 731, 781, 859, 977, 9X1, X85, X93, E51, 1001, 1089, 1117, 1271, 12X9, 1485, 1515, 1589, 15E5, 1691, 1771, 1X29, 1EX7, 20E9, 2117, 2401, 2449, 2701, 281E, 2X91, 3029, 3267, 3649, 3695, 3795, 39X1, 3X17, 3X61, 3X81, 3E01, 4125, 4143, 4379, 4731, 4741, 4895, 4E89, 51X7, 5231, 5379, 5441, 6161, 6417, 6801, 68XE, 6E29, 7337, 7677, 7791, 7E57, 82X9, 82E1, 8X89, 9201, 9229, 9647, X431, X4X9, X8E1, E0X1, E4E5, E501, E803, E805,
EE: 9, 21, 39, EX, 159, 169, 453, 749, X71, X85, 1081, 1129, 1225, 1247, 1515, 1531, 1691, 1X91, 1X95, 2169, 2269, 2401, 250E, 26E1, 2721, 2861, 3001, 30E9, 31E1, 3939, 39X1, 3E01, 43X7, 4731, 4787, 4995, 4X81, 51X7, 5275, 5875, 5E01, 6161, 6255, 7217, 8009, 837E, 8609, 8611, 8805, 9201, 9X22, 9X9E, X799, XX01, E241, E887,
100: 47, 55, 77, E1, EE, 101, 187, 227, 275, 281, 311, 4X7, 4E7, 707, 731, 777, 781, 805, 811, 977, X61, E0E, E55, 1001, 1111, 1117, 1217, 1221, 1361, 1515, 1551, 15E1, 1691, 1717, 1771, 1887, 1905, 1E47, 2081, 2361, 23X7, 2497, 250E, 2X91, 3131, 3267, 3421, 3577, 3611, 365E, 3795, 3861, 39X1, 3X17, 3XE1, 3E71, 4297, 4EE5, 4EE7, 5047, 51X7, 5301, 6161, 64E1, 6661, 7217, 7401, 7575, 7677, 7777, 7871, 7881, 7X41, 8111, 8181, 8327, 8611, 8761, 8805, 8921, 9201, 9647, 9X21, X471, X921, XX01, E087, E1E1, E365, EX37, EEEE,
