1: 0,
2: 0, 1,
3: 0, 1, 2,
4: 0, 1, 2, 3,
5: 0, 1, 2, 3, 4,
6: 0, 1, 2, 3, 4, 5,
7: 0, 1, 2, 3, 4, 5, 6,
8: 0, 1, 2, 3, 5, 7,
9: 0, 1, 2, 3, 4, 5, 6, 7, 8,
X: 0, 1, 2, 3, 4, 5, 6, 7, 8, 9,
E: 0, 1, 2, 3, 5, 8, X,
10: 0, 1, 2, 3, 4, 5, 7, 8, 9, X, E,
11: 0, 1, 2, 3, 5, 8, X, E, 10,
12: 0, 1, 2, 3, 4, 5, 6, 7, 8, 9, X, E, 10, 11,
13: 0, 1, 2, 3, 4, 5, 6, 7, 8, 9, X, E, 10, 11, 12,
14: 0, 1, 2, 3, 5, 7, 8, 9, E, 11, 13,
15: 0, 1, 2, 3, 4, 5, 8, 9, 10, 11, 12, 13, 14,
16: 0, 1, 2, 3, 5, 8, X, 11, 13, 14, 15,
17: 0, 1, 2, 3, 5, 8, E, 11, 13, 14, 15, 16,
18: 0, 1, 2, 3, 4, 5, 6, 7, 8, 9, X, E, 10, 11, 12, 13, 14, 15, 16, 17,
19: 0, 1, 2, 3, 5, 8, 11, 16, 18,
1X: 0, 1, 2, 3, 5, 8, X, E, 10, 11, 12, 14, 17, 19,
1E: 0, 1, 2, 3, 5, 6, 8, 9, X, E, 10, 11, 12, 13, 15, 16, 18, 19, 1X,
20: 0, 1, 2, 3, 5, 7, 8, X, 11, 14, 15, 19, 1E,
21: 0, 1, 2, 3, 4, 5, 6, 7, 8, 9, X, E, 10, 11, 12, 13, 14, 15, 16, 17, 18, 19, 1X, 1E, 20,
22: 0, 1, 2, 3, 5, 8, X, E, 10, 11, 12, 13, 14, 16, 19, 1E, 20, 21,
23: 0, 1, 2, 3, 4, 5, 6, 7, 8, 9, X, E, 10, 11, 12, 13, 14, 15, 16, 17, 18, 19, 1X, 1E, 20, 21, 22,
24: 0, 1, 2, 3, 4, 5, 6, 7, 8, 9, E, 11, 13, 15, 18, 19, 1X, 20, 21, 22, 23,
25: 0, 1, 2, 3, 5, 8, 11, 19, 22, 24,
26: 0, 1, 2, 3, 4, 5, 6, 7, 8, 9, X, E, 10, 11, 12, 13, 14, 15, 16, 17, 18, 19, 1X, 1E, 20, 21, 22, 23, 24, 25,
27: 0, 1, 2, 3, 5, 7, 8, X, E, 11, 14, 18, 19, 1E, 20, 22, 23, 24, 26,
28: 0, 1, 2, 3, 5, 7, 8, 9, E, 11, 13, 14, 15, 17, 19, 1E, 20, 21, 23, 25, 27,
29: 0, 1, 2, 3, 5, 8, X, E, 10, 11, 12, 14, 17, 19, 1X, 1E, 21, 26, 28,
2X: 0, 1, 2, 3, 5, 8, 11, 19, 22, 25, 27, 28, 29,
2E: 0, 1, 2, 3, 4, 5, 6, 7, 8, 9, X, E, 10, 11, 12, 13, 14, 15, 16, 17, 18, 19, 1X, 1E, 20, 21, 22, 23, 24, 25, 26, 27, 28, 29, 2X,
30: 0, 1, 2, 3, 5, 8, 11, 13, 15, 17, 19, 24, 29, 2X, 2E,
31: 0, 1, 2, 3, 4, 5, 6, 7, 8, E, 10, 11, 13, 14, 16, 17, 19, 1X, 20, 21, 22, 25, 26, 27, 28, 29, 2X, 2E, 30,
32: 0, 1, 2, 3, 5, 8, 11, 15, 19, 26, 2X, 2E, 31,
33: 0, 1, 2, 3, 5, 8, X, E, 10, 11, 12, 14, 16, 19, 1E, 21, 22, 23, 24, 25, 27, 2X, 30, 31, 32,
34: 0, 1, 2, 3, 5, 7, 8, 9, X, E, 11, 13, 14, 15, 16, 17, 19, 1E, 20, 21, 22, 23, 25, 27, 28, 29, 2X, 2E, 31, 33,
35: 0, 1, 2, 3, 5, 7, 8, 11, 12, 18, 19, 23, 24, 29, 2X, 30, 32, 33, 34,
36: 0, 1, 2, 3, 5, 8, 11, 16, 18, 19, 1X, 1E, 20, 22, 25, 2X, 33, 35,
37: 0, 1, 2, 3, 4, 5, 6, 8, 9, X, 10, 11, 12, 13, 16, 17, 19, 1X, 20, 21, 24, 25, 26, 27, 29, 2X, 2E, 31, 32, 33, 34, 35, 36,
38: 0, 1, 2, 3, 5, 8, E, 10, 11, 17, 19, 1E, 21, 28, 29, 2X, 30, 32, 35, 37,
39: 0, 1, 2, 3, 4, 5, 6, 7, 8, 9, X, E, 10, 11, 12, 13, 14, 15, 16, 17, 18, 19, 1X, 1E, 20, 21, 22, 23, 24, 25, 26, 27, 28, 29, 2X, 2E, 30, 31, 32, 33, 34, 35, 36, 37, 38,
3X: 0, 1, 2, 3, 5, 6, 8, 9, 10, 11, 19, 21, 29, 2X, 31, 32, 34, 35, 37, 38, 39,
3E: 0, 1, 2, 3, 5, 8, 11, 19, 22, 2X, 33, 36, 38, 39, 3X,
40: 0, 1, 2, 3, 5, 7, 8, 11, 19, 23, 2X, 34, 35, 39, 3E,
41: 0, 1, 2, 3, 5, 6, 7, 8, 9, 10, 11, 12, 13, 14, 17, 18, 19, 1X, 1E, 22, 23, 24, 25, 26, 29, 2X, 2E, 30, 31, 34, 35, 36, 37, 38, 3X, 3E, 40,
42: 0, 1, 2, 3, 4, 5, 6, 7, 8, 9, X, E, 10, 11, 12, 13, 14, 15, 16, 17, 18, 19, 1X, 1E, 20, 21, 22, 23, 24, 25, 26, 27, 28, 29, 2X, 2E, 30, 31, 32, 33, 34, 35, 36, 37, 38, 39, 3X, 3E, 40, 41,
43: 0, 1, 2, 3, 4, 5, 8, 9, 11, 12, 14, 15, 16, 17, 18, 19, 1X, 21, 22, 25, 26, 27, 28, 29, 2X, 2E, 31, 32, 36, 37, 3X, 3E, 40, 41, 42,
44: 0, 1, 2, 3, 5, 8, 10, 11, 12, 14, 16, 19, 1E, 21, 22, 23, 25, 27, 2X, 30, 31, 32, 33, 34, 35, 38, 3E, 41, 42, 43,
45: 0, 1, 2, 3, 5, 6, 7, 8, 9, 11, 13, 14, 15, 17, 18, 19, 1E, 21, 22, 23, 24, 26, 28, 29, 2X, 30, 31, 32, 34, 38, 39, 3X, 3E, 40, 42, 43, 44,
46: 0, 1, 2, 3, 5, 8, 11, 13, 14, 15, 16, 17, 18, 19, 1E, 27, 29, 2X, 2E, 30, 31, 32, 33, 35, 3X, 41, 43, 44, 45,
47: 0, 1, 2, 3, 5, 8, 11, 19, 2X, 3E, 44, 46,
48: 0, 1, 2, 3, 5, 8, 9, E, 11, 13, 19, 20, 22, 25, 28, 29, 2X, 2E, 31, 35, 39, 40, 42, 45, 47,
49: 0, 1, 2, 3, 5, 8, E, 11, 14, 15, 16, 17, 18, 19, 1X, 23, 26, 28, 2X, 2E, 30, 31, 32, 33, 34, 35, 37, 3X, 41, 45, 46, 47, 48,
4X: 0, 1, 2, 3, 5, 8, 11, 19, 22, 24, 25, 26, 27, 28, 2X, 31, 36, 42, 47, 49,
4E: 0, 1, 2, 3, 4, 5, 6, 7, 8, E, 10, 11, 14, 18, 19, 1X, 1E, 22, 25, 26, 27, 29, 2X, 30, 31, 32, 33, 36, 37, 38, 3E, 40, 43, 45, 47, 48, 4X,
50: 0, 1, 2, 3, 4, 5, 7, 8, 9, X, E, 10, 11, 12, 13, 14, 15, 17, 18, 19, 1X, 1E, 20, 21, 22, 23, 24, 25, 27, 28, 29, 2X, 2E, 30, 31, 32, 33, 34, 35, 37, 38, 39, 3X, 3E, 40, 41, 42, 43, 44, 45, 47, 48, 49, 4X, 4E,
51: 0, 1, 2, 3, 5, 6, 8, E, 11, 19, 1X, 23, 24, 29, 2X, 33, 34, 40, 42, 45, 47, 48, 4X, 4E, 50,
52: 0, 1, 2, 3, 5, 7, 8, 11, 18, 19, 23, 2X, 35, 36, 3E, 44, 46, 47, 49, 4E, 51,
53: 0, 1, 2, 3, 5, 8, 11, 16, 19, 1X, 1E, 20, 22, 2X, 33, 36, 37, 38, 39, 3E, 47, 50, 52,
54: 0, 1, 2, 3, 5, 7, 8, 9, E, 11, 13, 14, 15, 17, 19, 1E, 20, 21, 23, 25, 27, 28, 29, 2X, 2E, 31, 33, 34, 35, 37, 39, 3E, 40, 41, 43, 45, 47, 48, 49, 4E, 51, 53,
55: 0, 1, 2, 3, 5, 8, X, E, 10, 11, 12, 13, 14, 16, 19, 1E, 20, 21, 22, 23, 24, 25, 27, 2X, 30, 31, 32, 33, 34, 35, 36, 38, 3E, 41, 42, 43, 44, 45, 46, 47, 49, 50, 52, 53, 54,
56: 0, 1, 2, 3, 5, 8, X, E, 10, 11, 12, 14, 17, 19, 1X, 1E, 21, 26, 28, 29, 2X, 2E, 30, 32, 35, 37, 38, 39, 3X, 3E, 41, 44, 46, 47, 48, 4X, 53, 55,
57: 0, 1, 2, 3, 4, 5, 7, 8, X, E, 10, 11, 13, 16, 17, 19, 1X, 1E, 20, 21, 22, 23, 25, 26, 28, 29, 2X, 2E, 31, 32, 34, 35, 36, 37, 38, 39, 3X, 40, 41, 44, 46, 47, 48, 49, 4E, 50, 52, 53, 54, 55, 56,
58: 0, 1, 2, 3, 5, 8, 11, 19, 25, 27, 29, 2X, 2E, 31, 3E, 47, 50, 55, 56, 57,
59: 0, 1, 2, 3, 5, 6, 8, X, 11, 12, 18, 19, 1X, 22, 27, 28, 2X, 31, 32, 35, 38, 3E, 40, 47, 4X, 51, 53, 56, 58,
5X: 0, 1, 2, 3, 4, 5, 6, 7, 8, 9, X, E, 10, 11, 12, 13, 14, 15, 16, 17, 18, 19, 1X, 1E, 20, 21, 22, 23, 24, 25, 26, 27, 28, 29, 2X, 2E, 30, 31, 32, 33, 34, 35, 36, 37, 38, 39, 3X, 3E, 40, 41, 42, 43, 44, 45, 46, 47, 48, 49, 4X, 4E, 50, 51, 52, 53, 54, 55, 56, 57, 58, 59,
5E: 0, 1, 2, 3, 5, 7, 8, 9, 10, 11, 13, 14, 15, 16, 18, 19, 1X, 21, 24, 25, 28, 2X, 2E, 32, 33, 36, 37, 38, 3X, 3E, 41, 42, 43, 46, 47, 48, 52, 53, 54, 56, 57, 58, 59, 5X,
60: 0, 1, 2, 3, 5, 8, 11, 15, 19, 2X, 43, 47, 54, 59, 5E,
61: 0, 1, 2, 3, 4, 5, 6, 8, 9, E, 10, 11, 12, 14, 15, 16, 17, 18, 19, 20, 21, 22, 23, 24, 25, 27, 28, 2X, 2E, 32, 33, 35, 36, 38, 39, 3X, 3E, 40, 41, 44, 45, 46, 47, 48, 49, 4E, 50, 51, 52, 54, 55, 57, 58, 59, 5X, 5E, 60,
62: 0, 1, 2, 3, 4, 5, 6, 7, 8, E, 10, 11, 13, 14, 16, 17, 19, 1X, 20, 21, 22, 25, 26, 27, 28, 29, 2X, 2E, 30, 31, 32, 33, 34, 35, 36, 37, 38, 39, 40, 41, 42, 44, 45, 47, 48, 4X, 4E, 51, 52, 53, 56, 57, 58, 59, 5X, 5E, 60, 61,
63: 0, 1, 2, 3, 4, 5, 6, 7, 8, 9, X, E, 10, 11, 12, 13, 14, 15, 16, 17, 18, 19, 1X, 1E, 20, 21, 22, 23, 24, 25, 26, 27, 28, 29, 2X, 2E, 30, 31, 32, 33, 34, 35, 36, 37, 38, 39, 3X, 3E, 40, 41, 42, 43, 44, 45, 46, 47, 48, 49, 4X, 4E, 50, 51, 52, 53, 54, 55, 56, 57, 58, 59, 5X, 5E, 60, 61, 62,
64: 0, 1, 2, 3, 5, 8, 11, 19, 2X, 47, 58, 61, 63,
65: 0, 1, 2, 3, 5, 8, X, E, 10, 11, 12, 14, 19, 1X, 1E, 21, 23, 28, 2X, 30, 35, 37, 39, 44, 47, 48, 49, 53, 56, 57, 58, 59, 5E, 62, 64,
66: 0, 1, 2, 3, 5, 8, X, E, 10, 11, 12, 14, 16, 19, 1E, 21, 22, 23, 24, 25, 27, 2X, 30, 31, 32, 33, 34, 35, 36, 38, 3E, 41, 42, 43, 44, 45, 47, 49, 50, 52, 54, 55, 56, 57, 58, 5X, 61, 63, 64, 65,
67: 0, 1, 2, 3, 4, 5, 6, 8, X, 10, 11, 12, 13, 14, 15, 16, 19, 1E, 20, 24, 25, 26, 2X, 2E, 31, 33, 34, 36, 38, 41, 42, 46, 47, 48, 49, 4X, 4E, 51, 53, 54, 55, 57, 5E, 60, 61, 62, 63, 64, 66,
68: 0, 1, 2, 3, 5, 7, 8, 9, E, 11, 13, 14, 15, 16, 17, 19, 1E, 20, 21, 23, 25, 27, 28, 29, 2X, 2E, 31, 33, 34, 35, 37, 39, 3E, 40, 41, 42, 43, 45, 47, 48, 49, 4E, 51, 53, 54, 55, 56, 57, 59, 5E, 60, 61, 63, 65, 67,
69: 0, 1, 2, 3, 4, 5, 6, 7, 8, 9, X, E, 10, 11, 12, 13, 14, 15, 16, 17, 18, 19, 1X, 1E, 20, 21, 22, 23, 24, 25, 26, 27, 28, 29, 2X, 2E, 30, 31, 32, 33, 34, 35, 36, 37, 38, 39, 3X, 3E, 40, 41, 42, 43, 44, 45, 46, 47, 48, 49, 4X, 4E, 50, 51, 52, 53, 54, 55, 56, 57, 58, 59, 5X, 5E, 60, 61, 62, 63, 64, 65, 66, 67, 68,
6X: 0, 1, 2, 3, 5, 7, 8, 11, 12, 18, 19, 23, 24, 29, 2X, 30, 32, 33, 34, 35, 36, 37, 38, 3X, 40, 41, 46, 47, 51, 52, 58, 59, 62, 63, 65, 67, 68, 69,
6E: 0, 1, 2, 3, 4, 5, 6, 7, 8, 9, X, E, 11, 12, 14, 15, 18, 19, 1X, 1E, 22, 24, 25, 27, 28, 2X, 2E, 30, 32, 33, 34, 35, 36, 37, 38, 39, 3E, 40, 41, 43, 44, 46, 47, 49, 50, 51, 52, 53, 56, 57, 59, 5X, 60, 61, 62, 63, 64, 65, 66, 67, 68, 69, 6X,
70: 0, 1, 2, 3, 5, 8, 11, 18, 19, 1X, 20, 22, 25, 2X, 33, 35, 37, 39, 47, 50, 53, 54, 55, 5E, 64, 69, 6E,
71: 0, 1, 2, 3, 4, 5, 8, 9, 10, 11, 12, 13, 14, 15, 16, 17, 18, 19, 1X, 21, 22, 25, 26, 27, 28, 29, 2X, 2E, 30, 31, 32, 33, 36, 37, 3X, 3E, 40, 41, 42, 43, 44, 45, 46, 47, 48, 4E, 50, 53, 54, 55, 56, 57, 58, 59, 5X, 5E, 60, 61, 64, 65, 68, 69, 6X, 6E, 70,
72: 0, 1, 2, 3, 4, 5, 6, 8, 9, X, 10, 11, 12, 13, 16, 17, 19, 1X, 20, 21, 24, 25, 26, 27, 29, 2X, 2E, 31, 32, 33, 34, 35, 36, 37, 38, 39, 3X, 3E, 40, 41, 43, 44, 45, 47, 48, 49, 4X, 51, 52, 54, 55, 57, 58, 5E, 60, 61, 62, 64, 65, 66, 68, 69, 6X, 6E, 70, 71,
73: 0, 1, 2, 3, 5, 8, 11, 19, 22, 24, 25, 26, 27, 28, 2X, 31, 42, 47, 49, 4X, 4E, 51, 56, 5E, 67, 70, 72,
74: 0, 1, 2, 3, 5, 8, E, 11, 17, 19, 1E, 21, 28, 29, 2X, 35, 37, 39, 3E, 41, 47, 48, 49, 53, 55, 57, 59, 65, 68, 6X, 71, 73,
75: 0, 1, 2, 3, 5, 8, 11, 19, 2X, 47, 58, 64, 69, 70, 72, 73, 74,
76: 0, 1, 2, 3, 5, 8, X, 11, 13, 14, 15, 16, 17, 18, 19, 1E, 22, 24, 27, 29, 2X, 2E, 30, 31, 32, 33, 35, 38, 3X, 41, 43, 44, 45, 46, 47, 48, 49, 4E, 52, 54, 57, 59, 5X, 5E, 60, 61, 62, 63, 65, 68, 6X, 71, 73, 74, 75,
77: 0, 1, 2, 3, 5, 8, X, 10, 11, 12, 13, 16, 19, 21, 22, 23, 25, 27, 2X, 30, 31, 32, 33, 34, 35, 36, 38, 3E, 41, 42, 43, 44, 45, 46, 47, 49, 50, 52, 54, 55, 56, 5X, 61, 64, 65, 66, 67, 69, 6E, 72, 74, 75, 76,
78: 0, 1, 2, 3, 5, 8, 9, 11, 19, 21, 29, 2X, 31, 34, 35, 37, 39, 3E, 41, 44, 47, 4X, 57, 5E, 6E, 70, 75, 76, 77,
79: 0, 1, 2, 3, 5, 7, 8, X, E, 11, 14, 18, 19, 1E, 20, 22, 24, 26, 27, 28, 2X, 30, 32, 33, 35, 36, 38, 3E, 43, 44, 46, 47, 49, 4X, 4E, 51, 52, 53, 54, 55, 57, 59, 5X, 60, 61, 6X, 6E, 71, 72, 74, 75, 76, 78,
7X: 0, 1, 2, 3, 5, 8, 11, 19, 22, 2X, 33, 36, 38, 39, 3X, 3E, 40, 41, 42, 44, 47, 50, 58, 61, 69, 72, 75, 77, 78, 79,
7E: 0, 1, 2, 3, 5, 8, E, 11, 13, 14, 15, 16, 17, 18, 19, 1X, 20, 23, 26, 28, 2X, 2E, 30, 31, 32, 33, 34, 35, 37, 3X, 41, 43, 45, 46, 47, 48, 49, 4X, 4E, 50, 52, 55, 58, 5X, 60, 61, 62, 63, 64, 65, 66, 67, 69, 70, 73, 75, 77, 78, 79, 7X,
80: 0, 1, 2, 3, 5, 7, 8, 11, 19, 23, 2X, 35, 39, 3E, 40, 41, 43, 45, 47, 51, 59, 63, 74, 75, 79, 7E,
81: 0, 1, 2, 3, 5, 6, 7, 8, X, E, 11, 12, 13, 15, 16, 18, 19, 1X, 1E, 21, 22, 24, 27, 28, 29, 2X, 2E, 33, 34, 36, 38, 39, 3X, 3E, 40, 41, 42, 43, 44, 45, 47, 49, 4X, 52, 53, 54, 55, 56, 59, 5E, 60, 62, 63, 64, 65, 67, 68, 6X, 6E, 70, 72, 73, 75, 76, 77, 78, 7X, 7E, 80,
82: 0, 1, 2, 3, 5, 6, 7, 8, 9, 10, 11, 12, 13, 14, 17, 18, 19, 1X, 1E, 22, 23, 24, 25, 26, 29, 2X, 2E, 30, 31, 34, 35, 36, 37, 38, 3X, 3E, 40, 41, 42, 43, 44, 46, 47, 48, 49, 4X, 51, 52, 53, 54, 55, 58, 59, 5X, 5E, 60, 63, 64, 65, 66, 67, 6X, 6E, 70, 71, 72, 75, 76, 77, 78, 79, 7E, 80, 81,
83: 0, 1, 2, 3, 5, 8, X, 10, 11, 14, 17, 19, 1E, 26, 29, 2X, 2E, 30, 32, 38, 39, 3X, 41, 46, 47, 48, 53, 56, 57, 58, 59, 5E, 66, 67, 68, 6X, 73, 75, 77, 80, 82,
84: 0, 1, 2, 3, 4, 5, 6, 7, 8, 9, X, E, 10, 11, 12, 13, 14, 15, 16, 17, 18, 19, 1X, 1E, 20, 21, 22, 23, 24, 25, 26, 27, 28, 29, 2X, 2E, 30, 31, 32, 33, 34, 35, 36, 37, 38, 39, 3X, 3E, 40, 41, 42, 43, 44, 45, 46, 47, 48, 49, 4X, 4E, 50, 51, 52, 53, 54, 55, 56, 57, 58, 59, 5X, 5E, 60, 61, 62, 63, 64, 65, 66, 67, 68, 69, 6X, 6E, 70, 71, 72, 73, 74, 75, 76, 77, 78, 79, 7X, 7E, 80, 81, 82, 83,
85: 0, 1, 2, 3, 4, 5, 8, 9, 11, 19, 1E, 23, 27, 2X, 30, 32, 34, 36, 37, 3X, 47, 4X, 4E, 55, 62, 66, 68, 6X, 6E, 75, 78, 79, 82, 83, 84,
86: 0, 1, 2, 3, 5, 8, 11, 19, 22, 25, 27, 28, 29, 2X, 2E, 31, 36, 3E, 47, 50, 55, 57, 58, 59, 5X, 5E, 61, 64, 69, 75, 7X, 81, 83, 84, 85,
87: 0, 1, 2, 3, 4, 5, 6, 8, 9, X, 10, 11, 12, 13, 15, 16, 17, 19, 1X, 1E, 20, 23, 24, 25, 27, 29, 2X, 2E, 30, 32, 33, 35, 36, 37, 38, 3E, 40, 41, 42, 43, 44, 45, 46, 47, 48, 4E, 50, 51, 52, 54, 55, 57, 58, 59, 5X, 60, 62, 63, 64, 67, 68, 69, 6X, 70, 71, 72, 74, 75, 76, 77, 79, 7X, 7E, 81, 82, 83, 84, 85, 86,
88: 0, 1, 2, 3, 5, 8, 11, 14, 16, 19, 1E, 21, 22, 23, 25, 27, 2X, 31, 33, 34, 35, 3E, 41, 42, 43, 45, 47, 49, 54, 55, 56, 61, 63, 65, 67, 69, 6E, 74, 75, 76, 77, 79, 80, 83, 85, 87,
89: 0, 1, 2, 3, 5, 8, 11, 16, 18, 19, 1X, 1E, 20, 22, 25, 2X, 33, 35, 36, 37, 38, 39, 3E, 42, 47, 50, 52, 53, 54, 55, 56, 58, 5E, 64, 69, 6E, 70, 71, 72, 73, 75, 78, 81, 86, 88,
8X: 0, 1, 2, 3, 5, 7, 8, 9, 11, 15, 17, 19, 1E, 22, 24, 29, 2X, 31, 32, 34, 3X, 3E, 43, 47, 4E, 50, 56, 58, 59, 60, 61, 66, 68, 6E, 71, 73, 75, 79, 81, 82, 83, 85, 87, 88, 89,
8E: 0, 1, 2, 3, 5, 8, 11, 14, 16, 17, 19, 20, 28, 2X, 31, 43, 44, 47, 48, 5X, 61, 63, 6E, 72, 74, 75, 77, 7X, 83, 86, 88, 89, 8X,
90: 0, 1, 2, 3, 5, 8, 11, 13, 15, 19, 29, 2X, 30, 31, 32, 33, 35, 41, 43, 45, 47, 49, 59, 5X, 60, 61, 62, 63, 65, 71, 73, 75, 79, 84, 89, 8X, 8E,
91: 0, 1, 2, 3, 5, 6, 7, 8, X, 11, 13, 18, 19, 28, 29, 2X, 2E, 32, 33, 37, 38, 3X, 42, 45, 46, 47, 48, 4E, 53, 55, 56, 5X, 5E, 62, 63, 64, 65, 74, 75, 7X, 80, 83, 85, 86, 87, 88, 8X, 8E, 90,
92: 0, 1, 2, 3, 5, 8, 11, 19, 2X, 3E, 44, 46, 47, 48, 49, 4X, 50, 53, 58, 64, 75, 86, 8E, 91,
93: 0, 1, 2, 3, 4, 5, 6, 7, 8, E, 10, 11, 14, 16, 17, 19, 1X, 21, 22, 25, 26, 27, 28, 29, 2X, 2E, 30, 31, 32, 34, 35, 37, 38, 39, 41, 42, 44, 45, 47, 48, 4X, 4E, 51, 52, 56, 57, 58, 5X, 5E, 61, 62, 63, 64, 65, 66, 67, 68, 69, 6X, 71, 72, 75, 76, 78, 79, 7E, 82, 83, 84, 87, 88, 89, 8X, 8E, 90, 91, 92,
94: 0, 1, 2, 3, 5, 8, 9, 11, 13, 19, 25, 28, 2X, 31, 35, 39, 42, 47, 49, 57, 5E, 68, 6X, 75, 77, 81, 88, 91, 93,
95: 0, 1, 2, 3, 5, 7, 8, 11, 13, 19, 20, 26, 27, 2X, 32, 39, 47, 4X, 58, 63, 67, 6X, 6E, 75, 78, 82, 84, 89, 8X, 90, 92, 93, 94,
96: 0, 1, 2, 3, 5, 8, 11, 15, 19, 26, 2X, 2E, 31, 32, 33, 34, 35, 37, 3X, 47, 4E, 58, 61, 63, 64, 65, 67, 70, 75, 79, 81, 8X, 92, 93, 95,
97: 0, 1, 2, 3, 5, 6, 8, 9, X, E, 10, 11, 12, 13, 15, 16, 18, 19, 1X, 1E, 20, 21, 22, 24, 25, 27, 28, 29, 2X, 2E, 30, 31, 32, 34, 35, 37, 38, 39, 3X, 3E, 40, 41, 43, 44, 46, 47, 48, 49, 4X, 4E, 50, 51, 53, 54, 56, 57, 58, 59, 5X, 5E, 60, 62, 63, 65, 66, 67, 68, 69, 6X, 6E, 70, 72, 73, 75, 76, 77, 78, 79, 7X, 7E, 81, 82, 84, 85, 86, 87, 88, 89, 8X, 8E, 91, 92, 94, 95, 96,
98: 0, 1, 2, 3, 5, 8, 11, 19, 24, 25, 26, 28, 2X, 31, 36, 47, 49, 4E, 51, 67, 70, 73, 74, 75, 7E, 90, 95, 97,
99: 0, 1, 2, 3, 5, 8, X, E, 10, 11, 12, 16, 19, 21, 22, 23, 24, 27, 2X, 30, 31, 32, 33, 34, 35, 36, 38, 3E, 42, 43, 44, 45, 47, 49, 50, 52, 54, 55, 56, 57, 5X, 61, 63, 64, 65, 66, 67, 68, 69, 6E, 72, 75, 76, 77, 78, 80, 83, 87, 88, 89, 8X, 8E, 91, 94, 96, 97, 98,
9X: 0, 1, 2, 3, 4, 5, 6, 7, 8, E, 10, 11, 14, 18, 19, 1X, 1E, 22, 25, 26, 27, 29, 2X, 30, 31, 32, 33, 36, 37, 38, 3E, 40, 43, 45, 47, 48, 4X, 4E, 50, 51, 52, 53, 54, 55, 56, 57, 5X, 5E, 60, 63, 67, 68, 69, 6X, 71, 74, 75, 76, 78, 79, 7E, 80, 81, 82, 85, 86, 87, 8X, 8E, 92, 94, 96, 97, 99,
9E: 0, 1, 2, 3, 4, 5, 8, 10, 11, 12, 13, 14, 15, 16, 17, 18, 19, 1X, 21, 25, 26, 27, 29, 2X, 2E, 30, 32, 36, 37, 3E, 40, 42, 43, 44, 47, 4E, 50, 54, 57, 58, 59, 5E, 60, 64, 65, 69, 6E, 70, 71, 72, 74, 75, 76, 7X, 81, 82, 83, 84, 85, 86, 87, 88, 89, 8X, 8E, 93, 96, 97, 98, 99, 9X,
X0: 0, 1, 2, 3, 5, 7, 8, X, 11, 14, 15, 19, 1E, 20, 21, 22, 23, 25, 27, 28, 2X, 31, 34, 35, 39, 3E, 40, 41, 42, 43, 45, 47, 48, 4X, 51, 54, 55, 59, 5E, 60, 61, 62, 63, 65, 67, 68, 6X, 71, 74, 75, 79, 7E, 80, 81, 82, 83, 85, 87, 88, 8X, 91, 94, 95, 99, 9E,
X1: 0, 1, 2, 3, 5, 8, X, E, 10, 11, 12, 17, 19, 1X, 1E, 20, 21, 26, 28, 29, 2X, 2E, 30, 35, 37, 38, 39, 3X, 3E, 44, 46, 47, 48, 49, 4X, 53, 55, 56, 57, 58, 59, 62, 64, 65, 66, 67, 68, 71, 73, 74, 75, 76, 77, 80, 82, 83, 84, 85, 86, 8E, 91, 92, 93, 94, 95, 9X, X0,
X2: 0, 1, 2, 3, 5, 8, E, 11, 19, 1X, 29, 2X, 47, 57, 74, 75, 84, 85, 91, 93, 96, 99, 9E, X0, X1,
X3: 0, 1, 2, 3, 5, 8, 11, 19, 2X, 47, 58, 75, 86, 92, 97, 9X, X0, X1, X2,
X4: 0, 1, 2, 3, 5, 8, 11, 18, 19, 2X, 47, 59, 75, 87, 88, 91, 96, 98, 9E, X1, X3,
X5: 0, 1, 2, 3, 4, 5, 6, 7, 8, 9, X, E, 10, 11, 12, 13, 14, 15, 16, 17, 18, 19, 1X, 1E, 20, 21, 22, 23, 24, 25, 26, 27, 28, 29, 2X, 2E, 30, 31, 32, 33, 34, 35, 36, 37, 38, 39, 3X, 3E, 40, 41, 42, 43, 44, 45, 46, 47, 48, 49, 4X, 4E, 50, 51, 52, 53, 54, 55, 56, 57, 58, 59, 5X, 5E, 60, 61, 62, 63, 64, 65, 66, 67, 68, 69, 6X, 6E, 70, 71, 72, 73, 74, 75, 76, 77, 78, 79, 7X, 7E, 80, 81, 82, 83, 84, 85, 86, 87, 88, 89, 8X, 8E, 90, 91, 92, 93, 94, 95, 96, 97, 98, 99, 9X, 9E, X0, X1, X2, X3, X4,
X6: 0, 1, 2, 3, 5, 8, 11, 16, 19, 1E, 2X, 33, 47, 52, 54, 5E, 71, 73, 75, 89, 8X, 8E, 90, 92, 9X, X3, X5,
X7: 0, 1, 2, 3, 4, 5, 6, 7, 8, X, 10, 11, 12, 13, 15, 16, 17, 18, 19, 1X, 20, 21, 22, 25, 28, 29, 2X, 2E, 32, 34, 35, 36, 38, 39, 3X, 3E, 40, 41, 42, 43, 44, 45, 46, 47, 49, 4X, 4E, 52, 53, 54, 55, 58, 59, 5X, 60, 61, 62, 63, 64, 65, 66, 67, 68, 69, 6X, 6E, 71, 72, 73, 75, 78, 79, 7X, 7E, 82, 85, 86, 87, 89, 8X, 8E, 90, 91, 92, 94, 95, 96, 97, 99, 9E, X0, X1, X2, X3, X4, X5, X6,
X8: 0, 1, 2, 3, 5, 7, 8, 9, E, 11, 13, 14, 15, 17, 19, 1E, 20, 21, 23, 25, 27, 28, 29, 2X, 2E, 31, 33, 34, 35, 37, 39, 3E, 40, 41, 43, 45, 47, 48, 49, 4E, 51, 53, 54, 55, 56, 57, 59, 5E, 60, 61, 63, 65, 67, 68, 69, 6E, 71, 73, 74, 75, 77, 79, 7E, 80, 81, 82, 83, 85, 87, 88, 89, 8E, 91, 93, 94, 95, 97, 99, 9E, X0, X1, X3, X5, X7,
X9: 0, 1, 2, 3, 4, 5, 8, X, 11, 13, 17, 19, 21, 2X, 2E, 32, 34, 39, 41, 45, 47, 49, 60, 62, 64, 68, 70, 75, 77, 7X, 7E, 88, 90, 92, 96, 98, 9E, X1, X4, X5, X6, X7, X8,
XX: 0, 1, 2, 3, 5, 8, X, E, 10, 11, 12, 13, 14, 16, 19, 1E, 20, 21, 22, 23, 24, 25, 27, 2X, 30, 31, 32, 33, 34, 35, 36, 38, 3E, 41, 42, 43, 44, 45, 46, 47, 49, 50, 52, 53, 54, 55, 56, 57, 58, 5X, 61, 63, 64, 65, 66, 67, 68, 69, 6E, 72, 74, 75, 76, 77, 78, 79, 7X, 80, 83, 85, 86, 87, 88, 89, 8X, 8E, 91, 94, 96, 97, 98, 99, 9X, 9E, X0, X2, X5, X7, X8, X9,
XE: 0, 1, 2, 3, 4, 5, 6, 8, 9, 10, 11, 12, 13, 14, 16, 18, 19, 1E, 21, 22, 23, 24, 28, 2X, 30, 33, 34, 35, 38, 3E, 41, 42, 46, 47, 49, 4E, 51, 54, 55, 56, 57, 58, 5X, 5E, 60, 61, 62, 64, 65, 69, 70, 72, 73, 75, 76, 77, 78, 79, 7E, 81, 83, 86, 87, 88, 89, 8E, 91, 92, 93, 95, 96, 97, 98, 9X, X0, X2, X3, X5, X6, X7, X8, XX,
E0: 0, 1, 2, 3, 5, 8, E, 10, 11, 17, 19, 1E, 21, 28, 29, 2X, 30, 32, 35, 37, 38, 39, 3X, 3E, 41, 44, 47, 48, 53, 55, 57, 59, 64, 65, 68, 6X, 71, 73, 74, 75, 77, 80, 83, 84, 85, 8E, 91, 93, 95, X0, X1, X2, X4, X9, XE,
E1: 0, 1, 2, 3, 5, 8, E, 11, 13, 15, 16, 18, 19, 1X, 23, 2X, 2E, 30, 32, 33, 34, 35, 37, 3X, 41, 43, 47, 48, 49, 4X, 4E, 50, 52, 60, 61, 62, 64, 65, 66, 70, 73, 75, 78, 7X, 7E, 80, 81, 82, 84, 8X, 92, 93, 94, 95, 97, 98, X2, X5, X7, XX, E0,
E2: 0, 1, 2, 3, 4, 5, 7, 8, X, E, 10, 11, 13, 16, 17, 19, 1X, 1E, 20, 21, 22, 23, 25, 26, 28, 29, 2X, 2E, 31, 32, 34, 35, 36, 37, 38, 39, 3X, 40, 41, 44, 46, 47, 48, 49, 4E, 50, 52, 53, 54, 55, 56, 57, 58, 59, 5X, 5E, 60, 62, 63, 65, 66, 67, 68, 6X, 71, 72, 74, 75, 76, 77, 78, 79, 7X, 80, 81, 83, 84, 85, 86, 88, 89, 8E, 90, 91, 92, 93, 94, 95, 97, 98, 9E, X1, X2, X3, X4, X6, X7, X9, XX, XE, E0, E1,
E3: 0, 1, 2, 3, 4, 5, 6, 7, 8, 9, X, E, 10, 11, 12, 13, 14, 15, 16, 17, 18, 19, 1X, 1E, 20, 21, 22, 23, 24, 25, 26, 27, 28, 29, 2X, 2E, 30, 31, 32, 33, 34, 35, 36, 37, 38, 39, 3X, 3E, 40, 41, 42, 43, 44, 45, 46, 47, 48, 49, 4X, 4E, 50, 51, 52, 53, 54, 55, 56, 57, 58, 59, 5X, 5E, 60, 61, 62, 63, 64, 65, 66, 67, 68, 69, 6X, 6E, 70, 71, 72, 73, 74, 75, 76, 77, 78, 79, 7X, 7E, 80, 81, 82, 83, 84, 85, 86, 87, 88, 89, 8X, 8E, 90, 91, 92, 93, 94, 95, 96, 97, 98, 99, 9X, 9E, X0, X1, X2, X3, X4, X5, X6, X7, X8, X9, XX, XE, E0, E1, E2,
E4: 0, 1, 2, 3, 5, 8, 11, 19, 27, 2X, 2E, 47, 56, 69, 75, 81, 85, 89, 97, X8, E1, E3,
E5: 0, 1, 2, 3, 4, 5, 6, 7, 8, 9, X, E, 10, 11, 12, 13, 16, 17, 18, 19, 1X, 1E, 20, 21, 22, 23, 24, 25, 26, 27, 29, 2X, 2E, 30, 31, 32, 33, 34, 35, 36, 39, 3E, 40, 42, 43, 44, 47, 4E, 50, 52, 53, 54, 56, 57, 58, 59, 5X, 5E, 61, 62, 63, 65, 66, 6X, 71, 72, 73, 75, 76, 78, 7E, 80, 81, 82, 83, 84, 85, 86, 87, 88, 8X, 8E, 90, 91, 92, 93, 94, 95, 96, 97, 98, 99, 9X, 9E, X2, X3, X4, X5, X6, X7, X8, X9, XX, XE, E0, E1, E2, E3, E4,
E6: 0, 1, 2, 3, 5, 6, 8, 11, 19, 2X, 31, 32, 35, 38, 3E, 47, 4X, 67, 6E, 75, 77, 7E, 84, 85, 99, XX, E0, E3, E5,
E7: 0, 1, 2, 3, 5, 8, E, 11, 12, 19, 1E, 2X, 34, 3X, 46, 47, 49, 4X, 58, 69, 6X, 70, 75, 79, 7X, 83, 88, 9X, X5, XE, E2, E4, E6,
E8: 0, 1, 2, 3, 4, 5, 6, 7, 8, 9, E, 11, 13, 15, 18, 19, 1X, 20, 21, 22, 23, 24, 25, 26, 27, 28, 29, 2X, 2E, 30, 31, 33, 35, 37, 39, 40, 41, 42, 44, 45, 46, 47, 48, 49, 4X, 4E, 50, 51, 52, 53, 54, 55, 57, 59, 5E, 61, 64, 65, 66, 68, 69, 6X, 6E, 70, 71, 72, 73, 74, 75, 76, 77, 78, 79, 7E, 81, 83, 85, 88, 89, 8X, 90, 91, 92, 93, 94, 95, 96, 97, 98, 99, 9X, 9E, X0, X1, X3, X5, X7, X9, E0, E1, E2, E4, E5, E6, E7,
E9: 0, 1, 2, 3, 5, 8, 11, 19, 2X, 3X, 47, 72, 75, 78, 7E, X0, E1, E6, E8,
EX: 0, 1, 2, 3, 5, 7, 8, 9, 10, 11, 13, 14, 15, 16, 18, 19, 1X, 21, 24, 25, 28, 2X, 2E, 32, 33, 36, 37, 38, 3X, 3E, 41, 42, 43, 46, 47, 48, 52, 53, 54, 56, 57, 58, 59, 5X, 5E, 60, 61, 62, 64, 66, 67, 68, 6E, 70, 72, 73, 74, 75, 77, 78, 79, 80, 83, 84, 87, 89, 8X, 91, 92, 95, 96, 97, 99, 9X, X0, X1, X2, X5, X6, X7, E1, E2, E3, E5, E6, E7, E8, E9,
EE: 0, 1, 2, 3, 5, 8, X, 10, 11, 12, 19, 1E, 20, 21, 23, 2X, 30, 32, 38, 3E, 44, 47, 49, 50, 55, 56, 57, 65, 66, 67, 74, 75, 76, 77, 79, 80, 83, 88, 8E, 91, 94, 97, 9X, X0, X2, X9, XE, E1, E3, E8, EX,
100: 0, 1, 2, 3, 5, 8, 11, 19, 2X, 47, 75, X3, E4, E9, EE,
