2: 78557, 157114, 271129,
3: 11047, 23789, 27221,
4: 419, 659, 794,
5: 7, 11, 31,
6: 174308, 188299, 243417,
7: 209, 1463, 3305,
8: 47, 79, 83,
9: 31, 39, 111,
10: 989, 1121, 3653,
11: 5, 7, 17,
12: 521, 597, 1143,
13: 15, 27, 47,
14: 4, 11, 19,
15: 673029, 2105431, 2692337,
16: 38, 194, 524,
17: 31, 47, 127,
18: 398, 512, 571,
19: 9, 11, 29,
20: 8, 13, 29,
21: 23, 43, 47,
22: 2253, 4946, 6694,
23: 5, 7, 17,
24: 30651, 66356, 77554,
25: 79, 103, 185,
26: 221, 284, 1627,
27: 13, 15, 41,
28: 4554, 8293, 13687,
29: 4, 7, 11,
30: 867, 9859, 10386,
31: 239, 293, 521,
32: 10, 23, 43,
33: 511, 543, 1599,
34: 6, 29, 41,
35: 5, 7, 17,
36: 1886, 11093, 67896,
37: 39, 75, 87,
38: 14, 16, 25,
39: 9, 11, 29,
40: 47723, 67241, 68963,
41: 8, 13, 15,
42: 13372, 30359, 47301,
43: 21, 23, 65,
44: 4, 11, 19,
45: 47, 91, 231,
46: 881, 1592, 2519,
47: 5, 7, 8,
48: 1219, 3403, 5531,
49: 31, 79, 179,
50: 16, 35, 67,
51: 25, 27, 77,
52: 28674, 57398, 83262,
53: 7, 11, 31,
54: 21, 34, 76,
55: 13, 15, 41,
56: 20, 37, 77,
57: 47, 175, 231,
58: 488, 1592, 7766,
59: 4, 5, 7,
60: 16957, 84486, 138776,
61: 63, 123, 311,
62: 8, 13, 29,
63: 1589, 2381, 4827,
64: 14, 51, 79,
65: 10, 23, 43,

