A generalized repunit {B,E} is an integer that can be represented in base B by a string of E 1s. It can simply be stated algebraically as (BE-1)/(B-1).

This page is a summary of the results of my search for primes of this form for bases under 1000.

I have searched 591,402 {B,E} pairs for B < 1000 and prime E and found 2,644 probable primes, of which I have completed proofs for 2,103.

In the following table, if an exponent is shown in italics, I have not yet completed a proof for that repunit. If it is in normal type, I have. If a hyperlink is shown, the repunit is a "Titanic Prime" at least 1000 decimal digits long and clicking on the link will take you to the certificate. Not all these proofs are original to me: the discoverer(s) is/are credited in the certificate.

Base	Search Limits	Primes Found	Prime for Exponent
Exponent	Prime	Digits	Proved	Probable	Total
2	36781	3900	11073	26	0	26	2 3 5 7 13 17 19 31 61 89 107 127 521 607 1279 2203 2281 3217 4253 4423 9689 9941 11213 19937 21701 23209
3	42767	4472	20405	10	3	13	3 7 13 71 103 541 1091 1367 1627 4177 9011 9551 36913
4	2	1	1	1	0	1	2
5	31481	3388	22004	10	5	15	3 7 11 13 47 127 149 181 619 929 3407 10949 13241 13873 16519
6	29819	3230	23203	10	3	13	2 3 7 29 71 127 271 509 1049 6389 6883 10613 19889
7	28277	3078	23897	5	1	6	5 13 131 149 1699 14221
8	3	2	2	1	0	1	3
9	0	0	0	0	0	0	-
10	25073	2768	25073	5	0	5	2 19 23 317 1031
11	24091	2680	25088	6	5	11	17 19 73 139 907 1907 2029 4801 5153 10867 20161
12	26321	2893	28405	9	2	11	2 3 5 19 97 109 317 353 701 9739 14951
13	10177	1250	11336	8	1	9	5 7 137 283 883 991 1021 1193 3671
14	10177	1250	11664	5	1	6	3 7 19 31 41 2687
15	10177	1250	11968	5	1	6	3 43 73 487 2579 8741
16	2	1	2	1	0	1	2
17	10177	1250	12522	7	1	8	3 5 7 11 47 71 419 4799
18	10177	1250	12774	1	0	1	2
19	10177	1250	13013	8	1	9	19 31 47 59 61 107 337 1061 9511
20	10177	1250	13240	3	1	4	3 11 17 1487
21	10177	1250	13455	5	0	5	3 11 17 43 271
22	10177	1250	13661	6	2	8	2 5 79 101 359 857 4463 9029
23	10177	1250	13857	1	1	2	5 3181
24	10177	1250	14046	7	0	7	3 5 19 53 71 653 661
25	0	0	0	0	0	0	-
26	10177	1250	14399	3	0	3	7 43 347
27	3	2	3	1	0	1	3
28	10177	1250	14727	4	1	5	2 5 17 457 1423
29	10177	1250	14882	2	1	3	5 151 3719
30	10177	1250	15032	5	2	7	2 5 11 163 569 1789 8447
31	10177	1250	15177	4	1	5	7 17 31 5581 9973
32	5	3	7	0	0	0	-
33	10177	1250	15453	2	2	4	3 197 3581 6871
34	10177	1250	15585	1	3	4	13 1493 5851 6379
35	10177	1250	15713	2	0	2	313 1297
36	2	1	2	1	0	1	2
37	10177	1250	15959	6	1	7	13 71 181 251 463 521 7321
38	10177	1250	16076	4	0	4	3 7 401 449
39	10177	1250	16191	2	1	3	349 631 4493
40	10177	1250	16303	8	1	9	2 5 7 19 23 29 541 751 1277
41	10177	1250	16412	4	1	5	3 83 269 409 1759
42	10177	1250	16519	1	1	2	2 1319
43	10177	1250	16623	2	1	3	5 13 6277
44	10177	1250	16724	3	0	3	5 31 167
45	10177	1250	16824	3	1	4	19 53 167 3319
46	10177	1250	16921	6	2	8	2 7 19 67 211 433 2437 2719
47	10177	1250	17016	1	0	1	127
48	10177	1250	17109	4	1	5	19 269 349 383 1303
49	0	0	0	0	0	0	-
50	10177	1250	17289	6	2	8	3 5 127 139 347 661 2203 6521
51	10177	1250	17377	0	1	1	4229
52	10177	1250	17463	3	2	5	2 103 257 4229 6599
53	10177	1250	17547	3	1	4	11 31 41 1571
54	10177	1250	17629	2	0	2	3 389
55	10177	1250	17710	5	4	9	17 41 47 151 839 2267 3323 3631 5657
56	10177	1250	17790	2	2	4	7 157 2083 2389
57	10177	1250	17868	6	0	6	3 17 109 151 211 661
58	10177	1250	17945	2	1	3	2 41 2333
59	10177	1250	18021	3	0	3	3 13 479
60	10177	1250	18095	5	0	5	2 7 11 53 173
61	10177	1250	18168	4	0	4	7 37 107 769
62	10177	1250	18240	7	2	9	3 5 17 47 163 173 757 4567 9221
63	10177	1250	18311	1	1	2	5 3067
64	0	0	0	0	0	0	-
65	10177	1250	18449	3	0	3	19 29 631
66	10177	1250	18516	4	0	4	2 3 7 19
67	10177	1250	18583	2	3	5	19 367 1487 3347 4451
68	10177	1250	18648	4	1	5	5 7 107 149 2767
69	10177	1250	18713	2	3	5	3 61 2371 3557 8293
70	10177	1250	18776	6	0	6	2 29 59 541 761 1013
71	10177	1250	18839	4	1	5	3 31 41 157 1583
72	10177	1250	18901	5	0	5	2 7 13 109 227
73	10177	1250	18962	2	0	2	5 7
74	10177	1250	19022	2	1	3	5 191 3257
75	10177	1250	19081	5	0	5	3 19 47 73 739
76	10177	1250	19140	4	3	7	41 157 439 593 3371 3413 4549
77	10177	1250	19197	3	0	3	3 5 37
78	10177	1250	19254	4	1	5	2 3 101 257 1949
79	10177	1250	19311	4	0	4	5 109 149 659
80	10177	1250	19366	2	0	2	3 7
81	0	0	0	0	0	0	-
82	10177	1250	19475	4	1	5	2 23 31 41 7607
83	10177	1250	19529	1	1	2	5 2713
84	10177	1250	19582	1	1	2	17 3917
85	10177	1250	19634	2	1	3	5 19 2111
86	10177	1250	19686	4	3	7	11 43 113 509 1069 2909 4327
87	10177	1250	19737	2	0	2	7 17
88	10177	1250	19788	3	1	4	2 61 577 3727
89	10177	1250	19837	7	0	7	3 7 43 47 71 109 571
90	10177	1250	19887	3	1	4	3 19 97 5209
91	10177	1250	19936	0	1	1	4421
92	10177	1250	19984	1	0	1	439
93	10177	1250	20032	1	1	2	7 4903
94	10177	1250	20079	3	2	5	5 13 37 1789 3581
95	10177	1250	20126	2	1	3	7 523 9283
96	10177	1250	20172	1	1	2	2 3343
97	10177	1250	20218	3	0	3	17 37 1693
98	10177	1250	20263	2	1	3	13 47 2801
99	10177	1250	20308	5	1	6	3 5 37 47 383 5563
100	2	1	3	1	0	1	2
101	3571	500	6911	3	1	4	3 337 677 1181
102	3571	500	6926	3	0	3	2 59 673
103	3571	500	6941	2	1	3	19 313 1549
104	3571	500	6955	2	0	2	97 263
105	3571	500	6970	3	1	4	3 19 389 2687
106	3571	500	6984	2	0	2	2 149
107	3571	500	6998	1	0	1	17
108	3571	500	7012	2	1	3	2 449 2477
109	3571	500	7026	1	1	2	17 1193
110	3571	500	7039	5	1	6	3 5 13 691 1721 3313
111	3571	500	7053	2	0	2	3 337
112	3571	500	7066	5	0	5	2 79 107 701 1697
113	3571	500	7080	2	0	2	23 37
114	3571	500	7093	6	0	6	29 43 73 89 569 709
115	3571	500	7106	2	3	5	7 241 1409 2341 2539
116	3571	500	7119	1	1	2	59 2503
117	3571	500	7132	4	0	4	3 5 19 31
118	3571	500	7144	3	0	3	5 163 193
119	3571	500	7157	3	1	4	3 19 827 2243
120	3571	500	7170	2	1	3	5 373 1693
121	0	0	0	0	0	0	-
122	3571	500	7194	3	0	3	5 7 67
123	3571	500	7206	2	1	3	43 563 1693
124	3571	500	7219	1	0	1	599
125	3	2	5	0	0	0	-
126	3571	500	7243	5	0	5	2 7 37 59 127
127	3571	500	7254	4	1	5	5 23 31 167 5281
128	7	4	13	1	0	1	7
129	3571	500	7278	3	0	3	5 17 109
130	3571	500	7289	2	0	2	2 37
131	3571	500	7301	3	0	3	3 31 263
132	3571	500	7312	2	1	3	47 71 3343
133	3571	500	7324	3	2	5	13 599 991 1181 3083
134	3571	500	7335	3	1	4	5 37 353 2843
135	3571	500	7346	1	0	1	1171
136	3571	500	7357	3	0	3	2 227 293
137	3571	500	7368	3	1	4	11 19 1009 2939
138	3571	500	7379	3	0	3	2 3 61
139	3571	500	7390	2	0	2	163 173
140	3571	500	7400	2	1	3	79 577 1721
141	3571	500	7411	3	1	4	3 23 173 3217
142	3571	500	7422	0	1	1	1231
143	3571	500	7432	2	0	2	3 5
144	2	1	3	0	0	0	-
145	3571	500	7453	2	0	2	5 31
146	3571	500	7463	2	1	3	7 83 857
147	3571	500	7473	6	2	8	3 17 19 37 163 571 983 3697
148	3571	500	7484	2	0	2	2 1201
149	3571	500	7494	4	1	5	7 13 17 317 3251
150	3571	500	7504	2	1	3	2 3 3389
151	3571	500	7514	3	1	4	13 29 127 4831
152	15787	1841	34443	0	0	0	-
153	3571	500	7533	1	0	1	3
154	3571	500	7543	1	1	2	5 8161
155	3571	500	7553	3	1	4	3 61 449 2087
156	3571	500	7562	3	0	3	2 7 199
157	3571	500	7572	2	1	3	17 107 2791
158	3571	500	7581	3	0	3	7 79 109
159	3571	500	7591	3	1	4	13 89 577 1433
160	3571	500	7600	3	1	4	7 17 151 1487
161	3571	500	7610	3	0	3	3 37 263
162	3571	500	7619	4	1	5	2 3 5 311 1087
163	3571	500	7628	3	2	5	7 43 241 1637 2543
164	3571	500	7637	6	0	6	3 5 19 101 347 383
165	3571	500	7646	3	0	3	5 53 109
166	3571	500	7655	3	1	4	2 137 353 1289
167	3571	500	7664	3	2	5	3 19 373 1213 2203
168	3571	500	7673	2	0	2	3 823
169	0	0	0	0	0	0	-
170	3571	500	7691	3	1	4	17 23 79 1237
171	3571	500	7700	1	1	2	181 3373
172	3571	500	7709	5	0	5	2 5 11 37 47
173	3571	500	7717	1	1	2	3 2687
174	3989	550	8936	0	1	1	3251
175	3571	500	7734	2	2	4	5 167 1699 5881
176	3571	500	7743	2	1	3	3 151 2719
177	3571	500	7752	2	0	2	5 31
178	3571	500	7760	2	1	3	2 347 911
179	3571	500	7768	1	0	1	19
180	3571	500	7777	3	2	5	2 7 43 1913 2683
181	3571	500	7785	3	0	3	17 19 157
182	3571	500	7793	3	0	3	167 509 1609
183	3571	500	7801	1	0	1	223
184	15287	1785	34621	0	0	0	-
185	15671	1829	35527	0	0	0	-
186	3571	500	7826	4	1	5	7 47 223 271 10177
187	3571	500	7834	2	0	2	37 617
188	3571	500	7842	2	0	2	3 59
189	3571	500	7850	2	0	2	3 17
190	3571	500	7858	6	0	6	2 13 89 157 643 673
191	3571	500	7866	1	1	2	17 1399
192	3571	500	7873	4	0	4	2 3 7 613
193	3571	500	7881	2	0	2	5 317
194	3571	500	7889	1	0	1	3
195	3571	500	7897	3	0	3	11 73 379
196	2	1	3	1	0	1	2
197	3571	500	7912	3	0	3	31 47 283
198	3571	500	7919	2	1	3	2 5 9721
199	3571	500	7927	1	1	2	577 1831
200	15091	1763	34723	0	0	0	-
201	3571	500	7942	2	0	2	271 353
202	3571	500	7949	2	0	2	37 829
203	3571	500	7957	3	0	3	3 7 31
204	3571	500	7964	2	0	2	5 359
205	3571	500	7971	2	1	3	19 61 6427
206	3571	500	7979	2	0	2	3 7
207	3571	500	7986	2	0	2	13 17
208	3571	500	7993	3	3	6	5 7 37 1229 1583 3517
209	3571	500	8000	4	0	4	3 59 449 613
210	3571	500	8008	1	0	1	2
211	3571	500	8015	1	0	1	41
212	3571	500	8022	1	0	1	11
213	3571	500	8029	1	0	1	137
214	3571	500	8036	1	0	1	191
215	3571	500	8043	3	2	5	3 73 461 751 3433
216	3	2	5	0	0	0	-
217	3571	500	8057	2	0	2	281 821
218	3571	500	8063	4	1	5	3 331 701 971 1277
219	3571	500	8070	3	1	4	13 107 223 1307
220	3571	500	8077	4	0	4	7 19 47 307
221	3571	500	8084	6	0	6	7 13 29 139 223 439
222	3571	500	8091	4	0	4	2 5 151 271
223	3571	500	8097	3	0	3	239 241 449
224	3571	500	8104	2	0	2	11 401
225	0	0	0	0	0	0	-
226	3571	500	8117	3	0	3	2 127 619
227	4409	600	10386	1	2	3	5 1061 2687
228	3571	500	8131	2	1	3	2 461 4801
229	3571	500	8137	2	0	2	11 29
230	5693	750	13443	0	1	1	5333
231	3571	500	8150	1	0	1	3
232	3571	500	8157	2	1	3	2 953 2801
233	3571	500	8163	1	0	1	113
234	3571	500	8170	3	1	4	61 89 97 1381
235	3571	500	8176	5	0	5	7 19 53 227 307
236	3571	500	8182	4	0	4	3 197 467 587
237	3571	500	8189	1	1	2	7 2621
238	3571	500	8195	4	1	5	2 7 67 1093 1381
239	3571	500	8201	2	1	3	5 109 2549
240	3571	500	8207	4	1	5	2 109 227 271 941
241	3571	500	8214	2	0	2	17 31
242	3571	500	8220	2	0	2	19 541
243	5	3	10	0	0	0	-
244	3989	550	9521	0	1	1	3331
245	3571	500	8238	1	0	1	3
246	3571	500	8244	3	0	3	3 37 251
247	3571	500	8251	2	0	2	17 331
248	3571	500	8257	2	1	3	41 197 2203
249	3571	500	8263	1	3	4	5 1249 2053 3319
250	3571	500	8269	2	1	3	2 127 1889
251	3571	500	8275	6	1	7	7 13 17 89 227 461 3467
252	3571	500	8281	2	0	2	541 947
253	3571	500	8286	1	1	2	19 2659
254	3571	500	8292	6	0	6	5 19 79 283 563 883
255	3571	500	8298	3	0	3	5 151 701
256	2	1	3	1	0	1	2
257	3571	500	8310	4	0	4	23 59 487 967
258	3571	500	8316	2	1	3	11 31 1433
259	3571	500	8322	0	2	2	2011 3001
260	3571	500	8327	6	1	7	5 13 109 149 239 499 3191
261	3571	500	8333	2	1	3	31 37 3121
262	3571	500	8339	2	0	2	2 197
263	3571	500	8345	2	0	2	5 19
264	3571	500	8350	2	1	3	7 13 6469
265	3571	500	8356	2	1	3	5 241 3469
266	3571	500	8361	3	0	3	3 7 113
267	3571	500	8367	2	3	5	13 251 1109 3463 4447
268	3571	500	8373	5	1	6	2 11 19 29 47 3449
269	14797	1734	35951	0	0	0	-
270	3571	500	8384	2	3	5	2 241 3187 3469 4421
271	3571	500	8389	4	3	7	41 79 97 313 709 829 1213
272	3571	500	8395	3	0	3	3 11 53
273	3571	500	8400	1	0	1	37
274	3571	500	8406	2	0	2	5 17
275	3571	500	8411	4	0	4	5 23 317 881
276	3571	500	8417	2	0	2	2 31
277	3571	500	8422	3	1	4	5 19 109 1621
278	3571	500	8428	2	1	3	3 47 4261
279	3571	500	8433	2	0	2	3 47
280	3571	500	8438	2	1	3	2 7 1019
281	11807	1415	28910	0	0	0	-
282	3571	500	8449	4	1	5	2 7 13 1201 2621
283	3571	500	8454	3	0	3	29 31 719
284	3571	500	8460	0	1	1	2473
285	3571	500	8465	3	0	3	5 37 53
286	3571	500	8470	2	0	2	13 487
287	3571	500	8475	2	0	2	3 23
288	3571	500	8480	4	0	4	3 5 47 283
289	0	0	0	0	0	0	-
290	3571	500	8491	2	0	2	3 7
291	3571	500	8496	2	0	2	13 163
292	3571	500	8501	2	2	4	2 5 1019 3221
293	3571	500	8506	2	1	3	3 31 6301
294	3571	500	8511	3	0	3	7 59 269
295	3571	500	8516	3	0	3	17 23 73
296	3571	500	8522	1	1	2	41 2549
297	3571	500	8527	1	1	2	17 2089
298	3571	500	8532	1	0	1	53
299	3571	500	8537	2	0	2	113 383
300	3571	500	8542	1	1	2	7 839
301	3571	500	8547	1	0	1	193
302	3571	500	8552	2	0	2	37 101
303	3571	500	8557	3	0	3	7 19 173
304	3571	500	8561	4	0	4	5 67 179 479
305	3571	500	8566	1	0	1	617
306	3571	500	8571	1	0	1	2
307	3571	500	8576	2	0	2	53 1201
308	3571	500	8581	1	0	1	5
309	3571	500	8586	1	1	2	3 2897
310	3571	500	8591	2	0	2	2 43
311	14543	1703	36250	0	0	0	-
312	3571	500	8600	1	1	2	2 3373
313	3571	500	8605	2	1	3	109 173 1193
314	3571	500	8610	2	2	4	3 67 1663 1721
315	3571	500	8615	4	1	5	17 19 23 67 7129
316	3571	500	8619	4	1	5	2 41 307 1801 1861
317	3571	500	8624	1	1	2	157 6529
318	3571	500	8629	0	1	1	1193
319	3571	500	8634	3	0	3	11 13 149
320	3571	500	8638	3	2	5	7 31 37 1549 1571
321	3571	500	8643	1	0	1	647
322	3571	500	8648	1	1	2	227 2137
323	3571	500	8652	2	0	2	283 619
324	2	1	3	0	0	0	-
325	3571	500	8661	1	1	2	31 1039
326	17291	1987	43454	0	0	0	-
327	3571	500	8671	2	0	2	5 17
328	3571	500	8675	1	0	1	67
329	3571	500	8680	1	0	1	3
330	3571	500	8684	4	0	4	2 79 241 1009
331	6997	900	17629	0	0	0	-
332	3571	500	8693	5	1	6	3 19 43 67 101 2179
333	10177	1250	25669	0	1	1	9743
334	3571	500	8702	2	0	2	79 113
335	3571	500	8707	4	1	5	17 73 197 593 3217
336	3571	500	8711	4	2	6	2 3 61 463 1103 1151
337	3571	500	8716	2	1	3	5 19 2099
338	3571	500	8720	2	0	2	157 277
339	3571	500	8725	3	0	3	11 97 571
340	3571	500	8729	1	3	4	5 659 887 6361
341	3571	500	8733	2	0	2	7 2053
342	3571	500	8738	2	1	3	3 109 811
343	3	2	6	0	0	0	-
344	3571	500	8747	2	0	2	3 23
345	3571	500	8751	2	0	2	103 613
346	3571	500	8755	2	0	2	2 67
347	3571	500	8760	2	1	3	337 401 3331
348	3571	500	8764	3	2	5	2 3 383 1223 6553
349	3571	500	8768	3	0	3	7 17 107
350	3571	500	8772	2	0	2	7 227
351	3571	500	8777	2	0	2	3 17
352	3571	500	8781	2	0	2	2 5
353	3571	500	8785	1	0	1	7
354	3571	500	8789	3	0	3	79 211 307
355	3571	500	8794	4	1	5	11 13 17 137 1109
356	3571	500	8798	1	0	1	419
357	3571	500	8802	1	0	1	3
358	3571	500	8806	2	0	2	2 1499
359	3571	500	8810	4	0	4	5 59 101 383
360	3571	500	8815	0	1	1	2609
361	0	0	0	0	0	0	-
362	3571	500	8823	1	1	2	199 2663
363	3571	500	8827	3	0	3	7 13 197
364	3571	500	8831	2	1	3	17 151 1613
365	3571	500	8835	2	0	2	11 17
366	3571	500	8839	3	0	3	2 11 19
367	3571	500	8843	1	0	1	239
368	3571	500	8848	2	2	4	17 173 787 1699
369	3571	500	8852	3	0	3	3 5 19
370	3571	500	8856	1	0	1	19
371	6997	900	17976	0	0	0	-
372	3571	500	8864	2	1	3	2 67 2939
373	3571	500	8868	3	0	3	5 13 23
374	3571	500	8872	2	0	2	71 283
375	3571	500	8876	0	1	1	1993
376	3571	500	8880	0	2	2	1223 2633
377	3571	500	8884	1	2	3	43 1621 2687
378	3571	500	8888	3	1	4	2 3 73 1091
379	3571	500	8892	2	0	2	17 31
380	6997	900	18049	0	0	0	-
381	3571	500	8900	4	1	5	3 7 53 599 1867
382	3571	500	8903	3	1	4	2 13 67 719
383	3571	500	8907	5	0	5	3 17 199 307 1093
384	6997	900	18080	0	0	0	-
385	6997	900	18088	0	0	0	-
386	3571	500	8919	1	1	2	83 2657
387	3571	500	8923	3	0	3	31 71 101
388	3571	500	8927	4	0	4	2 31 197 293
389	3571	500	8931	2	0	2	11 19
390	3571	500	8934	3	1	4	11 79 787 1153
391	6997	900	18135	0	0	0	-
392	3571	500	8942	3	1	4	3 103 317 1163
393	3571	500	8946	1	0	1	5
394	6571	850	17053	0	0	0	-
395	3571	500	8954	3	0	3	3 7 613
396	3571	500	8957	1	0	1	2
397	3571	500	8961	2	0	2	5 13
398	3571	500	8965	5	0	5	3 11 13 29 743
399	3571	500	8969	2	1	3	7 19 1439
400	2	1	3	1	0	1	2
401	3571	500	8976	2	0	2	127 199
402	3571	500	8980	5	0	5	3 13 71 479 2521
403	3571	500	8984	2	2	4	167 383 1453 2239
404	3571	500	8987	5	0	5	3 7 19 283 431
405	3571	500	8991	3	0	3	3 7 337
406	3571	500	8995	2	1	3	13 31 1171
407	3571	500	8998	1	1	2	457 2423
408	3571	500	9002	3	1	4	2 5 13 2087
409	3571	500	9006	1	0	1	43
410	3571	500	9009	2	1	3	17 389 2237
411	3571	500	9013	0	1	1	1061
412	3571	500	9017	1	2	3	13 1291 2417
413	3571	500	9020	2	0	2	31 157
414	3571	500	9024	5	0	5	3 5 11 457 461
415	3571	500	9028	2	0	2	139 991
416	3571	500	9031	4	3	7	3 53 191 487 1237 1319 3467
417	3571	500	9035	3	1	4	5 7 557 941
418	3571	500	9038	3	0	3	2 5 7
419	3571	500	9042	2	1	3	17 347 1699
420	3571	500	9045	3	0	3	2 61 97
421	3571	500	9049	4	0	4	71 97 103 109
422	3571	500	9053	0	1	1	983
423	3571	500	9056	1	0	1	17
424	3571	500	9060	2	1	3	19 1321 2843
425	3571	500	9063	4	0	4	61 173 433 673
426	3571	500	9067	4	1	5	3 67 157 359 6217
427	3571	500	9070	4	0	4	127 151 181 967
428	3571	500	9074	2	1	3	97 101 1709
429	3571	500	9077	2	0	2	53 97
430	3571	500	9081	3	1	4	2 41 389 853
431	3571	500	9084	2	0	2	17 19
432	3571	500	9088	2	1	3	2 37 2671
433	3571	500	9091	2	2	4	41 599 2531 7393
434	3571	500	9095	1	0	1	3
435	3571	500	9098	3	1	4	3 71 257 1861
436	3571	500	9101	4	0	4	7 13 17 89
437	3571	500	9105	2	1	3	5 1783 1801
438	3571	500	9108	5	0	5	2 7 17 43 859
439	3571	500	9112	4	0	4	5 41 47 151
440	3571	500	9115	1	1	2	67 3049
441	0	0	0	0	0	0	-
442	3571	500	9122	4	0	4	2 13 23 199
443	3571	500	9125	1	0	1	47
444	3571	500	9129	1	0	1	37
445	3571	500	9132	3	0	3	109 541 811
446	3571	500	9135	2	1	3	19 281 1483
447	3571	500	9139	2	1	3	3 7 2213
448	3571	500	9142	3	2	5	2 5 43 619 1103
449	3571	500	9145	2	0	2	19 167
450	3571	500	9149	1	1	2	7 1523
451	3571	500	9152	3	0	3	29 59 389
452	6571	850	17445	0	0	0	-
453	3571	500	9159	3	2	5	3 71 167 2741 3391
454	3571	500	9162	0	1	1	1217
455	3571	500	9165	2	0	2	3 61
456	3571	500	9169	4	1	5	2 3 101 163 1039
457	3571	500	9172	2	0	2	5 43
458	3571	500	9175	1	0	1	769
459	3571	500	9178	2	0	2	5 257
460	3571	500	9182	2	1	3	2 29 4801
461	3571	500	9185	5	0	5	7 31 59 307 521
462	3571	500	9188	2	0	2	2 31
463	3571	500	9191	2	1	3	313 397 2477
464	3571	500	9195	3	1	4	7 71 97 1619
465	6571	850	17526	0	0	0	-
466	3571	500	9201	3	0	3	2 7 17
467	3571	500	9204	1	2	3	11 1571 1933
468	3571	500	9208	2	0	2	23 59
469	6133	800	16380	0	1	1	5987
470	3571	500	9214	3	0	3	31 59 61
471	3571	500	9217	1	1	2	293 6961
472	3571	500	9220	3	0	3	17 41 103
473	3571	500	9223	3	0	3	127 277 547
474	3571	500	9227	2	0	2	5 239
475	3571	500	9230	1	0	1	383
476	3571	500	9233	3	2	5	3 167 263 907 2063
477	3571	500	9236	3	2	5	43 127 191 797 7177
478	3571	500	9239	4	2	6	2 7 179 211 1667 8761
479	3571	500	9242	1	0	1	5
480	3571	500	9245	3	0	3	11 19 1609
481	3571	500	9249	1	1	2	19 2683
482	3571	500	9252	1	0	1	401
483	3571	500	9255	1	0	1	79
484	2	1	3	0	0	0	-
485	6571	850	17646	0	0	0	-
486	3571	500	9264	5	0	5	2 13 31 127 193
487	6571	850	17658	0	0	0	-
488	3571	500	9270	1	0	1	337
489	3571	500	9273	2	0	2	3 13
490	3571	500	9276	4	0	4	2 5 71 401
491	3571	500	9279	3	0	3	31 67 1201
492	3571	500	9282	2	0	2	5 113
493	3571	500	9285	3	0	3	131 269 409
494	3571	500	9288	1	0	1	263
495	3571	500	9291	3	1	4	3 5 331 3109
496	3571	500	9295	2	0	2	47 67
497	3571	500	9298	1	0	1	127
498	3571	500	9301	2	2	4	2 503 1499 2221
499	4831	650	13032	0	1	1	4691
500	3571	500	9307	4	0	4	3 227 479 683
501	3571	500	9310	1	1	2	683 997
502	3571	500	9313	2	0	2	2 149
503	3571	500	9316	2	1	3	5 37 4093
504	3571	500	9318	1	0	1	11
505	3571	500	9321	1	1	2	5 2213
506	3571	500	9324	2	1	3	17 19 1877
507	3571	500	9327	1	0	1	13
508	3571	500	9330	1	1	2	2 2003
509	3571	500	9333	2	0	2	19 181
510	3571	500	9336	1	0	1	67
511	6571	850	17795	0	0	0	-
512	3	2	6	1	0	1	3
513	3571	500	9345	1	1	2	17 2663
514	3571	500	9348	3	0	3	5 491 1171
515	3571	500	9351	0	1	1	2243
516	3571	500	9354	1	1	2	71 3529
517	4409	600	11962	0	1	1	2887
518	3571	500	9360	1	0	1	3
519	3571	500	9362	2	0	2	5 29
520	3571	500	9365	2	1	3	2 269 2251
521	3571	500	9368	2	1	3	19 139 1723
522	3571	500	9371	1	0	1	2
523	3571	500	9374	4	0	4	7 19 37 227
524	3571	500	9377	1	0	1	67
525	3571	500	9380	3	0	3	3 37 61
526	3571	500	9382	1	0	1	43
527	3571	500	9385	2	0	2	17 547
528	3571	500	9388	4	0	4	5 67 79 1093
529	0	0	0	0	0	0	-
530	3571	500	9394	2	1	3	3 5 599
531	3571	500	9397	3	0	3	3 7 19
532	3571	500	9399	0	1	1	1373
533	3571	500	9402	1	0	1	3
534	3571	500	9405	3	0	3	11 31 43
535	3571	500	9408	1	2	3	331 743 2137
536	6571	850	17931	0	0	0	-
537	3571	500	9413	2	0	2	3 503
538	3571	500	9416	2	0	2	5 1319
539	3571	500	9419	4	0	4	5 7 11 211
540	3571	500	9422	3	0	3	2 3 5
541	6571	850	17958	0	0	0	-
542	3571	500	9427	3	1	4	13 173 359 6091
543	3571	500	9430	1	0	1	11
544	3571	500	9433	2	0	2	13 317
545	3571	500	9436	1	0	1	41
546	3571	500	9438	1	2	3	2 1609 2731
547	3571	500	9441	2	1	3	19 503 751
548	3571	500	9444	2	0	2	7 883
549	3571	500	9447	1	2	3	31 709 1907
550	3571	500	9449	2	0	2	5 149
551	3571	500	9452	1	0	1	3
552	3571	500	9455	2	1	3	13 359 1609
553	3571	500	9457	2	0	2	13 41
554	3571	500	9460	3	1	4	3 29 193 7741
555	3571	500	9463	3	1	4	41 61 433 739
556	3571	500	9466	4	1	5	2 43 227 769 1669
557	3571	500	9468	2	0	2	5 17
558	3571	500	9471	1	2	3	317 839 1471
559	3571	500	9474	2	0	2	73 541
560	3571	500	9476	3	0	3	3 7 79
561	3571	500	9479	2	0	2	61 571
562	3571	500	9482	2	0	2	2 379
563	3571	500	9484	3	0	3	5 37 263
564	3571	500	9487	2	0	2	101 239
565	3571	500	9490	1	0	1	79
566	3571	500	9492	4	1	5	3 67 73 733 887
567	3571	500	9495	5	2	7	3 5 11 19 131 839 2843
568	3571	500	9497	2	0	2	2 5
569	3571	500	9500	1	0	1	31
570	3571	500	9503	1	0	1	2
571	3571	500	9505	3	0	3	17 167 181
572	3571	500	9508	3	1	4	3 5 337 6553
573	3571	500	9511	1	1	2	19 2617
574	6571	850	18127	0	0	0	-
575	3571	500	9516	1	1	2	997 3517
576	2	1	3	1	0	1	2
577	3571	500	9521	3	0	3	109 139 227
578	3571	500	9524	1	0	1	521
579	3571	500	9526	3	0	3	3 5 47
580	3571	500	9529	3	3	6	139 311 349 1039 1549 1699
581	3571	500	9531	2	0	2	19 211
582	3571	500	9534	4	0	4	3 13 31 167
583	3571	500	9537	2	0	2	7 47
584	3571	500	9539	3	0	3	3 7 103
585	3571	500	9542	2	0	2	13 127
586	3571	500	9544	5	0	5	2 43 137 179 271
587	3571	500	9547	3	0	3	29 47 1709
588	3571	500	9549	1	0	1	811
589	3571	500	9552	1	0	1	1187
590	3989	550	11051	0	1	1	3881
591	3571	500	9557	2	1	3	7 131 997
592	3571	500	9559	4	0	4	2 11 13 113
593	3571	500	9562	3	0	3	83 131 197
594	3571	500	9565	1	0	1	5
595	3571	500	9567	1	0	1	191
596	3571	500	9570	1	1	2	41 2789
597	3571	500	9572	1	0	1	17
598	3571	500	9575	1	0	1	2
599	3571	500	9577	2	0	2	7 17
600	3571	500	9580	2	1	3	2 337 2909
601	6571	850	18258	0	0	0	-
602	3571	500	9585	1	2	3	233 787 8929
603	3571	500	9587	2	2	4	3 13 1489 3463
604	3571	500	9590	2	1	3	5 503 1709
605	3571	500	9592	1	0	1	3
606	3571	500	9594	3	0	3	2 229 281
607	3571	500	9597	0	2	2	887 3271
608	3571	500	9599	1	1	2	61 3407
609	3571	500	9602	5	0	5	3 7 23 157 1217
610	3571	500	9604	1	2	3	13 1583 2099
611	3571	500	9607	2	1	3	7 563 1783
612	3571	500	9609	4	1	5	2 3 31 43 839
613	3571	500	9612	1	0	1	131
614	3571	500	9614	2	1	3	13 17 2749
615	3571	500	9617	0	1	1	1613
616	3571	500	9619	3	0	3	2 89 349
617	3571	500	9621	5	0	5	5 101 103 313 317
618	3571	500	9624	6	0	6	2 31 181 251 281 521
619	3571	500	9626	1	0	1	11
620	3571	500	9629	1	1	2	487 4861
621	3571	500	9631	1	0	1	3
622	3571	500	9633	3	0	3	7 19 271
623	3571	500	9636	1	1	2	53 3163
624	3571	500	9638	3	2	5	3 127 271 1229 8209
625	0	0	0	0	0	0	-
626	3571	500	9643	3	1	4	3 11 61 1249
627	3571	500	9645	2	2	4	29 397 2467 9769
628	3571	500	9648	1	0	1	29
629	6571	850	18388	0	0	0	-
630	3571	500	9653	2	1	3	2 199 2221
631	6571	850	18397	0	0	0	-
632	6571	850	18401	0	0	0	-
633	3571	500	9660	1	0	1	103
634	3571	500	9662	2	0	2	13 23
635	3571	500	9664	2	0	2	3 617
636	6571	850	18419	0	0	0	-
637	3571	500	9669	4	0	4	5 17 193 277
638	3571	500	9672	2	2	4	59 67 643 1367
639	3571	500	9674	2	3	5	31 353 1373 1663 3467
640	3571	500	9676	1	0	1	2
641	3571	500	9679	2	0	2	113 613
642	3571	500	9681	3	0	3	2 3 151
643	3571	500	9683	2	0	2	13 541
644	3571	500	9686	3	0	3	3 127 613
645	3571	500	9688	4	2	6	5 13 199 461 1217 2447
646	3571	500	9690	4	1	5	2 7 19 23 1697
647	3571	500	9692	1	0	1	7
648	3989	550	11213	0	2	2	3347 4159
649	10177	1250	28618	0	0	0	-
650	3571	500	9699	3	1	4	5 73 349 2557
651	3571	500	9702	3	0	3	19 461 541
652	3571	500	9704	2	0	2	2 463
653	3571	500	9706	4	1	5	17 43 59 211 1597
654	3571	500	9709	1	1	2	11 997
655	3571	500	9711	1	0	1	7
656	3571	500	9713	2	0	2	17 113
657	3571	500	9715	1	0	1	7
658	3571	500	9718	2	0	2	2 257
659	3571	500	9720	2	1	3	29 409 3433
660	3571	500	9722	4	1	5	2 7 73 151 1283
661	3571	500	9725	1	1	2	223 947
662	3571	500	10071	3	0	3	5 383 569
663	3571	500	9729	3	0	3	23 41 173
664	3571	500	9731	1	2	3	191 1097 3571
665	3571	500	9734	3	0	3	43 181 631
666	3571	500	9736	2	1	3	37 347 587
667	3571	500	9738	2	2	4	61 83 701 769
668	3571	500	9740	2	0	2	3 139
669	3571	500	9743	1	0	1	137
670	6571	850	18568	0	0	0	-
671	3571	500	9747	4	1	5	3 23 181 227 5851
672	3571	500	9749	2	0	2	2 547
673	3571	500	9751	2	0	2	19 193
674	3571	500	9754	2	0	2	61 617
675	3571	500	9756	2	0	2	449 467
676	2	1	3	1	0	1	2
677	3571	500	9760	3	2	5	3 41 107 2143 2531
678	3571	500	9763	1	0	1	127
679	3571	500	9765	1	2	3	5 1097 1367
680	3571	500	9767	1	0	1	37
681	3571	500	9769	1	0	1	7
682	3571	500	9771	2	0	2	2 41
683	5693	750	16134	0	1	1	5483
684	6571	850	18627	0	0	0	-
685	3571	500	9778	1	1	2	127 2731
686	3571	500	9780	2	0	2	3 1009
687	3571	500	9782	2	1	3	29 127 1901
688	3571	500	9785	3	0	3	17 83 227
689	3571	500	9787	3	0	3	13 199 241
690	3571	500	9789	2	0	2	2 43
691	6571	850	18656	0	0	0	-
692	3571	500	9793	2	0	2	43 107
693	6571	850	18664	0	0	0	-
694	3571	500	9798	2	0	2	5 157
695	3571	500	9800	1	1	2	881 3217
696	3571	500	9802	2	0	2	3 31
697	3571	500	9804	3	1	4	101 151 379 1307
698	3571	500	9806	1	0	1	7
699	3571	500	9808	3	0	3	5 29 191
700	3571	500	9810	4	1	5	2 7 107 167 821
701	3571	500	9813	1	0	1	3
702	6133	800	17454	0	1	1	5897
703	3571	500	9817	2	1	3	101 499 1091
704	3571	500	9819	1	1	2	101 2731
705	3571	500	9821	1	0	1	397
706	3571	500	9823	1	0	1	31
707	3571	500	9825	1	0	1	137
708	3571	500	9827	4	0	4	2 13 17 71
709	3571	500	9830	5	0	5	11 17 37 43 257
710	3571	500	9832	3	1	4	7 23 59 3673
711	6571	850	18737	0	0	0	-
712	3571	500	9836	1	0	1	191
713	10177	1250	29034	0	0	0	-
714	3571	500	9840	2	0	2	5 79
715	3571	500	9842	2	2	4	389 487 1381 1531
716	4409	600	12585	0	1	1	4133
717	3571	500	9846	4	2	6	7 139 317 503 1361 3343
718	3571	500	9848	1	0	1	2
719	3571	500	9851	1	2	3	113 827 1523
720	3571	500	9853	4	1	5	3 13 17 139 1867
721	3571	500	9855	2	0	2	457 461
722	3571	500	9857	1	1	2	439 4447
723	3571	500	9859	1	1	2	31 8713
724	3571	500	9861	0	1	1	827
725	3571	500	9863	1	1	2	229 2099
726	3571	500	9865	2	0	2	2 3
727	3571	500	9867	1	0	1	347
728	3571	500	9869	2	1	3	3 5 3461
729	0	0	0	0	0	0	-
730	3571	500	9873	1	0	1	13
731	6571	850	18816	0	0	0	-
732	3571	500	9877	2	1	3	2 661 8737
733	3571	500	9879	2	0	2	67 757
734	3571	500	9881	2	1	3	7 353 1373
735	3571	500	9883	3	0	3	3 11 263
736	3571	500	9885	3	0	3	19 71 193
737	3571	500	9888	1	2	3	479 1621 2269
738	3571	500	9890	2	0	2	2 139
739	5279	700	15141	0	1	1	5087
740	3571	500	9894	3	0	3	17 37 199
741	3571	500	9896	1	0	1	349
742	3571	500	9898	2	1	3	2 47 1949
743	3571	500	9900	3	0	3	3 191 227
744	3571	500	9902	3	1	4	13 347 911 10141
745	3571	500	9904	2	0	2	5 1721
746	3571	500	9906	3	0	3	31 41 761
747	3571	500	9908	1	0	1	3
748	3571	500	9910	1	0	1	383
749	3571	500	9912	3	1	4	167 223 461 1951
750	3571	500	9914	2	0	2	2 5
751	3571	500	9916	1	3	4	967 1109 1699 4021
752	6571	850	18897	0	0	0	-
753	3571	500	9920	1	3	4	439 829 3011 3529
754	3571	500	9922	1	1	2	229 941
755	3571	500	9924	3	1	4	3 163 367 6961
756	3571	500	9926	2	1	3	2 11 839
757	3571	500	9928	3	0	3	37 449 1021
758	3571	500	9930	1	0	1	127
759	6571	850	18924	0	0	0	-
760	3571	500	9934	4	0	4	2 7 43 431
761	3571	500	9936	3	0	3	3 103 541
762	3571	500	9937	3	1	4	3 17 59 569
763	3571	500	9939	1	1	2	197 3467
764	3571	500	9941	2	1	3	131 167 3049
765	3571	500	9943	3	0	3	5 7 31
766	3571	500	9945	3	0	3	11 59 61
767	3571	500	9947	2	1	3	31 103 1499
768	3571	500	9949	4	1	5	2 3 19 137 1283
769	3571	500	9951	1	0	1	13
770	3571	500	9953	2	0	2	5 11
771	6571	850	18968	0	0	0	-
772	3571	500	9957	3	2	5	2 5 13 563 677
773	3571	500	9959	1	0	1	3
774	3571	500	9961	2	0	2	31 389
775	3571	500	9963	1	0	1	103
776	3571	500	9965	1	1	2	7 8317
777	3571	500	9967	1	0	1	47
778	3571	500	9969	1	0	1	11
779	3571	500	9971	2	1	3	61 149 1637
780	4409	600	12749	0	1	1	4003
781	3571	500	9974	1	0	1	59
782	3571	500	9976	1	1	2	3 4051
783	3571	500	9978	2	0	2	43 467
784	2	1	3	0	0	0	-
785	3571	500	9982	3	1	4	3 101 103 2531
786	3571	500	9984	2	0	2	2 181
787	3571	500	9986	3	0	3	11 19 37
788	3571	500	10341	0	1	1	1213
789	3571	500	9990	1	0	1	389
790	3571	500	9992	1	3	4	281 1069 1193 3457
791	3571	500	9993	1	0	1	1873
792	3571	500	9995	1	0	1	3
793	3571	500	9997	2	1	3	5 443 1297
794	3571	500	9999	1	1	2	157 811
795	6571	850	19056	0	0	0	-
796	3571	500	10003	2	0	2	2 31
797	3571	500	10005	4	0	4	19 157 383 661
798	3571	500	10007	3	0	3	3 7 593
799	3571	500	10008	1	0	1	53
800	3571	500	10010	1	1	2	7 569
801	3571	500	10012	1	1	2	3 1249
802	3571	500	10014	2	0	2	7 31
803	3571	500	10016	1	1	2	43 2243
804	3571	500	10018	1	0	1	5
805	3571	500	10020	3	2	5	5 7 97 607 3041
806	3571	500	10022	3	1	4	11 13 523 1429
807	3571	500	10023	1	0	1	19
808	3571	500	10025	2	0	2	2 421
809	3571	500	10027	1	3	4	107 911 1709 3461
810	3571	500	10029	2	0	2	2 19
811	3571	500	10031	1	0	1	19
812	3571	500	10033	3	0	3	3 11 269
813	3571	500	10034	1	1	2	197 1531
814	3571	500	10036	2	0	2	41 701
815	3571	500	10038	0	1	1	1583
816	3571	500	10040	1	3	4	353 821 2687 3371
817	3571	500	10042	1	0	1	19
818	3571	500	10044	1	2	3	3 809 1789
819	3571	500	10046	2	0	2	3 23
820	3571	500	10047	1	0	1	2
821	3571	500	10049	1	1	2	43 709
822	3571	500	10051	2	0	2	2 7
823	3571	500	10053	1	0	1	107
824	3571	500	10055	3	0	3	5 59 503
825	3571	500	10056	2	1	3	3 47 2237
826	3571	500	10058	2	0	2	2 67
827	3571	500	10060	1	1	2	3 929
828	3571	500	10062	2	0	2	2 937
829	3571	500	10064	1	0	1	211
830	3571	500	10065	2	0	2	487 881
831	3571	500	10067	1	0	1	101
832	3571	500	10069	3	1	4	41 73 463 971
833	3571	500	10071	1	0	1	137
834	3571	500	10073	3	0	3	23 89 163
835	3571	500	10074	3	0	3	17 211 421
836	3571	500	10076	2	0	2	3 17
837	3571	500	10078	1	0	1	5
838	3571	500	10080	1	3	4	2 587 1999 4951
839	3571	500	10082	2	0	2	3 103
840	3571	500	10083	1	1	2	19 2833
841	0	0	0	0	0	0	-
842	3571	500	10087	5	0	5	7 263 421 521 881
843	3571	500	10089	1	1	2	269 587
844	4831	650	14135	0	1	1	4289
845	3571	500	10092	1	1	2	433 1429
846	3571	500	10094	3	1	4	3 19 61 1223
847	3571	500	10096	1	1	2	383 3461
848	3571	500	10098	1	0	1	43
849	3571	500	10099	1	1	2	241 1447
850	3571	500	10101	2	0	2	79 467
851	3571	500	10103	2	0	2	13 61
852	3571	500	10105	2	0	2	2 541
853	3571	500	10106	1	1	2	13 619
854	3571	500	10108	1	0	1	5
855	3571	500	10110	2	1	3	3 149 9649
856	3571	500	10112	2	0	2	2 7
857	3571	500	10113	3	1	4	3 19 23 2713
858	3571	500	10115	3	0	3	2 53 229
859	3571	500	10117	2	0	2	29 673
860	3571	500	10119	2	0	2	3 5
861	6571	850	19283	0	0	0	-
862	3571	500	10122	3	1	4	2 13 239 1087
863	3571	500	10124	3	1	4	7 151 1327 2423
864	3571	500	10126	4	0	4	3 5 281 509
865	3571	500	10127	0	1	1	877
866	6571	850	19300	0	0	0	-
867	3571	500	10131	2	1	3	19 107 1627
868	3571	500	10133	1	1	2	5 8641
869	3571	500	10134	1	0	1	19
870	3571	500	10136	2	0	2	7 19
871	3571	500	10138	1	0	1	73
872	6571	850	19320	0	0	0	-
873	3571	500	10141	3	0	3	383 433 937
874	3571	500	10143	3	0	3	11 17 317
875	3571	500	10145	2	1	3	3 347 2221
876	3571	500	10146	1	1	2	2 1039
877	3571	500	10148	2	0	2	31 43
878	3571	500	10150	4	0	4	3 7 31 89
879	3989	550	11741	0	1	1	3373
880	3571	500	10153	3	0	3	2 5 467
881	6571	850	19349	0	0	0	-
882	3571	500	10156	2	1	3	2 13 3391
883	3571	500	10158	1	0	1	131
884	3571	500	10160	2	0	2	23 29
885	3571	500	10162	1	0	1	41
886	3571	500	10163	2	0	2	2 613
887	3571	500	10165	1	0	1	1201
888	3571	500	10167	3	2	5	19 79 163 1777 3169
889	3571	500	10168	1	1	2	367 1709
890	3571	500	10170	2	0	2	3 5
891	3571	500	10172	0	1	1	997
892	3571	500	10173	0	1	1	997
893	3571	500	10175	1	2	3	587 991 1867
894	3571	500	10177	2	1	3	3 23 2677
895	4831	650	14258	0	1	1	4507
896	3571	500	10180	1	1	2	127 3361
897	3571	500	10182	2	1	3	3 127 1723
898	5279	700	15588	0	1	1	4951
899	3571	500	10185	6	0	6	3 7 19 43 131 503
900	2	1	3	0	0	0	-
901	3571	500	10188	2	0	2	59 479
902	3571	500	10190	5	0	5	19 37 139 163 563
903	3571	500	10192	1	0	1	31
904	3571	500	10193	4	0	4	23 73 347 937
905	3571	500	10195	1	0	1	223
906	3571	500	10197	2	0	2	2 83
907	6571	850	19432	0	0	0	-
908	3571	500	10200	1	0	1	919
909	3571	500	10202	3	1	4	43 97 263 1231
910	3571	500	10203	1	1	2	2 1613
911	3571	500	10205	3	0	3	3 47 487
912	3571	500	10207	2	0	2	7 13
913	3571	500	10208	1	0	1	7
914	3571	500	10210	1	0	1	223
915	3571	500	10211	2	0	2	3 29
916	3571	500	10574	0	1	1	1993
917	3571	500	10215	0	1	1	2269
918	3571	500	10216	2	0	2	2 3
919	3571	500	10218	3	0	3	5 71 131
920	3571	500	10220	1	0	1	3
921	3571	500	10221	1	0	1	199
922	6133	800	18180	0	1	1	5987
923	3571	500	10225	1	1	2	31 821
924	3571	500	10226	4	1	5	53 79 163 191 1367
925	3571	500	10228	0	2	2	2089 2909
926	3571	500	10229	2	0	2	7 41
927	3571	500	10231	4	2	6	3 7 83 659 739 929
928	3571	500	10233	2	0	2	2 13
929	3571	500	10234	4	0	4	53 79 167 571
930	3571	500	10236	2	0	2	13 83
931	3571	500	10237	2	0	2	7 433
932	6571	850	19510	0	0	0	-
933	3571	500	10241	2	1	3	79 251 599
934	3571	500	10242	1	0	1	97
935	3571	500	10244	1	2	3	79 647 1399
936	3571	500	10245	4	0	4	2 53 127 199
937	3571	500	10247	1	0	1	61
938	6571	850	19528	0	0	0	-
939	3571	500	10250	1	1	2	59 2659
940	3571	500	10252	4	1	5	2 7 277 383 2617
941	3571	500	10253	2	0	2	7 277
942	3571	500	10255	4	1	5	5 7 43 179 3823
943	3571	500	10257	3	0	3	11 29 283
944	3571	500	10258	1	1	2	199 1597
945	3571	500	10260	1	1	2	109 911
946	3571	500	10261	3	0	3	2 113 419
947	3571	500	10263	3	0	3	7 41 71
948	6571	850	19558	0	0	0	-
949	3571	500	10266	1	0	1	1283
950	3571	500	10268	2	3	5	3 229 643 1303 3541
951	6571	850	19567	0	0	0	-
952	3571	500	10271	3	0	3	2 13 179
953	3571	500	10272	1	0	1	131
954	3571	500	10274	2	0	2	5 523
955	3571	500	10276	1	1	2	691 2287
956	6571	850	19582	0	0	0	-
957	3571	500	10279	1	1	2	167 2671
958	3571	500	10280	2	0	2	331 487
959	3571	500	10282	3	1	4	3 7 41 3119
960	3571	500	10283	2	0	2	3 157
961	0	0	0	0	0	0	-
962	3571	500	10286	2	1	3	37 467 877
963	6571	850	19603	0	0	0	-
964	3571	500	10290	3	0	3	37 59 887
965	3571	500	10291	0	1	1	1061
966	3571	500	10293	3	0	3	2 47 73
967	3571	500	10294	3	0	3	5 227 503
968	3571	500	10296	2	0	2	5 13
969	3571	500	10297	2	0	2	3 37
970	3571	500	10299	2	1	3	2 79 1117
971	3571	500	10300	2	1	3	19 61 1187
972	5279	700	15769	0	1	1	4937
973	3571	500	10304	1	2	3	11 607 1531
974	3571	500	10305	4	0	4	3 5 17 29
975	3571	500	10307	1	0	1	179
976	3571	500	10308	2	0	2	2 17
977	3571	500	10310	2	1	3	211 311 1997
978	3571	500	10311	2	0	2	277 3061
979	3571	500	10313	2	0	2	5 101
980	3571	500	10314	1	0	1	17
981	3571	500	10316	4	0	4	3 31 43 71
982	3571	500	10317	2	0	2	2 17
983	3571	500	10319	1	0	1	199
984	3571	500	10320	1	2	3	7 557 1193
985	3571	500	10322	2	0	2	461 701
986	3571	500	10323	2	0	2	17 29
987	3571	500	10325	2	1	3	3 263 859
988	3571	500	10326	2	3	5	19 199 1543 2251 3371
989	3571	500	10328	1	0	1	1321
990	3571	500	10329	3	0	3	2 3 19
991	3571	500	10331	1	0	1	31
992	3571	500	10332	3	1	4	3 19 23 2297
993	3571	500	10334	2	0	2	3 13
994	4831	650	14478	0	1	1	4723
995	3571	500	10337	1	0	1	59
996	3571	500	10338	1	0	1	2
997	3571	500	10340	1	1	2	23 821
998	3571	500	10342	4	0	4	7 31 61 521
999	3571	500	10343	2	1	3	107 1153 2777
To Generalized Repunits Index page.
