1,
2,
3,
4,
5,1
6,
7,1
8,
9,
X,6
E,1
10,
11,1
12,8
13,6
14,
15,1
16,
17,1
18,14
19,13
1X,10
1E,10
20,
21,14
22,12
23,
24,8
25,1
26,6
27,2
28,
29,10
2X,16
2E,1
30,
31,1
32,18
33,23
34,14
35,31
36,30
37,35
38,10
39,30
3X,10
3E,20
40,
41,25
42,14
43,16
44,34
45,36
46,
47,1
48,8
49,33
4X,26
4E,10
50,30
51,2X
52,2
53,30
54,
55,1
56,10
57,21
58,44
59,10
5X,30
5E,10
60,
61,1
62,32
63,56
64,18
65,1
66,56
67,57
68,14
69,
6X,66
6E,4
70,30
71,1
72,70
73,26
74,48
75,1
76,30
77,1
78,10
79,29
7X,20
7E,1
80,
81,1
82,66
83,39
84,14
85,31
86,16
87,56
88,34
89,30
8X,36
8E,83
90,
91,1
92,48
93,63
94,54
95,24
96,80
97,69
98,74
99,23
9X,10
9E,1
X0,80
X1,10
X2,2X
X3,66
X4,54
X5,77
X6,30
X7,54
X8,
X9,70
XX,56
XE,10
E0,10
E1,1
E2,78
E3,69
E4,X0
E5,48
E6,10
E7,49
E8,30
E9,20
EX,10
EE,1
100,
101,1
102,62
103,66
104,94
105,69
106,56
107,104
108,80
109,16
10X,66
10E,X6
110,100
111,1
112,102
113,36
114,80
115,X7
116,
117,1
118,114
119,93
11X,4
11E,42
120,X0
121,111
122,72
123,109
124,70
125,E3
126,26
127,E9
128,100
129,10
12X,76
12E,10
130,30
131,X5
132,78
133,110
134,88
135,1
136,X6
137,1
138,20
139,116
13X,80
13E,10
140,
141,1
142,82
143,56
144,128
145,24
146,100
147,X1
148,14
149,113
14X,E6
14E,1
150,X0
151,149
152,56
153,69
154,100
155,1
156,30
157,147
158,104
159,10
15X,152
15E,35
160,
161,54
162,92
163,103
164,48
165,1
166,136
167,2X
168,54
169,160
16X,24
16E,9
170,80
171,15
172,144
173,66
174,74
175,1
176,100
177,5E
178,10
179,169
17X,X0
17E,10
180,80
181,82
182,10
183,
184,110
185,128
186,66
187,1
188,54
189,73
18X,160
18E,139
190,30
191,10
192,54
193,123
194,
195,1
196,70
197,1
198,144
199,99
19X,10
19E,131
1X0,100
1X1,149
1X2,E2
1X3,76
1X4,78
1X5,73
1X6,160
1X7,1
1X8,194
1X9,133
1XX,48
1XE,11X
1E0,10
1E1,178
1E2,144
1E3,X6
1E4,128
1E5,X3
1E6,20
1E7,18X
1E8,10
1E9,80
1EX,100
1EE,66
200,
201,194
202,102
203,143
204,164
205,13E
206,66
207,5E
208,94
209,183
20X,172
20E,144
210,160
211,X7
212,104
213,E6
214,80
215,110
216,16
217,160
218,174
219,56
21X,X6
21E,94
220,100
221,189
222,112
223,30
224,214
225,119
226,36
227,1
228,194
229,83
22X,200
22E,1
230,
231,56
232,118
233,163
234,114
235,5E
236,1E0
237,227
238,4
239,209
23X,42
23E,16X
240,200
241,207
242,232
243,E9
244,194
245,138
246,230
247,128
248,194
249,69
24X,218
24E,32
250,150
251,1X5
252,224
253,23
254,228
255,E8
256,10
257,208
258,1X4
259,X0
25X,10
25E,1X2
260,160
261,1X3
262,216
263,10
264,78
265,1
266,110
267,264
268,200
269,230
26X,136
26E,104
270,220
271,93
272,138
273,160
274,20
275,1
276,116
277,143
278,80
279,226
27X,10
27E,144
280,
281,1
282,142
283,246
284,204
285,128
286,56
287,2E
288,128
289,10
28X,24
28E,102
290,100
291,194
292,228
293,1X3
294,14
295,194
296,260
297,111
298,244
299,69
29X,150
29E,1
2X0,X0
2X1,106
2X2,29X
2X3,236
2X4,1X8
2X5,5E
2X6,200
2X7,240
2X8,254
2X9,49
2XX,156
2XE,10
2E0,30
2E1,190
2E2,2X2
2E3,216
2E4,260
2E5,245
2E6,10
2E7,294
2E8,2E0
2E9,100
2EX,194
2EE,164
300,
301,1
302,54
303,203
304,234
305,4X
306,266
307,2E7
308,48
309,169
30X,166
30E,10
310,2X0
311,1
312,2X
313,69
314,54
315,310
316,160
317,66
318,24
319,316
31X,178
31E,1
320,80
321,181
322,186
323,230
324,144
325,284
326,66
327,317
328,228
329,X6
32X,176
32E,10
330,100
331,78
332,216
333,223
334,188
335,246
336,326
337,13E
338,X0
339,260
33X,10
33E,217
340,80
341,1
342,82
343,200
344,10
345,1
346,
347,1
348,294
349,233
34X,128
34E,10
350,230
351,1
352,188
353,309
354,54
355,169
356,240
357,33
358,160
359,280
35X,308
35E,83
360,200
361,309
362,10
363,353
364,54
365,27E
366,2E6
367,1
368,
369,230
36X,196
36E,56
370,70
371,255
372,198
373,E3
374,320
375,370
376,276
377,E
378,10
379,E9
37X,310
37E,138
380,100
381,125
382,32X
383,139
384,294
385,265
386,76
387,152
388,260
389,10
38X,258
38E,66
390,160
391,E8
392,1X8
393,216
394,194
395,1
396,320
397,350
398,48
399,376
39X,11X
39E,1
3X0,200
3X1,169
3X2,178
3X3,136
3X4,144
3X5,E7
3X6,X6
3X7,122
3X8,128
3X9,273
3XX,298
3XE,154
3E0,20
3E1,E9
3E2,18X
3E3,116
3E4,208
3E5,225
3E6,80
3E7,299
3E8,100
3E9,10
3EX,66
3EE,391
400,
401,1
402,194
403,283
404,304
405,191
406,346
407,192
408,368
409,199
40X,344
40E,14E
410,270
411,247
412,266
413,169
414,94
415,387
416,390
417,1
418,380
419,373
41X,144
41E,194
420,160
421,111
422,2E8
423,260
424,104
425,354
426,E6
427,340
428,80
429,150
42X,110
42E,9X
430,230
431,123
432,160
433,149
434,174
435,239
436,56
437,295
438,304
439,69
43X,94
43E,1
440,100
441,77
442,3XX
443,156
444,334
445,1
446,30
447,379
448,214
449,439
44X,342
44E,13E
450,260
451,1XX
452,228
453,169
454,194
455,383
456,2E0
457,54
458,200
459,333
45X,230
45E,10
460,
461,10
462,56
463,356
464,118
465,392
466,396
467,388
468,114
469,409
46X,294
46E,10
470,1E0
471,187
472,462
473,166
474,240
475,1
476,446
477,42X
478,280
479,340
47X,16X
47E,2X
480,200
481,462
482,448
483,160
484,474
485,265
486,340
487,1
488,194
489,9
48X,138
48E,387
490,230
491,48
492,128
493,186
494,194
495,441
496,2E6
497,3E3
498,218
499,390
49X,32
49E,144
4X0,3X0
4X1,230
4X2,436
4X3,176
4X4,224
4X5,154
4X6,276
4X7,1
4X8,228
4X9,216
4XX,E8
4XE,17E
4E0,10
4E1,23
4E2,208
4E3,169
4E4,440
4E5,163
4E6,X0
4E7,1
4E8,10
4E9,10
4EX,1X2
4EE,87
500,400
501,121
502,444
503,243
504,478
505,203
506,10
507,165
508,320
509,
50X,266
50E,194
510,110
511,114
512,264
513,476
514,200
515,444
516,230
517,336
518,3X4
519,353
51X,104
51E,453
520,220
521,69
522,344
523,409
524,138
525,83
526,160
527,418
528,294
529,139
52X,276
52E,421
530,390
531,319
532,3EX
533,10
534,80
535,473
536,226
537,1
538,10
539,123
53X,144
53E,188
540,
541,1
542,282
543,196
544,404
545,4E4
546,246
547,413
548,488
549,373
54X,128
54E,230
550,320
551,10
552,2E6
553,276
554,128
555,1
556,10
557,9X
558,24
559,310
55X,102
55E,E9
560,100
561,243
562,194
563,149
564,228
565,213
566,476
567,352
568,2X8
569,76
56X,194
56E,1
570,260
571,543
572,3X8
573,73
574,520
575,2X3
576,346
577,1
578,150
579,393
57X,2X0
57E,1
580,380
581,36X
582,106
583,509
584,580
585,151
586,236
587,272
588,1X8
589,309
58X,344
58E,36
590,200
591,35X
592,240
593,369
594,540
595,4E7
596,336
597,39E
598,444
599,299
59X,10
59E,242
5X0,320
5X1,251
5X2,190
5X3,X3
5X4,594
5X5,232
5X6,216
5X7,435
5X8,554
5X9,580
5XX,53X
5XE,23X
5E0,10
5E1,64
5E2,294
5E3,476
5E4,5X8
5E5,348
5E6,100
5E7,3X3
5E8,194
5E9,66
5EX,164
5EE,318
600,
601,341
602,302
603,596
604,54
605,57
606,506
607,78
608,234
609,346
60X,4X
60E,5X1
610,570
611,529
612,602
613,549
614,354
615,347
616,476
617,3X
618,474
619,266
61X,10
61E,120
620,2X0
621,54
622,312
623,183
624,340
625,294
626,380
627,13E
628,368
629,353
62X,310
62E,304
630,160
631,217
632,66
633,509
634,340
635,216
636,316
637,357
638,178
639,309
63X,320
63E,10
640,80
641,2XE
642,4X2
643,110
644,4X8
645,1XX
646,230
647,176
648,468
649,160
64X,284
64E,463
650,390
651,519
652,642
653,490
654,228
655,362
656,X6
657,476
658,4X4
659,2E3
65X,10
65E,1
660,100
661,110
662,78
663,189
664,548
665,2X5
666,556
667,182
668,500
669,253
66X,246
66E,229
670,660
671,1
672,476
673,119
674,X0
675,647
676,260
677,548
678,10
679,453
67X,556
67E,236
680,400
681,304
682,342
683,83
684,404
685,1
686,200
687,65X
688,354
689,230
68X,346
68E,10
690,
691,49
692,348
693,56
694,294
695,549
696,580
697,1
698,128
699,609
69X,10
69E,4E
6X0,580
6X1,580
6X2,352
6X3,509
6X4,188
6X5,X7
6X6,660
6X7,267
6X8,54
6X9,699
6XX,502
6XE,X1
6E0,240
6E1,135
6E2,38X
6E3,209
6E4,160
6E5,1
6E6,280
6E7,217
6E8,308
6E9,3X9
6EX,422
6EE,599
700,200
701,28X
702,66X
703,689
704,10
705,9X
706,6E6
707,1
708,54
709,583
70X,624
70E,65E
710,660
711,10
712,368
713,606
714,
715,580
716,230
717,707
718,544
719,373
71X,56
71E,679
720,420
721,426
722,606
723,69
724,198
725,53X
726,466
727,330
728,694
729,510
72X,370
72E,277
730,630
731,1
732,386
733,436
734,388
735,654
736,476
737,213
738,310
739,509
73X,138
73E,439
740,480
741,104
742,4X6
743,5X6
744,6E0
745,1E3
746,500
747,691
748,294
749,463
74X,62X
74E,1
750,440
751,720
752,152
753,339
754,628
755,1
756,10
757,35
758,258
759,6X0
75X,66
75E,122
760,160
761,391
762,E8
763,1X3
764,1X8
765,1E5
766,216
767,E7
768,194
769,516
76X,396
76E,1E7
770,320
771,761
772,350
773,266
774,48
775,665
776,376
777,1
778,4E8
779,776
77X,3X0
77E,10
780,200
781,1
782,54X
783,230
784,178
785,506
786,136
787,309
788,528
789,373
78X,4X0
78E,652
790,490
791,23
792,122
793,93
794,514
795,188
796,660
797,507
798,298
799,160
79X,154
79E,X7
7X0,20
7X1,385
7X2,4XX
7X3,276
7X4,580
7X5,273
7X6,116
7X7,178
7X8,600
7X9,143
7XX,61X
7XE,352
7E0,80
7E1,1
7E2,694
7E3,760
7E4,100
7E5,186
7E6,10
7E7,683
7E8,464
7E9,403
7EX,790
7EE,2X5
800,
801,1
802,402
803,543
804,194
805,1
806,686
807,294
808,708
809,509
80X,596
80E,7X4
810,750
811,1
812,192
813,676
814,368
815,42
816,5X6
817,795
818,344
819,2E6
81X,55X
81E,391
820,680
821,5X8
822,658
823,299
824,678
825,88
826,580
827,6E6
828,4X8
829,660
82X,7X0
82E,76E
830,390
831,77E
832,418
833,736
834,380
835,169
836,790
837,18E
838,144
839,476
83X,194
83E,1
840,580
841,346
842,532
843,469
844,2E8
845,585
846,260
847,10X
848,528
849,683
84X,354
84E,58E
850,520
851,732
852,340
853,346
854,4X8
855,1X1
856,150
857,848
858,110
859,2X0
85X,9X
85E,121
860,660
861,476
862,554
863,106
864,160
865,650
866,580
867,59
868,5X8
869,800
86X,672
86E,1
870,490
871,354
872,710
873,629
874,740
875,1
876,4X6
877,192
878,94
879,240
87X,440
87E,6X3
880,540
881,6XX
882,4E8
883,623
884,830
885,766
886,156
887,497
888,334
889,10
88X,446
88E,10
890,30
891,1
892,804
893,190
894,214
895,543
896,886
897,71X
898,790
899,509
89X,58X
89E,381
8X0,260
8X1,444
8X2,1XX
8X3,833
8X4,228
8X5,83X
8X6,600
8X7,177
8X8,194
8X9,886
8XX,818
8XE,36
8E0,2E0
8E1,1
8E2,54
8E3,100
8E4,200
8E5,260
8E6,790
8E7,83E
8E8,230
8E9,463
8EX,10
8EE,1
900,
901,1
902,10
903,603
904,4E8
905,430
906,356
907,460
908,580
909,809
90X,392
90E,306
910,840
911,1
912,388
913,353
914,114
915,881
916,876
917,131
918,294
919,909
91X,10
91E,128
920,660
921,293
922,638
923,783
924,914
925,32X
926,166
927,143
928,240
929,10
92X,476
92E,E1
930,900
931,631
932,42X
933,623
934,280
935,687
936,340
937,56
938,628
939,69
93X,2X
93E,660
940,680
941,258
942,462
943,310
944,448
945,306
946,160
947,1
948,474
949,66
94X,72X
94E,1
950,340
951,10
952,488
953,316
954,194
955,309
956,496
957,352
958,138
959,320
95X,856
95E,X9
960,700
961,446
962,48
963,803
964,128
965,61X
966,186
967,4E8
968,194
969,230
96X,916
96E,169
970,790
971,2E4
972,88X
973,5X9
974,6E4
975,178
976,390
977,1
978,510
979,969
97X,144
97E,221
980,880
981,373
982,230
983,X6
984,918
985,58X
986,176
987,977
988,708
989,10
98X,154
98E,886
990,760
991,686
992,4X8
993,3X9
994,714
995,6X8
996,216
997,596
998,E8
999,223
99X,66X
99E,580
9X0,500
9X1,1
9X2,514
9X3,246
9X4,208
9X5,579
9X6,660
9X7,73X
9X8,440
9X9,476
9XX,658
9XE,197
9E0,X0
9E1,10
9E2,4E8
9E3,599
9E4,508
9E5,596
9E6,10
9E7,862
9E8,6X0
9E9,556
9EX,586
9EE,868
X00,400
X01,10
X02,622
X03,683
X04,444
X05,194
X06,746
X07,441
X08,980
X09,200
X0X,708
X0E,8E5
X10,10
X11,296
X12,670
X13,346
X14,828
X15,606
X16,
X17,1
X18,774
X19,693
X1X,194
X1E,1
X20,620
X21,13E
X22,114
X23,909
X24,264
X25,806
X26,476
X27,989
X28,714
X29,10
X2X,444
X2E,266
X30,230
X31,886
X32,336
X33,6X3
X34,900
X35,154
X36,870
X37,330
X38,104
X39,9E3
X3X,972
X3E,685
X40,740
X41,775
X42,58X
X43,169
X44,344
X45,749
X46,930
X47,144
X48,660
X49,33
X4X,5X8
X4E,865
X50,160
X51,92E
X52,418
X53,976
X54,800
X55,92E
X56,666
X57,48
X58,7X4
X59,83
X5X,950
X5E,618
X60,900
X61,1
X62,84X
X63,309
X64,930
X65,829
X66,10
X67,4E7
X68,80
X69,353
X6X,9X8
X6E,724
X70,760
X71,53X
X72,538
X73,989
X74,548
X75,336
X76,660
X77,9XX
X78,144
X79,713
X7X,188
X7E,160
X80,
X81,554
X82,542
X83,230
X84,804
X85,867
X86,196
X87,64E
X88,948
X89,56
X8X,4E4
X8E,1
X90,790
X91,X6X
X92,95X
X93,606
X94,X14
X95,830
X96,900
X97,950
X98,128
X99,E3
X9X,230
X9E,35
XX0,320
XX1,7E9
XX2,10
XX3,370
XX4,848
XX5,X51
XX6,276
XX7,X2E
XX8,680
XX9,386
XXX,556
XXE,10
XE0,10
XE1,5E7
XE2,9X
XE3,476
XE4,580
XE5,2XE
XE6,310
XE7,111
XE8,660
XE9,876
XEX,658
XEE,2X6
E00,100
E01,790
E02,7X4
E03,4X6
E04,194
E05,327
E06,6E0
E07,57E
E08,228
E09,139
E0X,778
E0E,1
E10,X20
E11,E01
E12,352
E13,9E3
E14,854
E15,117
E16,76
E17,186
E18,194
E19,519
E1X,570
E1E,10
E20,260
E21,XX4
E22,XE4
E23,399
E24,3X8
E25,71E
E26,626
E27,1
E28,X94
E29,66
E2X,858
E2E,164
E30,900
E31,1
E32,578
E33,489
E34,708
E35,4E8
E36,950
E37,256
E38,2X0
E39,216
E3X,580
E3E,1
E40,940
E41,10
E42,36X
E43,396
E44,688
E45,X93
E46,X90
E47,58X
E48,580
E49,350
E4X,716
E4E,7E
E50,800
E51,5E
E52,272
E53,E30
E54,1X8
E55,1
E56,896
E57,760
E58,344
E59,3X0
E5X,36
E5E,699
E60,200
E61,1
E62,35X
E63,169
E64,240
E65,633
E66,940
E67,14E
E68,540
E69,900
E6X,X90
E6E,E46
E70,910
E71,73
E72,976
E73,4X0
E74,X20
E75,509
E76,876
E77,XX6
E78,10
E79,509
E7X,242
E7E,X19
E80,900
E81,X28
E82,832
E83,660
E84,190
E85,90X
E86,686
E87,907
E88,594
E89,543
E8X,232
E8E,1
E90,800
E91,360
E92,X20
E93,E9
E94,E40
E95,945
E96,580
E97,96
E98,E28
E99,509
E9X,23X
E9E,1XX
EX0,600
EX1,84E
EX2,64
EX3,X13
EX4,294
EX5,1X7
EX6,476
EX7,756
EX8,5X8
EX9,299
EXX,348
EXE,128
EE0,100
EE1,17E
EE2,99X
EE3,409
EE4,194
EE5,233
EE6,66
EE7,6X9
EE8,164
EE9,790
EEX,318
EEE,1
1000,
