0,0
1,10
2,100
3,110
4,200
5,210
6,1000
7,1010
8,1100
9,1110
X,1200
E,1210
10,2000
11,2010
12,2100
13,2110
14,2200
15,2210
16,3000
17,3010
18,3100
19,3110
1X,3200
1E,3210
20,10000
21,10010
22,10100
23,10110
24,10200
25,10210
26,11000
27,11010
28,11100
29,11110
2X,11200
2E,11210
30,12000
31,12010
32,12100
33,12110
34,12200
35,12210
36,13000
37,13010
38,13100
39,13110
3X,13200
3E,13210
40,20000
41,20010
42,20100
43,20110
44,20200
45,20210
46,21000
47,21010
48,21100
49,21110
4X,21200
4E,21210
50,22000
51,22010
52,22100
53,22110
54,22200
55,22210
56,23000
57,23010
58,23100
59,23110
5X,23200
5E,23210
60,30000
61,30010
62,30100
63,30110
64,30200
65,30210
66,31000
67,31010
68,31100
69,31110
6X,31200
6E,31210
70,32000
71,32010
72,32100
73,32110
74,32200
75,32210
76,33000
77,33010
78,33100
79,33110
7X,33200
7E,33210
80,40000
81,40010
82,40100
83,40110
84,40200
85,40210
86,41000
87,41010
88,41100
89,41110
8X,41200
8E,41210
90,42000
91,42010
92,42100
93,42110
94,42200
95,42210
96,43000
97,43010
98,43100
99,43110
9X,43200
9E,43210
X0,100000
X1,100010
X2,100100
X3,100110
X4,100200
X5,100210
X6,101000
X7,101010
X8,101100
X9,101110
XX,101200
XE,101210
E0,102000
E1,102010
E2,102100
E3,102110
E4,102200
E5,102210
E6,103000
E7,103010
E8,103100
E9,103110
EX,103200
EE,103210
100,110000
101,110010
102,110100
103,110110
104,110200
105,110210
106,111000
107,111010
108,111100
109,111110
10X,111200
10E,111210
110,112000
111,112010
112,112100
113,112110
114,112200
115,112210
116,113000
117,113010
118,113100
119,113110
11X,113200
11E,113210
120,120000
121,120010
122,120100
123,120110
124,120200
125,120210
126,121000
127,121010
128,121100
129,121110
12X,121200
12E,121210
130,122000
131,122010
132,122100
133,122110
134,122200
135,122210
136,123000
137,123010
138,123100
139,123110
13X,123200
13E,123210
140,130000
141,130010
142,130100
143,130110
144,130200
145,130210
146,131000
147,131010
148,131100
149,131110
14X,131200
14E,131210
150,132000
151,132010
152,132100
153,132110
154,132200
155,132210
156,133000
157,133010
158,133100
159,133110
15X,133200
15E,133210
160,140000
161,140010
162,140100
163,140110
164,140200
165,140210
166,141000
167,141010
168,141100
169,141110
16X,141200
16E,141210
170,142000
171,142010
172,142100
173,142110
174,142200
175,142210
176,143000
177,143010
178,143100
179,143110
17X,143200
17E,143210
180,200000
181,200010
182,200100
183,200110
184,200200
185,200210
186,201000
187,201010
188,201100
189,201110
18X,201200
18E,201210
190,202000
191,202010
192,202100
193,202110
194,202200
195,202210
196,203000
197,203010
198,203100
199,203110
19X,203200
19E,203210
1X0,210000
1X1,210010
1X2,210100
1X3,210110
1X4,210200
1X5,210210
1X6,211000
1X7,211010
1X8,211100
1X9,211110
1XX,211200
1XE,211210
1E0,212000
1E1,212010
1E2,212100
1E3,212110
1E4,212200
1E5,212210
1E6,213000
1E7,213010
1E8,213100
1E9,213110
1EX,213200
1EE,213210
200,220000
201,220010
202,220100
203,220110
204,220200
205,220210
206,221000
207,221010
208,221100
209,221110
20X,221200
20E,221210
210,222000
211,222010
212,222100
213,222110
214,222200
215,222210
216,223000
217,223010
218,223100
219,223110
21X,223200
21E,223210
220,230000
221,230010
222,230100
223,230110
224,230200
225,230210
226,231000
227,231010
228,231100
229,231110
22X,231200
22E,231210
230,232000
231,232010
232,232100
233,232110
234,232200
235,232210
236,233000
237,233010
238,233100
239,233110
23X,233200
23E,233210
240,240000
241,240010
242,240100
243,240110
244,240200
245,240210
246,241000
247,241010
248,241100
249,241110
24X,241200
24E,241210
250,242000
251,242010
252,242100
253,242110
254,242200
255,242210
256,243000
257,243010
258,243100
259,243110
25X,243200
25E,243210
260,300000
261,300010
262,300100
263,300110
264,300200
265,300210
266,301000
267,301010
268,301100
269,301110
26X,301200
26E,301210
270,302000
271,302010
272,302100
273,302110
274,302200
275,302210
276,303000
277,303010
278,303100
279,303110
27X,303200
27E,303210
280,310000
281,310010
282,310100
283,310110
284,310200
285,310210
286,311000
287,311010
288,311100
289,311110
28X,311200
28E,311210
290,312000
291,312010
292,312100
293,312110
294,312200
295,312210
296,313000
297,313010
298,313100
299,313110
29X,313200
29E,313210
2X0,320000
2X1,320010
2X2,320100
2X3,320110
2X4,320200
2X5,320210
2X6,321000
2X7,321010
2X8,321100
2X9,321110
2XX,321200
2XE,321210
2E0,322000
2E1,322010
2E2,322100
2E3,322110
2E4,322200
2E5,322210
2E6,323000
2E7,323010
2E8,323100
2E9,323110
2EX,323200
2EE,323210
300,330000
301,330010
302,330100
303,330110
304,330200
305,330210
306,331000
307,331010
308,331100
309,331110
30X,331200
30E,331210
310,332000
311,332010
312,332100
313,332110
314,332200
315,332210
316,333000
317,333010
318,333100
319,333110
31X,333200
31E,333210
320,340000
321,340010
322,340100
323,340110
324,340200
325,340210
326,341000
327,341010
328,341100
329,341110
32X,341200
32E,341210
330,342000
331,342010
332,342100
333,342110
334,342200
335,342210
336,343000
337,343010
338,343100
339,343110
33X,343200
33E,343210
340,400000
341,400010
342,400100
343,400110
344,400200
345,400210
346,401000
347,401010
348,401100
349,401110
34X,401200
34E,401210
350,402000
351,402010
352,402100
353,402110
354,402200
355,402210
356,403000
357,403010
358,403100
359,403110
35X,403200
35E,403210
360,410000
361,410010
362,410100
363,410110
364,410200
365,410210
366,411000
367,411010
368,411100
369,411110
36X,411200
36E,411210
370,412000
371,412010
372,412100
373,412110
374,412200
375,412210
376,413000
377,413010
378,413100
379,413110
37X,413200
37E,413210
380,420000
381,420010
382,420100
383,420110
384,420200
385,420210
386,421000
387,421010
388,421100
389,421110
38X,421200
38E,421210
390,422000
391,422010
392,422100
393,422110
394,422200
395,422210
396,423000
397,423010
398,423100
399,423110
39X,423200
39E,423210
3X0,430000
3X1,430010
3X2,430100
3X3,430110
3X4,430200
3X5,430210
3X6,431000
3X7,431010
3X8,431100
3X9,431110
3XX,431200
3XE,431210
3E0,432000
3E1,432010
3E2,432100
3E3,432110
3E4,432200
3E5,432210
3E6,433000
3E7,433010
3E8,433100
3E9,433110
3EX,433200
3EE,433210
400,440000
401,440010
402,440100
403,440110
404,440200
405,440210
406,441000
407,441010
408,441100
409,441110
40X,441200
40E,441210
410,442000
411,442010
412,442100
413,442110
414,442200
415,442210
416,443000
417,443010
418,443100
419,443110
41X,443200
41E,443210
420,500000
421,500010
422,500100
423,500110
424,500200
425,500210
426,501000
427,501010
428,501100
429,501110
42X,501200
42E,501210
430,502000
431,502010
432,502100
433,502110
434,502200
435,502210
436,503000
437,503010
438,503100
439,503110
43X,503200
43E,503210
440,510000
441,510010
442,510100
443,510110
444,510200
445,510210
446,511000
447,511010
448,511100
449,511110
44X,511200
44E,511210
450,512000
451,512010
452,512100
453,512110
454,512200
455,512210
456,513000
457,513010
458,513100
459,513110
45X,513200
45E,513210
460,520000
461,520010
462,520100
463,520110
464,520200
465,520210
466,521000
467,521010
468,521100
469,521110
46X,521200
46E,521210
470,522000
471,522010
472,522100
473,522110
474,522200
475,522210
476,523000
477,523010
478,523100
479,523110
47X,523200
47E,523210
480,530000
481,530010
482,530100
483,530110
484,530200
485,530210
486,531000
487,531010
488,531100
489,531110
48X,531200
48E,531210
490,532000
491,532010
492,532100
493,532110
494,532200
495,532210
496,533000
497,533010
498,533100
499,533110
49X,533200
49E,533210
4X0,540000
4X1,540010
4X2,540100
4X3,540110
4X4,540200
4X5,540210
4X6,541000
4X7,541010
4X8,541100
4X9,541110
4XX,541200
4XE,541210
4E0,542000
4E1,542010
4E2,542100
4E3,542110
4E4,542200
4E5,542210
4E6,543000
4E7,543010
4E8,543100
4E9,543110
4EX,543200
4EE,543210
500,1000000
501,1000010
502,1000100
503,1000110
504,1000200
505,1000210
506,1001000
507,1001010
508,1001100
509,1001110
50X,1001200
50E,1001210
510,1002000
511,1002010
512,1002100
513,1002110
514,1002200
515,1002210
516,1003000
517,1003010
518,1003100
519,1003110
51X,1003200
51E,1003210
520,1010000
521,1010010
522,1010100
523,1010110
524,1010200
525,1010210
526,1011000
527,1011010
528,1011100
529,1011110
52X,1011200
52E,1011210
530,1012000
531,1012010
532,1012100
533,1012110
534,1012200
535,1012210
536,1013000
537,1013010
538,1013100
539,1013110
53X,1013200
53E,1013210
540,1020000
541,1020010
542,1020100
543,1020110
544,1020200
545,1020210
546,1021000
547,1021010
548,1021100
549,1021110
54X,1021200
54E,1021210
550,1022000
551,1022010
552,1022100
553,1022110
554,1022200
555,1022210
556,1023000
557,1023010
558,1023100
559,1023110
55X,1023200
55E,1023210
560,1030000
561,1030010
562,1030100
563,1030110
564,1030200
565,1030210
566,1031000
567,1031010
568,1031100
569,1031110
56X,1031200
56E,1031210
570,1032000
571,1032010
572,1032100
573,1032110
574,1032200
575,1032210
576,1033000
577,1033010
578,1033100
579,1033110
57X,1033200
57E,1033210
580,1040000
581,1040010
582,1040100
583,1040110
584,1040200
585,1040210
586,1041000
587,1041010
588,1041100
589,1041110
58X,1041200
58E,1041210
590,1042000
591,1042010
592,1042100
593,1042110
594,1042200
595,1042210
596,1043000
597,1043010
598,1043100
599,1043110
59X,1043200
59E,1043210
5X0,1100000
5X1,1100010
5X2,1100100
5X3,1100110
5X4,1100200
5X5,1100210
5X6,1101000
5X7,1101010
5X8,1101100
5X9,1101110
5XX,1101200
5XE,1101210
5E0,1102000
5E1,1102010
5E2,1102100
5E3,1102110
5E4,1102200
5E5,1102210
5E6,1103000
5E7,1103010
5E8,1103100
5E9,1103110
5EX,1103200
5EE,1103210
600,1110000
601,1110010
602,1110100
603,1110110
604,1110200
605,1110210
606,1111000
607,1111010
608,1111100
609,1111110
60X,1111200
60E,1111210
610,1112000
611,1112010
612,1112100
613,1112110
614,1112200
615,1112210
616,1113000
617,1113010
618,1113100
619,1113110
61X,1113200
61E,1113210
620,1120000
621,1120010
622,1120100
623,1120110
624,1120200
625,1120210
626,1121000
627,1121010
628,1121100
629,1121110
62X,1121200
62E,1121210
630,1122000
631,1122010
632,1122100
633,1122110
634,1122200
635,1122210
636,1123000
637,1123010
638,1123100
639,1123110
63X,1123200
63E,1123210
640,1130000
641,1130010
642,1130100
643,1130110
644,1130200
645,1130210
646,1131000
647,1131010
648,1131100
649,1131110
64X,1131200
64E,1131210
650,1132000
651,1132010
652,1132100
653,1132110
654,1132200
655,1132210
656,1133000
657,1133010
658,1133100
659,1133110
65X,1133200
65E,1133210
660,1140000
661,1140010
662,1140100
663,1140110
664,1140200
665,1140210
666,1141000
667,1141010
668,1141100
669,1141110
66X,1141200
66E,1141210
670,1142000
671,1142010
672,1142100
673,1142110
674,1142200
675,1142210
676,1143000
677,1143010
678,1143100
679,1143110
67X,1143200
67E,1143210
680,1200000
681,1200010
682,1200100
683,1200110
684,1200200
685,1200210
686,1201000
687,1201010
688,1201100
689,1201110
68X,1201200
68E,1201210
690,1202000
691,1202010
692,1202100
693,1202110
694,1202200
695,1202210
696,1203000
697,1203010
698,1203100
699,1203110
69X,1203200
69E,1203210
6X0,1210000
6X1,1210010
6X2,1210100
6X3,1210110
6X4,1210200
6X5,1210210
6X6,1211000
6X7,1211010
6X8,1211100
6X9,1211110
6XX,1211200
6XE,1211210
6E0,1212000
6E1,1212010
6E2,1212100
6E3,1212110
6E4,1212200
6E5,1212210
6E6,1213000
6E7,1213010
6E8,1213100
6E9,1213110
6EX,1213200
6EE,1213210
700,1220000
701,1220010
702,1220100
703,1220110
704,1220200
705,1220210
706,1221000
707,1221010
708,1221100
709,1221110
70X,1221200
70E,1221210
710,1222000
711,1222010
712,1222100
713,1222110
714,1222200
715,1222210
716,1223000
717,1223010
718,1223100
719,1223110
71X,1223200
71E,1223210
720,1230000
721,1230010
722,1230100
723,1230110
724,1230200
725,1230210
726,1231000
727,1231010
728,1231100
729,1231110
72X,1231200
72E,1231210
730,1232000
731,1232010
732,1232100
733,1232110
734,1232200
735,1232210
736,1233000
737,1233010
738,1233100
739,1233110
73X,1233200
73E,1233210
740,1240000
741,1240010
742,1240100
743,1240110
744,1240200
745,1240210
746,1241000
747,1241010
748,1241100
749,1241110
74X,1241200
74E,1241210
750,1242000
751,1242010
752,1242100
753,1242110
754,1242200
755,1242210
756,1243000
757,1243010
758,1243100
759,1243110
75X,1243200
75E,1243210
760,1300000
761,1300010
762,1300100
763,1300110
764,1300200
765,1300210
766,1301000
767,1301010
768,1301100
769,1301110
76X,1301200
76E,1301210
770,1302000
771,1302010
772,1302100
773,1302110
774,1302200
775,1302210
776,1303000
777,1303010
778,1303100
779,1303110
77X,1303200
77E,1303210
780,1310000
781,1310010
782,1310100
783,1310110
784,1310200
785,1310210
786,1311000
787,1311010
788,1311100
789,1311110
78X,1311200
78E,1311210
790,1312000
791,1312010
792,1312100
793,1312110
794,1312200
795,1312210
796,1313000
797,1313010
798,1313100
799,1313110
79X,1313200
79E,1313210
7X0,1320000
7X1,1320010
7X2,1320100
7X3,1320110
7X4,1320200
7X5,1320210
7X6,1321000
7X7,1321010
7X8,1321100
7X9,1321110
7XX,1321200
7XE,1321210
7E0,1322000
7E1,1322010
7E2,1322100
7E3,1322110
7E4,1322200
7E5,1322210
7E6,1323000
7E7,1323010
7E8,1323100
7E9,1323110
7EX,1323200
7EE,1323210
800,1330000
801,1330010
802,1330100
803,1330110
804,1330200
805,1330210
806,1331000
807,1331010
808,1331100
809,1331110
80X,1331200
80E,1331210
810,1332000
811,1332010
812,1332100
813,1332110
814,1332200
815,1332210
816,1333000
817,1333010
818,1333100
819,1333110
81X,1333200
81E,1333210
820,1340000
821,1340010
822,1340100
823,1340110
824,1340200
825,1340210
826,1341000
827,1341010
828,1341100
829,1341110
82X,1341200
82E,1341210
830,1342000
831,1342010
832,1342100
833,1342110
834,1342200
835,1342210
836,1343000
837,1343010
838,1343100
839,1343110
83X,1343200
83E,1343210
840,1400000
841,1400010
842,1400100
843,1400110
844,1400200
845,1400210
846,1401000
847,1401010
848,1401100
849,1401110
84X,1401200
84E,1401210
850,1402000
851,1402010
852,1402100
853,1402110
854,1402200
855,1402210
856,1403000
857,1403010
858,1403100
859,1403110
85X,1403200
85E,1403210
860,1410000
861,1410010
862,1410100
863,1410110
864,1410200
865,1410210
866,1411000
867,1411010
868,1411100
869,1411110
86X,1411200
86E,1411210
870,1412000
871,1412010
872,1412100
873,1412110
874,1412200
875,1412210
876,1413000
877,1413010
878,1413100
879,1413110
87X,1413200
87E,1413210
880,1420000
881,1420010
882,1420100
883,1420110
884,1420200
885,1420210
886,1421000
887,1421010
888,1421100
889,1421110
88X,1421200
88E,1421210
890,1422000
891,1422010
892,1422100
893,1422110
894,1422200
895,1422210
896,1423000
897,1423010
898,1423100
899,1423110
89X,1423200
89E,1423210
8X0,1430000
8X1,1430010
8X2,1430100
8X3,1430110
8X4,1430200
8X5,1430210
8X6,1431000
8X7,1431010
8X8,1431100
8X9,1431110
8XX,1431200
8XE,1431210
8E0,1432000
8E1,1432010
8E2,1432100
8E3,1432110
8E4,1432200
8E5,1432210
8E6,1433000
8E7,1433010
8E8,1433100
8E9,1433110
8EX,1433200
8EE,1433210
900,1440000
901,1440010
902,1440100
903,1440110
904,1440200
905,1440210
906,1441000
907,1441010
908,1441100
909,1441110
90X,1441200
90E,1441210
910,1442000
911,1442010
912,1442100
913,1442110
914,1442200
915,1442210
916,1443000
917,1443010
918,1443100
919,1443110
91X,1443200
91E,1443210
920,1500000
921,1500010
922,1500100
923,1500110
924,1500200
925,1500210
926,1501000
927,1501010
928,1501100
929,1501110
92X,1501200
92E,1501210
930,1502000
931,1502010
932,1502100
933,1502110
934,1502200
935,1502210
936,1503000
937,1503010
938,1503100
939,1503110
93X,1503200
93E,1503210
940,1510000
941,1510010
942,1510100
943,1510110
944,1510200
945,1510210
946,1511000
947,1511010
948,1511100
949,1511110
94X,1511200
94E,1511210
950,1512000
951,1512010
952,1512100
953,1512110
954,1512200
955,1512210
956,1513000
957,1513010
958,1513100
959,1513110
95X,1513200
95E,1513210
960,1520000
961,1520010
962,1520100
963,1520110
964,1520200
965,1520210
966,1521000
967,1521010
968,1521100
969,1521110
96X,1521200
96E,1521210
970,1522000
971,1522010
972,1522100
973,1522110
974,1522200
975,1522210
976,1523000
977,1523010
978,1523100
979,1523110
97X,1523200
97E,1523210
980,1530000
981,1530010
982,1530100
983,1530110
984,1530200
985,1530210
986,1531000
987,1531010
988,1531100
989,1531110
98X,1531200
98E,1531210
990,1532000
991,1532010
992,1532100
993,1532110
994,1532200
995,1532210
996,1533000
997,1533010
998,1533100
999,1533110
99X,1533200
99E,1533210
9X0,1540000
9X1,1540010
9X2,1540100
9X3,1540110
9X4,1540200
9X5,1540210
9X6,1541000
9X7,1541010
9X8,1541100
9X9,1541110
9XX,1541200
9XE,1541210
9E0,1542000
9E1,1542010
9E2,1542100
9E3,1542110
9E4,1542200
9E5,1542210
9E6,1543000
9E7,1543010
9E8,1543100
9E9,1543110
9EX,1543200
9EE,1543210
X00,2000000
X01,2000010
X02,2000100
X03,2000110
X04,2000200
X05,2000210
X06,2001000
X07,2001010
X08,2001100
X09,2001110
X0X,2001200
X0E,2001210
X10,2002000
X11,2002010
X12,2002100
X13,2002110
X14,2002200
X15,2002210
X16,2003000
X17,2003010
X18,2003100
X19,2003110
X1X,2003200
X1E,2003210
X20,2010000
X21,2010010
X22,2010100
X23,2010110
X24,2010200
X25,2010210
X26,2011000
X27,2011010
X28,2011100
X29,2011110
X2X,2011200
X2E,2011210
X30,2012000
X31,2012010
X32,2012100
X33,2012110
X34,2012200
X35,2012210
X36,2013000
X37,2013010
X38,2013100
X39,2013110
X3X,2013200
X3E,2013210
X40,2020000
X41,2020010
X42,2020100
X43,2020110
X44,2020200
X45,2020210
X46,2021000
X47,2021010
X48,2021100
X49,2021110
X4X,2021200
X4E,2021210
X50,2022000
X51,2022010
X52,2022100
X53,2022110
X54,2022200
X55,2022210
X56,2023000
X57,2023010
X58,2023100
X59,2023110
X5X,2023200
X5E,2023210
X60,2030000
X61,2030010
X62,2030100
X63,2030110
X64,2030200
X65,2030210
X66,2031000
X67,2031010
X68,2031100
X69,2031110
X6X,2031200
X6E,2031210
X70,2032000
X71,2032010
X72,2032100
X73,2032110
X74,2032200
X75,2032210
X76,2033000
X77,2033010
X78,2033100
X79,2033110
X7X,2033200
X7E,2033210
X80,2040000
X81,2040010
X82,2040100
X83,2040110
X84,2040200
X85,2040210
X86,2041000
X87,2041010
X88,2041100
X89,2041110
X8X,2041200
X8E,2041210
X90,2042000
X91,2042010
X92,2042100
X93,2042110
X94,2042200
X95,2042210
X96,2043000
X97,2043010
X98,2043100
X99,2043110
X9X,2043200
X9E,2043210
XX0,2100000
XX1,2100010
XX2,2100100
XX3,2100110
XX4,2100200
XX5,2100210
XX6,2101000
XX7,2101010
XX8,2101100
XX9,2101110
XXX,2101200
XXE,2101210
XE0,2102000
XE1,2102010
XE2,2102100
XE3,2102110
XE4,2102200
XE5,2102210
XE6,2103000
XE7,2103010
XE8,2103100
XE9,2103110
XEX,2103200
XEE,2103210
E00,2110000
E01,2110010
E02,2110100
E03,2110110
E04,2110200
E05,2110210
E06,2111000
E07,2111010
E08,2111100
E09,2111110
E0X,2111200
E0E,2111210
E10,2112000
E11,2112010
E12,2112100
E13,2112110
E14,2112200
E15,2112210
E16,2113000
E17,2113010
E18,2113100
E19,2113110
E1X,2113200
E1E,2113210
E20,2120000
E21,2120010
E22,2120100
E23,2120110
E24,2120200
E25,2120210
E26,2121000
E27,2121010
E28,2121100
E29,2121110
E2X,2121200
E2E,2121210
E30,2122000
E31,2122010
E32,2122100
E33,2122110
E34,2122200
E35,2122210
E36,2123000
E37,2123010
E38,2123100
E39,2123110
E3X,2123200
E3E,2123210
E40,2130000
E41,2130010
E42,2130100
E43,2130110
E44,2130200
E45,2130210
E46,2131000
E47,2131010
E48,2131100
E49,2131110
E4X,2131200
E4E,2131210
E50,2132000
E51,2132010
E52,2132100
E53,2132110
E54,2132200
E55,2132210
E56,2133000
E57,2133010
E58,2133100
E59,2133110
E5X,2133200
E5E,2133210
E60,2140000
E61,2140010
E62,2140100
E63,2140110
E64,2140200
E65,2140210
E66,2141000
E67,2141010
E68,2141100
E69,2141110
E6X,2141200
E6E,2141210
E70,2142000
E71,2142010
E72,2142100
E73,2142110
E74,2142200
E75,2142210
E76,2143000
E77,2143010
E78,2143100
E79,2143110
E7X,2143200
E7E,2143210
E80,2200000
E81,2200010
E82,2200100
E83,2200110
E84,2200200
E85,2200210
E86,2201000
E87,2201010
E88,2201100
E89,2201110
E8X,2201200
E8E,2201210
E90,2202000
E91,2202010
E92,2202100
E93,2202110
E94,2202200
E95,2202210
E96,2203000
E97,2203010
E98,2203100
E99,2203110
E9X,2203200
E9E,2203210
EX0,2210000
EX1,2210010
EX2,2210100
EX3,2210110
EX4,2210200
EX5,2210210
EX6,2211000
EX7,2211010
EX8,2211100
EX9,2211110
EXX,2211200
EXE,2211210
EE0,2212000
EE1,2212010
EE2,2212100
EE3,2212110
EE4,2212200
EE5,2212210
EE6,2213000
EE7,2213010
EE8,2213100
EE9,2213110
EEX,2213200
EEE,2213210
1000,2220000
1001,2220010
1002,2220100
1003,2220110
1004,2220200
1005,2220210
1006,2221000
1007,2221010
1008,2221100
1009,2221110
100X,2221200
100E,2221210
1010,2222000
1011,2222010
1012,2222100
1013,2222110
1014,2222200
1015,2222210
1016,2223000
1017,2223010
1018,2223100
1019,2223110
101X,2223200
101E,2223210
1020,2230000
1021,2230010
1022,2230100
1023,2230110
1024,2230200
1025,2230210
1026,2231000
1027,2231010
1028,2231100
1029,2231110
102X,2231200
102E,2231210
1030,2232000
1031,2232010
1032,2232100
1033,2232110
1034,2232200
1035,2232210
1036,2233000
1037,2233010
1038,2233100
1039,2233110
103X,2233200
103E,2233210
1040,2240000
1041,2240010
1042,2240100
1043,2240110
1044,2240200
1045,2240210
1046,2241000
1047,2241010
1048,2241100
1049,2241110
104X,2241200
104E,2241210
1050,2242000
1051,2242010
1052,2242100
1053,2242110
1054,2242200
1055,2242210
1056,2243000
1057,2243010
1058,2243100
1059,2243110
105X,2243200
105E,2243210
1060,2300000
1061,2300010
1062,2300100
1063,2300110
1064,2300200
1065,2300210
1066,2301000
1067,2301010
1068,2301100
1069,2301110
106X,2301200
106E,2301210
1070,2302000
1071,2302010
1072,2302100
1073,2302110
1074,2302200
1075,2302210
1076,2303000
1077,2303010
1078,2303100
1079,2303110
107X,2303200
107E,2303210
1080,2310000
1081,2310010
1082,2310100
1083,2310110
1084,2310200
1085,2310210
1086,2311000
1087,2311010
1088,2311100
1089,2311110
108X,2311200
108E,2311210
1090,2312000
1091,2312010
1092,2312100
1093,2312110
1094,2312200
1095,2312210
1096,2313000
1097,2313010
1098,2313100
1099,2313110
109X,2313200
109E,2313210
10X0,2320000
10X1,2320010
10X2,2320100
10X3,2320110
10X4,2320200
10X5,2320210
10X6,2321000
10X7,2321010
10X8,2321100
10X9,2321110
10XX,2321200
10XE,2321210
10E0,2322000
10E1,2322010
10E2,2322100
10E3,2322110
10E4,2322200
10E5,2322210
10E6,2323000
10E7,2323010
10E8,2323100
10E9,2323110
10EX,2323200
10EE,2323210
1100,2330000
1101,2330010
1102,2330100
1103,2330110
1104,2330200
1105,2330210
1106,2331000
1107,2331010
1108,2331100
1109,2331110
110X,2331200
110E,2331210
1110,2332000
1111,2332010
1112,2332100
1113,2332110
1114,2332200
1115,2332210
1116,2333000
1117,2333010
1118,2333100
1119,2333110
111X,2333200
111E,2333210
1120,2340000
1121,2340010
1122,2340100
1123,2340110
1124,2340200
1125,2340210
1126,2341000
1127,2341010
1128,2341100
1129,2341110
112X,2341200
112E,2341210
1130,2342000
1131,2342010
1132,2342100
1133,2342110
1134,2342200
1135,2342210
1136,2343000
1137,2343010
1138,2343100
1139,2343110
113X,2343200
113E,2343210
1140,2400000
1141,2400010
1142,2400100
1143,2400110
1144,2400200
1145,2400210
1146,2401000
1147,2401010
1148,2401100
1149,2401110
114X,2401200
114E,2401210
1150,2402000
1151,2402010
1152,2402100
1153,2402110
1154,2402200
1155,2402210
1156,2403000
1157,2403010
1158,2403100
1159,2403110
115X,2403200
115E,2403210
1160,2410000
1161,2410010
1162,2410100
1163,2410110
1164,2410200
1165,2410210
1166,2411000
1167,2411010
1168,2411100
1169,2411110
116X,2411200
116E,2411210
1170,2412000
1171,2412010
1172,2412100
1173,2412110
1174,2412200
1175,2412210
1176,2413000
1177,2413010
1178,2413100
1179,2413110
117X,2413200
117E,2413210
1180,2420000
1181,2420010
1182,2420100
1183,2420110
1184,2420200
1185,2420210
1186,2421000
1187,2421010
1188,2421100
1189,2421110
118X,2421200
118E,2421210
1190,2422000
1191,2422010
1192,2422100
1193,2422110
1194,2422200
1195,2422210
1196,2423000
1197,2423010
1198,2423100
1199,2423110
119X,2423200
119E,2423210
11X0,2430000
11X1,2430010
11X2,2430100
11X3,2430110
11X4,2430200
11X5,2430210
11X6,2431000
11X7,2431010
11X8,2431100
11X9,2431110
11XX,2431200
11XE,2431210
11E0,2432000
11E1,2432010
11E2,2432100
11E3,2432110
11E4,2432200
11E5,2432210
11E6,2433000
11E7,2433010
11E8,2433100
11E9,2433110
11EX,2433200
11EE,2433210
1200,2440000
1201,2440010
1202,2440100
1203,2440110
1204,2440200
1205,2440210
1206,2441000
1207,2441010
1208,2441100
1209,2441110
120X,2441200
120E,2441210
1210,2442000
1211,2442010
1212,2442100
1213,2442110
1214,2442200
1215,2442210
1216,2443000
1217,2443010
1218,2443100
1219,2443110
121X,2443200
121E,2443210
1220,2500000
1221,2500010
1222,2500100
1223,2500110
1224,2500200
1225,2500210
1226,2501000
1227,2501010
1228,2501100
1229,2501110
122X,2501200
122E,2501210
1230,2502000
1231,2502010
1232,2502100
1233,2502110
1234,2502200
1235,2502210
1236,2503000
1237,2503010
1238,2503100
1239,2503110
123X,2503200
123E,2503210
1240,2510000
1241,2510010
1242,2510100
1243,2510110
1244,2510200
1245,2510210
1246,2511000
1247,2511010
1248,2511100
1249,2511110
124X,2511200
124E,2511210
1250,2512000
1251,2512010
1252,2512100
1253,2512110
1254,2512200
1255,2512210
1256,2513000
1257,2513010
1258,2513100
1259,2513110
125X,2513200
125E,2513210
1260,2520000
1261,2520010
1262,2520100
1263,2520110
1264,2520200
1265,2520210
1266,2521000
1267,2521010
1268,2521100
1269,2521110
126X,2521200
126E,2521210
1270,2522000
1271,2522010
1272,2522100
1273,2522110
1274,2522200
1275,2522210
1276,2523000
1277,2523010
1278,2523100
1279,2523110
127X,2523200
127E,2523210
1280,2530000
1281,2530010
1282,2530100
1283,2530110
1284,2530200
1285,2530210
1286,2531000
1287,2531010
1288,2531100
1289,2531110
128X,2531200
128E,2531210
1290,2532000
1291,2532010
1292,2532100
1293,2532110
1294,2532200
1295,2532210
1296,2533000
1297,2533010
1298,2533100
1299,2533110
129X,2533200
129E,2533210
12X0,2540000
12X1,2540010
12X2,2540100
12X3,2540110
12X4,2540200
12X5,2540210
12X6,2541000
12X7,2541010
12X8,2541100
12X9,2541110
12XX,2541200
12XE,2541210
12E0,2542000
12E1,2542010
12E2,2542100
12E3,2542110
12E4,2542200
12E5,2542210
12E6,2543000
12E7,2543010
12E8,2543100
12E9,2543110
12EX,2543200
12EE,2543210
1300,3000000
1301,3000010
1302,3000100
1303,3000110
1304,3000200
1305,3000210
1306,3001000
1307,3001010
1308,3001100
1309,3001110
130X,3001200
130E,3001210
1310,3002000
1311,3002010
1312,3002100
1313,3002110
1314,3002200
1315,3002210
1316,3003000
1317,3003010
1318,3003100
1319,3003110
131X,3003200
131E,3003210
1320,3010000
1321,3010010
1322,3010100
1323,3010110
1324,3010200
1325,3010210
1326,3011000
1327,3011010
1328,3011100
1329,3011110
132X,3011200
132E,3011210
1330,3012000
1331,3012010
1332,3012100
1333,3012110
1334,3012200
1335,3012210
1336,3013000
1337,3013010
1338,3013100
1339,3013110
133X,3013200
133E,3013210
1340,3020000
1341,3020010
1342,3020100
1343,3020110
1344,3020200
1345,3020210
1346,3021000
1347,3021010
1348,3021100
1349,3021110
134X,3021200
134E,3021210
1350,3022000
1351,3022010
1352,3022100
1353,3022110
1354,3022200
1355,3022210
1356,3023000
1357,3023010
1358,3023100
1359,3023110
135X,3023200
135E,3023210
1360,3030000
1361,3030010
1362,3030100
1363,3030110
1364,3030200
1365,3030210
1366,3031000
1367,3031010
1368,3031100
1369,3031110
136X,3031200
136E,3031210
1370,3032000
1371,3032010
1372,3032100
1373,3032110
1374,3032200
1375,3032210
1376,3033000
1377,3033010
1378,3033100
1379,3033110
137X,3033200
137E,3033210
1380,3040000
1381,3040010
1382,3040100
1383,3040110
1384,3040200
1385,3040210
1386,3041000
1387,3041010
1388,3041100
1389,3041110
138X,3041200
138E,3041210
1390,3042000
1391,3042010
1392,3042100
1393,3042110
1394,3042200
1395,3042210
1396,3043000
1397,3043010
1398,3043100
1399,3043110
139X,3043200
139E,3043210
13X0,3100000
13X1,3100010
13X2,3100100
13X3,3100110
13X4,3100200
13X5,3100210
13X6,3101000
13X7,3101010
13X8,3101100
13X9,3101110
13XX,3101200
13XE,3101210
13E0,3102000
13E1,3102010
13E2,3102100
13E3,3102110
13E4,3102200
13E5,3102210
13E6,3103000
13E7,3103010
13E8,3103100
13E9,3103110
13EX,3103200
13EE,3103210
1400,3110000
1401,3110010
1402,3110100
1403,3110110
1404,3110200
1405,3110210
1406,3111000
1407,3111010
1408,3111100
1409,3111110
140X,3111200
140E,3111210
1410,3112000
1411,3112010
1412,3112100
1413,3112110
1414,3112200
1415,3112210
1416,3113000
1417,3113010
1418,3113100
1419,3113110
141X,3113200
141E,3113210
1420,3120000
1421,3120010
1422,3120100
1423,3120110
1424,3120200
1425,3120210
1426,3121000
1427,3121010
1428,3121100
1429,3121110
142X,3121200
142E,3121210
1430,3122000
1431,3122010
1432,3122100
1433,3122110
1434,3122200
1435,3122210
1436,3123000
1437,3123010
1438,3123100
1439,3123110
143X,3123200
143E,3123210
1440,3130000
1441,3130010
1442,3130100
1443,3130110
1444,3130200
1445,3130210
1446,3131000
1447,3131010
1448,3131100
1449,3131110
144X,3131200
144E,3131210
1450,3132000
1451,3132010
1452,3132100
1453,3132110
1454,3132200
1455,3132210
1456,3133000
1457,3133010
1458,3133100
1459,3133110
145X,3133200
145E,3133210
1460,3140000
1461,3140010
1462,3140100
1463,3140110
1464,3140200
1465,3140210
1466,3141000
1467,3141010
1468,3141100
1469,3141110
146X,3141200
146E,3141210
1470,3142000
1471,3142010
1472,3142100
1473,3142110
1474,3142200
1475,3142210
1476,3143000
1477,3143010
1478,3143100
1479,3143110
147X,3143200
147E,3143210
1480,3200000
1481,3200010
1482,3200100
1483,3200110
1484,3200200
1485,3200210
1486,3201000
1487,3201010
1488,3201100
1489,3201110
148X,3201200
148E,3201210
1490,3202000
1491,3202010
1492,3202100
1493,3202110
1494,3202200
1495,3202210
1496,3203000
1497,3203010
1498,3203100
1499,3203110
149X,3203200
149E,3203210
14X0,3210000
14X1,3210010
14X2,3210100
14X3,3210110
14X4,3210200
14X5,3210210
14X6,3211000
14X7,3211010
14X8,3211100
14X9,3211110
14XX,3211200
14XE,3211210
14E0,3212000
14E1,3212010
14E2,3212100
14E3,3212110
14E4,3212200
14E5,3212210
14E6,3213000
14E7,3213010
14E8,3213100
14E9,3213110
14EX,3213200
14EE,3213210
1500,3220000
1501,3220010
1502,3220100
1503,3220110
1504,3220200
1505,3220210
1506,3221000
1507,3221010
1508,3221100
1509,3221110
150X,3221200
150E,3221210
1510,3222000
1511,3222010
1512,3222100
1513,3222110
1514,3222200
1515,3222210
1516,3223000
1517,3223010
1518,3223100
1519,3223110
151X,3223200
151E,3223210
1520,3230000
1521,3230010
1522,3230100
1523,3230110
1524,3230200
1525,3230210
1526,3231000
1527,3231010
1528,3231100
1529,3231110
152X,3231200
152E,3231210
1530,3232000
1531,3232010
1532,3232100
1533,3232110
1534,3232200
1535,3232210
1536,3233000
1537,3233010
1538,3233100
1539,3233110
153X,3233200
153E,3233210
1540,3240000
1541,3240010
1542,3240100
1543,3240110
1544,3240200
1545,3240210
1546,3241000
1547,3241010
1548,3241100
1549,3241110
154X,3241200
154E,3241210
1550,3242000
1551,3242010
1552,3242100
1553,3242110
1554,3242200
1555,3242210
1556,3243000
1557,3243010
1558,3243100
1559,3243110
155X,3243200
155E,3243210
1560,3300000
1561,3300010
1562,3300100
1563,3300110
1564,3300200
1565,3300210
1566,3301000
1567,3301010
1568,3301100
1569,3301110
156X,3301200
156E,3301210
1570,3302000
1571,3302010
1572,3302100
1573,3302110
1574,3302200
1575,3302210
1576,3303000
1577,3303010
1578,3303100
1579,3303110
157X,3303200
157E,3303210
1580,3310000
1581,3310010
1582,3310100
1583,3310110
1584,3310200
1585,3310210
1586,3311000
1587,3311010
1588,3311100
1589,3311110
158X,3311200
158E,3311210
1590,3312000
1591,3312010
1592,3312100
1593,3312110
1594,3312200
1595,3312210
1596,3313000
1597,3313010
1598,3313100
1599,3313110
159X,3313200
159E,3313210
15X0,3320000
15X1,3320010
15X2,3320100
15X3,3320110
15X4,3320200
15X5,3320210
15X6,3321000
15X7,3321010
15X8,3321100
15X9,3321110
15XX,3321200
15XE,3321210
15E0,3322000
15E1,3322010
15E2,3322100
15E3,3322110
15E4,3322200
15E5,3322210
15E6,3323000
15E7,3323010
15E8,3323100
15E9,3323110
15EX,3323200
15EE,3323210
1600,3330000
1601,3330010
1602,3330100
1603,3330110
1604,3330200
1605,3330210
1606,3331000
1607,3331010
1608,3331100
1609,3331110
160X,3331200
160E,3331210
1610,3332000
1611,3332010
1612,3332100
1613,3332110
1614,3332200
1615,3332210
1616,3333000
1617,3333010
1618,3333100
1619,3333110
161X,3333200
161E,3333210
1620,3340000
1621,3340010
1622,3340100
1623,3340110
1624,3340200
1625,3340210
1626,3341000
1627,3341010
1628,3341100
1629,3341110
162X,3341200
162E,3341210
1630,3342000
1631,3342010
1632,3342100
1633,3342110
1634,3342200
1635,3342210
1636,3343000
1637,3343010
1638,3343100
1639,3343110
163X,3343200
163E,3343210
1640,3400000
1641,3400010
1642,3400100
1643,3400110
1644,3400200
1645,3400210
1646,3401000
1647,3401010
1648,3401100
1649,3401110
164X,3401200
164E,3401210
1650,3402000
1651,3402010
1652,3402100
1653,3402110
1654,3402200
1655,3402210
1656,3403000
1657,3403010
1658,3403100
1659,3403110
165X,3403200
165E,3403210
1660,3410000
1661,3410010
1662,3410100
1663,3410110
1664,3410200
1665,3410210
1666,3411000
1667,3411010
1668,3411100
1669,3411110
166X,3411200
166E,3411210
1670,3412000
1671,3412010
1672,3412100
1673,3412110
1674,3412200
1675,3412210
1676,3413000
1677,3413010
1678,3413100
1679,3413110
167X,3413200
167E,3413210
1680,3420000
1681,3420010
1682,3420100
1683,3420110
1684,3420200
1685,3420210
1686,3421000
1687,3421010
1688,3421100
1689,3421110
168X,3421200
168E,3421210
1690,3422000
1691,3422010
1692,3422100
1693,3422110
1694,3422200
1695,3422210
1696,3423000
1697,3423010
1698,3423100
1699,3423110
169X,3423200
169E,3423210
16X0,3430000
16X1,3430010
16X2,3430100
16X3,3430110
16X4,3430200
16X5,3430210
16X6,3431000
16X7,3431010
16X8,3431100
16X9,3431110
16XX,3431200
16XE,3431210
16E0,3432000
16E1,3432010
16E2,3432100
16E3,3432110
16E4,3432200
16E5,3432210
16E6,3433000
16E7,3433010
16E8,3433100
16E9,3433110
16EX,3433200
16EE,3433210
1700,3440000
1701,3440010
1702,3440100
1703,3440110
1704,3440200
1705,3440210
1706,3441000
1707,3441010
1708,3441100
1709,3441110
170X,3441200
170E,3441210
1710,3442000
1711,3442010
1712,3442100
1713,3442110
1714,3442200
1715,3442210
1716,3443000
1717,3443010
1718,3443100
1719,3443110
171X,3443200
171E,3443210
1720,3500000
1721,3500010
1722,3500100
1723,3500110
1724,3500200
1725,3500210
1726,3501000
1727,3501010
1728,3501100
1729,3501110
172X,3501200
172E,3501210
1730,3502000
1731,3502010
1732,3502100
1733,3502110
1734,3502200
1735,3502210
1736,3503000
1737,3503010
1738,3503100
1739,3503110
173X,3503200
173E,3503210
1740,3510000
1741,3510010
1742,3510100
1743,3510110
1744,3510200
1745,3510210
1746,3511000
1747,3511010
1748,3511100
1749,3511110
174X,3511200
174E,3511210
1750,3512000
1751,3512010
1752,3512100
1753,3512110
1754,3512200
1755,3512210
1756,3513000
1757,3513010
1758,3513100
1759,3513110
175X,3513200
175E,3513210
1760,3520000
1761,3520010
1762,3520100
1763,3520110
1764,3520200
1765,3520210
1766,3521000
1767,3521010
1768,3521100
1769,3521110
176X,3521200
176E,3521210
1770,3522000
1771,3522010
1772,3522100
1773,3522110
1774,3522200
1775,3522210
1776,3523000
1777,3523010
1778,3523100
1779,3523110
177X,3523200
177E,3523210
1780,3530000
1781,3530010
1782,3530100
1783,3530110
1784,3530200
1785,3530210
1786,3531000
1787,3531010
1788,3531100
1789,3531110
178X,3531200
178E,3531210
1790,3532000
1791,3532010
1792,3532100
1793,3532110
1794,3532200
1795,3532210
1796,3533000
1797,3533010
1798,3533100
1799,3533110
179X,3533200
179E,3533210
17X0,3540000
17X1,3540010
17X2,3540100
17X3,3540110
17X4,3540200
17X5,3540210
17X6,3541000
17X7,3541010
17X8,3541100
17X9,3541110
17XX,3541200
17XE,3541210
17E0,3542000
17E1,3542010
17E2,3542100
17E3,3542110
17E4,3542200
17E5,3542210
17E6,3543000
17E7,3543010
17E8,3543100
17E9,3543110
17EX,3543200
17EE,3543210
1800,4000000
1801,4000010
1802,4000100
1803,4000110
1804,4000200
1805,4000210
1806,4001000
1807,4001010
1808,4001100
1809,4001110
180X,4001200
180E,4001210
1810,4002000
1811,4002010
1812,4002100
1813,4002110
1814,4002200
1815,4002210
1816,4003000
1817,4003010
1818,4003100
1819,4003110
181X,4003200
181E,4003210
1820,4010000
1821,4010010
1822,4010100
1823,4010110
1824,4010200
1825,4010210
1826,4011000
1827,4011010
1828,4011100
1829,4011110
182X,4011200
182E,4011210
1830,4012000
1831,4012010
1832,4012100
1833,4012110
1834,4012200
1835,4012210
1836,4013000
1837,4013010
1838,4013100
1839,4013110
183X,4013200
183E,4013210
1840,4020000
1841,4020010
1842,4020100
1843,4020110
1844,4020200
1845,4020210
1846,4021000
1847,4021010
1848,4021100
1849,4021110
184X,4021200
184E,4021210
1850,4022000
1851,4022010
1852,4022100
1853,4022110
1854,4022200
1855,4022210
1856,4023000
1857,4023010
1858,4023100
1859,4023110
185X,4023200
185E,4023210
1860,4030000
1861,4030010
1862,4030100
1863,4030110
1864,4030200
1865,4030210
1866,4031000
1867,4031010
1868,4031100
1869,4031110
186X,4031200
186E,4031210
1870,4032000
1871,4032010
1872,4032100
1873,4032110
1874,4032200
1875,4032210
1876,4033000
1877,4033010
1878,4033100
1879,4033110
187X,4033200
187E,4033210
1880,4040000
1881,4040010
1882,4040100
1883,4040110
1884,4040200
1885,4040210
1886,4041000
1887,4041010
1888,4041100
1889,4041110
188X,4041200
188E,4041210
1890,4042000
1891,4042010
1892,4042100
1893,4042110
1894,4042200
1895,4042210
1896,4043000
1897,4043010
1898,4043100
1899,4043110
189X,4043200
189E,4043210
18X0,4100000
18X1,4100010
18X2,4100100
18X3,4100110
18X4,4100200
18X5,4100210
18X6,4101000
18X7,4101010
18X8,4101100
18X9,4101110
18XX,4101200
18XE,4101210
18E0,4102000
18E1,4102010
18E2,4102100
18E3,4102110
18E4,4102200
18E5,4102210
18E6,4103000
18E7,4103010
18E8,4103100
18E9,4103110
18EX,4103200
18EE,4103210
1900,4110000
1901,4110010
1902,4110100
1903,4110110
1904,4110200
1905,4110210
1906,4111000
1907,4111010
1908,4111100
1909,4111110
190X,4111200
190E,4111210
1910,4112000
1911,4112010
1912,4112100
1913,4112110
1914,4112200
1915,4112210
1916,4113000
1917,4113010
1918,4113100
1919,4113110
191X,4113200
191E,4113210
1920,4120000
1921,4120010
1922,4120100
1923,4120110
1924,4120200
1925,4120210
1926,4121000
1927,4121010
1928,4121100
1929,4121110
192X,4121200
192E,4121210
1930,4122000
1931,4122010
1932,4122100
1933,4122110
1934,4122200
1935,4122210
1936,4123000
1937,4123010
1938,4123100
1939,4123110
193X,4123200
193E,4123210
1940,4130000
1941,4130010
1942,4130100
1943,4130110
1944,4130200
1945,4130210
1946,4131000
1947,4131010
1948,4131100
1949,4131110
194X,4131200
194E,4131210
1950,4132000
1951,4132010
1952,4132100
1953,4132110
1954,4132200
1955,4132210
1956,4133000
1957,4133010
1958,4133100
1959,4133110
195X,4133200
195E,4133210
1960,4140000
1961,4140010
1962,4140100
1963,4140110
1964,4140200
1965,4140210
1966,4141000
1967,4141010
1968,4141100
1969,4141110
196X,4141200
196E,4141210
1970,4142000
1971,4142010
1972,4142100
1973,4142110
1974,4142200
1975,4142210
1976,4143000
1977,4143010
1978,4143100
1979,4143110
197X,4143200
197E,4143210
1980,4200000
1981,4200010
1982,4200100
1983,4200110
1984,4200200
1985,4200210
1986,4201000
1987,4201010
1988,4201100
1989,4201110
198X,4201200
198E,4201210
1990,4202000
1991,4202010
1992,4202100
1993,4202110
1994,4202200
1995,4202210
1996,4203000
1997,4203010
1998,4203100
1999,4203110
199X,4203200
199E,4203210
19X0,4210000
19X1,4210010
19X2,4210100
19X3,4210110
19X4,4210200
19X5,4210210
19X6,4211000
19X7,4211010
19X8,4211100
19X9,4211110
19XX,4211200
19XE,4211210
19E0,4212000
19E1,4212010
19E2,4212100
19E3,4212110
19E4,4212200
19E5,4212210
19E6,4213000
19E7,4213010
19E8,4213100
19E9,4213110
19EX,4213200
19EE,4213210
1X00,4220000
1X01,4220010
1X02,4220100
1X03,4220110
1X04,4220200
1X05,4220210
1X06,4221000
1X07,4221010
1X08,4221100
1X09,4221110
1X0X,4221200
1X0E,4221210
1X10,4222000
1X11,4222010
1X12,4222100
1X13,4222110
1X14,4222200
1X15,4222210
1X16,4223000
1X17,4223010
1X18,4223100
1X19,4223110
1X1X,4223200
1X1E,4223210
1X20,4230000
1X21,4230010
1X22,4230100
1X23,4230110
1X24,4230200
1X25,4230210
1X26,4231000
1X27,4231010
1X28,4231100
1X29,4231110
1X2X,4231200
1X2E,4231210
1X30,4232000
1X31,4232010
1X32,4232100
1X33,4232110
1X34,4232200
1X35,4232210
1X36,4233000
1X37,4233010
1X38,4233100
1X39,4233110
1X3X,4233200
1X3E,4233210
1X40,4240000
1X41,4240010
1X42,4240100
1X43,4240110
1X44,4240200
1X45,4240210
1X46,4241000
1X47,4241010
1X48,4241100
1X49,4241110
1X4X,4241200
1X4E,4241210
1X50,4242000
1X51,4242010
1X52,4242100
1X53,4242110
1X54,4242200
1X55,4242210
1X56,4243000
1X57,4243010
1X58,4243100
1X59,4243110
1X5X,4243200
1X5E,4243210
1X60,4300000
1X61,4300010
1X62,4300100
1X63,4300110
1X64,4300200
1X65,4300210
1X66,4301000
1X67,4301010
1X68,4301100
1X69,4301110
1X6X,4301200
1X6E,4301210
1X70,4302000
1X71,4302010
1X72,4302100
1X73,4302110
1X74,4302200
1X75,4302210
1X76,4303000
1X77,4303010
1X78,4303100
1X79,4303110
1X7X,4303200
1X7E,4303210
1X80,4310000
1X81,4310010
1X82,4310100
1X83,4310110
1X84,4310200
1X85,4310210
1X86,4311000
1X87,4311010
1X88,4311100
1X89,4311110
1X8X,4311200
1X8E,4311210
1X90,4312000
1X91,4312010
1X92,4312100
1X93,4312110
1X94,4312200
1X95,4312210
1X96,4313000
1X97,4313010
1X98,4313100
1X99,4313110
1X9X,4313200
1X9E,4313210
1XX0,4320000
1XX1,4320010
1XX2,4320100
1XX3,4320110
1XX4,4320200
1XX5,4320210
1XX6,4321000
1XX7,4321010
1XX8,4321100
1XX9,4321110
1XXX,4321200
1XXE,4321210
1XE0,4322000
1XE1,4322010
1XE2,4322100
1XE3,4322110
1XE4,4322200
1XE5,4322210
1XE6,4323000
1XE7,4323010
1XE8,4323100
1XE9,4323110
1XEX,4323200
1XEE,4323210
1E00,4330000
1E01,4330010
1E02,4330100
1E03,4330110
1E04,4330200
1E05,4330210
1E06,4331000
1E07,4331010
1E08,4331100
1E09,4331110
1E0X,4331200
1E0E,4331210
1E10,4332000
1E11,4332010
1E12,4332100
1E13,4332110
1E14,4332200
1E15,4332210
1E16,4333000
1E17,4333010
1E18,4333100
1E19,4333110
1E1X,4333200
1E1E,4333210
1E20,4340000
1E21,4340010
1E22,4340100
1E23,4340110
1E24,4340200
1E25,4340210
1E26,4341000
1E27,4341010
1E28,4341100
1E29,4341110
1E2X,4341200
1E2E,4341210
1E30,4342000
1E31,4342010
1E32,4342100
1E33,4342110
1E34,4342200
1E35,4342210
1E36,4343000
1E37,4343010
1E38,4343100
1E39,4343110
1E3X,4343200
1E3E,4343210
1E40,4400000
1E41,4400010
1E42,4400100
1E43,4400110
1E44,4400200
1E45,4400210
1E46,4401000
1E47,4401010
1E48,4401100
1E49,4401110
1E4X,4401200
1E4E,4401210
1E50,4402000
1E51,4402010
1E52,4402100
1E53,4402110
1E54,4402200
1E55,4402210
1E56,4403000
1E57,4403010
1E58,4403100
1E59,4403110
1E5X,4403200
1E5E,4403210
1E60,4410000
1E61,4410010
1E62,4410100
1E63,4410110
1E64,4410200
1E65,4410210
1E66,4411000
1E67,4411010
1E68,4411100
1E69,4411110
1E6X,4411200
1E6E,4411210
1E70,4412000
1E71,4412010
1E72,4412100
1E73,4412110
1E74,4412200
1E75,4412210
1E76,4413000
1E77,4413010
1E78,4413100
1E79,4413110
1E7X,4413200
1E7E,4413210
1E80,4420000
1E81,4420010
1E82,4420100
1E83,4420110
1E84,4420200
1E85,4420210
1E86,4421000
1E87,4421010
1E88,4421100
1E89,4421110
1E8X,4421200
1E8E,4421210
1E90,4422000
1E91,4422010
1E92,4422100
1E93,4422110
1E94,4422200
1E95,4422210
1E96,4423000
1E97,4423010
1E98,4423100
1E99,4423110
1E9X,4423200
1E9E,4423210
1EX0,4430000
1EX1,4430010
1EX2,4430100
1EX3,4430110
1EX4,4430200
1EX5,4430210
1EX6,4431000
1EX7,4431010
1EX8,4431100
1EX9,4431110
1EXX,4431200
1EXE,4431210
1EE0,4432000
1EE1,4432010
1EE2,4432100
1EE3,4432110
1EE4,4432200
1EE5,4432210
1EE6,4433000
1EE7,4433010
1EE8,4433100
1EE9,4433110
1EEX,4433200
1EEE,4433210
2000,4440000
2001,4440010
2002,4440100
2003,4440110
2004,4440200
2005,4440210
2006,4441000
2007,4441010
2008,4441100
2009,4441110
200X,4441200
200E,4441210
2010,4442000
2011,4442010
2012,4442100
2013,4442110
2014,4442200
2015,4442210
2016,4443000
2017,4443010
2018,4443100
2019,4443110
201X,4443200
201E,4443210
2020,4500000
2021,4500010
2022,4500100
2023,4500110
2024,4500200
2025,4500210
2026,4501000
2027,4501010
2028,4501100
2029,4501110
202X,4501200
202E,4501210
2030,4502000
2031,4502010
2032,4502100
2033,4502110
2034,4502200
2035,4502210
2036,4503000
2037,4503010
2038,4503100
2039,4503110
203X,4503200
203E,4503210
2040,4510000
2041,4510010
2042,4510100
2043,4510110
2044,4510200
2045,4510210
2046,4511000
2047,4511010
2048,4511100
2049,4511110
204X,4511200
204E,4511210
2050,4512000
2051,4512010
2052,4512100
2053,4512110
2054,4512200
2055,4512210
2056,4513000
2057,4513010
2058,4513100
2059,4513110
205X,4513200
205E,4513210
2060,4520000
2061,4520010
2062,4520100
2063,4520110
2064,4520200
2065,4520210
2066,4521000
2067,4521010
2068,4521100
2069,4521110
206X,4521200
206E,4521210
2070,4522000
2071,4522010
2072,4522100
2073,4522110
2074,4522200
2075,4522210
2076,4523000
2077,4523010
2078,4523100
2079,4523110
207X,4523200
207E,4523210
2080,4530000
2081,4530010
2082,4530100
2083,4530110
2084,4530200
2085,4530210
2086,4531000
2087,4531010
2088,4531100
2089,4531110
208X,4531200
208E,4531210
2090,4532000
2091,4532010
2092,4532100
2093,4532110
2094,4532200
2095,4532210
2096,4533000
2097,4533010
2098,4533100
2099,4533110
209X,4533200
209E,4533210
20X0,4540000
20X1,4540010
20X2,4540100
20X3,4540110
20X4,4540200
20X5,4540210
20X6,4541000
20X7,4541010
20X8,4541100
20X9,4541110
20XX,4541200
20XE,4541210
20E0,4542000
20E1,4542010
20E2,4542100
20E3,4542110
20E4,4542200
20E5,4542210
20E6,4543000
20E7,4543010
20E8,4543100
20E9,4543110
20EX,4543200
20EE,4543210
2100,5000000
2101,5000010
2102,5000100
2103,5000110
2104,5000200
2105,5000210
2106,5001000
2107,5001010
2108,5001100
2109,5001110
210X,5001200
210E,5001210
2110,5002000
2111,5002010
2112,5002100
2113,5002110
2114,5002200
2115,5002210
2116,5003000
2117,5003010
2118,5003100
2119,5003110
211X,5003200
211E,5003210
2120,5010000
2121,5010010
2122,5010100
2123,5010110
2124,5010200
2125,5010210
2126,5011000
2127,5011010
2128,5011100
2129,5011110
212X,5011200
212E,5011210
2130,5012000
2131,5012010
2132,5012100
2133,5012110
2134,5012200
2135,5012210
2136,5013000
2137,5013010
2138,5013100
2139,5013110
213X,5013200
213E,5013210
2140,5020000
2141,5020010
2142,5020100
2143,5020110
2144,5020200
2145,5020210
2146,5021000
2147,5021010
2148,5021100
2149,5021110
214X,5021200
214E,5021210
2150,5022000
2151,5022010
2152,5022100
2153,5022110
2154,5022200
2155,5022210
2156,5023000
2157,5023010
2158,5023100
2159,5023110
215X,5023200
215E,5023210
2160,5030000
2161,5030010
2162,5030100
2163,5030110
2164,5030200
2165,5030210
2166,5031000
2167,5031010
2168,5031100
2169,5031110
216X,5031200
216E,5031210
2170,5032000
2171,5032010
2172,5032100
2173,5032110
2174,5032200
2175,5032210
2176,5033000
2177,5033010
2178,5033100
2179,5033110
217X,5033200
217E,5033210
2180,5040000
2181,5040010
2182,5040100
2183,5040110
2184,5040200
2185,5040210
2186,5041000
2187,5041010
2188,5041100
2189,5041110
218X,5041200
218E,5041210
2190,5042000
2191,5042010
2192,5042100
2193,5042110
2194,5042200
2195,5042210
2196,5043000
2197,5043010
2198,5043100
2199,5043110
219X,5043200
219E,5043210
21X0,5100000
21X1,5100010
21X2,5100100
21X3,5100110
21X4,5100200
21X5,5100210
21X6,5101000
21X7,5101010
21X8,5101100
21X9,5101110
21XX,5101200
21XE,5101210
21E0,5102000
21E1,5102010
21E2,5102100
21E3,5102110
21E4,5102200
21E5,5102210
21E6,5103000
21E7,5103010
21E8,5103100
21E9,5103110
21EX,5103200
21EE,5103210
2200,5110000
2201,5110010
2202,5110100
2203,5110110
2204,5110200
2205,5110210
2206,5111000
2207,5111010
2208,5111100
2209,5111110
220X,5111200
220E,5111210
2210,5112000
2211,5112010
2212,5112100
2213,5112110
2214,5112200
2215,5112210
2216,5113000
2217,5113010
2218,5113100
2219,5113110
221X,5113200
221E,5113210
2220,5120000
2221,5120010
2222,5120100
2223,5120110
2224,5120200
2225,5120210
2226,5121000
2227,5121010
2228,5121100
2229,5121110
222X,5121200
222E,5121210
2230,5122000
2231,5122010
2232,5122100
2233,5122110
2234,5122200
2235,5122210
2236,5123000
2237,5123010
2238,5123100
2239,5123110
223X,5123200
223E,5123210
2240,5130000
2241,5130010
2242,5130100
2243,5130110
2244,5130200
2245,5130210
2246,5131000
2247,5131010
2248,5131100
2249,5131110
224X,5131200
224E,5131210
2250,5132000
2251,5132010
2252,5132100
2253,5132110
2254,5132200
2255,5132210
2256,5133000
2257,5133010
2258,5133100
2259,5133110
225X,5133200
225E,5133210
2260,5140000
2261,5140010
2262,5140100
2263,5140110
2264,5140200
2265,5140210
2266,5141000
2267,5141010
2268,5141100
2269,5141110
226X,5141200
226E,5141210
2270,5142000
2271,5142010
2272,5142100
2273,5142110
2274,5142200
2275,5142210
2276,5143000
2277,5143010
2278,5143100
2279,5143110
227X,5143200
227E,5143210
2280,5200000
2281,5200010
2282,5200100
2283,5200110
2284,5200200
2285,5200210
2286,5201000
2287,5201010
2288,5201100
2289,5201110
228X,5201200
228E,5201210
2290,5202000
2291,5202010
2292,5202100
2293,5202110
2294,5202200
2295,5202210
2296,5203000
2297,5203010
2298,5203100
2299,5203110
229X,5203200
229E,5203210
22X0,5210000
22X1,5210010
22X2,5210100
22X3,5210110
22X4,5210200
22X5,5210210
22X6,5211000
22X7,5211010
22X8,5211100
22X9,5211110
22XX,5211200
22XE,5211210
22E0,5212000
22E1,5212010
22E2,5212100
22E3,5212110
22E4,5212200
22E5,5212210
22E6,5213000
22E7,5213010
22E8,5213100
22E9,5213110
22EX,5213200
22EE,5213210
2300,5220000
2301,5220010
2302,5220100
2303,5220110
2304,5220200
2305,5220210
2306,5221000
2307,5221010
2308,5221100
2309,5221110
230X,5221200
230E,5221210
2310,5222000
2311,5222010
2312,5222100
2313,5222110
2314,5222200
2315,5222210
2316,5223000
2317,5223010
2318,5223100
2319,5223110
231X,5223200
231E,5223210
2320,5230000
2321,5230010
2322,5230100
2323,5230110
2324,5230200
2325,5230210
2326,5231000
2327,5231010
2328,5231100
2329,5231110
232X,5231200
232E,5231210
2330,5232000
2331,5232010
2332,5232100
2333,5232110
2334,5232200
2335,5232210
2336,5233000
2337,5233010
2338,5233100
2339,5233110
233X,5233200
233E,5233210
2340,5240000
2341,5240010
2342,5240100
2343,5240110
2344,5240200
2345,5240210
2346,5241000
2347,5241010
2348,5241100
2349,5241110
234X,5241200
234E,5241210
2350,5242000
2351,5242010
2352,5242100
2353,5242110
2354,5242200
2355,5242210
2356,5243000
2357,5243010
2358,5243100
2359,5243110
235X,5243200
235E,5243210
2360,5300000
2361,5300010
2362,5300100
2363,5300110
2364,5300200
2365,5300210
2366,5301000
2367,5301010
2368,5301100
2369,5301110
236X,5301200
236E,5301210
2370,5302000
2371,5302010
2372,5302100
2373,5302110
2374,5302200
2375,5302210
2376,5303000
2377,5303010
2378,5303100
2379,5303110
237X,5303200
237E,5303210
2380,5310000
2381,5310010
2382,5310100
2383,5310110
2384,5310200
2385,5310210
2386,5311000
2387,5311010
2388,5311100
2389,5311110
238X,5311200
238E,5311210
2390,5312000
2391,5312010
2392,5312100
2393,5312110
2394,5312200
2395,5312210
2396,5313000
2397,5313010
2398,5313100
2399,5313110
239X,5313200
239E,5313210
23X0,5320000
23X1,5320010
23X2,5320100
23X3,5320110
23X4,5320200
23X5,5320210
23X6,5321000
23X7,5321010
23X8,5321100
23X9,5321110
23XX,5321200
23XE,5321210
23E0,5322000
23E1,5322010
23E2,5322100
23E3,5322110
23E4,5322200
23E5,5322210
23E6,5323000
23E7,5323010
23E8,5323100
23E9,5323110
23EX,5323200
23EE,5323210
2400,5330000
2401,5330010
2402,5330100
2403,5330110
2404,5330200
2405,5330210
2406,5331000
2407,5331010
2408,5331100
2409,5331110
240X,5331200
240E,5331210
2410,5332000
2411,5332010
2412,5332100
2413,5332110
2414,5332200
2415,5332210
2416,5333000
2417,5333010
2418,5333100
2419,5333110
241X,5333200
241E,5333210
2420,5340000
2421,5340010
2422,5340100
2423,5340110
2424,5340200
2425,5340210
2426,5341000
2427,5341010
2428,5341100
2429,5341110
242X,5341200
242E,5341210
2430,5342000
2431,5342010
2432,5342100
2433,5342110
2434,5342200
2435,5342210
2436,5343000
2437,5343010
2438,5343100
2439,5343110
243X,5343200
243E,5343210
2440,5400000
2441,5400010
2442,5400100
2443,5400110
2444,5400200
2445,5400210
2446,5401000
2447,5401010
2448,5401100
2449,5401110
244X,5401200
244E,5401210
2450,5402000
2451,5402010
2452,5402100
2453,5402110
2454,5402200
2455,5402210
2456,5403000
2457,5403010
2458,5403100
2459,5403110
245X,5403200
245E,5403210
2460,5410000
2461,5410010
2462,5410100
2463,5410110
2464,5410200
2465,5410210
2466,5411000
2467,5411010
2468,5411100
2469,5411110
246X,5411200
246E,5411210
2470,5412000
2471,5412010
2472,5412100
2473,5412110
2474,5412200
2475,5412210
2476,5413000
2477,5413010
2478,5413100
2479,5413110
247X,5413200
247E,5413210
2480,5420000
2481,5420010
2482,5420100
2483,5420110
2484,5420200
2485,5420210
2486,5421000
2487,5421010
2488,5421100
2489,5421110
248X,5421200
248E,5421210
2490,5422000
2491,5422010
2492,5422100
2493,5422110
2494,5422200
2495,5422210
2496,5423000
2497,5423010
2498,5423100
2499,5423110
249X,5423200
249E,5423210
24X0,5430000
24X1,5430010
24X2,5430100
24X3,5430110
24X4,5430200
24X5,5430210
24X6,5431000
24X7,5431010
24X8,5431100
24X9,5431110
24XX,5431200
24XE,5431210
24E0,5432000
24E1,5432010
24E2,5432100
24E3,5432110
24E4,5432200
24E5,5432210
24E6,5433000
24E7,5433010
24E8,5433100
24E9,5433110
24EX,5433200
24EE,5433210
2500,5440000
2501,5440010
2502,5440100
2503,5440110
2504,5440200
2505,5440210
2506,5441000
2507,5441010
2508,5441100
2509,5441110
250X,5441200
250E,5441210
2510,5442000
2511,5442010
2512,5442100
2513,5442110
2514,5442200
2515,5442210
2516,5443000
2517,5443010
2518,5443100
2519,5443110
251X,5443200
251E,5443210
2520,5500000
2521,5500010
2522,5500100
2523,5500110
2524,5500200
2525,5500210
2526,5501000
2527,5501010
2528,5501100
2529,5501110
252X,5501200
252E,5501210
2530,5502000
2531,5502010
2532,5502100
2533,5502110
2534,5502200
2535,5502210
2536,5503000
2537,5503010
2538,5503100
2539,5503110
253X,5503200
253E,5503210
2540,5510000
2541,5510010
2542,5510100
2543,5510110
2544,5510200
2545,5510210
2546,5511000
2547,5511010
2548,5511100
2549,5511110
254X,5511200
254E,5511210
2550,5512000
2551,5512010
2552,5512100
2553,5512110
2554,5512200
2555,5512210
2556,5513000
2557,5513010
2558,5513100
2559,5513110
255X,5513200
255E,5513210
2560,5520000
2561,5520010
2562,5520100
2563,5520110
2564,5520200
2565,5520210
2566,5521000
2567,5521010
2568,5521100
2569,5521110
256X,5521200
256E,5521210
2570,5522000
2571,5522010
2572,5522100
2573,5522110
2574,5522200
2575,5522210
2576,5523000
2577,5523010
2578,5523100
2579,5523110
257X,5523200
257E,5523210
2580,5530000
2581,5530010
2582,5530100
2583,5530110
2584,5530200
2585,5530210
2586,5531000
2587,5531010
2588,5531100
2589,5531110
258X,5531200
258E,5531210
2590,5532000
2591,5532010
2592,5532100
2593,5532110
2594,5532200
2595,5532210
2596,5533000
2597,5533010
2598,5533100
2599,5533110
259X,5533200
259E,5533210
25X0,5540000
25X1,5540010
25X2,5540100
25X3,5540110
25X4,5540200
25X5,5540210
25X6,5541000
25X7,5541010
25X8,5541100
25X9,5541110
25XX,5541200
25XE,5541210
25E0,5542000
25E1,5542010
25E2,5542100
25E3,5542110
25E4,5542200
25E5,5542210
25E6,5543000
25E7,5543010
25E8,5543100
25E9,5543110
25EX,5543200
25EE,5543210
2600,6000000
2601,6000010
2602,6000100
2603,6000110
2604,6000200
2605,6000210
2606,6001000
2607,6001010
2608,6001100
2609,6001110
260X,6001200
260E,6001210
2610,6002000
2611,6002010
2612,6002100
2613,6002110
2614,6002200
2615,6002210
2616,6003000
2617,6003010
2618,6003100
2619,6003110
261X,6003200
261E,6003210
2620,6010000
2621,6010010
2622,6010100
2623,6010110
2624,6010200
2625,6010210
2626,6011000
2627,6011010
2628,6011100
2629,6011110
262X,6011200
262E,6011210
2630,6012000
2631,6012010
2632,6012100
2633,6012110
2634,6012200
2635,6012210
2636,6013000
2637,6013010
2638,6013100
2639,6013110
263X,6013200
263E,6013210
2640,6020000
2641,6020010
2642,6020100
2643,6020110
2644,6020200
2645,6020210
2646,6021000
2647,6021010
2648,6021100
2649,6021110
264X,6021200
264E,6021210
2650,6022000
2651,6022010
2652,6022100
2653,6022110
2654,6022200
2655,6022210
2656,6023000
2657,6023010
2658,6023100
2659,6023110
265X,6023200
265E,6023210
2660,6030000
2661,6030010
2662,6030100
2663,6030110
2664,6030200
2665,6030210
2666,6031000
2667,6031010
2668,6031100
2669,6031110
266X,6031200
266E,6031210
2670,6032000
2671,6032010
2672,6032100
2673,6032110
2674,6032200
2675,6032210
2676,6033000
2677,6033010
2678,6033100
2679,6033110
267X,6033200
267E,6033210
2680,6040000
2681,6040010
2682,6040100
2683,6040110
2684,6040200
2685,6040210
2686,6041000
2687,6041010
2688,6041100
2689,6041110
268X,6041200
268E,6041210
2690,6042000
2691,6042010
2692,6042100
2693,6042110
2694,6042200
2695,6042210
2696,6043000
2697,6043010
2698,6043100
2699,6043110
269X,6043200
269E,6043210
26X0,6100000
26X1,6100010
26X2,6100100
26X3,6100110
26X4,6100200
26X5,6100210
26X6,6101000
26X7,6101010
26X8,6101100
26X9,6101110
26XX,6101200
26XE,6101210
26E0,6102000
26E1,6102010
26E2,6102100
26E3,6102110
26E4,6102200
26E5,6102210
26E6,6103000
26E7,6103010
26E8,6103100
26E9,6103110
26EX,6103200
26EE,6103210
2700,6110000
2701,6110010
2702,6110100
2703,6110110
2704,6110200
2705,6110210
2706,6111000
2707,6111010
2708,6111100
2709,6111110
270X,6111200
270E,6111210
2710,6112000
2711,6112010
2712,6112100
2713,6112110
2714,6112200
2715,6112210
2716,6113000
2717,6113010
2718,6113100
2719,6113110
271X,6113200
271E,6113210
2720,6120000
2721,6120010
2722,6120100
2723,6120110
2724,6120200
2725,6120210
2726,6121000
2727,6121010
2728,6121100
2729,6121110
272X,6121200
272E,6121210
2730,6122000
2731,6122010
2732,6122100
2733,6122110
2734,6122200
2735,6122210
2736,6123000
2737,6123010
2738,6123100
2739,6123110
273X,6123200
273E,6123210
2740,6130000
2741,6130010
2742,6130100
2743,6130110
2744,6130200
2745,6130210
2746,6131000
2747,6131010
2748,6131100
2749,6131110
274X,6131200
274E,6131210
2750,6132000
2751,6132010
2752,6132100
2753,6132110
2754,6132200
2755,6132210
2756,6133000
2757,6133010
2758,6133100
2759,6133110
275X,6133200
275E,6133210
2760,6140000
2761,6140010
2762,6140100
2763,6140110
2764,6140200
2765,6140210
2766,6141000
2767,6141010
2768,6141100
2769,6141110
276X,6141200
276E,6141210
2770,6142000
2771,6142010
2772,6142100
2773,6142110
2774,6142200
2775,6142210
2776,6143000
2777,6143010
2778,6143100
2779,6143110
277X,6143200
277E,6143210
2780,6200000
2781,6200010
2782,6200100
2783,6200110
2784,6200200
2785,6200210
2786,6201000
2787,6201010
2788,6201100
2789,6201110
278X,6201200
278E,6201210
2790,6202000
2791,6202010
2792,6202100
2793,6202110
2794,6202200
2795,6202210
2796,6203000
2797,6203010
2798,6203100
2799,6203110
279X,6203200
279E,6203210
27X0,6210000
27X1,6210010
27X2,6210100
27X3,6210110
27X4,6210200
27X5,6210210
27X6,6211000
27X7,6211010
27X8,6211100
27X9,6211110
27XX,6211200
27XE,6211210
27E0,6212000
27E1,6212010
27E2,6212100
27E3,6212110
27E4,6212200
27E5,6212210
27E6,6213000
27E7,6213010
27E8,6213100
27E9,6213110
27EX,6213200
27EE,6213210
2800,6220000
2801,6220010
2802,6220100
2803,6220110
2804,6220200
2805,6220210
2806,6221000
2807,6221010
2808,6221100
2809,6221110
280X,6221200
280E,6221210
2810,6222000
2811,6222010
2812,6222100
2813,6222110
2814,6222200
2815,6222210
2816,6223000
2817,6223010
2818,6223100
2819,6223110
281X,6223200
281E,6223210
2820,6230000
2821,6230010
2822,6230100
2823,6230110
2824,6230200
2825,6230210
2826,6231000
2827,6231010
2828,6231100
2829,6231110
282X,6231200
282E,6231210
2830,6232000
2831,6232010
2832,6232100
2833,6232110
2834,6232200
2835,6232210
2836,6233000
2837,6233010
2838,6233100
2839,6233110
283X,6233200
283E,6233210
2840,6240000
2841,6240010
2842,6240100
2843,6240110
2844,6240200
2845,6240210
2846,6241000
2847,6241010
2848,6241100
2849,6241110
284X,6241200
284E,6241210
2850,6242000
2851,6242010
2852,6242100
2853,6242110
2854,6242200
2855,6242210
2856,6243000
2857,6243010
2858,6243100
2859,6243110
285X,6243200
285E,6243210
2860,6300000
2861,6300010
2862,6300100
2863,6300110
2864,6300200
2865,6300210
2866,6301000
2867,6301010
2868,6301100
2869,6301110
286X,6301200
286E,6301210
2870,6302000
2871,6302010
2872,6302100
2873,6302110
2874,6302200
2875,6302210
2876,6303000
2877,6303010
2878,6303100
2879,6303110
287X,6303200
287E,6303210
2880,6310000
2881,6310010
2882,6310100
2883,6310110
2884,6310200
2885,6310210
2886,6311000
2887,6311010
2888,6311100
2889,6311110
288X,6311200
288E,6311210
2890,6312000
2891,6312010
2892,6312100
2893,6312110
2894,6312200
2895,6312210
2896,6313000
2897,6313010
2898,6313100
2899,6313110
289X,6313200
289E,6313210
28X0,6320000
28X1,6320010
28X2,6320100
28X3,6320110
28X4,6320200
28X5,6320210
28X6,6321000
28X7,6321010
28X8,6321100
28X9,6321110
28XX,6321200
28XE,6321210
28E0,6322000
28E1,6322010
28E2,6322100
28E3,6322110
28E4,6322200
28E5,6322210
28E6,6323000
28E7,6323010
28E8,6323100
28E9,6323110
28EX,6323200
28EE,6323210
2900,6330000
2901,6330010
2902,6330100
2903,6330110
2904,6330200
2905,6330210
2906,6331000
2907,6331010
2908,6331100
2909,6331110
290X,6331200
290E,6331210
2910,6332000
2911,6332010
2912,6332100
2913,6332110
2914,6332200
2915,6332210
2916,6333000
2917,6333010
2918,6333100
2919,6333110
291X,6333200
291E,6333210
2920,6340000
2921,6340010
2922,6340100
2923,6340110
2924,6340200
2925,6340210
2926,6341000
2927,6341010
2928,6341100
2929,6341110
292X,6341200
292E,6341210
2930,6342000
2931,6342010
2932,6342100
2933,6342110
2934,6342200
2935,6342210
2936,6343000
2937,6343010
2938,6343100
2939,6343110
293X,6343200
293E,6343210
2940,6400000
2941,6400010
2942,6400100
2943,6400110
2944,6400200
2945,6400210
2946,6401000
2947,6401010
2948,6401100
2949,6401110
294X,6401200
294E,6401210
2950,6402000
2951,6402010
2952,6402100
2953,6402110
2954,6402200
2955,6402210
2956,6403000
2957,6403010
2958,6403100
2959,6403110
295X,6403200
295E,6403210
2960,6410000
2961,6410010
2962,6410100
2963,6410110
2964,6410200
2965,6410210
2966,6411000
2967,6411010
2968,6411100
2969,6411110
296X,6411200
296E,6411210
2970,6412000
2971,6412010
2972,6412100
2973,6412110
2974,6412200
2975,6412210
2976,6413000
2977,6413010
2978,6413100
2979,6413110
297X,6413200
297E,6413210
2980,6420000
2981,6420010
2982,6420100
2983,6420110
2984,6420200
2985,6420210
2986,6421000
2987,6421010
2988,6421100
2989,6421110
298X,6421200
298E,6421210
2990,6422000
2991,6422010
2992,6422100
2993,6422110
2994,6422200
2995,6422210
2996,6423000
2997,6423010
2998,6423100
2999,6423110
299X,6423200
299E,6423210
29X0,6430000
29X1,6430010
29X2,6430100
29X3,6430110
29X4,6430200
29X5,6430210
29X6,6431000
29X7,6431010
29X8,6431100
29X9,6431110
29XX,6431200
29XE,6431210
29E0,6432000
29E1,6432010
29E2,6432100
29E3,6432110
29E4,6432200
29E5,6432210
29E6,6433000
29E7,6433010
29E8,6433100
29E9,6433110
29EX,6433200
29EE,6433210
2X00,6440000
2X01,6440010
2X02,6440100
2X03,6440110
2X04,6440200
2X05,6440210
2X06,6441000
2X07,6441010
2X08,6441100
2X09,6441110
2X0X,6441200
2X0E,6441210
2X10,6442000
2X11,6442010
2X12,6442100
2X13,6442110
2X14,6442200
2X15,6442210
2X16,6443000
2X17,6443010
2X18,6443100
2X19,6443110
2X1X,6443200
2X1E,6443210
2X20,6500000
2X21,6500010
2X22,6500100
2X23,6500110
2X24,6500200
2X25,6500210
2X26,6501000
2X27,6501010
2X28,6501100
2X29,6501110
2X2X,6501200
2X2E,6501210
2X30,6502000
2X31,6502010
2X32,6502100
2X33,6502110
2X34,6502200
2X35,6502210
2X36,6503000
2X37,6503010
2X38,6503100
2X39,6503110
2X3X,6503200
2X3E,6503210
2X40,6510000
2X41,6510010
2X42,6510100
2X43,6510110
2X44,6510200
2X45,6510210
2X46,6511000
2X47,6511010
2X48,6511100
2X49,6511110
2X4X,6511200
2X4E,6511210
2X50,6512000
2X51,6512010
2X52,6512100
2X53,6512110
2X54,6512200
2X55,6512210
2X56,6513000
2X57,6513010
2X58,6513100
2X59,6513110
2X5X,6513200
2X5E,6513210
2X60,6520000
2X61,6520010
2X62,6520100
2X63,6520110
2X64,6520200
2X65,6520210
2X66,6521000
2X67,6521010
2X68,6521100
2X69,6521110
2X6X,6521200
2X6E,6521210
2X70,6522000
2X71,6522010
2X72,6522100
2X73,6522110
2X74,6522200
2X75,6522210
2X76,6523000
2X77,6523010
2X78,6523100
2X79,6523110
2X7X,6523200
2X7E,6523210
2X80,6530000
2X81,6530010
2X82,6530100
2X83,6530110
2X84,6530200
2X85,6530210
2X86,6531000
2X87,6531010
2X88,6531100
2X89,6531110
2X8X,6531200
2X8E,6531210
2X90,6532000
2X91,6532010
2X92,6532100
2X93,6532110
2X94,6532200
2X95,6532210
2X96,6533000
2X97,6533010
2X98,6533100
2X99,6533110
2X9X,6533200
2X9E,6533210
2XX0,6540000
2XX1,6540010
2XX2,6540100
2XX3,6540110
2XX4,6540200
2XX5,6540210
2XX6,6541000
2XX7,6541010
2XX8,6541100
2XX9,6541110
2XXX,6541200
2XXE,6541210
2XE0,6542000
2XE1,6542010
2XE2,6542100
2XE3,6542110
2XE4,6542200
2XE5,6542210
2XE6,6543000
2XE7,6543010
2XE8,6543100
2XE9,6543110
2XEX,6543200
2XEE,6543210
2E00,10000000
2E01,10000010
2E02,10000100
2E03,10000110
2E04,10000200
2E05,10000210
2E06,10001000
2E07,10001010
2E08,10001100
2E09,10001110
2E0X,10001200
2E0E,10001210
2E10,10002000
2E11,10002010
2E12,10002100
2E13,10002110
2E14,10002200
2E15,10002210
2E16,10003000
2E17,10003010
2E18,10003100
2E19,10003110
2E1X,10003200
2E1E,10003210
2E20,10010000
2E21,10010010
2E22,10010100
2E23,10010110
2E24,10010200
2E25,10010210
2E26,10011000
2E27,10011010
2E28,10011100
2E29,10011110
2E2X,10011200
2E2E,10011210
2E30,10012000
2E31,10012010
2E32,10012100
2E33,10012110
2E34,10012200
2E35,10012210
2E36,10013000
2E37,10013010
2E38,10013100
2E39,10013110
2E3X,10013200
2E3E,10013210
2E40,10020000
2E41,10020010
2E42,10020100
2E43,10020110
2E44,10020200
2E45,10020210
2E46,10021000
2E47,10021010
2E48,10021100
2E49,10021110
2E4X,10021200
2E4E,10021210
2E50,10022000
2E51,10022010
2E52,10022100
2E53,10022110
2E54,10022200
2E55,10022210
2E56,10023000
2E57,10023010
2E58,10023100
2E59,10023110
2E5X,10023200
2E5E,10023210
2E60,10030000
2E61,10030010
2E62,10030100
2E63,10030110
2E64,10030200
2E65,10030210
2E66,10031000
2E67,10031010
2E68,10031100
2E69,10031110
2E6X,10031200
2E6E,10031210
2E70,10032000
2E71,10032010
2E72,10032100
2E73,10032110
2E74,10032200
2E75,10032210
2E76,10033000
2E77,10033010
2E78,10033100
2E79,10033110
2E7X,10033200
2E7E,10033210
2E80,10040000
2E81,10040010
2E82,10040100
2E83,10040110
2E84,10040200
2E85,10040210
2E86,10041000
2E87,10041010
2E88,10041100
2E89,10041110
2E8X,10041200
2E8E,10041210
2E90,10042000
2E91,10042010
2E92,10042100
2E93,10042110
2E94,10042200
2E95,10042210
2E96,10043000
2E97,10043010
2E98,10043100
2E99,10043110
2E9X,10043200
2E9E,10043210
2EX0,10100000
2EX1,10100010
2EX2,10100100
2EX3,10100110
2EX4,10100200
2EX5,10100210
2EX6,10101000
2EX7,10101010
2EX8,10101100
2EX9,10101110
2EXX,10101200
2EXE,10101210
2EE0,10102000
2EE1,10102010
2EE2,10102100
2EE3,10102110
2EE4,10102200
2EE5,10102210
2EE6,10103000
2EE7,10103010
2EE8,10103100
2EE9,10103110
2EEX,10103200
2EEE,10103210
3000,10110000
3001,10110010
3002,10110100
3003,10110110
3004,10110200
3005,10110210
3006,10111000
3007,10111010
3008,10111100
3009,10111110
300X,10111200
300E,10111210
3010,10112000
3011,10112010
3012,10112100
3013,10112110
3014,10112200
3015,10112210
3016,10113000
3017,10113010
3018,10113100
3019,10113110
301X,10113200
301E,10113210
3020,10120000
3021,10120010
3022,10120100
3023,10120110
3024,10120200
3025,10120210
3026,10121000
3027,10121010
3028,10121100
3029,10121110
302X,10121200
302E,10121210
3030,10122000
3031,10122010
3032,10122100
3033,10122110
3034,10122200
3035,10122210
3036,10123000
3037,10123010
3038,10123100
3039,10123110
303X,10123200
303E,10123210
3040,10130000
3041,10130010
3042,10130100
3043,10130110
3044,10130200
3045,10130210
3046,10131000
3047,10131010
3048,10131100
3049,10131110
304X,10131200
304E,10131210
3050,10132000
3051,10132010
3052,10132100
3053,10132110
3054,10132200
3055,10132210
3056,10133000
3057,10133010
3058,10133100
3059,10133110
305X,10133200
305E,10133210
3060,10140000
3061,10140010
3062,10140100
3063,10140110
3064,10140200
3065,10140210
3066,10141000
3067,10141010
3068,10141100
3069,10141110
306X,10141200
306E,10141210
3070,10142000
3071,10142010
3072,10142100
3073,10142110
3074,10142200
3075,10142210
3076,10143000
3077,10143010
3078,10143100
3079,10143110
307X,10143200
307E,10143210
3080,10200000
3081,10200010
3082,10200100
3083,10200110
3084,10200200
3085,10200210
3086,10201000
3087,10201010
3088,10201100
3089,10201110
308X,10201200
308E,10201210
3090,10202000
3091,10202010
3092,10202100
3093,10202110
3094,10202200
3095,10202210
3096,10203000
3097,10203010
3098,10203100
3099,10203110
309X,10203200
309E,10203210
30X0,10210000
30X1,10210010
30X2,10210100
30X3,10210110
30X4,10210200
30X5,10210210
30X6,10211000
30X7,10211010
30X8,10211100
30X9,10211110
30XX,10211200
30XE,10211210
30E0,10212000
30E1,10212010
30E2,10212100
30E3,10212110
30E4,10212200
30E5,10212210
30E6,10213000
30E7,10213010
30E8,10213100
30E9,10213110
30EX,10213200
30EE,10213210
3100,10220000
3101,10220010
3102,10220100
3103,10220110
3104,10220200
3105,10220210
3106,10221000
3107,10221010
3108,10221100
3109,10221110
310X,10221200
310E,10221210
3110,10222000
3111,10222010
3112,10222100
3113,10222110
3114,10222200
3115,10222210
3116,10223000
3117,10223010
3118,10223100
3119,10223110
311X,10223200
311E,10223210
3120,10230000
3121,10230010
3122,10230100
3123,10230110
3124,10230200
3125,10230210
3126,10231000
3127,10231010
3128,10231100
3129,10231110
312X,10231200
312E,10231210
3130,10232000
3131,10232010
3132,10232100
3133,10232110
3134,10232200
3135,10232210
3136,10233000
3137,10233010
3138,10233100
3139,10233110
313X,10233200
313E,10233210
3140,10240000
3141,10240010
3142,10240100
3143,10240110
3144,10240200
3145,10240210
3146,10241000
3147,10241010
3148,10241100
3149,10241110
314X,10241200
314E,10241210
3150,10242000
3151,10242010
3152,10242100
3153,10242110
3154,10242200
3155,10242210
3156,10243000
3157,10243010
3158,10243100
3159,10243110
315X,10243200
315E,10243210
3160,10300000
3161,10300010
3162,10300100
3163,10300110
3164,10300200
3165,10300210
3166,10301000
3167,10301010
3168,10301100
3169,10301110
316X,10301200
316E,10301210
3170,10302000
3171,10302010
3172,10302100
3173,10302110
3174,10302200
3175,10302210
3176,10303000
3177,10303010
3178,10303100
3179,10303110
317X,10303200
317E,10303210
3180,10310000
3181,10310010
3182,10310100
3183,10310110
3184,10310200
3185,10310210
3186,10311000
3187,10311010
3188,10311100
3189,10311110
318X,10311200
318E,10311210
3190,10312000
3191,10312010
3192,10312100
3193,10312110
3194,10312200
3195,10312210
3196,10313000
3197,10313010
3198,10313100
3199,10313110
319X,10313200
319E,10313210
31X0,10320000
31X1,10320010
31X2,10320100
31X3,10320110
31X4,10320200
31X5,10320210
31X6,10321000
31X7,10321010
31X8,10321100
31X9,10321110
31XX,10321200
31XE,10321210
31E0,10322000
31E1,10322010
31E2,10322100
31E3,10322110
31E4,10322200
31E5,10322210
31E6,10323000
31E7,10323010
31E8,10323100
31E9,10323110
31EX,10323200
31EE,10323210
3200,10330000
3201,10330010
3202,10330100
3203,10330110
3204,10330200
3205,10330210
3206,10331000
3207,10331010
3208,10331100
3209,10331110
320X,10331200
320E,10331210
3210,10332000
3211,10332010
3212,10332100
3213,10332110
3214,10332200
3215,10332210
3216,10333000
3217,10333010
3218,10333100
3219,10333110
321X,10333200
321E,10333210
3220,10340000
3221,10340010
3222,10340100
3223,10340110
3224,10340200
3225,10340210
3226,10341000
3227,10341010
3228,10341100
3229,10341110
322X,10341200
322E,10341210
3230,10342000
3231,10342010
3232,10342100
3233,10342110
3234,10342200
3235,10342210
3236,10343000
3237,10343010
3238,10343100
3239,10343110
323X,10343200
323E,10343210
3240,10400000
3241,10400010
3242,10400100
3243,10400110
3244,10400200
3245,10400210
3246,10401000
3247,10401010
3248,10401100
3249,10401110
324X,10401200
324E,10401210
3250,10402000
3251,10402010
3252,10402100
3253,10402110
3254,10402200
3255,10402210
3256,10403000
3257,10403010
3258,10403100
3259,10403110
325X,10403200
325E,10403210
3260,10410000
3261,10410010
3262,10410100
3263,10410110
3264,10410200
3265,10410210
3266,10411000
3267,10411010
3268,10411100
3269,10411110
326X,10411200
326E,10411210
3270,10412000
3271,10412010
3272,10412100
3273,10412110
3274,10412200
3275,10412210
3276,10413000
3277,10413010
3278,10413100
3279,10413110
327X,10413200
327E,10413210
3280,10420000
3281,10420010
3282,10420100
3283,10420110
3284,10420200
3285,10420210
3286,10421000
3287,10421010
3288,10421100
3289,10421110
328X,10421200
328E,10421210
3290,10422000
3291,10422010
3292,10422100
3293,10422110
3294,10422200
3295,10422210
3296,10423000
3297,10423010
3298,10423100
3299,10423110
329X,10423200
329E,10423210
32X0,10430000
32X1,10430010
32X2,10430100
32X3,10430110
32X4,10430200
32X5,10430210
32X6,10431000
32X7,10431010
32X8,10431100
32X9,10431110
32XX,10431200
32XE,10431210
32E0,10432000
32E1,10432010
32E2,10432100
32E3,10432110
32E4,10432200
32E5,10432210
32E6,10433000
32E7,10433010
32E8,10433100
32E9,10433110
32EX,10433200
32EE,10433210
3300,10440000
3301,10440010
3302,10440100
3303,10440110
3304,10440200
3305,10440210
3306,10441000
3307,10441010
3308,10441100
3309,10441110
330X,10441200
330E,10441210
3310,10442000
3311,10442010
3312,10442100
3313,10442110
3314,10442200
3315,10442210
3316,10443000
3317,10443010
3318,10443100
3319,10443110
331X,10443200
331E,10443210
3320,10500000
3321,10500010
3322,10500100
3323,10500110
3324,10500200
3325,10500210
3326,10501000
3327,10501010
3328,10501100
3329,10501110
332X,10501200
332E,10501210
3330,10502000
3331,10502010
3332,10502100
3333,10502110
3334,10502200
3335,10502210
3336,10503000
3337,10503010
3338,10503100
3339,10503110
333X,10503200
333E,10503210
3340,10510000
3341,10510010
3342,10510100
3343,10510110
3344,10510200
3345,10510210
3346,10511000
3347,10511010
3348,10511100
3349,10511110
334X,10511200
334E,10511210
3350,10512000
3351,10512010
3352,10512100
3353,10512110
3354,10512200
3355,10512210
3356,10513000
3357,10513010
3358,10513100
3359,10513110
335X,10513200
335E,10513210
3360,10520000
3361,10520010
3362,10520100
3363,10520110
3364,10520200
3365,10520210
3366,10521000
3367,10521010
3368,10521100
3369,10521110
336X,10521200
336E,10521210
3370,10522000
3371,10522010
3372,10522100
3373,10522110
3374,10522200
3375,10522210
3376,10523000
3377,10523010
3378,10523100
3379,10523110
337X,10523200
337E,10523210
3380,10530000
3381,10530010
3382,10530100
3383,10530110
3384,10530200
3385,10530210
3386,10531000
3387,10531010
3388,10531100
3389,10531110
338X,10531200
338E,10531210
3390,10532000
3391,10532010
3392,10532100
3393,10532110
3394,10532200
3395,10532210
3396,10533000
3397,10533010
3398,10533100
3399,10533110
339X,10533200
339E,10533210
33X0,10540000
33X1,10540010
33X2,10540100
33X3,10540110
33X4,10540200
33X5,10540210
33X6,10541000
33X7,10541010
33X8,10541100
33X9,10541110
33XX,10541200
33XE,10541210
33E0,10542000
33E1,10542010
33E2,10542100
33E3,10542110
33E4,10542200
33E5,10542210
33E6,10543000
33E7,10543010
33E8,10543100
33E9,10543110
33EX,10543200
33EE,10543210
3400,11000000
3401,11000010
3402,11000100
3403,11000110
3404,11000200
3405,11000210
3406,11001000
3407,11001010
3408,11001100
3409,11001110
340X,11001200
340E,11001210
3410,11002000
3411,11002010
3412,11002100
3413,11002110
3414,11002200
3415,11002210
3416,11003000
3417,11003010
3418,11003100
3419,11003110
341X,11003200
341E,11003210
3420,11010000
3421,11010010
3422,11010100
3423,11010110
3424,11010200
3425,11010210
3426,11011000
3427,11011010
3428,11011100
3429,11011110
342X,11011200
342E,11011210
3430,11012000
3431,11012010
3432,11012100
3433,11012110
3434,11012200
3435,11012210
3436,11013000
3437,11013010
3438,11013100
3439,11013110
343X,11013200
343E,11013210
3440,11020000
3441,11020010
3442,11020100
3443,11020110
3444,11020200
3445,11020210
3446,11021000
3447,11021010
3448,11021100
3449,11021110
344X,11021200
344E,11021210
3450,11022000
3451,11022010
3452,11022100
3453,11022110
3454,11022200
3455,11022210
3456,11023000
3457,11023010
3458,11023100
3459,11023110
345X,11023200
345E,11023210
3460,11030000
3461,11030010
3462,11030100
3463,11030110
3464,11030200
3465,11030210
3466,11031000
3467,11031010
3468,11031100
3469,11031110
346X,11031200
346E,11031210
3470,11032000
3471,11032010
3472,11032100
3473,11032110
3474,11032200
3475,11032210
3476,11033000
3477,11033010
3478,11033100
3479,11033110
347X,11033200
347E,11033210
3480,11040000
3481,11040010
3482,11040100
3483,11040110
3484,11040200
3485,11040210
3486,11041000
3487,11041010
3488,11041100
3489,11041110
348X,11041200
348E,11041210
3490,11042000
3491,11042010
3492,11042100
3493,11042110
3494,11042200
3495,11042210
3496,11043000
3497,11043010
3498,11043100
3499,11043110
349X,11043200
349E,11043210
34X0,11100000
34X1,11100010
34X2,11100100
34X3,11100110
34X4,11100200
34X5,11100210
34X6,11101000
34X7,11101010
34X8,11101100
34X9,11101110
34XX,11101200
34XE,11101210
34E0,11102000
34E1,11102010
34E2,11102100
34E3,11102110
34E4,11102200
34E5,11102210
34E6,11103000
34E7,11103010
34E8,11103100
34E9,11103110
34EX,11103200
34EE,11103210
3500,11110000
3501,11110010
3502,11110100
3503,11110110
3504,11110200
3505,11110210
3506,11111000
3507,11111010
3508,11111100
3509,11111110
350X,11111200
350E,11111210
3510,11112000
3511,11112010
3512,11112100
3513,11112110
3514,11112200
3515,11112210
3516,11113000
3517,11113010
3518,11113100
3519,11113110
351X,11113200
351E,11113210
3520,11120000
3521,11120010
3522,11120100
3523,11120110
3524,11120200
3525,11120210
3526,11121000
3527,11121010
3528,11121100
3529,11121110
352X,11121200
352E,11121210
3530,11122000
3531,11122010
3532,11122100
3533,11122110
3534,11122200
3535,11122210
3536,11123000
3537,11123010
3538,11123100
3539,11123110
353X,11123200
353E,11123210
3540,11130000
3541,11130010
3542,11130100
3543,11130110
3544,11130200
3545,11130210
3546,11131000
3547,11131010
3548,11131100
3549,11131110
354X,11131200
354E,11131210
3550,11132000
3551,11132010
3552,11132100
3553,11132110
3554,11132200
3555,11132210
3556,11133000
3557,11133010
3558,11133100
3559,11133110
355X,11133200
355E,11133210
3560,11140000
3561,11140010
3562,11140100
3563,11140110
3564,11140200
3565,11140210
3566,11141000
3567,11141010
3568,11141100
3569,11141110
356X,11141200
356E,11141210
3570,11142000
3571,11142010
3572,11142100
3573,11142110
3574,11142200
3575,11142210
3576,11143000
3577,11143010
3578,11143100
3579,11143110
357X,11143200
357E,11143210
3580,11200000
3581,11200010
3582,11200100
3583,11200110
3584,11200200
3585,11200210
3586,11201000
3587,11201010
3588,11201100
3589,11201110
358X,11201200
358E,11201210
3590,11202000
3591,11202010
3592,11202100
3593,11202110
3594,11202200
3595,11202210
3596,11203000
3597,11203010
3598,11203100
3599,11203110
359X,11203200
359E,11203210
35X0,11210000
35X1,11210010
35X2,11210100
35X3,11210110
35X4,11210200
35X5,11210210
35X6,11211000
35X7,11211010
35X8,11211100
35X9,11211110
35XX,11211200
35XE,11211210
35E0,11212000
35E1,11212010
35E2,11212100
35E3,11212110
35E4,11212200
35E5,11212210
35E6,11213000
35E7,11213010
35E8,11213100
35E9,11213110
35EX,11213200
35EE,11213210
3600,11220000
3601,11220010
3602,11220100
3603,11220110
3604,11220200
3605,11220210
3606,11221000
3607,11221010
3608,11221100
3609,11221110
360X,11221200
360E,11221210
3610,11222000
3611,11222010
3612,11222100
3613,11222110
3614,11222200
3615,11222210
3616,11223000
3617,11223010
3618,11223100
3619,11223110
361X,11223200
361E,11223210
3620,11230000
3621,11230010
3622,11230100
3623,11230110
3624,11230200
3625,11230210
3626,11231000
3627,11231010
3628,11231100
3629,11231110
362X,11231200
362E,11231210
3630,11232000
3631,11232010
3632,11232100
3633,11232110
3634,11232200
3635,11232210
3636,11233000
3637,11233010
3638,11233100
3639,11233110
363X,11233200
363E,11233210
3640,11240000
3641,11240010
3642,11240100
3643,11240110
3644,11240200
3645,11240210
3646,11241000
3647,11241010
3648,11241100
3649,11241110
364X,11241200
364E,11241210
3650,11242000
3651,11242010
3652,11242100
3653,11242110
3654,11242200
3655,11242210
3656,11243000
3657,11243010
3658,11243100
3659,11243110
365X,11243200
365E,11243210
3660,11300000
3661,11300010
3662,11300100
3663,11300110
3664,11300200
3665,11300210
3666,11301000
3667,11301010
3668,11301100
3669,11301110
366X,11301200
366E,11301210
3670,11302000
3671,11302010
3672,11302100
3673,11302110
3674,11302200
3675,11302210
3676,11303000
3677,11303010
3678,11303100
3679,11303110
367X,11303200
367E,11303210
3680,11310000
3681,11310010
3682,11310100
3683,11310110
3684,11310200
3685,11310210
3686,11311000
3687,11311010
3688,11311100
3689,11311110
368X,11311200
368E,11311210
3690,11312000
3691,11312010
3692,11312100
3693,11312110
3694,11312200
3695,11312210
3696,11313000
3697,11313010
3698,11313100
3699,11313110
369X,11313200
369E,11313210
36X0,11320000
36X1,11320010
36X2,11320100
36X3,11320110
36X4,11320200
36X5,11320210
36X6,11321000
36X7,11321010
36X8,11321100
36X9,11321110
36XX,11321200
36XE,11321210
36E0,11322000
36E1,11322010
36E2,11322100
36E3,11322110
36E4,11322200
36E5,11322210
36E6,11323000
36E7,11323010
36E8,11323100
36E9,11323110
36EX,11323200
36EE,11323210
3700,11330000
3701,11330010
3702,11330100
3703,11330110
3704,11330200
3705,11330210
3706,11331000
3707,11331010
3708,11331100
3709,11331110
370X,11331200
370E,11331210
3710,11332000
3711,11332010
3712,11332100
3713,11332110
3714,11332200
3715,11332210
3716,11333000
3717,11333010
3718,11333100
3719,11333110
371X,11333200
371E,11333210
3720,11340000
3721,11340010
3722,11340100
3723,11340110
3724,11340200
3725,11340210
3726,11341000
3727,11341010
3728,11341100
3729,11341110
372X,11341200
372E,11341210
3730,11342000
3731,11342010
3732,11342100
3733,11342110
3734,11342200
3735,11342210
3736,11343000
3737,11343010
3738,11343100
3739,11343110
373X,11343200
373E,11343210
3740,11400000
3741,11400010
3742,11400100
3743,11400110
3744,11400200
3745,11400210
3746,11401000
3747,11401010
3748,11401100
3749,11401110
374X,11401200
374E,11401210
3750,11402000
3751,11402010
3752,11402100
3753,11402110
3754,11402200
3755,11402210
3756,11403000
3757,11403010
3758,11403100
3759,11403110
375X,11403200
375E,11403210
3760,11410000
3761,11410010
3762,11410100
3763,11410110
3764,11410200
3765,11410210
3766,11411000
3767,11411010
3768,11411100
3769,11411110
376X,11411200
376E,11411210
3770,11412000
3771,11412010
3772,11412100
3773,11412110
3774,11412200
3775,11412210
3776,11413000
3777,11413010
3778,11413100
3779,11413110
377X,11413200
377E,11413210
3780,11420000
3781,11420010
3782,11420100
3783,11420110
3784,11420200
3785,11420210
3786,11421000
3787,11421010
3788,11421100
3789,11421110
378X,11421200
378E,11421210
3790,11422000
3791,11422010
3792,11422100
3793,11422110
3794,11422200
3795,11422210
3796,11423000
3797,11423010
3798,11423100
3799,11423110
379X,11423200
379E,11423210
37X0,11430000
37X1,11430010
37X2,11430100
37X3,11430110
37X4,11430200
37X5,11430210
37X6,11431000
37X7,11431010
37X8,11431100
37X9,11431110
37XX,11431200
37XE,11431210
37E0,11432000
37E1,11432010
37E2,11432100
37E3,11432110
37E4,11432200
37E5,11432210
37E6,11433000
37E7,11433010
37E8,11433100
37E9,11433110
37EX,11433200
37EE,11433210
3800,11440000
3801,11440010
3802,11440100
3803,11440110
3804,11440200
3805,11440210
3806,11441000
3807,11441010
3808,11441100
3809,11441110
380X,11441200
380E,11441210
3810,11442000
3811,11442010
3812,11442100
3813,11442110
3814,11442200
3815,11442210
3816,11443000
3817,11443010
3818,11443100
3819,11443110
381X,11443200
381E,11443210
3820,11500000
3821,11500010
3822,11500100
3823,11500110
3824,11500200
3825,11500210
3826,11501000
3827,11501010
3828,11501100
3829,11501110
382X,11501200
382E,11501210
3830,11502000
3831,11502010
3832,11502100
3833,11502110
3834,11502200
3835,11502210
3836,11503000
3837,11503010
3838,11503100
3839,11503110
383X,11503200
383E,11503210
3840,11510000
3841,11510010
3842,11510100
3843,11510110
3844,11510200
3845,11510210
3846,11511000
3847,11511010
3848,11511100
3849,11511110
384X,11511200
384E,11511210
3850,11512000
3851,11512010
3852,11512100
3853,11512110
3854,11512200
3855,11512210
3856,11513000
3857,11513010
3858,11513100
3859,11513110
385X,11513200
385E,11513210
3860,11520000
3861,11520010
3862,11520100
3863,11520110
3864,11520200
3865,11520210
3866,11521000
3867,11521010
3868,11521100
3869,11521110
386X,11521200
386E,11521210
3870,11522000
3871,11522010
3872,11522100
3873,11522110
3874,11522200
3875,11522210
3876,11523000
3877,11523010
3878,11523100
3879,11523110
387X,11523200
387E,11523210
3880,11530000
3881,11530010
3882,11530100
3883,11530110
3884,11530200
3885,11530210
3886,11531000
3887,11531010
3888,11531100
3889,11531110
388X,11531200
388E,11531210
3890,11532000
3891,11532010
3892,11532100
3893,11532110
3894,11532200
3895,11532210
3896,11533000
3897,11533010
3898,11533100
3899,11533110
389X,11533200
389E,11533210
38X0,11540000
38X1,11540010
38X2,11540100
38X3,11540110
38X4,11540200
38X5,11540210
38X6,11541000
38X7,11541010
38X8,11541100
38X9,11541110
38XX,11541200
38XE,11541210
38E0,11542000
38E1,11542010
38E2,11542100
38E3,11542110
38E4,11542200
38E5,11542210
38E6,11543000
38E7,11543010
38E8,11543100
38E9,11543110
38EX,11543200
38EE,11543210
3900,12000000
3901,12000010
3902,12000100
3903,12000110
3904,12000200
3905,12000210
3906,12001000
3907,12001010
3908,12001100
3909,12001110
390X,12001200
390E,12001210
3910,12002000
3911,12002010
3912,12002100
3913,12002110
3914,12002200
3915,12002210
3916,12003000
3917,12003010
3918,12003100
3919,12003110
391X,12003200
391E,12003210
3920,12010000
3921,12010010
3922,12010100
3923,12010110
3924,12010200
3925,12010210
3926,12011000
3927,12011010
3928,12011100
3929,12011110
392X,12011200
392E,12011210
3930,12012000
3931,12012010
3932,12012100
3933,12012110
3934,12012200
3935,12012210
3936,12013000
3937,12013010
3938,12013100
3939,12013110
393X,12013200
393E,12013210
3940,12020000
3941,12020010
3942,12020100
3943,12020110
3944,12020200
3945,12020210
3946,12021000
3947,12021010
3948,12021100
3949,12021110
394X,12021200
394E,12021210
3950,12022000
3951,12022010
3952,12022100
3953,12022110
3954,12022200
3955,12022210
3956,12023000
3957,12023010
3958,12023100
3959,12023110
395X,12023200
395E,12023210
3960,12030000
3961,12030010
3962,12030100
3963,12030110
3964,12030200
3965,12030210
3966,12031000
3967,12031010
3968,12031100
3969,12031110
396X,12031200
396E,12031210
3970,12032000
3971,12032010
3972,12032100
3973,12032110
3974,12032200
3975,12032210
3976,12033000
3977,12033010
3978,12033100
3979,12033110
397X,12033200
397E,12033210
3980,12040000
3981,12040010
3982,12040100
3983,12040110
3984,12040200
3985,12040210
3986,12041000
3987,12041010
3988,12041100
3989,12041110
398X,12041200
398E,12041210
3990,12042000
3991,12042010
3992,12042100
3993,12042110
3994,12042200
3995,12042210
3996,12043000
3997,12043010
3998,12043100
3999,12043110
399X,12043200
399E,12043210
39X0,12100000
39X1,12100010
39X2,12100100
39X3,12100110
39X4,12100200
39X5,12100210
39X6,12101000
39X7,12101010
39X8,12101100
39X9,12101110
39XX,12101200
39XE,12101210
39E0,12102000
39E1,12102010
39E2,12102100
39E3,12102110
39E4,12102200
39E5,12102210
39E6,12103000
39E7,12103010
39E8,12103100
39E9,12103110
39EX,12103200
39EE,12103210
3X00,12110000
3X01,12110010
3X02,12110100
3X03,12110110
3X04,12110200
3X05,12110210
3X06,12111000
3X07,12111010
3X08,12111100
3X09,12111110
3X0X,12111200
3X0E,12111210
3X10,12112000
3X11,12112010
3X12,12112100
3X13,12112110
3X14,12112200
3X15,12112210
3X16,12113000
3X17,12113010
3X18,12113100
3X19,12113110
3X1X,12113200
3X1E,12113210
3X20,12120000
3X21,12120010
3X22,12120100
3X23,12120110
3X24,12120200
3X25,12120210
3X26,12121000
3X27,12121010
3X28,12121100
3X29,12121110
3X2X,12121200
3X2E,12121210
3X30,12122000
3X31,12122010
3X32,12122100
3X33,12122110
3X34,12122200
3X35,12122210
3X36,12123000
3X37,12123010
3X38,12123100
3X39,12123110
3X3X,12123200
3X3E,12123210
3X40,12130000
3X41,12130010
3X42,12130100
3X43,12130110
3X44,12130200
3X45,12130210
3X46,12131000
3X47,12131010
3X48,12131100
3X49,12131110
3X4X,12131200
3X4E,12131210
3X50,12132000
3X51,12132010
3X52,12132100
3X53,12132110
3X54,12132200
3X55,12132210
3X56,12133000
3X57,12133010
3X58,12133100
3X59,12133110
3X5X,12133200
3X5E,12133210
3X60,12140000
3X61,12140010
3X62,12140100
3X63,12140110
3X64,12140200
3X65,12140210
3X66,12141000
3X67,12141010
3X68,12141100
3X69,12141110
3X6X,12141200
3X6E,12141210
3X70,12142000
3X71,12142010
3X72,12142100
3X73,12142110
3X74,12142200
3X75,12142210
3X76,12143000
3X77,12143010
3X78,12143100
3X79,12143110
3X7X,12143200
3X7E,12143210
3X80,12200000
3X81,12200010
3X82,12200100
3X83,12200110
3X84,12200200
3X85,12200210
3X86,12201000
3X87,12201010
3X88,12201100
3X89,12201110
3X8X,12201200
3X8E,12201210
3X90,12202000
3X91,12202010
3X92,12202100
3X93,12202110
3X94,12202200
3X95,12202210
3X96,12203000
3X97,12203010
3X98,12203100
3X99,12203110
3X9X,12203200
3X9E,12203210
3XX0,12210000
3XX1,12210010
3XX2,12210100
3XX3,12210110
3XX4,12210200
3XX5,12210210
3XX6,12211000
3XX7,12211010
3XX8,12211100
3XX9,12211110
3XXX,12211200
3XXE,12211210
3XE0,12212000
3XE1,12212010
3XE2,12212100
3XE3,12212110
3XE4,12212200
3XE5,12212210
3XE6,12213000
3XE7,12213010
3XE8,12213100
3XE9,12213110
3XEX,12213200
3XEE,12213210
3E00,12220000
3E01,12220010
3E02,12220100
3E03,12220110
3E04,12220200
3E05,12220210
3E06,12221000
3E07,12221010
3E08,12221100
3E09,12221110
3E0X,12221200
3E0E,12221210
3E10,12222000
3E11,12222010
3E12,12222100
3E13,12222110
3E14,12222200
3E15,12222210
3E16,12223000
3E17,12223010
3E18,12223100
3E19,12223110
3E1X,12223200
3E1E,12223210
3E20,12230000
3E21,12230010
3E22,12230100
3E23,12230110
3E24,12230200
3E25,12230210
3E26,12231000
3E27,12231010
3E28,12231100
3E29,12231110
3E2X,12231200
3E2E,12231210
3E30,12232000
3E31,12232010
3E32,12232100
3E33,12232110
3E34,12232200
3E35,12232210
3E36,12233000
3E37,12233010
3E38,12233100
3E39,12233110
3E3X,12233200
3E3E,12233210
3E40,12240000
3E41,12240010
3E42,12240100
3E43,12240110
3E44,12240200
3E45,12240210
3E46,12241000
3E47,12241010
3E48,12241100
3E49,12241110
3E4X,12241200
3E4E,12241210
3E50,12242000
3E51,12242010
3E52,12242100
3E53,12242110
3E54,12242200
3E55,12242210
3E56,12243000
3E57,12243010
3E58,12243100
3E59,12243110
3E5X,12243200
3E5E,12243210
3E60,12300000
3E61,12300010
3E62,12300100
3E63,12300110
3E64,12300200
3E65,12300210
3E66,12301000
3E67,12301010
3E68,12301100
3E69,12301110
3E6X,12301200
3E6E,12301210
3E70,12302000
3E71,12302010
3E72,12302100
3E73,12302110
3E74,12302200
3E75,12302210
3E76,12303000
3E77,12303010
3E78,12303100
3E79,12303110
3E7X,12303200
3E7E,12303210
3E80,12310000
3E81,12310010
3E82,12310100
3E83,12310110
3E84,12310200
3E85,12310210
3E86,12311000
3E87,12311010
3E88,12311100
3E89,12311110
3E8X,12311200
3E8E,12311210
3E90,12312000
3E91,12312010
3E92,12312100
3E93,12312110
3E94,12312200
3E95,12312210
3E96,12313000
3E97,12313010
3E98,12313100
3E99,12313110
3E9X,12313200
3E9E,12313210
3EX0,12320000
3EX1,12320010
3EX2,12320100
3EX3,12320110
3EX4,12320200
3EX5,12320210
3EX6,12321000
3EX7,12321010
3EX8,12321100
3EX9,12321110
3EXX,12321200
3EXE,12321210
3EE0,12322000
3EE1,12322010
3EE2,12322100
3EE3,12322110
3EE4,12322200
3EE5,12322210
3EE6,12323000
3EE7,12323010
3EE8,12323100
3EE9,12323110
3EEX,12323200
3EEE,12323210
4000,12330000
