0,0
1,1
2,10
3,11
4,20
5,21
6,100
7,101
8,110
9,111
X,120
E,121
10,200
11,201
12,210
13,211
14,220
15,221
16,300
17,301
18,310
19,311
1X,320
1E,321
20,400
21,401
22,410
23,411
24,420
25,421
26,1000
27,1001
28,1010
29,1011
2X,1020
2E,1021
30,1100
31,1101
32,1110
33,1111
34,1120
35,1121
36,1200
37,1201
38,1210
39,1211
3X,1220
3E,1221
40,1300
41,1301
42,1310
43,1311
44,1320
45,1321
46,1400
47,1401
48,1410
49,1411
4X,1420
4E,1421
50,2000
51,2001
52,2010
53,2011
54,2020
55,2021
56,2100
57,2101
58,2110
59,2111
5X,2120
5E,2121
60,2200
61,2201
62,2210
63,2211
64,2220
65,2221
66,2300
67,2301
68,2310
69,2311
6X,2320
6E,2321
70,2400
71,2401
72,2410
73,2411
74,2420
75,2421
76,3000
77,3001
78,3010
79,3011
7X,3020
7E,3021
80,3100
81,3101
82,3110
83,3111
84,3120
85,3121
86,3200
87,3201
88,3210
89,3211
8X,3220
8E,3221
90,3300
91,3301
92,3310
93,3311
94,3320
95,3321
96,3400
97,3401
98,3410
99,3411
9X,3420
9E,3421
X0,4000
X1,4001
X2,4010
X3,4011
X4,4020
X5,4021
X6,4100
X7,4101
X8,4110
X9,4111
XX,4120
XE,4121
E0,4200
E1,4201
E2,4210
E3,4211
E4,4220
E5,4221
E6,4300
E7,4301
E8,4310
E9,4311
EX,4320
EE,4321
100,4400
101,4401
102,4410
103,4411
104,4420
105,4421
106,5000
107,5001
108,5010
109,5011
10X,5020
10E,5021
110,5100
111,5101
112,5110
113,5111
114,5120
115,5121
116,5200
117,5201
118,5210
119,5211
11X,5220
11E,5221
120,5300
121,5301
122,5310
123,5311
124,5320
125,5321
126,5400
127,5401
128,5410
129,5411
12X,5420
12E,5421
130,6000
131,6001
132,6010
133,6011
134,6020
135,6021
136,6100
137,6101
138,6110
139,6111
13X,6120
13E,6121
140,6200
141,6201
142,6210
143,6211
144,6220
145,6221
146,6300
147,6301
148,6310
149,6311
14X,6320
14E,6321
150,6400
151,6401
152,6410
153,6411
154,6420
155,6421
156,10000
157,10001
158,10010
159,10011
15X,10020
15E,10021
160,10100
161,10101
162,10110
163,10111
164,10120
165,10121
166,10200
167,10201
168,10210
169,10211
16X,10220
16E,10221
170,10300
171,10301
172,10310
173,10311
174,10320
175,10321
176,10400
177,10401
178,10410
179,10411
17X,10420
17E,10421
180,11000
181,11001
182,11010
183,11011
184,11020
185,11021
186,11100
187,11101
188,11110
189,11111
18X,11120
18E,11121
190,11200
191,11201
192,11210
193,11211
194,11220
195,11221
196,11300
197,11301
198,11310
199,11311
19X,11320
19E,11321
1X0,11400
1X1,11401
1X2,11410
1X3,11411
1X4,11420
1X5,11421
1X6,12000
1X7,12001
1X8,12010
1X9,12011
1XX,12020
1XE,12021
1E0,12100
1E1,12101
1E2,12110
1E3,12111
1E4,12120
1E5,12121
1E6,12200
1E7,12201
1E8,12210
1E9,12211
1EX,12220
1EE,12221
200,12300
201,12301
202,12310
203,12311
204,12320
205,12321
206,12400
207,12401
208,12410
209,12411
20X,12420
20E,12421
210,13000
211,13001
212,13010
213,13011
214,13020
215,13021
216,13100
217,13101
218,13110
219,13111
21X,13120
21E,13121
220,13200
221,13201
222,13210
223,13211
224,13220
225,13221
226,13300
227,13301
228,13310
229,13311
22X,13320
22E,13321
230,13400
231,13401
232,13410
233,13411
234,13420
235,13421
236,14000
237,14001
238,14010
239,14011
23X,14020
23E,14021
240,14100
241,14101
242,14110
243,14111
244,14120
245,14121
246,14200
247,14201
248,14210
249,14211
24X,14220
24E,14221
250,14300
251,14301
252,14310
253,14311
254,14320
255,14321
256,14400
257,14401
258,14410
259,14411
25X,14420
25E,14421
260,15000
261,15001
262,15010
263,15011
264,15020
265,15021
266,15100
267,15101
268,15110
269,15111
26X,15120
26E,15121
270,15200
271,15201
272,15210
273,15211
274,15220
275,15221
276,15300
277,15301
278,15310
279,15311
27X,15320
27E,15321
280,15400
281,15401
282,15410
283,15411
284,15420
285,15421
286,16000
287,16001
288,16010
289,16011
28X,16020
28E,16021
290,16100
291,16101
292,16110
293,16111
294,16120
295,16121
296,16200
297,16201
298,16210
299,16211
29X,16220
29E,16221
2X0,16300
2X1,16301
2X2,16310
2X3,16311
2X4,16320
2X5,16321
2X6,16400
2X7,16401
2X8,16410
2X9,16411
2XX,16420
2XE,16421
2E0,20000
2E1,20001
2E2,20010
2E3,20011
2E4,20020
2E5,20021
2E6,20100
2E7,20101
2E8,20110
2E9,20111
2EX,20120
2EE,20121
300,20200
301,20201
302,20210
303,20211
304,20220
305,20221
306,20300
307,20301
308,20310
309,20311
30X,20320
30E,20321
310,20400
311,20401
312,20410
313,20411
314,20420
315,20421
316,21000
317,21001
318,21010
319,21011
31X,21020
31E,21021
320,21100
321,21101
322,21110
323,21111
324,21120
325,21121
326,21200
327,21201
328,21210
329,21211
32X,21220
32E,21221
330,21300
331,21301
332,21310
333,21311
334,21320
335,21321
336,21400
337,21401
338,21410
339,21411
33X,21420
33E,21421
340,22000
341,22001
342,22010
343,22011
344,22020
345,22021
346,22100
347,22101
348,22110
349,22111
34X,22120
34E,22121
350,22200
351,22201
352,22210
353,22211
354,22220
355,22221
356,22300
357,22301
358,22310
359,22311
35X,22320
35E,22321
360,22400
361,22401
362,22410
363,22411
364,22420
365,22421
366,23000
367,23001
368,23010
369,23011
36X,23020
36E,23021
370,23100
371,23101
372,23110
373,23111
374,23120
375,23121
376,23200
377,23201
378,23210
379,23211
37X,23220
37E,23221
380,23300
381,23301
382,23310
383,23311
384,23320
385,23321
386,23400
387,23401
388,23410
389,23411
38X,23420
38E,23421
390,24000
391,24001
392,24010
393,24011
394,24020
395,24021
396,24100
397,24101
398,24110
399,24111
39X,24120
39E,24121
3X0,24200
3X1,24201
3X2,24210
3X3,24211
3X4,24220
3X5,24221
3X6,24300
3X7,24301
3X8,24310
3X9,24311
3XX,24320
3XE,24321
3E0,24400
3E1,24401
3E2,24410
3E3,24411
3E4,24420
3E5,24421
3E6,25000
3E7,25001
3E8,25010
3E9,25011
3EX,25020
3EE,25021
400,25100
401,25101
402,25110
403,25111
404,25120
405,25121
406,25200
407,25201
408,25210
409,25211
40X,25220
40E,25221
410,25300
411,25301
412,25310
413,25311
414,25320
415,25321
416,25400
417,25401
418,25410
419,25411
41X,25420
41E,25421
420,26000
421,26001
422,26010
423,26011
424,26020
425,26021
426,26100
427,26101
428,26110
429,26111
42X,26120
42E,26121
430,26200
431,26201
432,26210
433,26211
434,26220
435,26221
436,26300
437,26301
438,26310
439,26311
43X,26320
43E,26321
440,26400
441,26401
442,26410
443,26411
444,26420
445,26421
446,30000
447,30001
448,30010
449,30011
44X,30020
44E,30021
450,30100
451,30101
452,30110
453,30111
454,30120
455,30121
456,30200
457,30201
458,30210
459,30211
45X,30220
45E,30221
460,30300
461,30301
462,30310
463,30311
464,30320
465,30321
466,30400
467,30401
468,30410
469,30411
46X,30420
46E,30421
470,31000
471,31001
472,31010
473,31011
474,31020
475,31021
476,31100
477,31101
478,31110
479,31111
47X,31120
47E,31121
480,31200
481,31201
482,31210
483,31211
484,31220
485,31221
486,31300
487,31301
488,31310
489,31311
48X,31320
48E,31321
490,31400
491,31401
492,31410
493,31411
494,31420
495,31421
496,32000
497,32001
498,32010
499,32011
49X,32020
49E,32021
4X0,32100
4X1,32101
4X2,32110
4X3,32111
4X4,32120
4X5,32121
4X6,32200
4X7,32201
4X8,32210
4X9,32211
4XX,32220
4XE,32221
4E0,32300
4E1,32301
4E2,32310
4E3,32311
4E4,32320
4E5,32321
4E6,32400
4E7,32401
4E8,32410
4E9,32411
4EX,32420
4EE,32421
500,33000
501,33001
502,33010
503,33011
504,33020
505,33021
506,33100
507,33101
508,33110
509,33111
50X,33120
50E,33121
510,33200
511,33201
512,33210
513,33211
514,33220
515,33221
516,33300
517,33301
518,33310
519,33311
51X,33320
51E,33321
520,33400
521,33401
522,33410
523,33411
524,33420
525,33421
526,34000
527,34001
528,34010
529,34011
52X,34020
52E,34021
530,34100
531,34101
532,34110
533,34111
534,34120
535,34121
536,34200
537,34201
538,34210
539,34211
53X,34220
53E,34221
540,34300
541,34301
542,34310
543,34311
544,34320
545,34321
546,34400
547,34401
548,34410
549,34411
54X,34420
54E,34421
550,35000
551,35001
552,35010
553,35011
554,35020
555,35021
556,35100
557,35101
558,35110
559,35111
55X,35120
55E,35121
560,35200
561,35201
562,35210
563,35211
564,35220
565,35221
566,35300
567,35301
568,35310
569,35311
56X,35320
56E,35321
570,35400
571,35401
572,35410
573,35411
574,35420
575,35421
576,36000
577,36001
578,36010
579,36011
57X,36020
57E,36021
580,36100
581,36101
582,36110
583,36111
584,36120
585,36121
586,36200
587,36201
588,36210
589,36211
58X,36220
58E,36221
590,36300
591,36301
592,36310
593,36311
594,36320
595,36321
596,36400
597,36401
598,36410
599,36411
59X,36420
59E,36421
5X0,40000
5X1,40001
5X2,40010
5X3,40011
5X4,40020
5X5,40021
5X6,40100
5X7,40101
5X8,40110
5X9,40111
5XX,40120
5XE,40121
5E0,40200
5E1,40201
5E2,40210
5E3,40211
5E4,40220
5E5,40221
5E6,40300
5E7,40301
5E8,40310
5E9,40311
5EX,40320
5EE,40321
600,40400
601,40401
602,40410
603,40411
604,40420
605,40421
606,41000
607,41001
608,41010
609,41011
60X,41020
60E,41021
610,41100
611,41101
612,41110
613,41111
614,41120
615,41121
616,41200
617,41201
618,41210
619,41211
61X,41220
61E,41221
620,41300
621,41301
622,41310
623,41311
624,41320
625,41321
626,41400
627,41401
628,41410
629,41411
62X,41420
62E,41421
630,42000
631,42001
632,42010
633,42011
634,42020
635,42021
636,42100
637,42101
638,42110
639,42111
63X,42120
63E,42121
640,42200
641,42201
642,42210
643,42211
644,42220
645,42221
646,42300
647,42301
648,42310
649,42311
64X,42320
64E,42321
650,42400
651,42401
652,42410
653,42411
654,42420
655,42421
656,43000
657,43001
658,43010
659,43011
65X,43020
65E,43021
660,43100
661,43101
662,43110
663,43111
664,43120
665,43121
666,43200
667,43201
668,43210
669,43211
66X,43220
66E,43221
670,43300
671,43301
672,43310
673,43311
674,43320
675,43321
676,43400
677,43401
678,43410
679,43411
67X,43420
67E,43421
680,44000
681,44001
682,44010
683,44011
684,44020
685,44021
686,44100
687,44101
688,44110
689,44111
68X,44120
68E,44121
690,44200
691,44201
692,44210
693,44211
694,44220
695,44221
696,44300
697,44301
698,44310
699,44311
69X,44320
69E,44321
6X0,44400
6X1,44401
6X2,44410
6X3,44411
6X4,44420
6X5,44421
6X6,45000
6X7,45001
6X8,45010
6X9,45011
6XX,45020
6XE,45021
6E0,45100
6E1,45101
6E2,45110
6E3,45111
6E4,45120
6E5,45121
6E6,45200
6E7,45201
6E8,45210
6E9,45211
6EX,45220
6EE,45221
700,45300
701,45301
702,45310
703,45311
704,45320
705,45321
706,45400
707,45401
708,45410
709,45411
70X,45420
70E,45421
710,46000
711,46001
712,46010
713,46011
714,46020
715,46021
716,46100
717,46101
718,46110
719,46111
71X,46120
71E,46121
720,46200
721,46201
722,46210
723,46211
724,46220
725,46221
726,46300
727,46301
728,46310
729,46311
72X,46320
72E,46321
730,46400
731,46401
732,46410
733,46411
734,46420
735,46421
736,50000
737,50001
738,50010
739,50011
73X,50020
73E,50021
740,50100
741,50101
742,50110
743,50111
744,50120
745,50121
746,50200
747,50201
748,50210
749,50211
74X,50220
74E,50221
750,50300
751,50301
752,50310
753,50311
754,50320
755,50321
756,50400
757,50401
758,50410
759,50411
75X,50420
75E,50421
760,51000
761,51001
762,51010
763,51011
764,51020
765,51021
766,51100
767,51101
768,51110
769,51111
76X,51120
76E,51121
770,51200
771,51201
772,51210
773,51211
774,51220
775,51221
776,51300
777,51301
778,51310
779,51311
77X,51320
77E,51321
780,51400
781,51401
782,51410
783,51411
784,51420
785,51421
786,52000
787,52001
788,52010
789,52011
78X,52020
78E,52021
790,52100
791,52101
792,52110
793,52111
794,52120
795,52121
796,52200
797,52201
798,52210
799,52211
79X,52220
79E,52221
7X0,52300
7X1,52301
7X2,52310
7X3,52311
7X4,52320
7X5,52321
7X6,52400
7X7,52401
7X8,52410
7X9,52411
7XX,52420
7XE,52421
7E0,53000
7E1,53001
7E2,53010
7E3,53011
7E4,53020
7E5,53021
7E6,53100
7E7,53101
7E8,53110
7E9,53111
7EX,53120
7EE,53121
800,53200
801,53201
802,53210
803,53211
804,53220
805,53221
806,53300
807,53301
808,53310
809,53311
80X,53320
80E,53321
810,53400
811,53401
812,53410
813,53411
814,53420
815,53421
816,54000
817,54001
818,54010
819,54011
81X,54020
81E,54021
820,54100
821,54101
822,54110
823,54111
824,54120
825,54121
826,54200
827,54201
828,54210
829,54211
82X,54220
82E,54221
830,54300
831,54301
832,54310
833,54311
834,54320
835,54321
836,54400
837,54401
838,54410
839,54411
83X,54420
83E,54421
840,55000
841,55001
842,55010
843,55011
844,55020
845,55021
846,55100
847,55101
848,55110
849,55111
84X,55120
84E,55121
850,55200
851,55201
852,55210
853,55211
854,55220
855,55221
856,55300
857,55301
858,55310
859,55311
85X,55320
85E,55321
860,55400
861,55401
862,55410
863,55411
864,55420
865,55421
866,56000
867,56001
868,56010
869,56011
86X,56020
86E,56021
870,56100
871,56101
872,56110
873,56111
874,56120
875,56121
876,56200
877,56201
878,56210
879,56211
87X,56220
87E,56221
880,56300
881,56301
882,56310
883,56311
884,56320
885,56321
886,56400
887,56401
888,56410
889,56411
88X,56420
88E,56421
890,60000
891,60001
892,60010
893,60011
894,60020
895,60021
896,60100
897,60101
898,60110
899,60111
89X,60120
89E,60121
8X0,60200
8X1,60201
8X2,60210
8X3,60211
8X4,60220
8X5,60221
8X6,60300
8X7,60301
8X8,60310
8X9,60311
8XX,60320
8XE,60321
8E0,60400
8E1,60401
8E2,60410
8E3,60411
8E4,60420
8E5,60421
8E6,61000
8E7,61001
8E8,61010
8E9,61011
8EX,61020
8EE,61021
900,61100
901,61101
902,61110
903,61111
904,61120
905,61121
906,61200
907,61201
908,61210
909,61211
90X,61220
90E,61221
910,61300
911,61301
912,61310
913,61311
914,61320
915,61321
916,61400
917,61401
918,61410
919,61411
91X,61420
91E,61421
920,62000
921,62001
922,62010
923,62011
924,62020
925,62021
926,62100
927,62101
928,62110
929,62111
92X,62120
92E,62121
930,62200
931,62201
932,62210
933,62211
934,62220
935,62221
936,62300
937,62301
938,62310
939,62311
93X,62320
93E,62321
940,62400
941,62401
942,62410
943,62411
944,62420
945,62421
946,63000
947,63001
948,63010
949,63011
94X,63020
94E,63021
950,63100
951,63101
952,63110
953,63111
954,63120
955,63121
956,63200
957,63201
958,63210
959,63211
95X,63220
95E,63221
960,63300
961,63301
962,63310
963,63311
964,63320
965,63321
966,63400
967,63401
968,63410
969,63411
96X,63420
96E,63421
970,64000
971,64001
972,64010
973,64011
974,64020
975,64021
976,64100
977,64101
978,64110
979,64111
97X,64120
97E,64121
980,64200
981,64201
982,64210
983,64211
984,64220
985,64221
986,64300
987,64301
988,64310
989,64311
98X,64320
98E,64321
990,64400
991,64401
992,64410
993,64411
994,64420
995,64421
996,65000
997,65001
998,65010
999,65011
99X,65020
99E,65021
9X0,65100
9X1,65101
9X2,65110
9X3,65111
9X4,65120
9X5,65121
9X6,65200
9X7,65201
9X8,65210
9X9,65211
9XX,65220
9XE,65221
9E0,65300
9E1,65301
9E2,65310
9E3,65311
9E4,65320
9E5,65321
9E6,65400
9E7,65401
9E8,65410
9E9,65411
9EX,65420
9EE,65421
X00,66000
X01,66001
X02,66010
X03,66011
X04,66020
X05,66021
X06,66100
X07,66101
X08,66110
X09,66111
X0X,66120
X0E,66121
X10,66200
X11,66201
X12,66210
X13,66211
X14,66220
X15,66221
X16,66300
X17,66301
X18,66310
X19,66311
X1X,66320
X1E,66321
X20,66400
X21,66401
X22,66410
X23,66411
X24,66420
X25,66421
X26,70000
X27,70001
X28,70010
X29,70011
X2X,70020
X2E,70021
X30,70100
X31,70101
X32,70110
X33,70111
X34,70120
X35,70121
X36,70200
X37,70201
X38,70210
X39,70211
X3X,70220
X3E,70221
X40,70300
X41,70301
X42,70310
X43,70311
X44,70320
X45,70321
X46,70400
X47,70401
X48,70410
X49,70411
X4X,70420
X4E,70421
X50,71000
X51,71001
X52,71010
X53,71011
X54,71020
X55,71021
X56,71100
X57,71101
X58,71110
X59,71111
X5X,71120
X5E,71121
X60,71200
X61,71201
X62,71210
X63,71211
X64,71220
X65,71221
X66,71300
X67,71301
X68,71310
X69,71311
X6X,71320
X6E,71321
X70,71400
X71,71401
X72,71410
X73,71411
X74,71420
X75,71421
X76,72000
X77,72001
X78,72010
X79,72011
X7X,72020
X7E,72021
X80,72100
X81,72101
X82,72110
X83,72111
X84,72120
X85,72121
X86,72200
X87,72201
X88,72210
X89,72211
X8X,72220
X8E,72221
X90,72300
X91,72301
X92,72310
X93,72311
X94,72320
X95,72321
X96,72400
X97,72401
X98,72410
X99,72411
X9X,72420
X9E,72421
XX0,73000
XX1,73001
XX2,73010
XX3,73011
XX4,73020
XX5,73021
XX6,73100
XX7,73101
XX8,73110
XX9,73111
XXX,73120
XXE,73121
XE0,73200
XE1,73201
XE2,73210
XE3,73211
XE4,73220
XE5,73221
XE6,73300
XE7,73301
XE8,73310
XE9,73311
XEX,73320
XEE,73321
E00,73400
E01,73401
E02,73410
E03,73411
E04,73420
E05,73421
E06,74000
E07,74001
E08,74010
E09,74011
E0X,74020
E0E,74021
E10,74100
E11,74101
E12,74110
E13,74111
E14,74120
E15,74121
E16,74200
E17,74201
E18,74210
E19,74211
E1X,74220
E1E,74221
E20,74300
E21,74301
E22,74310
E23,74311
E24,74320
E25,74321
E26,74400
E27,74401
E28,74410
E29,74411
E2X,74420
E2E,74421
E30,75000
E31,75001
E32,75010
E33,75011
E34,75020
E35,75021
E36,75100
E37,75101
E38,75110
E39,75111
E3X,75120
E3E,75121
E40,75200
E41,75201
E42,75210
E43,75211
E44,75220
E45,75221
E46,75300
E47,75301
E48,75310
E49,75311
E4X,75320
E4E,75321
E50,75400
E51,75401
E52,75410
E53,75411
E54,75420
E55,75421
E56,76000
E57,76001
E58,76010
E59,76011
E5X,76020
E5E,76021
E60,76100
E61,76101
E62,76110
E63,76111
E64,76120
E65,76121
E66,76200
E67,76201
E68,76210
E69,76211
E6X,76220
E6E,76221
E70,76300
E71,76301
E72,76310
E73,76311
E74,76320
E75,76321
E76,76400
E77,76401
E78,76410
E79,76411
E7X,76420
E7E,76421
E80,80000
E81,80001
E82,80010
E83,80011
E84,80020
E85,80021
E86,80100
E87,80101
E88,80110
E89,80111
E8X,80120
E8E,80121
E90,80200
E91,80201
E92,80210
E93,80211
E94,80220
E95,80221
E96,80300
E97,80301
E98,80310
E99,80311
E9X,80320
E9E,80321
EX0,80400
EX1,80401
EX2,80410
EX3,80411
EX4,80420
EX5,80421
EX6,81000
EX7,81001
EX8,81010
EX9,81011
EXX,81020
EXE,81021
EE0,81100
EE1,81101
EE2,81110
EE3,81111
EE4,81120
EE5,81121
EE6,81200
EE7,81201
EE8,81210
EE9,81211
EEX,81220
EEE,81221
1000,81300
1001,81301
1002,81310
1003,81311
1004,81320
1005,81321
1006,81400
1007,81401
1008,81410
1009,81411
100X,81420
100E,81421
1010,82000
1011,82001
1012,82010
1013,82011
1014,82020
1015,82021
1016,82100
1017,82101
1018,82110
1019,82111
101X,82120
101E,82121
1020,82200
1021,82201
1022,82210
1023,82211
1024,82220
1025,82221
1026,82300
1027,82301
1028,82310
1029,82311
102X,82320
102E,82321
1030,82400
1031,82401
1032,82410
1033,82411
1034,82420
1035,82421
1036,83000
1037,83001
1038,83010
1039,83011
103X,83020
103E,83021
1040,83100
1041,83101
1042,83110
1043,83111
1044,83120
1045,83121
1046,83200
1047,83201
1048,83210
1049,83211
104X,83220
104E,83221
1050,83300
1051,83301
1052,83310
1053,83311
1054,83320
1055,83321
1056,83400
1057,83401
1058,83410
1059,83411
105X,83420
105E,83421
1060,84000
1061,84001
1062,84010
1063,84011
1064,84020
1065,84021
1066,84100
1067,84101
1068,84110
1069,84111
106X,84120
106E,84121
1070,84200
1071,84201
1072,84210
1073,84211
1074,84220
1075,84221
1076,84300
1077,84301
1078,84310
1079,84311
107X,84320
107E,84321
1080,84400
1081,84401
1082,84410
1083,84411
1084,84420
1085,84421
1086,85000
1087,85001
1088,85010
1089,85011
108X,85020
108E,85021
1090,85100
1091,85101
1092,85110
1093,85111
1094,85120
1095,85121
1096,85200
1097,85201
1098,85210
1099,85211
109X,85220
109E,85221
10X0,85300
10X1,85301
10X2,85310
10X3,85311
10X4,85320
10X5,85321
10X6,85400
10X7,85401
10X8,85410
10X9,85411
10XX,85420
10XE,85421
10E0,86000
10E1,86001
10E2,86010
10E3,86011
10E4,86020
10E5,86021
10E6,86100
10E7,86101
10E8,86110
10E9,86111
10EX,86120
10EE,86121
1100,86200
1101,86201
1102,86210
1103,86211
1104,86220
1105,86221
1106,86300
1107,86301
1108,86310
1109,86311
110X,86320
110E,86321
1110,86400
1111,86401
1112,86410
1113,86411
1114,86420
1115,86421
1116,90000
1117,90001
1118,90010
1119,90011
111X,90020
111E,90021
1120,90100
1121,90101
1122,90110
1123,90111
1124,90120
1125,90121
1126,90200
1127,90201
1128,90210
1129,90211
112X,90220
112E,90221
1130,90300
1131,90301
1132,90310
1133,90311
1134,90320
1135,90321
1136,90400
1137,90401
1138,90410
1139,90411
113X,90420
113E,90421
1140,91000
1141,91001
1142,91010
1143,91011
1144,91020
1145,91021
1146,91100
1147,91101
1148,91110
1149,91111
114X,91120
114E,91121
1150,91200
1151,91201
1152,91210
1153,91211
1154,91220
1155,91221
1156,91300
1157,91301
1158,91310
1159,91311
115X,91320
115E,91321
1160,91400
1161,91401
1162,91410
1163,91411
1164,91420
1165,91421
1166,92000
1167,92001
1168,92010
1169,92011
116X,92020
116E,92021
1170,92100
1171,92101
1172,92110
1173,92111
1174,92120
1175,92121
1176,92200
1177,92201
1178,92210
1179,92211
117X,92220
117E,92221
1180,92300
1181,92301
1182,92310
1183,92311
1184,92320
1185,92321
1186,92400
1187,92401
1188,92410
1189,92411
118X,92420
118E,92421
1190,93000
1191,93001
1192,93010
1193,93011
1194,93020
1195,93021
1196,93100
1197,93101
1198,93110
1199,93111
119X,93120
119E,93121
11X0,93200
11X1,93201
11X2,93210
11X3,93211
11X4,93220
11X5,93221
11X6,93300
11X7,93301
11X8,93310
11X9,93311
11XX,93320
11XE,93321
11E0,93400
11E1,93401
11E2,93410
11E3,93411
11E4,93420
11E5,93421
11E6,94000
11E7,94001
11E8,94010
11E9,94011
11EX,94020
11EE,94021
1200,94100
1201,94101
1202,94110
1203,94111
1204,94120
1205,94121
1206,94200
1207,94201
1208,94210
1209,94211
120X,94220
120E,94221
1210,94300
1211,94301
1212,94310
1213,94311
1214,94320
1215,94321
1216,94400
1217,94401
1218,94410
1219,94411
121X,94420
121E,94421
1220,95000
1221,95001
1222,95010
1223,95011
1224,95020
1225,95021
1226,95100
1227,95101
1228,95110
1229,95111
122X,95120
122E,95121
1230,95200
1231,95201
1232,95210
1233,95211
1234,95220
1235,95221
1236,95300
1237,95301
1238,95310
1239,95311
123X,95320
123E,95321
1240,95400
1241,95401
1242,95410
1243,95411
1244,95420
1245,95421
1246,96000
1247,96001
1248,96010
1249,96011
124X,96020
124E,96021
1250,96100
1251,96101
1252,96110
1253,96111
1254,96120
1255,96121
1256,96200
1257,96201
1258,96210
1259,96211
125X,96220
125E,96221
1260,96300
1261,96301
1262,96310
1263,96311
1264,96320
1265,96321
1266,96400
1267,96401
1268,96410
1269,96411
126X,96420
126E,96421
1270,X0000
1271,X0001
1272,X0010
1273,X0011
1274,X0020
1275,X0021
1276,X0100
1277,X0101
1278,X0110
1279,X0111
127X,X0120
127E,X0121
1280,X0200
1281,X0201
1282,X0210
1283,X0211
1284,X0220
1285,X0221
1286,X0300
1287,X0301
1288,X0310
1289,X0311
128X,X0320
128E,X0321
1290,X0400
1291,X0401
1292,X0410
1293,X0411
1294,X0420
1295,X0421
1296,X1000
1297,X1001
1298,X1010
1299,X1011
129X,X1020
129E,X1021
12X0,X1100
12X1,X1101
12X2,X1110
12X3,X1111
12X4,X1120
12X5,X1121
12X6,X1200
12X7,X1201
12X8,X1210
12X9,X1211
12XX,X1220
12XE,X1221
12E0,X1300
12E1,X1301
12E2,X1310
12E3,X1311
12E4,X1320
12E5,X1321
12E6,X1400
12E7,X1401
12E8,X1410
12E9,X1411
12EX,X1420
12EE,X1421
1300,X2000
1301,X2001
1302,X2010
1303,X2011
1304,X2020
1305,X2021
1306,X2100
1307,X2101
1308,X2110
1309,X2111
130X,X2120
130E,X2121
1310,X2200
1311,X2201
1312,X2210
1313,X2211
1314,X2220
1315,X2221
1316,X2300
1317,X2301
1318,X2310
1319,X2311
131X,X2320
131E,X2321
1320,X2400
1321,X2401
1322,X2410
1323,X2411
1324,X2420
1325,X2421
1326,X3000
1327,X3001
1328,X3010
1329,X3011
132X,X3020
132E,X3021
1330,X3100
1331,X3101
1332,X3110
1333,X3111
1334,X3120
1335,X3121
1336,X3200
1337,X3201
1338,X3210
1339,X3211
133X,X3220
133E,X3221
1340,X3300
1341,X3301
1342,X3310
1343,X3311
1344,X3320
1345,X3321
1346,X3400
1347,X3401
1348,X3410
1349,X3411
134X,X3420
134E,X3421
1350,X4000
1351,X4001
1352,X4010
1353,X4011
1354,X4020
1355,X4021
1356,X4100
1357,X4101
1358,X4110
1359,X4111
135X,X4120
135E,X4121
1360,X4200
1361,X4201
1362,X4210
1363,X4211
1364,X4220
1365,X4221
1366,X4300
1367,X4301
1368,X4310
1369,X4311
136X,X4320
136E,X4321
1370,X4400
1371,X4401
1372,X4410
1373,X4411
1374,X4420
1375,X4421
1376,X5000
1377,X5001
1378,X5010
1379,X5011
137X,X5020
137E,X5021
1380,X5100
1381,X5101
1382,X5110
1383,X5111
1384,X5120
1385,X5121
1386,X5200
1387,X5201
1388,X5210
1389,X5211
138X,X5220
138E,X5221
1390,X5300
1391,X5301
1392,X5310
1393,X5311
1394,X5320
1395,X5321
1396,X5400
1397,X5401
1398,X5410
1399,X5411
139X,X5420
139E,X5421
13X0,X6000
13X1,X6001
13X2,X6010
13X3,X6011
13X4,X6020
13X5,X6021
13X6,X6100
13X7,X6101
13X8,X6110
13X9,X6111
13XX,X6120
13XE,X6121
13E0,X6200
13E1,X6201
13E2,X6210
13E3,X6211
13E4,X6220
13E5,X6221
13E6,X6300
13E7,X6301
13E8,X6310
13E9,X6311
13EX,X6320
13EE,X6321
1400,X6400
1401,X6401
1402,X6410
1403,X6411
1404,X6420
1405,X6421
1406,100000
1407,100001
1408,100010
1409,100011
140X,100020
140E,100021
1410,100100
1411,100101
1412,100110
1413,100111
1414,100120
1415,100121
1416,100200
1417,100201
1418,100210
1419,100211
141X,100220
141E,100221
1420,100300
1421,100301
1422,100310
1423,100311
1424,100320
1425,100321
1426,100400
1427,100401
1428,100410
1429,100411
142X,100420
142E,100421
1430,101000
1431,101001
1432,101010
1433,101011
1434,101020
1435,101021
1436,101100
1437,101101
1438,101110
1439,101111
143X,101120
143E,101121
1440,101200
1441,101201
1442,101210
1443,101211
1444,101220
1445,101221
1446,101300
1447,101301
1448,101310
1449,101311
144X,101320
144E,101321
1450,101400
1451,101401
1452,101410
1453,101411
1454,101420
1455,101421
1456,102000
1457,102001
1458,102010
1459,102011
145X,102020
145E,102021
1460,102100
1461,102101
1462,102110
1463,102111
1464,102120
1465,102121
1466,102200
1467,102201
1468,102210
1469,102211
146X,102220
146E,102221
1470,102300
1471,102301
1472,102310
1473,102311
1474,102320
1475,102321
1476,102400
1477,102401
1478,102410
1479,102411
147X,102420
147E,102421
1480,103000
1481,103001
1482,103010
1483,103011
1484,103020
1485,103021
1486,103100
1487,103101
1488,103110
1489,103111
148X,103120
148E,103121
1490,103200
1491,103201
1492,103210
1493,103211
1494,103220
1495,103221
1496,103300
1497,103301
1498,103310
1499,103311
149X,103320
149E,103321
14X0,103400
14X1,103401
14X2,103410
14X3,103411
14X4,103420
14X5,103421
14X6,104000
14X7,104001
14X8,104010
14X9,104011
14XX,104020
14XE,104021
14E0,104100
14E1,104101
14E2,104110
14E3,104111
14E4,104120
14E5,104121
14E6,104200
14E7,104201
14E8,104210
14E9,104211
14EX,104220
14EE,104221
1500,104300
1501,104301
1502,104310
1503,104311
1504,104320
1505,104321
1506,104400
1507,104401
1508,104410
1509,104411
150X,104420
150E,104421
1510,105000
1511,105001
1512,105010
1513,105011
1514,105020
1515,105021
1516,105100
1517,105101
1518,105110
1519,105111
151X,105120
151E,105121
1520,105200
1521,105201
1522,105210
1523,105211
1524,105220
1525,105221
1526,105300
1527,105301
1528,105310
1529,105311
152X,105320
152E,105321
1530,105400
1531,105401
1532,105410
1533,105411
1534,105420
1535,105421
1536,106000
1537,106001
1538,106010
1539,106011
153X,106020
153E,106021
1540,106100
1541,106101
1542,106110
1543,106111
1544,106120
1545,106121
1546,106200
1547,106201
1548,106210
1549,106211
154X,106220
154E,106221
1550,106300
1551,106301
1552,106310
1553,106311
1554,106320
1555,106321
1556,106400
1557,106401
1558,106410
1559,106411
155X,106420
155E,106421
1560,110000
1561,110001
1562,110010
1563,110011
1564,110020
1565,110021
1566,110100
1567,110101
1568,110110
1569,110111
156X,110120
156E,110121
1570,110200
1571,110201
1572,110210
1573,110211
1574,110220
1575,110221
1576,110300
1577,110301
1578,110310
1579,110311
157X,110320
157E,110321
1580,110400
1581,110401
1582,110410
1583,110411
1584,110420
1585,110421
1586,111000
1587,111001
1588,111010
1589,111011
158X,111020
158E,111021
1590,111100
1591,111101
1592,111110
1593,111111
1594,111120
1595,111121
1596,111200
1597,111201
1598,111210
1599,111211
159X,111220
159E,111221
15X0,111300
15X1,111301
15X2,111310
15X3,111311
15X4,111320
15X5,111321
15X6,111400
15X7,111401
15X8,111410
15X9,111411
15XX,111420
15XE,111421
15E0,112000
15E1,112001
15E2,112010
15E3,112011
15E4,112020
15E5,112021
15E6,112100
15E7,112101
15E8,112110
15E9,112111
15EX,112120
15EE,112121
1600,112200
1601,112201
1602,112210
1603,112211
1604,112220
1605,112221
1606,112300
1607,112301
1608,112310
1609,112311
160X,112320
160E,112321
1610,112400
1611,112401
1612,112410
1613,112411
1614,112420
1615,112421
1616,113000
1617,113001
1618,113010
1619,113011
161X,113020
161E,113021
1620,113100
1621,113101
1622,113110
1623,113111
1624,113120
1625,113121
1626,113200
1627,113201
1628,113210
1629,113211
162X,113220
162E,113221
1630,113300
1631,113301
1632,113310
1633,113311
1634,113320
1635,113321
1636,113400
1637,113401
1638,113410
1639,113411
163X,113420
163E,113421
1640,114000
1641,114001
1642,114010
1643,114011
1644,114020
1645,114021
1646,114100
1647,114101
1648,114110
1649,114111
164X,114120
164E,114121
1650,114200
1651,114201
1652,114210
1653,114211
1654,114220
1655,114221
1656,114300
1657,114301
1658,114310
1659,114311
165X,114320
165E,114321
1660,114400
1661,114401
1662,114410
1663,114411
1664,114420
1665,114421
1666,115000
1667,115001
1668,115010
1669,115011
166X,115020
166E,115021
1670,115100
1671,115101
1672,115110
1673,115111
1674,115120
1675,115121
1676,115200
1677,115201
1678,115210
1679,115211
167X,115220
167E,115221
1680,115300
1681,115301
1682,115310
1683,115311
1684,115320
1685,115321
1686,115400
1687,115401
1688,115410
1689,115411
168X,115420
168E,115421
1690,116000
1691,116001
1692,116010
1693,116011
1694,116020
1695,116021
1696,116100
1697,116101
1698,116110
1699,116111
169X,116120
169E,116121
16X0,116200
16X1,116201
16X2,116210
16X3,116211
16X4,116220
16X5,116221
16X6,116300
16X7,116301
16X8,116310
16X9,116311
16XX,116320
16XE,116321
16E0,116400
16E1,116401
16E2,116410
16E3,116411
16E4,116420
16E5,116421
16E6,120000
16E7,120001
16E8,120010
16E9,120011
16EX,120020
16EE,120021
1700,120100
1701,120101
1702,120110
1703,120111
1704,120120
1705,120121
1706,120200
1707,120201
1708,120210
1709,120211
170X,120220
170E,120221
1710,120300
1711,120301
1712,120310
1713,120311
1714,120320
1715,120321
1716,120400
1717,120401
1718,120410
1719,120411
171X,120420
171E,120421
1720,121000
1721,121001
1722,121010
1723,121011
1724,121020
1725,121021
1726,121100
1727,121101
1728,121110
1729,121111
172X,121120
172E,121121
1730,121200
1731,121201
1732,121210
1733,121211
1734,121220
1735,121221
1736,121300
1737,121301
1738,121310
1739,121311
173X,121320
173E,121321
1740,121400
1741,121401
1742,121410
1743,121411
1744,121420
1745,121421
1746,122000
1747,122001
1748,122010
1749,122011
174X,122020
174E,122021
1750,122100
1751,122101
1752,122110
1753,122111
1754,122120
1755,122121
1756,122200
1757,122201
1758,122210
1759,122211
175X,122220
175E,122221
1760,122300
1761,122301
1762,122310
1763,122311
1764,122320
1765,122321
1766,122400
1767,122401
1768,122410
1769,122411
176X,122420
176E,122421
1770,123000
1771,123001
1772,123010
1773,123011
1774,123020
1775,123021
1776,123100
1777,123101
1778,123110
1779,123111
177X,123120
177E,123121
1780,123200
1781,123201
1782,123210
1783,123211
1784,123220
1785,123221
1786,123300
1787,123301
1788,123310
1789,123311
178X,123320
178E,123321
1790,123400
1791,123401
1792,123410
1793,123411
1794,123420
1795,123421
1796,124000
1797,124001
1798,124010
1799,124011
179X,124020
179E,124021
17X0,124100
17X1,124101
17X2,124110
17X3,124111
17X4,124120
17X5,124121
17X6,124200
17X7,124201
17X8,124210
17X9,124211
17XX,124220
17XE,124221
17E0,124300
17E1,124301
17E2,124310
17E3,124311
17E4,124320
17E5,124321
17E6,124400
17E7,124401
17E8,124410
17E9,124411
17EX,124420
17EE,124421
1800,125000
1801,125001
1802,125010
1803,125011
1804,125020
1805,125021
1806,125100
1807,125101
1808,125110
1809,125111
180X,125120
180E,125121
1810,125200
1811,125201
1812,125210
1813,125211
1814,125220
1815,125221
1816,125300
1817,125301
1818,125310
1819,125311
181X,125320
181E,125321
1820,125400
1821,125401
1822,125410
1823,125411
1824,125420
1825,125421
1826,126000
1827,126001
1828,126010
1829,126011
182X,126020
182E,126021
1830,126100
1831,126101
1832,126110
1833,126111
1834,126120
1835,126121
1836,126200
1837,126201
1838,126210
1839,126211
183X,126220
183E,126221
1840,126300
1841,126301
1842,126310
1843,126311
1844,126320
1845,126321
1846,126400
1847,126401
1848,126410
1849,126411
184X,126420
184E,126421
1850,130000
1851,130001
1852,130010
1853,130011
1854,130020
1855,130021
1856,130100
1857,130101
1858,130110
1859,130111
185X,130120
185E,130121
1860,130200
1861,130201
1862,130210
1863,130211
1864,130220
1865,130221
1866,130300
1867,130301
1868,130310
1869,130311
186X,130320
186E,130321
1870,130400
1871,130401
1872,130410
1873,130411
1874,130420
1875,130421
1876,131000
1877,131001
1878,131010
1879,131011
187X,131020
187E,131021
1880,131100
1881,131101
1882,131110
1883,131111
1884,131120
1885,131121
1886,131200
1887,131201
1888,131210
1889,131211
188X,131220
188E,131221
1890,131300
1891,131301
1892,131310
1893,131311
1894,131320
1895,131321
1896,131400
1897,131401
1898,131410
1899,131411
189X,131420
189E,131421
18X0,132000
18X1,132001
18X2,132010
18X3,132011
18X4,132020
18X5,132021
18X6,132100
18X7,132101
18X8,132110
18X9,132111
18XX,132120
18XE,132121
18E0,132200
18E1,132201
18E2,132210
18E3,132211
18E4,132220
18E5,132221
18E6,132300
18E7,132301
18E8,132310
18E9,132311
18EX,132320
18EE,132321
1900,132400
1901,132401
1902,132410
1903,132411
1904,132420
1905,132421
1906,133000
1907,133001
1908,133010
1909,133011
190X,133020
190E,133021
1910,133100
1911,133101
1912,133110
1913,133111
1914,133120
1915,133121
1916,133200
1917,133201
1918,133210
1919,133211
191X,133220
191E,133221
1920,133300
1921,133301
1922,133310
1923,133311
1924,133320
1925,133321
1926,133400
1927,133401
1928,133410
1929,133411
192X,133420
192E,133421
1930,134000
1931,134001
1932,134010
1933,134011
1934,134020
1935,134021
1936,134100
1937,134101
1938,134110
1939,134111
193X,134120
193E,134121
1940,134200
1941,134201
1942,134210
1943,134211
1944,134220
1945,134221
1946,134300
1947,134301
1948,134310
1949,134311
194X,134320
194E,134321
1950,134400
1951,134401
1952,134410
1953,134411
1954,134420
1955,134421
1956,135000
1957,135001
1958,135010
1959,135011
195X,135020
195E,135021
1960,135100
1961,135101
1962,135110
1963,135111
1964,135120
1965,135121
1966,135200
1967,135201
1968,135210
1969,135211
196X,135220
196E,135221
1970,135300
1971,135301
1972,135310
1973,135311
1974,135320
1975,135321
1976,135400
1977,135401
1978,135410
1979,135411
197X,135420
197E,135421
1980,136000
1981,136001
1982,136010
1983,136011
1984,136020
1985,136021
1986,136100
1987,136101
1988,136110
1989,136111
198X,136120
198E,136121
1990,136200
1991,136201
1992,136210
1993,136211
1994,136220
1995,136221
1996,136300
1997,136301
1998,136310
1999,136311
199X,136320
199E,136321
19X0,136400
19X1,136401
19X2,136410
19X3,136411
19X4,136420
19X5,136421
19X6,140000
19X7,140001
19X8,140010
19X9,140011
19XX,140020
19XE,140021
19E0,140100
19E1,140101
19E2,140110
19E3,140111
19E4,140120
19E5,140121
19E6,140200
19E7,140201
19E8,140210
19E9,140211
19EX,140220
19EE,140221
1X00,140300
1X01,140301
1X02,140310
1X03,140311
1X04,140320
1X05,140321
1X06,140400
1X07,140401
1X08,140410
1X09,140411
1X0X,140420
1X0E,140421
1X10,141000
1X11,141001
1X12,141010
1X13,141011
1X14,141020
1X15,141021
1X16,141100
1X17,141101
1X18,141110
1X19,141111
1X1X,141120
1X1E,141121
1X20,141200
1X21,141201
1X22,141210
1X23,141211
1X24,141220
1X25,141221
1X26,141300
1X27,141301
1X28,141310
1X29,141311
1X2X,141320
1X2E,141321
1X30,141400
1X31,141401
1X32,141410
1X33,141411
1X34,141420
1X35,141421
1X36,142000
1X37,142001
1X38,142010
1X39,142011
1X3X,142020
1X3E,142021
1X40,142100
1X41,142101
1X42,142110
1X43,142111
1X44,142120
1X45,142121
1X46,142200
1X47,142201
1X48,142210
1X49,142211
1X4X,142220
1X4E,142221
1X50,142300
1X51,142301
1X52,142310
1X53,142311
1X54,142320
1X55,142321
1X56,142400
1X57,142401
1X58,142410
1X59,142411
1X5X,142420
1X5E,142421
1X60,143000
1X61,143001
1X62,143010
1X63,143011
1X64,143020
1X65,143021
1X66,143100
1X67,143101
1X68,143110
1X69,143111
1X6X,143120
1X6E,143121
1X70,143200
1X71,143201
1X72,143210
1X73,143211
1X74,143220
1X75,143221
1X76,143300
1X77,143301
1X78,143310
1X79,143311
1X7X,143320
1X7E,143321
1X80,143400
1X81,143401
1X82,143410
1X83,143411
1X84,143420
1X85,143421
1X86,144000
1X87,144001
1X88,144010
1X89,144011
1X8X,144020
1X8E,144021
1X90,144100
1X91,144101
1X92,144110
1X93,144111
1X94,144120
1X95,144121
1X96,144200
1X97,144201
1X98,144210
1X99,144211
1X9X,144220
1X9E,144221
1XX0,144300
1XX1,144301
1XX2,144310
1XX3,144311
1XX4,144320
1XX5,144321
1XX6,144400
1XX7,144401
1XX8,144410
1XX9,144411
1XXX,144420
1XXE,144421
1XE0,145000
1XE1,145001
1XE2,145010
1XE3,145011
1XE4,145020
1XE5,145021
1XE6,145100
1XE7,145101
1XE8,145110
1XE9,145111
1XEX,145120
1XEE,145121
1E00,145200
1E01,145201
1E02,145210
1E03,145211
1E04,145220
1E05,145221
1E06,145300
1E07,145301
1E08,145310
1E09,145311
1E0X,145320
1E0E,145321
1E10,145400
1E11,145401
1E12,145410
1E13,145411
1E14,145420
1E15,145421
1E16,146000
1E17,146001
1E18,146010
1E19,146011
1E1X,146020
1E1E,146021
1E20,146100
1E21,146101
1E22,146110
1E23,146111
1E24,146120
1E25,146121
1E26,146200
1E27,146201
1E28,146210
1E29,146211
1E2X,146220
1E2E,146221
1E30,146300
1E31,146301
1E32,146310
1E33,146311
1E34,146320
1E35,146321
1E36,146400
1E37,146401
1E38,146410
1E39,146411
1E3X,146420
1E3E,146421
1E40,150000
1E41,150001
1E42,150010
1E43,150011
1E44,150020
1E45,150021
1E46,150100
1E47,150101
1E48,150110
1E49,150111
1E4X,150120
1E4E,150121
1E50,150200
1E51,150201
1E52,150210
1E53,150211
1E54,150220
1E55,150221
1E56,150300
1E57,150301
1E58,150310
1E59,150311
1E5X,150320
1E5E,150321
1E60,150400
1E61,150401
1E62,150410
1E63,150411
1E64,150420
1E65,150421
1E66,151000
1E67,151001
1E68,151010
1E69,151011
1E6X,151020
1E6E,151021
1E70,151100
1E71,151101
1E72,151110
1E73,151111
1E74,151120
1E75,151121
1E76,151200
1E77,151201
1E78,151210
1E79,151211
1E7X,151220
1E7E,151221
1E80,151300
1E81,151301
1E82,151310
1E83,151311
1E84,151320
1E85,151321
1E86,151400
1E87,151401
1E88,151410
1E89,151411
1E8X,151420
1E8E,151421
1E90,152000
1E91,152001
1E92,152010
1E93,152011
1E94,152020
1E95,152021
1E96,152100
1E97,152101
1E98,152110
1E99,152111
1E9X,152120
1E9E,152121
1EX0,152200
1EX1,152201
1EX2,152210
1EX3,152211
1EX4,152220
1EX5,152221
1EX6,152300
1EX7,152301
1EX8,152310
1EX9,152311
1EXX,152320
1EXE,152321
1EE0,152400
1EE1,152401
1EE2,152410
1EE3,152411
1EE4,152420
1EE5,152421
1EE6,153000
1EE7,153001
1EE8,153010
1EE9,153011
1EEX,153020
1EEE,153021
2000,153100
2001,153101
2002,153110
2003,153111
2004,153120
2005,153121
2006,153200
2007,153201
2008,153210
2009,153211
200X,153220
200E,153221
2010,153300
2011,153301
2012,153310
2013,153311
2014,153320
2015,153321
2016,153400
2017,153401
2018,153410
2019,153411
201X,153420
201E,153421
2020,154000
2021,154001
2022,154010
2023,154011
2024,154020
2025,154021
2026,154100
2027,154101
2028,154110
2029,154111
202X,154120
202E,154121
2030,154200
2031,154201
2032,154210
2033,154211
2034,154220
2035,154221
2036,154300
2037,154301
2038,154310
2039,154311
203X,154320
203E,154321
2040,154400
2041,154401
2042,154410
2043,154411
2044,154420
2045,154421
2046,155000
2047,155001
2048,155010
2049,155011
204X,155020
204E,155021
2050,155100
2051,155101
2052,155110
2053,155111
2054,155120
2055,155121
2056,155200
2057,155201
2058,155210
2059,155211
205X,155220
205E,155221
2060,155300
2061,155301
2062,155310
2063,155311
2064,155320
2065,155321
2066,155400
2067,155401
2068,155410
2069,155411
206X,155420
206E,155421
2070,156000
2071,156001
2072,156010
2073,156011
2074,156020
2075,156021
2076,156100
2077,156101
2078,156110
2079,156111
207X,156120
207E,156121
2080,156200
2081,156201
2082,156210
2083,156211
2084,156220
2085,156221
2086,156300
2087,156301
2088,156310
2089,156311
208X,156320
208E,156321
2090,156400
2091,156401
2092,156410
2093,156411
2094,156420
2095,156421
2096,160000
2097,160001
2098,160010
2099,160011
209X,160020
209E,160021
20X0,160100
20X1,160101
20X2,160110
20X3,160111
20X4,160120
20X5,160121
20X6,160200
20X7,160201
20X8,160210
20X9,160211
20XX,160220
20XE,160221
20E0,160300
20E1,160301
20E2,160310
20E3,160311
20E4,160320
20E5,160321
20E6,160400
20E7,160401
20E8,160410
20E9,160411
20EX,160420
20EE,160421
2100,161000
2101,161001
2102,161010
2103,161011
2104,161020
2105,161021
2106,161100
2107,161101
2108,161110
2109,161111
210X,161120
210E,161121
2110,161200
2111,161201
2112,161210
2113,161211
2114,161220
2115,161221
2116,161300
2117,161301
2118,161310
2119,161311
211X,161320
211E,161321
2120,161400
2121,161401
2122,161410
2123,161411
2124,161420
2125,161421
2126,162000
2127,162001
2128,162010
2129,162011
212X,162020
212E,162021
2130,162100
2131,162101
2132,162110
2133,162111
2134,162120
2135,162121
2136,162200
2137,162201
2138,162210
2139,162211
213X,162220
213E,162221
2140,162300
2141,162301
2142,162310
2143,162311
2144,162320
2145,162321
2146,162400
2147,162401
2148,162410
2149,162411
214X,162420
214E,162421
2150,163000
2151,163001
2152,163010
2153,163011
2154,163020
2155,163021
2156,163100
2157,163101
2158,163110
2159,163111
215X,163120
215E,163121
2160,163200
2161,163201
2162,163210
2163,163211
2164,163220
2165,163221
2166,163300
2167,163301
2168,163310
2169,163311
216X,163320
216E,163321
2170,163400
2171,163401
2172,163410
2173,163411
2174,163420
2175,163421
2176,164000
2177,164001
2178,164010
2179,164011
217X,164020
217E,164021
2180,164100
2181,164101
2182,164110
2183,164111
2184,164120
2185,164121
2186,164200
2187,164201
2188,164210
2189,164211
218X,164220
218E,164221
2190,164300
2191,164301
2192,164310
2193,164311
2194,164320
2195,164321
2196,164400
2197,164401
2198,164410
2199,164411
219X,164420
219E,164421
21X0,165000
21X1,165001
21X2,165010
21X3,165011
21X4,165020
21X5,165021
21X6,165100
21X7,165101
21X8,165110
21X9,165111
21XX,165120
21XE,165121
21E0,165200
21E1,165201
21E2,165210
21E3,165211
21E4,165220
21E5,165221
21E6,165300
21E7,165301
21E8,165310
21E9,165311
21EX,165320
21EE,165321
2200,165400
2201,165401
2202,165410
2203,165411
2204,165420
2205,165421
2206,166000
2207,166001
2208,166010
2209,166011
220X,166020
220E,166021
2210,166100
2211,166101
2212,166110
2213,166111
2214,166120
2215,166121
2216,166200
2217,166201
2218,166210
2219,166211
221X,166220
221E,166221
2220,166300
2221,166301
2222,166310
2223,166311
2224,166320
2225,166321
2226,166400
2227,166401
2228,166410
2229,166411
222X,166420
222E,166421
2230,170000
2231,170001
2232,170010
2233,170011
2234,170020
2235,170021
2236,170100
2237,170101
2238,170110
2239,170111
223X,170120
223E,170121
2240,170200
2241,170201
2242,170210
2243,170211
2244,170220
2245,170221
2246,170300
2247,170301
2248,170310
2249,170311
224X,170320
224E,170321
2250,170400
2251,170401
2252,170410
2253,170411
2254,170420
2255,170421
2256,171000
2257,171001
2258,171010
2259,171011
225X,171020
225E,171021
2260,171100
2261,171101
2262,171110
2263,171111
2264,171120
2265,171121
2266,171200
2267,171201
2268,171210
2269,171211
226X,171220
226E,171221
2270,171300
2271,171301
2272,171310
2273,171311
2274,171320
2275,171321
2276,171400
2277,171401
2278,171410
2279,171411
227X,171420
227E,171421
2280,172000
2281,172001
2282,172010
2283,172011
2284,172020
2285,172021
2286,172100
2287,172101
2288,172110
2289,172111
228X,172120
228E,172121
2290,172200
2291,172201
2292,172210
2293,172211
2294,172220
2295,172221
2296,172300
2297,172301
2298,172310
2299,172311
229X,172320
229E,172321
22X0,172400
22X1,172401
22X2,172410
22X3,172411
22X4,172420
22X5,172421
22X6,173000
22X7,173001
22X8,173010
22X9,173011
22XX,173020
22XE,173021
22E0,173100
22E1,173101
22E2,173110
22E3,173111
22E4,173120
22E5,173121
22E6,173200
22E7,173201
22E8,173210
22E9,173211
22EX,173220
22EE,173221
2300,173300
2301,173301
2302,173310
2303,173311
2304,173320
2305,173321
2306,173400
2307,173401
2308,173410
2309,173411
230X,173420
230E,173421
2310,174000
2311,174001
2312,174010
2313,174011
2314,174020
2315,174021
2316,174100
2317,174101
2318,174110
2319,174111
231X,174120
231E,174121
2320,174200
2321,174201
2322,174210
2323,174211
2324,174220
2325,174221
2326,174300
2327,174301
2328,174310
2329,174311
232X,174320
232E,174321
2330,174400
2331,174401
2332,174410
2333,174411
2334,174420
2335,174421
2336,175000
2337,175001
2338,175010
2339,175011
233X,175020
233E,175021
2340,175100
2341,175101
2342,175110
2343,175111
2344,175120
2345,175121
2346,175200
2347,175201
2348,175210
2349,175211
234X,175220
234E,175221
2350,175300
2351,175301
2352,175310
2353,175311
2354,175320
2355,175321
2356,175400
2357,175401
2358,175410
2359,175411
235X,175420
235E,175421
2360,176000
2361,176001
2362,176010
2363,176011
2364,176020
2365,176021
2366,176100
2367,176101
2368,176110
2369,176111
236X,176120
236E,176121
2370,176200
2371,176201
2372,176210
2373,176211
2374,176220
2375,176221
2376,176300
2377,176301
2378,176310
2379,176311
237X,176320
237E,176321
2380,176400
2381,176401
2382,176410
2383,176411
2384,176420
2385,176421
2386,180000
2387,180001
2388,180010
2389,180011
238X,180020
238E,180021
2390,180100
2391,180101
2392,180110
2393,180111
2394,180120
2395,180121
2396,180200
2397,180201
2398,180210
2399,180211
239X,180220
239E,180221
23X0,180300
23X1,180301
23X2,180310
23X3,180311
23X4,180320
23X5,180321
23X6,180400
23X7,180401
23X8,180410
23X9,180411
23XX,180420
23XE,180421
23E0,181000
23E1,181001
23E2,181010
23E3,181011
23E4,181020
23E5,181021
23E6,181100
23E7,181101
23E8,181110
23E9,181111
23EX,181120
23EE,181121
2400,181200
2401,181201
2402,181210
2403,181211
2404,181220
2405,181221
2406,181300
2407,181301
2408,181310
2409,181311
240X,181320
240E,181321
2410,181400
2411,181401
2412,181410
2413,181411
2414,181420
2415,181421
2416,182000
2417,182001
2418,182010
2419,182011
241X,182020
241E,182021
2420,182100
2421,182101
2422,182110
2423,182111
2424,182120
2425,182121
2426,182200
2427,182201
2428,182210
2429,182211
242X,182220
242E,182221
2430,182300
2431,182301
2432,182310
2433,182311
2434,182320
2435,182321
2436,182400
2437,182401
2438,182410
2439,182411
243X,182420
243E,182421
2440,183000
2441,183001
2442,183010
2443,183011
2444,183020
2445,183021
2446,183100
2447,183101
2448,183110
2449,183111
244X,183120
244E,183121
2450,183200
2451,183201
2452,183210
2453,183211
2454,183220
2455,183221
2456,183300
2457,183301
2458,183310
2459,183311
245X,183320
245E,183321
2460,183400
2461,183401
2462,183410
2463,183411
2464,183420
2465,183421
2466,184000
2467,184001
2468,184010
2469,184011
246X,184020
246E,184021
2470,184100
2471,184101
2472,184110
2473,184111
2474,184120
2475,184121
2476,184200
2477,184201
2478,184210
2479,184211
247X,184220
247E,184221
2480,184300
2481,184301
2482,184310
2483,184311
2484,184320
2485,184321
2486,184400
2487,184401
2488,184410
2489,184411
248X,184420
248E,184421
2490,185000
2491,185001
2492,185010
2493,185011
2494,185020
2495,185021
2496,185100
2497,185101
2498,185110
2499,185111
249X,185120
249E,185121
24X0,185200
24X1,185201
24X2,185210
24X3,185211
24X4,185220
24X5,185221
24X6,185300
24X7,185301
24X8,185310
24X9,185311
24XX,185320
24XE,185321
24E0,185400
24E1,185401
24E2,185410
24E3,185411
24E4,185420
24E5,185421
24E6,186000
24E7,186001
24E8,186010
24E9,186011
24EX,186020
24EE,186021
2500,186100
2501,186101
2502,186110
2503,186111
2504,186120
2505,186121
2506,186200
2507,186201
2508,186210
2509,186211
250X,186220
250E,186221
2510,186300
2511,186301
2512,186310
2513,186311
2514,186320
2515,186321
2516,186400
2517,186401
2518,186410
2519,186411
251X,186420
251E,186421
2520,190000
2521,190001
2522,190010
2523,190011
2524,190020
2525,190021
2526,190100
2527,190101
2528,190110
2529,190111
252X,190120
252E,190121
2530,190200
2531,190201
2532,190210
2533,190211
2534,190220
2535,190221
2536,190300
2537,190301
2538,190310
2539,190311
253X,190320
253E,190321
2540,190400
2541,190401
2542,190410
2543,190411
2544,190420
2545,190421
2546,191000
2547,191001
2548,191010
2549,191011
254X,191020
254E,191021
2550,191100
2551,191101
2552,191110
2553,191111
2554,191120
2555,191121
2556,191200
2557,191201
2558,191210
2559,191211
255X,191220
255E,191221
2560,191300
2561,191301
2562,191310
2563,191311
2564,191320
2565,191321
2566,191400
2567,191401
2568,191410
2569,191411
256X,191420
256E,191421
2570,192000
2571,192001
2572,192010
2573,192011
2574,192020
2575,192021
2576,192100
2577,192101
2578,192110
2579,192111
257X,192120
257E,192121
2580,192200
2581,192201
2582,192210
2583,192211
2584,192220
2585,192221
2586,192300
2587,192301
2588,192310
2589,192311
258X,192320
258E,192321
2590,192400
2591,192401
2592,192410
2593,192411
2594,192420
2595,192421
2596,193000
2597,193001
2598,193010
2599,193011
259X,193020
259E,193021
25X0,193100
25X1,193101
25X2,193110
25X3,193111
25X4,193120
25X5,193121
25X6,193200
25X7,193201
25X8,193210
25X9,193211
25XX,193220
25XE,193221
25E0,193300
25E1,193301
25E2,193310
25E3,193311
25E4,193320
25E5,193321
25E6,193400
25E7,193401
25E8,193410
25E9,193411
25EX,193420
25EE,193421
2600,194000
2601,194001
2602,194010
2603,194011
2604,194020
2605,194021
2606,194100
2607,194101
2608,194110
2609,194111
260X,194120
260E,194121
2610,194200
2611,194201
2612,194210
2613,194211
2614,194220
2615,194221
2616,194300
2617,194301
2618,194310
2619,194311
261X,194320
261E,194321
2620,194400
2621,194401
2622,194410
2623,194411
2624,194420
2625,194421
2626,195000
2627,195001
2628,195010
2629,195011
262X,195020
262E,195021
2630,195100
2631,195101
2632,195110
2633,195111
2634,195120
2635,195121
2636,195200
2637,195201
2638,195210
2639,195211
263X,195220
263E,195221
2640,195300
2641,195301
2642,195310
2643,195311
2644,195320
2645,195321
2646,195400
2647,195401
2648,195410
2649,195411
264X,195420
264E,195421
2650,196000
2651,196001
2652,196010
2653,196011
2654,196020
2655,196021
2656,196100
2657,196101
2658,196110
2659,196111
265X,196120
265E,196121
2660,196200
2661,196201
2662,196210
2663,196211
2664,196220
2665,196221
2666,196300
2667,196301
2668,196310
2669,196311
266X,196320
266E,196321
2670,196400
2671,196401
2672,196410
2673,196411
2674,196420
2675,196421
2676,1X0000
2677,1X0001
2678,1X0010
2679,1X0011
267X,1X0020
267E,1X0021
2680,1X0100
2681,1X0101
2682,1X0110
2683,1X0111
2684,1X0120
2685,1X0121
2686,1X0200
2687,1X0201
2688,1X0210
2689,1X0211
268X,1X0220
268E,1X0221
2690,1X0300
2691,1X0301
2692,1X0310
2693,1X0311
2694,1X0320
2695,1X0321
2696,1X0400
2697,1X0401
2698,1X0410
2699,1X0411
269X,1X0420
269E,1X0421
26X0,1X1000
26X1,1X1001
26X2,1X1010
26X3,1X1011
26X4,1X1020
26X5,1X1021
26X6,1X1100
26X7,1X1101
26X8,1X1110
26X9,1X1111
26XX,1X1120
26XE,1X1121
26E0,1X1200
26E1,1X1201
26E2,1X1210
26E3,1X1211
26E4,1X1220
26E5,1X1221
26E6,1X1300
26E7,1X1301
26E8,1X1310
26E9,1X1311
26EX,1X1320
26EE,1X1321
2700,1X1400
2701,1X1401
2702,1X1410
2703,1X1411
2704,1X1420
2705,1X1421
2706,1X2000
2707,1X2001
2708,1X2010
2709,1X2011
270X,1X2020
270E,1X2021
2710,1X2100
2711,1X2101
2712,1X2110
2713,1X2111
2714,1X2120
2715,1X2121
2716,1X2200
2717,1X2201
2718,1X2210
2719,1X2211
271X,1X2220
271E,1X2221
2720,1X2300
2721,1X2301
2722,1X2310
2723,1X2311
2724,1X2320
2725,1X2321
2726,1X2400
2727,1X2401
2728,1X2410
2729,1X2411
272X,1X2420
272E,1X2421
2730,1X3000
2731,1X3001
2732,1X3010
2733,1X3011
2734,1X3020
2735,1X3021
2736,1X3100
2737,1X3101
2738,1X3110
2739,1X3111
273X,1X3120
273E,1X3121
2740,1X3200
2741,1X3201
2742,1X3210
2743,1X3211
2744,1X3220
2745,1X3221
2746,1X3300
2747,1X3301
2748,1X3310
2749,1X3311
274X,1X3320
274E,1X3321
2750,1X3400
2751,1X3401
2752,1X3410
2753,1X3411
2754,1X3420
2755,1X3421
2756,1X4000
2757,1X4001
2758,1X4010
2759,1X4011
275X,1X4020
275E,1X4021
2760,1X4100
2761,1X4101
2762,1X4110
2763,1X4111
2764,1X4120
2765,1X4121
2766,1X4200
2767,1X4201
2768,1X4210
2769,1X4211
276X,1X4220
276E,1X4221
2770,1X4300
2771,1X4301
2772,1X4310
2773,1X4311
2774,1X4320
2775,1X4321
2776,1X4400
2777,1X4401
2778,1X4410
2779,1X4411
277X,1X4420
277E,1X4421
2780,1X5000
2781,1X5001
2782,1X5010
2783,1X5011
2784,1X5020
2785,1X5021
2786,1X5100
2787,1X5101
2788,1X5110
2789,1X5111
278X,1X5120
278E,1X5121
2790,1X5200
2791,1X5201
2792,1X5210
2793,1X5211
2794,1X5220
2795,1X5221
2796,1X5300
2797,1X5301
2798,1X5310
2799,1X5311
279X,1X5320
279E,1X5321
27X0,1X5400
27X1,1X5401
27X2,1X5410
27X3,1X5411
27X4,1X5420
27X5,1X5421
27X6,1X6000
27X7,1X6001
27X8,1X6010
27X9,1X6011
27XX,1X6020
27XE,1X6021
27E0,1X6100
27E1,1X6101
27E2,1X6110
27E3,1X6111
27E4,1X6120
27E5,1X6121
27E6,1X6200
27E7,1X6201
27E8,1X6210
27E9,1X6211
27EX,1X6220
27EE,1X6221
2800,1X6300
2801,1X6301
2802,1X6310
2803,1X6311
2804,1X6320
2805,1X6321
2806,1X6400
2807,1X6401
2808,1X6410
2809,1X6411
280X,1X6420
280E,1X6421
2810,200000
2811,200001
2812,200010
2813,200011
2814,200020
2815,200021
2816,200100
2817,200101
2818,200110
2819,200111
281X,200120
281E,200121
2820,200200
2821,200201
2822,200210
2823,200211
2824,200220
2825,200221
2826,200300
2827,200301
2828,200310
2829,200311
282X,200320
282E,200321
2830,200400
2831,200401
2832,200410
2833,200411
2834,200420
2835,200421
2836,201000
2837,201001
2838,201010
2839,201011
283X,201020
283E,201021
2840,201100
2841,201101
2842,201110
2843,201111
2844,201120
2845,201121
2846,201200
2847,201201
2848,201210
2849,201211
284X,201220
284E,201221
2850,201300
2851,201301
2852,201310
2853,201311
2854,201320
2855,201321
2856,201400
2857,201401
2858,201410
2859,201411
285X,201420
285E,201421
2860,202000
2861,202001
2862,202010
2863,202011
2864,202020
2865,202021
2866,202100
2867,202101
2868,202110
2869,202111
286X,202120
286E,202121
2870,202200
2871,202201
2872,202210
2873,202211
2874,202220
2875,202221
2876,202300
2877,202301
2878,202310
2879,202311
287X,202320
287E,202321
2880,202400
2881,202401
2882,202410
2883,202411
2884,202420
2885,202421
2886,203000
2887,203001
2888,203010
2889,203011
288X,203020
288E,203021
2890,203100
2891,203101
2892,203110
2893,203111
2894,203120
2895,203121
2896,203200
2897,203201
2898,203210
2899,203211
289X,203220
289E,203221
28X0,203300
28X1,203301
28X2,203310
28X3,203311
28X4,203320
28X5,203321
28X6,203400
28X7,203401
28X8,203410
28X9,203411
28XX,203420
28XE,203421
28E0,204000
28E1,204001
28E2,204010
28E3,204011
28E4,204020
28E5,204021
28E6,204100
28E7,204101
28E8,204110
28E9,204111
28EX,204120
28EE,204121
2900,204200
2901,204201
2902,204210
2903,204211
2904,204220
2905,204221
2906,204300
2907,204301
2908,204310
2909,204311
290X,204320
290E,204321
2910,204400
2911,204401
2912,204410
2913,204411
2914,204420
2915,204421
2916,205000
2917,205001
2918,205010
2919,205011
291X,205020
291E,205021
2920,205100
2921,205101
2922,205110
2923,205111
2924,205120
2925,205121
2926,205200
2927,205201
2928,205210
2929,205211
292X,205220
292E,205221
2930,205300
2931,205301
2932,205310
2933,205311
2934,205320
2935,205321
2936,205400
2937,205401
2938,205410
2939,205411
293X,205420
293E,205421
2940,206000
2941,206001
2942,206010
2943,206011
2944,206020
2945,206021
2946,206100
2947,206101
2948,206110
2949,206111
294X,206120
294E,206121
2950,206200
2951,206201
2952,206210
2953,206211
2954,206220
2955,206221
2956,206300
2957,206301
2958,206310
2959,206311
295X,206320
295E,206321
2960,206400
2961,206401
2962,206410
2963,206411
2964,206420
2965,206421
2966,210000
2967,210001
2968,210010
2969,210011
296X,210020
296E,210021
2970,210100
2971,210101
2972,210110
2973,210111
2974,210120
2975,210121
2976,210200
2977,210201
2978,210210
2979,210211
297X,210220
297E,210221
2980,210300
2981,210301
2982,210310
2983,210311
2984,210320
2985,210321
2986,210400
2987,210401
2988,210410
2989,210411
298X,210420
298E,210421
2990,211000
2991,211001
2992,211010
2993,211011
2994,211020
2995,211021
2996,211100
2997,211101
2998,211110
2999,211111
299X,211120
299E,211121
29X0,211200
29X1,211201
29X2,211210
29X3,211211
29X4,211220
29X5,211221
29X6,211300
29X7,211301
29X8,211310
29X9,211311
29XX,211320
29XE,211321
29E0,211400
29E1,211401
29E2,211410
29E3,211411
29E4,211420
29E5,211421
29E6,212000
29E7,212001
29E8,212010
29E9,212011
29EX,212020
29EE,212021
2X00,212100
2X01,212101
2X02,212110
2X03,212111
2X04,212120
2X05,212121
2X06,212200
2X07,212201
2X08,212210
2X09,212211
2X0X,212220
2X0E,212221
2X10,212300
2X11,212301
2X12,212310
2X13,212311
2X14,212320
2X15,212321
2X16,212400
2X17,212401
2X18,212410
2X19,212411
2X1X,212420
2X1E,212421
2X20,213000
2X21,213001
2X22,213010
2X23,213011
2X24,213020
2X25,213021
2X26,213100
2X27,213101
2X28,213110
2X29,213111
2X2X,213120
2X2E,213121
2X30,213200
2X31,213201
2X32,213210
2X33,213211
2X34,213220
2X35,213221
2X36,213300
2X37,213301
2X38,213310
2X39,213311
2X3X,213320
2X3E,213321
2X40,213400
2X41,213401
2X42,213410
2X43,213411
2X44,213420
2X45,213421
2X46,214000
2X47,214001
2X48,214010
2X49,214011
2X4X,214020
2X4E,214021
2X50,214100
2X51,214101
2X52,214110
2X53,214111
2X54,214120
2X55,214121
2X56,214200
2X57,214201
2X58,214210
2X59,214211
2X5X,214220
2X5E,214221
2X60,214300
2X61,214301
2X62,214310
2X63,214311
2X64,214320
2X65,214321
2X66,214400
2X67,214401
2X68,214410
2X69,214411
2X6X,214420
2X6E,214421
2X70,215000
2X71,215001
2X72,215010
2X73,215011
2X74,215020
2X75,215021
2X76,215100
2X77,215101
2X78,215110
2X79,215111
2X7X,215120
2X7E,215121
2X80,215200
2X81,215201
2X82,215210
2X83,215211
2X84,215220
2X85,215221
2X86,215300
2X87,215301
2X88,215310
2X89,215311
2X8X,215320
2X8E,215321
2X90,215400
2X91,215401
2X92,215410
2X93,215411
2X94,215420
2X95,215421
2X96,216000
2X97,216001
2X98,216010
2X99,216011
2X9X,216020
2X9E,216021
2XX0,216100
2XX1,216101
2XX2,216110
2XX3,216111
2XX4,216120
2XX5,216121
2XX6,216200
2XX7,216201
2XX8,216210
2XX9,216211
2XXX,216220
2XXE,216221
2XE0,216300
2XE1,216301
2XE2,216310
2XE3,216311
2XE4,216320
2XE5,216321
2XE6,216400
2XE7,216401
2XE8,216410
2XE9,216411
2XEX,216420
2XEE,216421
2E00,220000
2E01,220001
2E02,220010
2E03,220011
2E04,220020
2E05,220021
2E06,220100
2E07,220101
2E08,220110
2E09,220111
2E0X,220120
2E0E,220121
2E10,220200
2E11,220201
2E12,220210
2E13,220211
2E14,220220
2E15,220221
2E16,220300
2E17,220301
2E18,220310
2E19,220311
2E1X,220320
2E1E,220321
2E20,220400
2E21,220401
2E22,220410
2E23,220411
2E24,220420
2E25,220421
2E26,221000
2E27,221001
2E28,221010
2E29,221011
2E2X,221020
2E2E,221021
2E30,221100
2E31,221101
2E32,221110
2E33,221111
2E34,221120
2E35,221121
2E36,221200
2E37,221201
2E38,221210
2E39,221211
2E3X,221220
2E3E,221221
2E40,221300
2E41,221301
2E42,221310
2E43,221311
2E44,221320
2E45,221321
2E46,221400
2E47,221401
2E48,221410
2E49,221411
2E4X,221420
2E4E,221421
2E50,222000
2E51,222001
2E52,222010
2E53,222011
2E54,222020
2E55,222021
2E56,222100
2E57,222101
2E58,222110
2E59,222111
2E5X,222120
2E5E,222121
2E60,222200
2E61,222201
2E62,222210
2E63,222211
2E64,222220
2E65,222221
2E66,222300
2E67,222301
2E68,222310
2E69,222311
2E6X,222320
2E6E,222321
2E70,222400
2E71,222401
2E72,222410
2E73,222411
2E74,222420
2E75,222421
2E76,223000
2E77,223001
2E78,223010
2E79,223011
2E7X,223020
2E7E,223021
2E80,223100
2E81,223101
2E82,223110
2E83,223111
2E84,223120
2E85,223121
2E86,223200
2E87,223201
2E88,223210
2E89,223211
2E8X,223220
2E8E,223221
2E90,223300
2E91,223301
2E92,223310
2E93,223311
2E94,223320
2E95,223321
2E96,223400
2E97,223401
2E98,223410
2E99,223411
2E9X,223420
2E9E,223421
2EX0,224000
2EX1,224001
2EX2,224010
2EX3,224011
2EX4,224020
2EX5,224021
2EX6,224100
2EX7,224101
2EX8,224110
2EX9,224111
2EXX,224120
2EXE,224121
2EE0,224200
2EE1,224201
2EE2,224210
2EE3,224211
2EE4,224220
2EE5,224221
2EE6,224300
2EE7,224301
2EE8,224310
2EE9,224311
2EEX,224320
2EEE,224321
3000,224400
3001,224401
3002,224410
3003,224411
3004,224420
3005,224421
3006,225000
3007,225001
3008,225010
3009,225011
300X,225020
300E,225021
3010,225100
3011,225101
3012,225110
3013,225111
3014,225120
3015,225121
3016,225200
3017,225201
3018,225210
3019,225211
301X,225220
301E,225221
3020,225300
3021,225301
3022,225310
3023,225311
3024,225320
3025,225321
3026,225400
3027,225401
3028,225410
3029,225411
302X,225420
302E,225421
3030,226000
3031,226001
3032,226010
3033,226011
3034,226020
3035,226021
3036,226100
3037,226101
3038,226110
3039,226111
303X,226120
303E,226121
3040,226200
3041,226201
3042,226210
3043,226211
3044,226220
3045,226221
3046,226300
3047,226301
3048,226310
3049,226311
304X,226320
304E,226321
3050,226400
3051,226401
3052,226410
3053,226411
3054,226420
3055,226421
3056,230000
3057,230001
3058,230010
3059,230011
305X,230020
305E,230021
3060,230100
3061,230101
3062,230110
3063,230111
3064,230120
3065,230121
3066,230200
3067,230201
3068,230210
3069,230211
306X,230220
306E,230221
3070,230300
3071,230301
3072,230310
3073,230311
3074,230320
3075,230321
3076,230400
3077,230401
3078,230410
3079,230411
307X,230420
307E,230421
3080,231000
3081,231001
3082,231010
3083,231011
3084,231020
3085,231021
3086,231100
3087,231101
3088,231110
3089,231111
308X,231120
308E,231121
3090,231200
3091,231201
3092,231210
3093,231211
3094,231220
3095,231221
3096,231300
3097,231301
3098,231310
3099,231311
309X,231320
309E,231321
30X0,231400
30X1,231401
30X2,231410
30X3,231411
30X4,231420
30X5,231421
30X6,232000
30X7,232001
30X8,232010
30X9,232011
30XX,232020
30XE,232021
30E0,232100
30E1,232101
30E2,232110
30E3,232111
30E4,232120
30E5,232121
30E6,232200
30E7,232201
30E8,232210
30E9,232211
30EX,232220
30EE,232221
3100,232300
3101,232301
3102,232310
3103,232311
3104,232320
3105,232321
3106,232400
3107,232401
3108,232410
3109,232411
310X,232420
310E,232421
3110,233000
3111,233001
3112,233010
3113,233011
3114,233020
3115,233021
3116,233100
3117,233101
3118,233110
3119,233111
311X,233120
311E,233121
3120,233200
3121,233201
3122,233210
3123,233211
3124,233220
3125,233221
3126,233300
3127,233301
3128,233310
3129,233311
312X,233320
312E,233321
3130,233400
3131,233401
3132,233410
3133,233411
3134,233420
3135,233421
3136,234000
3137,234001
3138,234010
3139,234011
313X,234020
313E,234021
3140,234100
3141,234101
3142,234110
3143,234111
3144,234120
3145,234121
3146,234200
3147,234201
3148,234210
3149,234211
314X,234220
314E,234221
3150,234300
3151,234301
3152,234310
3153,234311
3154,234320
3155,234321
3156,234400
3157,234401
3158,234410
3159,234411
315X,234420
315E,234421
3160,235000
3161,235001
3162,235010
3163,235011
3164,235020
3165,235021
3166,235100
3167,235101
3168,235110
3169,235111
316X,235120
316E,235121
3170,235200
3171,235201
3172,235210
3173,235211
3174,235220
3175,235221
3176,235300
3177,235301
3178,235310
3179,235311
317X,235320
317E,235321
3180,235400
3181,235401
3182,235410
3183,235411
3184,235420
3185,235421
3186,236000
3187,236001
3188,236010
3189,236011
318X,236020
318E,236021
3190,236100
3191,236101
3192,236110
3193,236111
3194,236120
3195,236121
3196,236200
3197,236201
3198,236210
3199,236211
319X,236220
319E,236221
31X0,236300
31X1,236301
31X2,236310
31X3,236311
31X4,236320
31X5,236321
31X6,236400
31X7,236401
31X8,236410
31X9,236411
31XX,236420
31XE,236421
31E0,240000
31E1,240001
31E2,240010
31E3,240011
31E4,240020
31E5,240021
31E6,240100
31E7,240101
31E8,240110
31E9,240111
31EX,240120
31EE,240121
3200,240200
3201,240201
3202,240210
3203,240211
3204,240220
3205,240221
3206,240300
3207,240301
3208,240310
3209,240311
320X,240320
320E,240321
3210,240400
3211,240401
3212,240410
3213,240411
3214,240420
3215,240421
3216,241000
3217,241001
3218,241010
3219,241011
321X,241020
321E,241021
3220,241100
3221,241101
3222,241110
3223,241111
3224,241120
3225,241121
3226,241200
3227,241201
3228,241210
3229,241211
322X,241220
322E,241221
3230,241300
3231,241301
3232,241310
3233,241311
3234,241320
3235,241321
3236,241400
3237,241401
3238,241410
3239,241411
323X,241420
323E,241421
3240,242000
3241,242001
3242,242010
3243,242011
3244,242020
3245,242021
3246,242100
3247,242101
3248,242110
3249,242111
324X,242120
324E,242121
3250,242200
3251,242201
3252,242210
3253,242211
3254,242220
3255,242221
3256,242300
3257,242301
3258,242310
3259,242311
325X,242320
325E,242321
3260,242400
3261,242401
3262,242410
3263,242411
3264,242420
3265,242421
3266,243000
3267,243001
3268,243010
3269,243011
326X,243020
326E,243021
3270,243100
3271,243101
3272,243110
3273,243111
3274,243120
3275,243121
3276,243200
3277,243201
3278,243210
3279,243211
327X,243220
327E,243221
3280,243300
3281,243301
3282,243310
3283,243311
3284,243320
3285,243321
3286,243400
3287,243401
3288,243410
3289,243411
328X,243420
328E,243421
3290,244000
3291,244001
3292,244010
3293,244011
3294,244020
3295,244021
3296,244100
3297,244101
3298,244110
3299,244111
329X,244120
329E,244121
32X0,244200
32X1,244201
32X2,244210
32X3,244211
32X4,244220
32X5,244221
32X6,244300
32X7,244301
32X8,244310
32X9,244311
32XX,244320
32XE,244321
32E0,244400
32E1,244401
32E2,244410
32E3,244411
32E4,244420
32E5,244421
32E6,245000
32E7,245001
32E8,245010
32E9,245011
32EX,245020
32EE,245021
3300,245100
3301,245101
3302,245110
3303,245111
3304,245120
3305,245121
3306,245200
3307,245201
3308,245210
3309,245211
330X,245220
330E,245221
3310,245300
3311,245301
3312,245310
3313,245311
3314,245320
3315,245321
3316,245400
3317,245401
3318,245410
3319,245411
331X,245420
331E,245421
3320,246000
3321,246001
3322,246010
3323,246011
3324,246020
3325,246021
3326,246100
3327,246101
3328,246110
3329,246111
332X,246120
332E,246121
3330,246200
3331,246201
3332,246210
3333,246211
3334,246220
3335,246221
3336,246300
3337,246301
3338,246310
3339,246311
333X,246320
333E,246321
3340,246400
3341,246401
3342,246410
3343,246411
3344,246420
3345,246421
3346,250000
3347,250001
3348,250010
3349,250011
334X,250020
334E,250021
3350,250100
3351,250101
3352,250110
3353,250111
3354,250120
3355,250121
3356,250200
3357,250201
3358,250210
3359,250211
335X,250220
335E,250221
3360,250300
3361,250301
3362,250310
3363,250311
3364,250320
3365,250321
3366,250400
3367,250401
3368,250410
3369,250411
336X,250420
336E,250421
3370,251000
3371,251001
3372,251010
3373,251011
3374,251020
3375,251021
3376,251100
3377,251101
3378,251110
3379,251111
337X,251120
337E,251121
3380,251200
3381,251201
3382,251210
3383,251211
3384,251220
3385,251221
3386,251300
3387,251301
3388,251310
3389,251311
338X,251320
338E,251321
3390,251400
3391,251401
3392,251410
3393,251411
3394,251420
3395,251421
3396,252000
3397,252001
3398,252010
3399,252011
339X,252020
339E,252021
33X0,252100
33X1,252101
33X2,252110
33X3,252111
33X4,252120
33X5,252121
33X6,252200
33X7,252201
33X8,252210
33X9,252211
33XX,252220
33XE,252221
33E0,252300
33E1,252301
33E2,252310
33E3,252311
33E4,252320
33E5,252321
33E6,252400
33E7,252401
33E8,252410
33E9,252411
33EX,252420
33EE,252421
3400,253000
3401,253001
3402,253010
3403,253011
3404,253020
3405,253021
3406,253100
3407,253101
3408,253110
3409,253111
340X,253120
340E,253121
3410,253200
3411,253201
3412,253210
3413,253211
3414,253220
3415,253221
3416,253300
3417,253301
3418,253310
3419,253311
341X,253320
341E,253321
3420,253400
3421,253401
3422,253410
3423,253411
3424,253420
3425,253421
3426,254000
3427,254001
3428,254010
3429,254011
342X,254020
342E,254021
3430,254100
3431,254101
3432,254110
3433,254111
3434,254120
3435,254121
3436,254200
3437,254201
3438,254210
3439,254211
343X,254220
343E,254221
3440,254300
3441,254301
3442,254310
3443,254311
3444,254320
3445,254321
3446,254400
3447,254401
3448,254410
3449,254411
344X,254420
344E,254421
3450,255000
3451,255001
3452,255010
3453,255011
3454,255020
3455,255021
3456,255100
3457,255101
3458,255110
3459,255111
345X,255120
345E,255121
3460,255200
3461,255201
3462,255210
3463,255211
3464,255220
3465,255221
3466,255300
3467,255301
3468,255310
3469,255311
346X,255320
346E,255321
3470,255400
3471,255401
3472,255410
3473,255411
3474,255420
3475,255421
3476,256000
3477,256001
3478,256010
3479,256011
347X,256020
347E,256021
3480,256100
3481,256101
3482,256110
3483,256111
3484,256120
3485,256121
3486,256200
3487,256201
3488,256210
3489,256211
348X,256220
348E,256221
3490,256300
3491,256301
3492,256310
3493,256311
3494,256320
3495,256321
3496,256400
3497,256401
3498,256410
3499,256411
349X,256420
349E,256421
34X0,260000
34X1,260001
34X2,260010
34X3,260011
34X4,260020
34X5,260021
34X6,260100
34X7,260101
34X8,260110
34X9,260111
34XX,260120
34XE,260121
34E0,260200
34E1,260201
34E2,260210
34E3,260211
34E4,260220
34E5,260221
34E6,260300
34E7,260301
34E8,260310
34E9,260311
34EX,260320
34EE,260321
3500,260400
3501,260401
3502,260410
3503,260411
3504,260420
3505,260421
3506,261000
3507,261001
3508,261010
3509,261011
350X,261020
350E,261021
3510,261100
3511,261101
3512,261110
3513,261111
3514,261120
3515,261121
3516,261200
3517,261201
3518,261210
3519,261211
351X,261220
351E,261221
3520,261300
3521,261301
3522,261310
3523,261311
3524,261320
3525,261321
3526,261400
3527,261401
3528,261410
3529,261411
352X,261420
352E,261421
3530,262000
3531,262001
3532,262010
3533,262011
3534,262020
3535,262021
3536,262100
3537,262101
3538,262110
3539,262111
353X,262120
353E,262121
3540,262200
3541,262201
3542,262210
3543,262211
3544,262220
3545,262221
3546,262300
3547,262301
3548,262310
3549,262311
354X,262320
354E,262321
3550,262400
3551,262401
3552,262410
3553,262411
3554,262420
3555,262421
3556,263000
3557,263001
3558,263010
3559,263011
355X,263020
355E,263021
3560,263100
3561,263101
3562,263110
3563,263111
3564,263120
3565,263121
3566,263200
3567,263201
3568,263210
3569,263211
356X,263220
356E,263221
3570,263300
3571,263301
3572,263310
3573,263311
3574,263320
3575,263321
3576,263400
3577,263401
3578,263410
3579,263411
357X,263420
357E,263421
3580,264000
3581,264001
3582,264010
3583,264011
3584,264020
3585,264021
3586,264100
3587,264101
3588,264110
3589,264111
358X,264120
358E,264121
3590,264200
3591,264201
3592,264210
3593,264211
3594,264220
3595,264221
3596,264300
3597,264301
3598,264310
3599,264311
359X,264320
359E,264321
35X0,264400
35X1,264401
35X2,264410
35X3,264411
35X4,264420
35X5,264421
35X6,265000
35X7,265001
35X8,265010
35X9,265011
35XX,265020
35XE,265021
35E0,265100
35E1,265101
35E2,265110
35E3,265111
35E4,265120
35E5,265121
35E6,265200
35E7,265201
35E8,265210
35E9,265211
35EX,265220
35EE,265221
3600,265300
3601,265301
3602,265310
3603,265311
3604,265320
3605,265321
3606,265400
3607,265401
3608,265410
3609,265411
360X,265420
360E,265421
3610,266000
3611,266001
3612,266010
3613,266011
3614,266020
3615,266021
3616,266100
3617,266101
3618,266110
3619,266111
361X,266120
361E,266121
3620,266200
3621,266201
3622,266210
3623,266211
3624,266220
3625,266221
3626,266300
3627,266301
3628,266310
3629,266311
362X,266320
362E,266321
3630,266400
3631,266401
3632,266410
3633,266411
3634,266420
3635,266421
3636,270000
3637,270001
3638,270010
3639,270011
363X,270020
363E,270021
3640,270100
3641,270101
3642,270110
3643,270111
3644,270120
3645,270121
3646,270200
3647,270201
3648,270210
3649,270211
364X,270220
364E,270221
3650,270300
3651,270301
3652,270310
3653,270311
3654,270320
3655,270321
3656,270400
3657,270401
3658,270410
3659,270411
365X,270420
365E,270421
3660,271000
3661,271001
3662,271010
3663,271011
3664,271020
3665,271021
3666,271100
3667,271101
3668,271110
3669,271111
366X,271120
366E,271121
3670,271200
3671,271201
3672,271210
3673,271211
3674,271220
3675,271221
3676,271300
3677,271301
3678,271310
3679,271311
367X,271320
367E,271321
3680,271400
3681,271401
3682,271410
3683,271411
3684,271420
3685,271421
3686,272000
3687,272001
3688,272010
3689,272011
368X,272020
368E,272021
3690,272100
3691,272101
3692,272110
3693,272111
3694,272120
3695,272121
3696,272200
3697,272201
3698,272210
3699,272211
369X,272220
369E,272221
36X0,272300
36X1,272301
36X2,272310
36X3,272311
36X4,272320
36X5,272321
36X6,272400
36X7,272401
36X8,272410
36X9,272411
36XX,272420
36XE,272421
36E0,273000
36E1,273001
36E2,273010
36E3,273011
36E4,273020
36E5,273021
36E6,273100
36E7,273101
36E8,273110
36E9,273111
36EX,273120
36EE,273121
3700,273200
3701,273201
3702,273210
3703,273211
3704,273220
3705,273221
3706,273300
3707,273301
3708,273310
3709,273311
370X,273320
370E,273321
3710,273400
3711,273401
3712,273410
3713,273411
3714,273420
3715,273421
3716,274000
3717,274001
3718,274010
3719,274011
371X,274020
371E,274021
3720,274100
3721,274101
3722,274110
3723,274111
3724,274120
3725,274121
3726,274200
3727,274201
3728,274210
3729,274211
372X,274220
372E,274221
3730,274300
3731,274301
3732,274310
3733,274311
3734,274320
3735,274321
3736,274400
3737,274401
3738,274410
3739,274411
373X,274420
373E,274421
3740,275000
3741,275001
3742,275010
3743,275011
3744,275020
3745,275021
3746,275100
3747,275101
3748,275110
3749,275111
374X,275120
374E,275121
3750,275200
3751,275201
3752,275210
3753,275211
3754,275220
3755,275221
3756,275300
3757,275301
3758,275310
3759,275311
375X,275320
375E,275321
3760,275400
3761,275401
3762,275410
3763,275411
3764,275420
3765,275421
3766,276000
3767,276001
3768,276010
3769,276011
376X,276020
376E,276021
3770,276100
3771,276101
3772,276110
3773,276111
3774,276120
3775,276121
3776,276200
3777,276201
3778,276210
3779,276211
377X,276220
377E,276221
3780,276300
3781,276301
3782,276310
3783,276311
3784,276320
3785,276321
3786,276400
3787,276401
3788,276410
3789,276411
378X,276420
378E,276421
3790,280000
3791,280001
3792,280010
3793,280011
3794,280020
3795,280021
3796,280100
3797,280101
3798,280110
3799,280111
379X,280120
379E,280121
37X0,280200
37X1,280201
37X2,280210
37X3,280211
37X4,280220
37X5,280221
37X6,280300
37X7,280301
37X8,280310
37X9,280311
37XX,280320
37XE,280321
37E0,280400
37E1,280401
37E2,280410
37E3,280411
37E4,280420
37E5,280421
37E6,281000
37E7,281001
37E8,281010
37E9,281011
37EX,281020
37EE,281021
3800,281100
3801,281101
3802,281110
3803,281111
3804,281120
3805,281121
3806,281200
3807,281201
3808,281210
3809,281211
380X,281220
380E,281221
3810,281300
3811,281301
3812,281310
3813,281311
3814,281320
3815,281321
3816,281400
3817,281401
3818,281410
3819,281411
381X,281420
381E,281421
3820,282000
3821,282001
3822,282010
3823,282011
3824,282020
3825,282021
3826,282100
3827,282101
3828,282110
3829,282111
382X,282120
382E,282121
3830,282200
3831,282201
3832,282210
3833,282211
3834,282220
3835,282221
3836,282300
3837,282301
3838,282310
3839,282311
383X,282320
383E,282321
3840,282400
3841,282401
3842,282410
3843,282411
3844,282420
3845,282421
3846,283000
3847,283001
3848,283010
3849,283011
384X,283020
384E,283021
3850,283100
3851,283101
3852,283110
3853,283111
3854,283120
3855,283121
3856,283200
3857,283201
3858,283210
3859,283211
385X,283220
385E,283221
3860,283300
3861,283301
3862,283310
3863,283311
3864,283320
3865,283321
3866,283400
3867,283401
3868,283410
3869,283411
386X,283420
386E,283421
3870,284000
3871,284001
3872,284010
3873,284011
3874,284020
3875,284021
3876,284100
3877,284101
3878,284110
3879,284111
387X,284120
387E,284121
3880,284200
3881,284201
3882,284210
3883,284211
3884,284220
3885,284221
3886,284300
3887,284301
3888,284310
3889,284311
388X,284320
388E,284321
3890,284400
3891,284401
3892,284410
3893,284411
3894,284420
3895,284421
3896,285000
3897,285001
3898,285010
3899,285011
389X,285020
389E,285021
38X0,285100
38X1,285101
38X2,285110
38X3,285111
38X4,285120
38X5,285121
38X6,285200
38X7,285201
38X8,285210
38X9,285211
38XX,285220
38XE,285221
38E0,285300
38E1,285301
38E2,285310
38E3,285311
38E4,285320
38E5,285321
38E6,285400
38E7,285401
38E8,285410
38E9,285411
38EX,285420
38EE,285421
3900,286000
3901,286001
3902,286010
3903,286011
3904,286020
3905,286021
3906,286100
3907,286101
3908,286110
3909,286111
390X,286120
390E,286121
3910,286200
3911,286201
3912,286210
3913,286211
3914,286220
3915,286221
3916,286300
3917,286301
3918,286310
3919,286311
391X,286320
391E,286321
3920,286400
3921,286401
3922,286410
3923,286411
3924,286420
3925,286421
3926,290000
3927,290001
3928,290010
3929,290011
392X,290020
392E,290021
3930,290100
3931,290101
3932,290110
3933,290111
3934,290120
3935,290121
3936,290200
3937,290201
3938,290210
3939,290211
393X,290220
393E,290221
3940,290300
3941,290301
3942,290310
3943,290311
3944,290320
3945,290321
3946,290400
3947,290401
3948,290410
3949,290411
394X,290420
394E,290421
3950,291000
3951,291001
3952,291010
3953,291011
3954,291020
3955,291021
3956,291100
3957,291101
3958,291110
3959,291111
395X,291120
395E,291121
3960,291200
3961,291201
3962,291210
3963,291211
3964,291220
3965,291221
3966,291300
3967,291301
3968,291310
3969,291311
396X,291320
396E,291321
3970,291400
3971,291401
3972,291410
3973,291411
3974,291420
3975,291421
3976,292000
3977,292001
3978,292010
3979,292011
397X,292020
397E,292021
3980,292100
3981,292101
3982,292110
3983,292111
3984,292120
3985,292121
3986,292200
3987,292201
3988,292210
3989,292211
398X,292220
398E,292221
3990,292300
3991,292301
3992,292310
3993,292311
3994,292320
3995,292321
3996,292400
3997,292401
3998,292410
3999,292411
399X,292420
399E,292421
39X0,293000
39X1,293001
39X2,293010
39X3,293011
39X4,293020
39X5,293021
39X6,293100
39X7,293101
39X8,293110
39X9,293111
39XX,293120
39XE,293121
39E0,293200
39E1,293201
39E2,293210
39E3,293211
39E4,293220
39E5,293221
39E6,293300
39E7,293301
39E8,293310
39E9,293311
39EX,293320
39EE,293321
3X00,293400
3X01,293401
3X02,293410
3X03,293411
3X04,293420
3X05,293421
3X06,294000
3X07,294001
3X08,294010
3X09,294011
3X0X,294020
3X0E,294021
3X10,294100
3X11,294101
3X12,294110
3X13,294111
3X14,294120
3X15,294121
3X16,294200
3X17,294201
3X18,294210
3X19,294211
3X1X,294220
3X1E,294221
3X20,294300
3X21,294301
3X22,294310
3X23,294311
3X24,294320
3X25,294321
3X26,294400
3X27,294401
3X28,294410
3X29,294411
3X2X,294420
3X2E,294421
3X30,295000
3X31,295001
3X32,295010
3X33,295011
3X34,295020
3X35,295021
3X36,295100
3X37,295101
3X38,295110
3X39,295111
3X3X,295120
3X3E,295121
3X40,295200
3X41,295201
3X42,295210
3X43,295211
3X44,295220
3X45,295221
3X46,295300
3X47,295301
3X48,295310
3X49,295311
3X4X,295320
3X4E,295321
3X50,295400
3X51,295401
3X52,295410
3X53,295411
3X54,295420
3X55,295421
3X56,296000
3X57,296001
3X58,296010
3X59,296011
3X5X,296020
3X5E,296021
3X60,296100
3X61,296101
3X62,296110
3X63,296111
3X64,296120
3X65,296121
3X66,296200
3X67,296201
3X68,296210
3X69,296211
3X6X,296220
3X6E,296221
3X70,296300
3X71,296301
3X72,296310
3X73,296311
3X74,296320
3X75,296321
3X76,296400
3X77,296401
3X78,296410
3X79,296411
3X7X,296420
3X7E,296421
3X80,2X0000
3X81,2X0001
3X82,2X0010
3X83,2X0011
3X84,2X0020
3X85,2X0021
3X86,2X0100
3X87,2X0101
3X88,2X0110
3X89,2X0111
3X8X,2X0120
3X8E,2X0121
3X90,2X0200
3X91,2X0201
3X92,2X0210
3X93,2X0211
3X94,2X0220
3X95,2X0221
3X96,2X0300
3X97,2X0301
3X98,2X0310
3X99,2X0311
3X9X,2X0320
3X9E,2X0321
3XX0,2X0400
3XX1,2X0401
3XX2,2X0410
3XX3,2X0411
3XX4,2X0420
3XX5,2X0421
3XX6,2X1000
3XX7,2X1001
3XX8,2X1010
3XX9,2X1011
3XXX,2X1020
3XXE,2X1021
3XE0,2X1100
3XE1,2X1101
3XE2,2X1110
3XE3,2X1111
3XE4,2X1120
3XE5,2X1121
3XE6,2X1200
3XE7,2X1201
3XE8,2X1210
3XE9,2X1211
3XEX,2X1220
3XEE,2X1221
3E00,2X1300
3E01,2X1301
3E02,2X1310
3E03,2X1311
3E04,2X1320
3E05,2X1321
3E06,2X1400
3E07,2X1401
3E08,2X1410
3E09,2X1411
3E0X,2X1420
3E0E,2X1421
3E10,2X2000
3E11,2X2001
3E12,2X2010
3E13,2X2011
3E14,2X2020
3E15,2X2021
3E16,2X2100
3E17,2X2101
3E18,2X2110
3E19,2X2111
3E1X,2X2120
3E1E,2X2121
3E20,2X2200
3E21,2X2201
3E22,2X2210
3E23,2X2211
3E24,2X2220
3E25,2X2221
3E26,2X2300
3E27,2X2301
3E28,2X2310
3E29,2X2311
3E2X,2X2320
3E2E,2X2321
3E30,2X2400
3E31,2X2401
3E32,2X2410
3E33,2X2411
3E34,2X2420
3E35,2X2421
3E36,2X3000
3E37,2X3001
3E38,2X3010
3E39,2X3011
3E3X,2X3020
3E3E,2X3021
3E40,2X3100
3E41,2X3101
3E42,2X3110
3E43,2X3111
3E44,2X3120
3E45,2X3121
3E46,2X3200
3E47,2X3201
3E48,2X3210
3E49,2X3211
3E4X,2X3220
3E4E,2X3221
3E50,2X3300
3E51,2X3301
3E52,2X3310
3E53,2X3311
3E54,2X3320
3E55,2X3321
3E56,2X3400
3E57,2X3401
3E58,2X3410
3E59,2X3411
3E5X,2X3420
3E5E,2X3421
3E60,2X4000
3E61,2X4001
3E62,2X4010
3E63,2X4011
3E64,2X4020
3E65,2X4021
3E66,2X4100
3E67,2X4101
3E68,2X4110
3E69,2X4111
3E6X,2X4120
3E6E,2X4121
3E70,2X4200
3E71,2X4201
3E72,2X4210
3E73,2X4211
3E74,2X4220
3E75,2X4221
3E76,2X4300
3E77,2X4301
3E78,2X4310
3E79,2X4311
3E7X,2X4320
3E7E,2X4321
3E80,2X4400
3E81,2X4401
3E82,2X4410
3E83,2X4411
3E84,2X4420
3E85,2X4421
3E86,2X5000
3E87,2X5001
3E88,2X5010
3E89,2X5011
3E8X,2X5020
3E8E,2X5021
3E90,2X5100
3E91,2X5101
3E92,2X5110
3E93,2X5111
3E94,2X5120
3E95,2X5121
3E96,2X5200
3E97,2X5201
3E98,2X5210
3E99,2X5211
3E9X,2X5220
3E9E,2X5221
3EX0,2X5300
3EX1,2X5301
3EX2,2X5310
3EX3,2X5311
3EX4,2X5320
3EX5,2X5321
3EX6,2X5400
3EX7,2X5401
3EX8,2X5410
3EX9,2X5411
3EXX,2X5420
3EXE,2X5421
3EE0,2X6000
3EE1,2X6001
3EE2,2X6010
3EE3,2X6011
3EE4,2X6020
3EE5,2X6021
3EE6,2X6100
3EE7,2X6101
3EE8,2X6110
3EE9,2X6111
3EEX,2X6120
3EEE,2X6121
4000,2X6200
