1: 1, 2,
2: 3, 4, 6, 8, 10, 20,
3:
4: 5, X, 13, 14, 18, 26, 34, 40, 50, 68, X0, 180,
5:
6: 7, 9, 12, 16, 19, 24, 30, 36, 48, 53, 60, 70, X6, 120, 190, 360,
7:
8: 28, 80, 114, 340,
9:
X: E, 1X, 29, 38, 56, 74, E0, 1X0,
E:
10: 11, 22, 2E, 33, 39, 44, 55, 5X, 66, 76, 77, 88, 89, 94, 99, XX, E8, 100, 110, 130, 132, 143, 154, 156, 176, 198, 1X9, 1E4, 220, 223, 240, 260, 264, 286, 2E0, 31E, 330, 374, 396, 3X8, 409, 440, 446, 500, 508, 550, 583, 5X0, 63X, 660, 700, 728, 770, 816, 890, 959, X14, XX0, E46, E80, 1078, 1100, 1320, 1430, 1560, 16E6, 1980, 1X90, 2134, 2453, 2640, 2860, 2E00, 31E0, 3960, 4268, 48X6, 5500, 63X0, 7700, 9590, 10780, 16E60, 31E00,
11:
12:
13:
14: 15, 2X, 43, 54, 58, 71, 86, E4, 122, 140, 150, 193, 1X8, 228, 244, 2X0, 366, 394, 488, 580, 680, 710, 768, 954, E40, 1220, 16X8, 1X80, 2440, 3194, 4880, 9540,
15:
16: 17, 23, 32, 46, 49, 64, 90, 96, E1, 108, 123, 139, 160, 170, 1X2, 246, 276, 293, 320, 369, 384, 490, 530, 566, 716, 748, 839, 960, X60, E10, 1230, 1476, 1X20, 20E3, 2460, 2930, 41X6, 5660, 8390, 14760,
17:
18: 21, 42, 47, 63, 84, 92, 106, 119, 128, 148, 164, 1XE, 210, 236, 294, 308, 380, 39X, 420, 470, 589, 614, 778, 840, 920, E56, 1334, 1640, 1XE0, 2668, 39X0, 7780,
19:
1X: 1E, 3X, 59, 78, E6, 134, 1E0, 3X0,
1E:
20: 168, 200, 2X8, 480, 794, 880, X00, 1200, 1254, 1828, 1E40, 2200, 3740, 5080, 5X00, 8514, XX00, 13200, 21340, 63X00,
21:
22:
23:
24: 25, 4X, 73, 98, 101, 126, 174, 202, 250, 303, 328, 404, 4X0, 606, 808, 980, 1010, 1414, 2020, 4040,
25:
26: 27, 52, 65, 79, 83, X4, 10X, 136, 146, 161, 173, 188, 1E3, 218, 245, 270, 290, 302, 326, 3X6, 434, 463, 48X, 499, 520, 560, 604, 650, 713, 790, 906, 958, 976, 1008, 10X0, 1169, 1226, 1360, 146E, 1610, 16E4, 1730, 1939, 2316, 2450, 291X, 3020, 3260, 3676, 4189, 4630, 48X0, 5638, 7130, 8356, 9060, E074, 10523, 12260, 146E0, 20X46, 291X0, 41890, 83560,
27:
28: X8, 280, 454, 1140, 1314, 3940, 6368, 16X80,
29:
2X:
2E:
30: 31, 62, 7E, 93, E3, 104, 135, 13X, 166, 187, 197, 1X6, 1E9, 208, 214, 239, 253, 26X, 278, 300, 310, 341, 352, 372, 390, 3X3, 3E6, 414, 475, 476, 4X6, 4X7, 518, 519, 534, 549, 5E3, 620, 640, 669, 682, 6X4, 6E3, 724, 760, 786, 7E0, 86E, 8EE, 92X, 930, 990, 992, X03, X34, X36, X68, X96, E69, EX6, 1001, 1023, 1040, 1116, 1144, 1188, 11X3, 11X6, 1248, 1279, 1294, 1300, 1350, 1353, 13X0, 1423, 1485, 1509, 151X, 1599, 15EX, 1658, 1660, 1700, 1760, 1764, 1806, 1868, 1870, 1900, 1970, 1E16, 1E47, 1E90, 2002, 2046, 204E, 2189, 2230, 2288, 22E9, 2354, 2386, 2390, 2494, 2536, 2609, 26X0, 26X6, 2780, 2846, 294X, 2X16, 2X21, 2X38, 2X83, 2E76, 2EE8, 3003, 30E4, 3100, 3300, 3308, 3410, 3520, 3569, 3720, 37E3, 3840, 3X30, 3X39, 3X92, 3E60, 4004, 4069, 4090, 409X, 4213, 4356, 4460, 4554, 45E6, 4750, 4760, 4900, 4X70, 5005, 5016, 5180, 5190, 5357, 5490, 5698, 5830, 5842, 5874, 5946, 5X19, 5E30, 5EE4, 6006, 6129, 61X8, 6523, 6614, 6820, 68E3, 6X40, 6E16, 7139, 7240, 73X6, 7623, 7860, 7876, 7964, 7E00, 8008, 8116, 8160, 8178, 8426, 8663, 86E0, 8900, 8EE0, 9009, 92X0, 9300, 98XE, 9920, X00X, X030, X360, X483, X6E2, X960, XE99, E100, E174, E460, E484, E528, E690, E836, EX60, EEX8, 10010, 10256, 10639, 10X46, 11440, 115X6, 11X30, 12276, 122X5, 12790, 13013, 13046, 13500, 13530, 13708, 13X49, 14014, 14230, 14300, 14334, 14850, 15106, 151X0, 15653, 15EX0, 16016, 16383, 16580, 17369, 1759X, 17640, 18018, 18060, 18299, 18700, 18946, 191X4, 19700, 19E76, 1X328, 1X900, 1X948, 1E160, 1E470, 1E900, 20020, 204E0, 21076, 21769, 21890, 2253E, 22E90, 23023, 23860, 24530, 2458X, 25289, 25360, 26026, 26090, 26X60, 27214, 27896, 28460, 28668, 29300, 294X0, 2X210, 2X380, 2E0X6, 2EE80, 30030, 30746, 31031, 316E3, 32716, 32E78, 34034, 34100, 34576, 35690, 36388, 36873, 37E30, 39039, 39694, 3X300, 3X920, 3E723, 40040, 409X0, 42130, 43316, 43560, 44739, 44X7X, 45E60, 46046, 46E09, 47500, 48X60, 48E58, 4X556, 4X700, 50050, 50160, 51900, 53570, 54900, 56980, 58420, 5X190, 60060, 61290, 62062, 631X6, 64X83, 65230, 65E34, 673E9, 68068, 68E30, 6E160, 70754, 71526, 73823, 73X60, 76076, 79640, 7E246, 81780, 84260, 86630, 86E00, 89276, 89938, 8EE00, 90090, 91X16, 93093, 95900, 95XE4, 98XE0, X00X0, X0300, X6E20, X8199, E30E3, E4840, E8360, EX969, 100100, 102560, 104104, 106390, 109946, 10X460, 10EX68, 1127E6, 115X60, 11X300, 122X50, 127446, 127900, 130130, 135135, 13X490, 148500, 151060, 156530, 157674, 160160, 163830, 166166, 16E9X8, 1759X0, 179EE3, 180180, 191X40, 194376, 19E069, 1X61X6, 1E4700, 1E9716, 204E00, 208208, 210760, 217690, 218900, 2253E0, 22E900, 239239, 2458X0, 252890, 260260, 26X26X, 278960, 280553, 2X2100, 2E0X60, 2E3128, 300300, 307460, 310310, 32E780, 337EX6, 368730, 37X116, 390390, 3X33X3, 3E7230, 414414, 421300, 433160, ..., 3X33X300
31:
32:
33:
34: 35, 6X, X3, 118, 151, 186, 234, 254, 2X2, 317, 350, 433, 468, 568, 584, 632, 6X0, 715, 740, 866, 914, 949, E48, 1028, 1064, 1180, 122X, 137E, 1480, 1510, 1696, 1943, 1X94, 2108, 2340, 2458, 273X, 2X20, 3080, 3170, 3686, 3968, 3XE9, 4214, 48E4, 5114, 5278, 5840, 6320, 6637, 7150, 79E6, 8428, 95X8, X534, E480, 10640, 11072, 122X0, 13340, 137E0, 16E94, 176X9, 18X68, 21080, 22124, 24580, 273X0, 33196, 35914, 44248, 48E40, 52780, 66370, 88494, X5340, 110720, 154968, 221240, 442480,
35:
36: 37, 41, 72, 82, X9, 103, 124, 144, 196, 206, 211, 248, 283, 288, 309, 370, 410, 422, 546, 616, 633, 720, 820, 844, X90, 1030, 1066, 1277, 1488, 1699, 1960, 2060, 2110, 2532, 3176, 37X9, 4220, 4X64, 6330, 7396, 9908, XE83, 10660, 12770, 19E46, 25320, 37X90, 73960,
37:
38: 97, 172, 249, 268, 324, 496, 648, 780, 970, 1094, 1720, 3240,
39:
3X: 3E, 7X, E9, 138, 1E6, 274, 3E0, 7X0,
3E:
40: 9E, 109, 165, 17X, 216, 259, 30X, 314, 338, 400, 417, 430, 473, 4E6, 539, 594, 618, 674, 753, 781, 832, 860, 926, 940, 9E0, X76, X8E, 1034, 1049, 1128, 1199, 12X6, 1342, 1368, 1464, 1500, 1540, 1650, 17X0, 1800, 1930, 195X, 1E03, 2068, 2096, 2254, 2376, 2400, 24X8, 2590, 2684, 2829, 2908, 2X00, 30X0, 3123, 3380, 3454, 3660, 36E8, 3X06, 3X80, 4114, 4170, 4400, 44X8, 4587, 4730, 4E60, 5148, 5456, 5614, 5800, 5909, 6180, 6246, 6740, 7100, 71E4, 7280, 7810, 8083, 8228, 8320, 8E52, 9260, 9E00, X140, X294, X8E0, E028, E616, E800, 10340, 10490, 11280, 11519, 12200, 123X8, 13420, 14146, 14640, 14X28, 15XX4, 16500, 17X00, 18568, 195X0, 19800, 1X054, 1E030, 20680, 20960, 22X36, 24400, 24794, 26400, 26840, 28290, 29080, 2E988, 30X00, 33800, 34353, 34E14, 36E80, 3X060, 41700, 42680, 45870, 49368, 51480, 54560, 56140, 5E754, 61800, 686X6, 71E40, 78100, 83200, 8E520, X2940, X8E00, EE2X8, 107800, 115190, 123X80, 134200, 146400, 15XX40, 195X00, 1EX594, 22X360, 268400, 2E9880, 36E800, ..., 15XX400
