2: 2, 3, 4, 5, 6, 7, 8, 9, 10, 12, 13, 14, 15, 16, 17, 19, 22, 24, 26, 27, 30, 31, 32, 33, 34, 38, 40, 42, 46, 49, 56, 61, 62, 65, 69, 77, 78, 80, 85, 86, 89, 90, 93, 98, 107, 120, 122, 126, 127, 129, 133, 145, 150, 158, 165, 170, 174, 184, 192, 195, 202, 208, 234, 254, 261, 280, 296, 312, 322, 334, 345, 366, 374, 382, 398, 410, 414, 425, 447, 471, 507, 521, 550, 567, 579, 590, 600, 607, 626, 690, 694, 712, 745, 795, 816, 897, 909, 954, 990, 1106, 1192, 1224, 1230, 1279, 1384, 1386, 1402, 1464, 1512, 1554, 1562, 1600, 1670, 1683, 1727, 1781, 1834, 1904, 1990, 1992, 2008, 2037, 2203, 2281, 2298, 2353, 2406, 2456, 2499,
3: 2, 3, 4, 5, 6, 8, 9, 12, 14, 15, 17, 18, 20, 22, 24, 27, 28, 29, 31, 39, 44, 45, 48, 53, 54, 59, 68, 70, 76, 80, 101, 120, 125, 138, 164, 166, 170, 174, 192, 212, 213, 224, 230, 264, 267, 277, 298, 320, 330, 355, 370, 399, 430, 436, 446, 504, 546, 570, 633, 638, 647, 668, 670, 685, 687, 812, 824, 848, 872, 884, 895, 960, 1025, 1036, 1061, 1088, 1104, 1111, 1170, 1198, 1199, 1200, 1233, 1254, 1257, 1294, 1340, 1440, 1820, 1832, 2057, 2178, 2190, 2271, 2381,
4: 2, 3, 6, 7, 8, 9, 10, 12, 17, 21, 24, 25, 32, 33, 35, 38, 51, 59, 74, 80, 81, 91, 92, 96, 115, 120, 133, 156, 159, 183, 216, 243, 264, 283, 291, 311, 333, 345, 346, 351, 383, 385, 422, 442, 454, 477, 499, 521, 541, 599, 602, 621, 669, 703, 912, 1193, 1200, 1238, 1587, 1690, 1815, 1893, 1946, 1954, 1993, 2104, 2162, 2294, 2409, 2474,
5: 3, 4, 8, 10, 14, 20, 30, 33, 36, 38, 43, 48, 56, 58, 59, 60, 77, 78, 104, 122, 138, 160, 191, 223, 253, 274, 284, 304, 321, 349, 390, 392, 452, 480, 484, 504, 527, 563, 568, 709, 722, 743, 747, 864, 920, 1170, 1184, 1460, 1562, 1576, 1663, 1670, 1766, 1923, 2070, 2148, 2181, 2249, 2308, 2354, 2428, 2483,
6: 2, 4, 5, 6, 10, 11, 12, 13, 15, 16, 18, 23, 25, 28, 30, 32, 34, 61, 68, 78, 83, 90, 102, 108, 126, 168, 189, 234, 304, 344, 351, 421, 485, 534, 603, 612, 620, 656, 695, 794, 818, 846, 870, 951, 1039, 1098, 1286, 1432, 1511, 1552, 1963, 2091, 2231, 2324, 2334,
7: 2, 3, 6, 7, 8, 12, 15, 18, 24, 29, 32, 35, 41, 48, 67, 98, 106, 117, 132, 147, 166, 220, 247, 308, 344, 387, 418, 567, 801, 872, 899, 921, 974, 988, 1015, 1158, 1250, 1327, 1399, 1470, 1486, 1560, 1628, 2027, 2295, 2323, 2494,
8: 4, 7, 11, 12, 14, 17, 20, 24, 26, 29, 31, 32, 35, 62, 68, 76, 79, 86, 102, 113, 129, 131, 139, 144, 205, 216, 264, 350, 355, 405, 538, 544, 560, 663, 706, 731, 766, 792, 870, 894, 895, 896, 915, 1010, 1038, 1050, 1238, 1472, 1536, 1658, 1731, 1754, 1826, 1883, 1941, 2050, 2136, 2222,
9: 2, 6, 7, 8, 9, 14, 26, 29, 31, 38, 51, 54, 64, 67, 72, 78, 81, 96, 149, 152, 159, 160, 200, 221, 238, 270, 343, 365, 368, 392, 401, 437, 490, 530, 583, 609, 614, 632, 744, 759, 846, 854, 1096, 1232, 1238, 1261, 1274, 1390, 1565,
10: 2, 3, 4, 7, 8, 11, 12, 14, 18, 19, 29, 36, 119, 134, 146, 153, 159, 168, 182, 212, 216, 230, 401, 536, 709, 840, 951, 1038, 1080, 1146, 1267, 1578, 1902, 2057, 2070, 2157, 2182, 2195,
11: 3, 5, 9, 12, 19, 20, 24, 27, 28, 56, 64, 91, 100, 106, 108, 110, 245, 260, 288, 311, 317, 319, 327, 516, 578, 728, 822, 842, 950, 1088, 1104, 1120, 1129, 1294, 2121, 2282, 2330,
12: 2, 3, 7, 21, 27, 30, 36, 39, 40, 48, 68, 69, 89, 94, 101, 112, 125, 130, 147, 176, 216, 240, 252, 258, 293, 330, 415, 802, 1018, 1053, 1056, 1157, 1832, 1904, 2275, 2489,
13: 4, 6, 8, 17, 18, 22, 26, 31, 41, 47, 55, 64, 86, 109, 124, 134, 144, 145, 160, 163, 170, 176, 208, 218, 294, 304, 324, 355, 403, 413, 481, 492, 516, 544, 576, 620, 643, 780, 792, 801, 1125, 1194, 1386, 1434, 1595, 1711, 1928, 2118, 2459,
14: 3, 8, 11, 14, 15, 21, 26, 40, 50, 55, 83, 84, 120, 161, 268, 327, 461, 535, 622, 659, 686, 810, 1129, 2190, 2276,
15: 2, 3, 4, 6, 8, 18, 20, 21, 24, 32, 40, 43, 50, 60, 112, 164, 173, 180, 193, 234, 254, 454, 583, 616, 804, 1080, 1134, 1160, 1165, 1220, 1362, 1413, 1533, 2018, 2257,
16: 2, 6, 10, 15, 25, 26, 43, 48, 54, 56, 68, 105, 211, 303, 376, 434, 468, 580, 777, 798, 1160, 1248, 1523, 1539, 1566, 1579, 1693, 1751, 2200, 2471,
17: 5, 7, 8, 15, 21, 24, 33, 36, 56, 66, 69, 79, 80, 82, 124, 147, 148, 171, 180, 184, 194, 234, 244, 265, 305, 371, 390, 392, 410, 416, 471, 523, 530, 571, 864, 868, 896, 1242, 1312, 1470, 1545, 2414,
18: 3, 4, 6, 9, 13, 16, 42, 44, 71, 88, 94, 106, 155, 164, 168, 190, 339, 510, 516, 628, 690, 695, 800, 846, 1060, 1272, 1500, 1653, 1827, 2266, 2500,
19: 2, 10, 18, 28, 30, 33, 36, 50, 119, 175, 216, 236, 352, 357, 446, 622, 627, 759, 1467, 1607, 1638, 1645, 1873, 2216,
20: 4, 5, 9, 17, 20, 22, 36, 75, 96, 98, 109, 183, 194, 533, 866, 1177, 1296, 1456, 1533, 1979,
21: 2, 6, 9, 19, 21, 30, 41, 43, 50, 56, 106, 114, 168, 245, 248, 337, 479, 576, 818, 885, 1150, 1285, 1461, 1640, 1718, 2264, 2329,
22: 2, 6, 10, 14, 18, 24, 26, 27, 32, 34, 40, 48, 50, 52, 58, 80, 105, 127, 147, 195, 248, 334, 413, 424, 501, 877, 994, 1006, 1953, 2120, 2279, 2434, 2450,
23: 4, 12, 20, 22, 28, 48, 49, 64, 110, 180, 229, 234, 241, 246, 297, 354, 375, 393, 429, 452, 483, 492, 495, 507, 540, 591, 673, 680, 729, 777, 912, 1016, 1026, 1258, 1260, 1475, 2000, 2088, 2442, 2491,
24: 2, 3, 12, 16, 22, 24, 31, 36, 84, 124, 135, 164, 168, 196, 234, 285, 340, 356, 368, 398, 460, 481, 483, 520, 584, 825, 968, 1261, 1418, 1555, 1738, 1815,
25: 3, 4, 5, 6, 15, 27, 28, 29, 46, 174, 192, 202, 209, 234, 258, 290, 336, 670, 705, 783, 1124, 1266, 1298, 1725, 1885, 1939, 1941, 2070,
26: 3, 4, 7, 8, 10, 12, 15, 21, 25, 26, 65, 69, 97, 109, 124, 164, 336, 401, 431, 649, 895, 1026, 1040, 1066, 1280, 1419, 1646, 1691, 1815, 1872, 2044,
27: 2, 8, 9, 12, 13, 28, 30, 49, 56, 75, 88, 124, 157, 170, 190, 206, 219, 294, 626, 924, 976, 1254, 1294, 1299, 1332, 1785, 1858, 2052, 2156,
28: 3, 5, 6, 8, 19, 26, 31, 34, 48, 95, 144, 154, 165, 257, 284, 335, 343, 360, 460, 528, 773, 872, 1161, 1248, 1808, 1875,
29: 3, 21, 25, 28, 42, 51, 68, 74, 84, 156, 176, 216, 294, 444, 495, 845, 1005, 1083, 1368, 1989, 2394,
30: 2, 4, 9, 30, 33, 34, 45, 54, 66, 72, 75, 76, 84, 98, 149, 206, 244, 283, 316, 340, 376, 583, 611, 633, 680, 738, 830, 853, 954, 1476, 1741, 1750,
31: 2, 3, 4, 5, 9, 14, 15, 52, 95, 132, 144, 148, 174, 186, 211, 232, 306, 696, 704, 856, 954, 1150, 1647, 1694, 1812, 2100,
32: 5, 8, 12, 15, 26, 30, 32, 62, 104, 120, 123, 176, 198, 256, 693, 730, 763, 901, 1113, 1209, 1338, 1427, 1445, 1713, 2357,
33: 3, 4, 7, 16, 20, 30, 35, 74, 143, 159, 174, 220, 329, 412, 420, 446, 483, 547, 777, 1135, 1684, 1911, 2304, 2480,
34: 2, 6, 8, 12, 14, 16, 23, 34, 57, 58, 63, 75, 78, 80, 95, 102, 114, 116, 154, 162, 210, 211, 236, 326, 351, 445, 715, 797, 1181, 1298, 1485, 1500, 1710, 1963, 2052, 2304,
35: 3, 4, 5, 8, 9, 11, 28, 32, 68, 76, 85, 99, 111, 121, 143, 157, 175, 184, 200, 220, 246, 290, 332, 366, 538, 544, 748, 753, 806, 960, 1042, 1244, 1354, 2108, 2155,
36: 2, 4, 5, 7, 16, 23, 28, 30, 34, 42, 54, 77, 84, 94, 138, 234, 246, 390, 417, 558, 868, 980, 1207, 1351, 1449,
37: 2, 8, 10, 15, 24, 27, 30, 78, 83, 104, 113, 129, 134, 174, 275, 308, 327, 424, 588, 834, 1230, 1380, 1429, 1796, 1816, 2180, 2262, 2323, 2370,
38: 3, 8, 20, 30, 34, 45, 69, 95, 118, 188, 204, 224, 256, 379, 383, 518, 526, 594, 598, 708, 736, 867, 930, 1014, 1286, 1373, 1414, 1609, 1726, 1780, 1929, 2193, 2338,
39: 3, 6, 7, 8, 10, 12, 13, 18, 26, 41, 45, 48, 150, 192, 201, 328, 374, 517, 550, 734, 762, 770, 792, 2188,
40: 2, 4, 10, 16, 28, 37, 38, 45, 61, 94, 156, 204, 227, 309, 340, 360, 385, 405, 525, 665, 732, 858, 900, 926, 928, 1032, 1163, 1412, 1728, 1948, 1994, 2473, 2474,
41: 7, 8, 11, 13, 27, 67, 80, 159, 184, 188, 220, 278, 585, 634, 636, 970, 1051, 1071, 1194, 1263, 1387, 1632, 2148, 2412,
42: 2, 3, 5, 6, 9, 15, 25, 32, 34, 36, 38, 47, 60, 67, 70, 81, 82, 86, 103, 138, 170, 242, 294, 299, 308, 326, 336, 352, 640, 784, 903, 974, 1158, 1365, 2045, 2090,
43: 3, 4, 12, 13, 16, 21, 22, 43, 72, 81, 84, 86, 129, 211, 220, 294, 318, 448, 549, 645, 689, 777, 805, 1383, 1517, 1563, 1848, 2165, 2484,
44: 8, 37, 78, 85, 90, 114, 259, 283, 290, 318, 404, 450, 594, 954, 1633,
45: 2, 5, 10, 18, 20, 24, 45, 63, 77, 81, 86, 151, 195, 223, 282, 302, 313, 422, 469, 549, 570, 588, 690, 837, 974, 1032, 1277, 1296, 1356, 1410, 1872, 2000, 2230, 2485,
46: 3, 20, 32, 34, 55, 76, 124, 187, 395, 399, 466, 510, 717, 741, 808, 969, 1050, 1087, 1462, 1645, 1650, 1879, 1928, 2218, 2455,
47: 5, 17, 33, 45, 66, 67, 73, 96, 98, 161, 201, 286, 321, 450, 480, 530, 691, 736, 765, 1073, 1473, 1674, 1884,
48: 4, 25, 26, 35, 39, 45, 54, 60, 62, 119, 140, 200, 207, 237, 287, 360, 404, 678, 850, 1262, 1305, 1795, 1809, 1820, 1865, 2295, 2453,
49: 2, 3, 7, 8, 9, 48, 77, 80, 379, 387, 447, 456, 612, 624, 644, 649, 703, 745, 765, 932, 982, 1253, 1534, 1988, 2049, 2065,
50: 3, 10, 30, 31, 40, 42, 57, 67, 72, 80, 154, 174, 197, 225, 351, 405, 475, 645, 774, 870, 978, 1030, 2473, 2477,
51: 2, 4, 6, 7, 10, 36, 46, 92, 139, 155, 158, 189, 190, 207, 383, 458, 578, 688, 1034, 1122, 1187, 1560, 2012, 2074,
52: 2, 12, 15, 29, 62, 72, 108, 109, 162, 168, 179, 198, 560, 899, 982, 987, 1122, 1246, 1378, 1478, 1496, 1670, 2052, 2395, 2440,
53: 3, 12, 15, 19, 24, 29, 35, 37, 39, 42, 45, 48, 66, 86, 170, 236, 333, 510, 534, 629, 724, 794, 834, 1235, 1526, 1560, 1570, 1879, 1900, 2030, 2184, 2499,
54: 2, 9, 14, 54, 56, 106, 174, 207, 250, 292, 309, 330, 441, 451, 479, 1129, 1140, 1434, 1440, 1538, 1911, 2298, 2363,
55: 2, 5, 6, 7, 8, 9, 30, 33, 38, 40, 45, 50, 54, 58, 65, 92, 102, 116, 169, 200, 326, 572, 622, 701, 712, 724, 855, 1053, 1078, 1617, 2090,
56: 3, 14, 17, 30, 34, 50, 90, 120, 132, 144, 228, 293, 395, 546, 576, 740, 780, 850, 958, 1303, 1694, 2043,
57: 2, 19, 32, 54, 63, 84, 102, 111, 168, 238, 318, 418, 616, 640, 769, 773, 780, 946, 1016, 1130, 1194, 1347, 1506,
58: 5, 6, 9, 14, 24, 30, 42, 48, 55, 99, 116, 182, 320, 488, 660, 735, 844, 1305, 1770, 2040, 2340,
59: 3, 7, 14, 33, 38, 58, 108, 130, 132, 168, 261, 278, 365, 442, 534, 781, 792, 1040, 1123, 1146, 1341, 1837,
60: 6, 18, 20, 26, 75, 100, 130, 225, 290, 350, 436, 543, 624, 721, 1024, 1127, 1241, 1706, 1807,
61: 4, 10, 20, 21, 24, 54, 60, 87, 104, 134, 198, 226, 234, 324, 407, 510, 553, 580, 648, 708, 722, 790, 1070, 1205, 1594, 2134,
62: 17, 23, 39, 104, 225, 275, 305, 339, 360, 407, 408, 421, 698, 788, 813, 1185, 1303, 1521, 2040, 2076, 2146, 2214, 2274, 2276, 2365,
63: 3, 6, 12, 14, 30, 40, 59, 70, 74, 80, 81, 100, 122, 219, 220, 300, 382, 432, 454, 662, 786, 814, 1082, 1473, 1508, 2372, 2387,
64: 2, 3, 8, 11, 15, 31, 50, 82, 84, 90, 134, 159, 349, 372, 379, 428, 608, 780, 1239, 1935, 2094, 2173, 2427,
65: 5, 12, 28, 31, 62, 66, 120, 140, 141, 156, 240, 258, 294, 316, 340, 390, 936, 950, 986, 1218, 2192,
66: 2, 4, 7, 10, 14, 20, 47, 50, 55, 61, 73, 85, 94, 138, 140, 150, 168, 203, 256, 317, 335, 455, 680, 753, 906, 1066, 1079, 1340, 1911, 1920, 2165, 2358, 2390,
67: 3, 5, 6, 10, 16, 28, 32, 43, 48, 114, 120, 145, 184, 228, 304, 393, 514, 678, 847, 1145, 1196, 1326, 1688, 1794, 2070, 2095, 2229, 2399, 2469,
68: 3, 8, 14, 30, 33, 38, 56, 60, 75, 86, 165, 175, 178, 216, 247, 251, 744, 1017, 1136, 1169, 1218, 1242, 1666, 1797, 1914, 2178,
69: 2, 8, 12, 16, 17, 18, 28, 49, 55, 63, 120, 124, 196, 249, 254, 264, 282, 398, 484, 560, 562, 568, 596, 612, 847, 990, 1076, 1543, 1590, 1700, 2019, 2073, 2112, 2385,
70: 2, 4, 6, 11, 21, 22, 72, 102, 122, 325, 385, 528, 632, 925, 987, 1065, 1301, 1722, 1815,
71: 4, 12, 15, 20, 32, 38, 42, 47, 63, 72, 76, 139, 224, 227, 230, 244, 394, 960, 1085, 1192, 1340, 1576, 1617, 1957, 2120, 2248, 2339,
72: 6, 10, 12, 14, 18, 44, 48, 61, 88, 99, 117, 130, 138, 220, 237, 250, 357, 444, 724, 1040, 1746, 2126, 2157,
73: 4, 8, 19, 22, 74, 82, 83, 118, 140, 255, 323, 333, 497, 816, 858, 896, 1091, 1158, 1794, 1908, 2177, 2229,
74: 9, 23, 30, 38, 40, 45, 50, 72, 129, 168, 193, 267, 332, 495, 552, 811, 898, 1650, 1744, 1755, 1925, 2132, 2172, 2450,
75: 2, 3, 8, 12, 20, 36, 48, 49, 53, 84, 101, 121, 198, 202, 223, 518, 738, 781, 1010, 1044, 1224, 1379, 1461, 1530, 1564, 1699, 1830,
76: 2, 5, 6, 18, 24, 25, 32, 42, 55, 61, 75, 97, 167, 234, 426, 433, 690, 944, 1017, 1098, 1394, 1503, 1688,
77: 10, 16, 19, 27, 49, 51, 87, 88, 90, 101, 111, 138, 188, 194, 220, 415, 438, 466, 519, 564, 592, 602, 633, 663, 730, 1137, 1145, 1602, 1650, 1796, 2196,
78: 6, 7, 20, 22, 33, 105, 152, 264, 396, 514, 702, 766, 1073, 1182, 1440, 1521, 2230,
79: 2, 5, 6, 7, 8, 16, 41, 42, 74, 77, 79, 124, 144, 171, 178, 196, 218, 297, 320, 332, 480, 625, 758, 1376, 1444, 1646, 1700,
80: 4, 7, 49, 52, 65, 70, 87, 208, 259, 277, 1638, 1910, 1914, 1991, 2106,
81: 3, 6, 10, 12, 27, 32, 43, 57, 60, 72, 84, 113, 157, 170, 269, 387, 400, 428, 474, 709, 1109, 1461, 1653, 1718, 2027,
82: 2, 3, 12, 13, 14, 50, 86, 104, 298, 758, 787, 797, 857, 934, 1140, 1284, 1613, 1734, 2138,
83: 4, 8, 15, 26, 55, 98, 184, 188, 331, 332, 442, 458, 796, 933, 1232, 1368, 2224,
84: 2, 14, 18, 24, 41, 51, 67, 134, 145, 202, 265, 278, 414, 465, 474, 484, 623, 872, 951, 1083, 1185, 1605, 1623,
85: 4, 27, 28, 38, 45, 52, 74, 84, 88, 90, 95, 123, 150, 179, 209, 254, 465, 479, 717, 735, 798, 1012, 1067, 1240, 1449,
86: 4, 5, 9, 11, 25, 27, 56, 57, 62, 69, 86, 99, 103, 104, 153, 192, 227, 348, 512, 585, 588, 605, 630, 642, 656, 663, 758, 763, 966, 981, 1170, 1456, 1637, 1638, 2067,
87: 2, 3, 26, 46, 47, 48, 75, 92, 150, 512, 574, 603, 925, 1046, 1180, 1404, 1476, 1736, 2185,
88: 4, 5, 7, 8, 19, 20, 24, 35, 44, 54, 124, 126, 132, 140, 241, 244, 326, 394, 607, 654, 675, 692, 707, 725, 894, 1150, 1995,
89: 3, 5, 8, 12, 124, 189, 234, 260, 264, 455, 539, 540, 582, 660, 997, 1145, 1245, 1594, 2091,
90: 2, 6, 8, 20, 22, 32, 34, 48, 109, 122, 161, 164, 222, 229, 372, 385, 474, 578, 744, 1650, 1887, 2122, 2218,
91: 2, 3, 4, 6, 16, 18, 24, 36, 56, 70, 85, 92, 101, 350, 455, 471, 490, 706, 740, 951, 963, 1094, 1117, 1440, 1524, 2061, 2370,
92: 3, 22, 34, 42, 48, 77, 84, 117, 184, 192, 206, 252, 442, 827, 902, 912, 1068, 1113, 1878, 2016,
93: 17, 25, 26, 42, 44, 76, 164, 261, 315, 381, 456, 470, 609, 768, 794, 798, 994, 1452, 1538, 1592, 1618, 2126, 2128, 2188, 2295,
94: 3, 10, 24, 32, 38, 57, 79, 80, 84, 114, 147, 166, 216, 259, 670, 836, 868, 960, 1037, 1042, 1230, 1367, 1500, 1937,
95: 51, 56, 61, 72, 125, 138, 157, 160, 234, 426, 494, 765, 823, 858, 877, 927, 942, 1284, 1790, 1872, 2145, 2286, 2460,
96: 2, 3, 7, 10, 14, 22, 33, 70, 114, 128, 243, 263, 300, 347, 688, 720, 1039, 1198, 1324, 1348, 1735, 1821, 2000,
97: 2, 27, 32, 42, 45, 60, 85, 152, 306, 621, 885, 1030, 1083, 1111, 1256, 1307, 1326, 2183,
98: 4, 7, 8, 24, 30, 36, 38, 49, 68, 150, 264, 361, 635, 692, 806, 1056, 1218, 1338, 1814, 2306, 2494,
99: 2, 8, 12, 28, 50, 56, 87, 96, 111, 144, 203, 205, 352, 709, 784, 885, 913, 1292, 1300, 1343, 1371, 1375, 1420, 1513, 1574, 2057, 2118, 2160, 2388,
100: 2, 4, 5, 6, 15, 19, 20, 27, 50, 59, 138, 188, 328, 344, 484, 489, 546, 1013, 1853, 2371, 2452,
101: 4, 24, 34, 43, 51, 59, 64, 91, 96, 121, 158, 213, 279, 390, 459, 661, 1079, 1234, 1292, 1597, 1631, 1690, 2080, 2289,
102: 5, 6, 12, 32, 40, 43, 78, 85, 120, 162, 177, 268, 438, 565, 590, 633, 679, 829, 958, 1012, 1022, 1180, 1245, 1264, 1360, 1422, 1766, 1958,
103: 4, 9, 13, 14, 20, 22, 31, 54, 72, 104, 120, 168, 186, 302, 446, 547, 566, 585, 673, 1650, 1855, 1986, 2196, 2226, 2465, 2489,
104: 7, 12, 22, 52, 56, 150, 170, 214, 229, 257, 287, 289, 324, 497, 696, 984, 1208, 1351, 1622, 1874, 2207,
105: 4, 5, 8, 9, 12, 44, 67, 70, 186, 195, 324, 408, 420, 435, 510, 535, 613, 620, 826, 981, 1071, 1334, 1664, 2018,
106: 2, 3, 6, 8, 10, 30, 49, 152, 159, 185, 208, 269, 372, 434, 500, 597, 942, 1261, 1266, 1348, 1562, 1971,
107: 122, 168, 204, 230, 266, 328, 342, 801, 875, 897, 994, 1410, 1545, 1677, 2068, 2149,
108: 27, 59, 61, 90, 106, 124, 126, 268, 347, 354, 488, 903, 1334, 1770, 2181,
109: 3, 19, 66, 208, 272, 317, 353, 406, 555, 979, 1147, 1205, 1571, 1731,
110: 4, 5, 8, 10, 12, 17, 24, 50, 57, 129, 147, 183, 192, 220, 233, 335, 492, 529, 639, 716, 762, 812, 1094, 1191, 1322, 2170, 2244, 2297, 2412,
111: 4, 5, 6, 8, 24, 25, 57, 114, 181, 255, 462, 497, 647, 825, 900, 1003, 1012, 1118, 1470, 1480, 2259,
112: 2, 6, 8, 12, 38, 48, 56, 60, 65, 113, 174, 209, 300, 308, 426, 588, 689, 724, 1022, 1374, 1833, 2282,
113: 5, 7, 20, 22, 48, 92, 103, 106, 160, 188, 234, 278, 282, 576, 715, 756, 786, 1436, 1789, 2181,
114: 2, 16, 75, 77, 119, 171, 351, 360, 444, 564, 621, 688, 2074, 2089,
115: 2, 9, 57, 60, 104, 105, 126, 139, 147, 182, 206, 340, 354, 362, 372, 477, 527, 528, 960, 1143, 1436, 1482, 1587,
116: 4, 66, 69, 189, 269, 279, 300, 317, 384, 407, 532, 546, 728, 922, 1064, 1738, 1932, 2000,
117: 2, 14, 32, 40, 44, 48, 72, 75, 84, 110, 169, 177, 490, 620, 668, 875, 1120, 1350, 1400, 1508, 1622, 1632, 1698, 1760, 2176, 2468,
118: 6, 7, 12, 15, 30, 86, 122, 320, 424, 538, 657, 667, 774, 827, 844, 984, 1004,
119: 13, 16, 26, 56, 57, 59, 68, 93, 102, 103, 146, 147, 205, 231, 244, 260, 323, 470, 515, 2263, 2378,
120: 2, 3, 6, 7, 8, 13, 24, 38, 45, 79, 87, 117, 150, 164, 273, 316, 349, 397, 721, 775, 1279, 1750, 2310, 2358, 2378,
121: 2, 5, 14, 15, 82, 121, 142, 164, 880, 1036, 1282, 1375, 1994,
122: 5, 8, 10, 24, 41, 46, 72, 112, 142, 159, 186, 225, 313, 676, 835, 837, 874, 1218, 1257, 1497,
123: 4, 7, 8, 12, 23, 49, 62, 75, 77, 114, 126, 132, 140, 174, 210, 368, 426, 542, 1122, 1306, 1307, 1416, 1586, 1706, 1796,
124: 3, 8, 53, 63, 82, 117, 134, 332, 356, 462, 604, 638, 774, 1039,
125: 15, 46, 72, 90, 96, 100, 106, 360, 750, 954, 1484, 2132, 2362,
126: 2, 3, 76, 82, 213, 394, 578, 691, 862, 990, 1120, 1138, 1306, 1490, 1500, 1710, 1842, 2274,
127: 36, 39, 41, 42, 93, 110, 196, 234, 263, 286, 305, 332, 380, 390, 452, 608, 948, 1029, 1174, 1209, 1396, 1476, 1762, 2293, 2316,
128: 32, 59, 71, 76, 100, 132, 144, 249, 296, 367, 372, 436, 473, 545, 610, 621, 882, 989, 1080, 1381, 1390, 1665, 1672, 1928, 2001,
129: 2, 3, 14, 45, 48, 71, 79, 88, 170, 326, 347, 360, 409, 463, 631, 645, 826, 944, 1308, 1509, 1550, 1584, 1660, 1704, 1836, 1935, 2288,
130: 3, 8, 12, 16, 26, 33, 56, 187, 192, 203, 207, 300, 446, 458, 486, 552, 592, 705, 780, 1209, 1695, 1824, 1828, 1840, 1842, 2049, 2163, 2328,
131: 4, 12, 44, 68, 74, 114, 144, 290, 417, 732, 972, 1126, 1330, 1499, 1617, 1968, 2022,
132: 2, 6, 9, 14, 34, 35, 85, 101, 115, 121, 125, 151, 160, 197, 216, 274, 417, 549, 552, 939, 1386, 1681, 2022, 2271, 2350,
133: 12, 46, 167, 168, 195, 252, 360, 364, 604, 705, 803, 896, 1056, 1707, 2198,
134: 12, 30, 80, 145, 198, 258, 412, 488, 616, 665, 702, 2128, 2445, 2466,
135: 2, 7, 9, 20, 28, 33, 44, 58, 66, 152, 162, 171, 210, 282, 337, 442, 498, 525, 606, 652, 671, 1234, 1302, 1472, 1519,
136: 2, 4, 7, 12, 20, 26, 53, 96, 103, 123, 124, 172, 236, 330, 345, 368, 580, 621, 824, 889, 926, 974, 1014, 1096, 1132, 1171, 1227, 1569, 1699, 1730, 1908, 2064, 2242, 2252,
137: 3, 9, 42, 56, 57, 60, 125, 294, 351, 370, 622, 693, 1346, 1564, 1632, 1757, 2187,
138: 4, 12, 14, 20, 24, 26, 172, 332, 544, 1144, 1270, 1472, 1577, 1737, 2355,
139: 2, 6, 35, 54, 110, 113, 154, 162, 225, 270, 323, 324, 384, 402, 460, 476, 650, 774, 968, 1115, 1182, 1214, 1629, 1646, 1984,
140: 4, 39, 46, 82, 86, 90, 93, 100, 154, 182, 234, 240, 246, 302, 480, 519, 636, 762, 830, 840, 882, 1075, 1220, 1851,
141: 2, 3, 9, 12, 13, 50, 56, 85, 106, 122, 150, 160, 173, 260, 333, 634, 882, 1162, 1182, 1221, 2256, 2373, 2450,
142: 2, 6, 7, 26, 38, 39, 60, 115, 184, 248, 464, 560, 621, 950, 1292, 1871, 2093,
143: 3, 12, 32, 66, 120, 146, 252, 281, 415, 695, 702, 1638, 1896, 2214,
144: 6, 10, 34, 42, 155, 159, 236, 268, 332, 430, 453, 480, 481, 580, 628, 674, 862, 1383, 1591, 1834, 2220, 2264, 2471,
145: 4, 5, 13, 20, 30, 31, 33, 51, 112, 120, 198, 224, 264, 292, 345, 408, 456, 538, 553, 774, 829, 867, 1190, 1352, 1455, 1951, 2081,
146: 7, 8, 15, 28, 42, 70, 101, 117, 240, 320, 572, 666, 678, 880, 1002, 1292, 1496, 1670, 1767, 2362, 2400,
147: 2, 13, 18, 19, 38, 42, 64, 66, 150, 164, 174, 296, 365, 391, 392, 445, 469, 560, 864, 899, 931, 1040, 1161, 1350,
148: 3, 6, 13, 14, 18, 19, 24, 26, 42, 45, 85, 113, 189, 210, 216, 288, 328, 379, 460, 801, 828, 993, 1074, 1214, 1325,
149: 5, 9, 12, 13, 42, 47, 68, 127, 215, 258, 360, 414, 551, 570, 870, 880, 957, 990, 1050, 1154,
150: 4, 22, 32, 40, 60, 72, 98, 140, 190, 271, 306, 492, 588, 662, 800, 917, 1751, 2488,
151: 6, 13, 22, 38, 45, 61, 80, 182, 295, 423, 581, 766, 785, 893, 1076, 1133, 1673, 1886,
152: 24, 27, 59, 60, 71, 78, 93, 170, 255, 341, 388, 436, 510, 637, 861, 1070, 2031,
153: 16, 36, 68, 104, 112, 194, 240, 246, 328, 334, 351, 375, 402, 422, 424, 692, 705, 746, 1074, 1090, 1583, 2148,
154: 2, 3, 6, 24, 48, 90, 94, 200, 468, 552, 581, 804, 1556, 1684, 1885, 2158,
155: 4, 24, 43, 64, 66, 76, 100, 106, 120, 148, 177, 192, 234, 310, 522, 587, 742, 883, 1038, 1056, 1569, 1654, 1825, 1898, 2050, 2386,
156: 2, 6, 7, 9, 12, 15, 78, 224, 231, 266, 294, 356, 410, 467, 556, 576, 859, 1144, 1154, 1221, 1370, 1389, 1848, 2316,
157: 2, 3, 7, 8, 17, 18, 30, 48, 76, 87, 129, 182, 195, 322, 360, 661, 1058, 1400,
158: 3, 4, 8, 15, 26, 37, 61, 72, 96, 122, 150, 385, 477, 489, 507, 512, 596, 1137, 1154, 1234, 1276, 1590,
159: 2, 3, 17, 80, 91, 94, 107, 195, 250, 436, 459, 510, 625, 886, 986,
160: 7, 10, 28, 34, 87, 133, 258, 360, 379, 429, 486, 527, 661, 676, 801, 824, 1016, 1502, 1644, 1802, 2310,
161: 4, 9, 13, 25, 30, 31, 51, 104, 151, 159, 219, 264, 454, 1368, 1608, 1708, 2008,
162: 6, 7, 17, 41, 57, 60, 102, 167, 170, 173, 258, 357, 386, 515, 539, 590, 720, 966, 998, 1046, 1167, 1251, 1298,
163: 4, 6, 8, 30, 32, 33, 35, 36, 40, 48, 54, 57, 84, 161, 312, 375, 389, 408, 428, 638, 780, 793, 841, 1255, 1324, 1848, 2002,
164: 8, 9, 15, 22, 24, 47, 216, 558, 702, 726, 828, 977, 1207, 1248, 1768,
165: 3, 4, 6, 15, 22, 26, 36, 39, 41, 48, 50, 57, 78, 133, 243, 352, 392, 405, 542, 566, 569, 626, 1014, 1047, 1085, 1405, 1476, 1515, 1885, 2437,
166: 2, 3, 5, 24, 33, 54, 68, 114, 220, 393, 420, 694, 720, 739, 773, 817, 825, 934, 1056, 1190, 1932,
167: 8, 13, 86, 104, 164, 186, 224, 229, 261, 274, 286, 324, 328, 1045, 1301, 2066,
168: 4, 6, 8, 30, 32, 36, 68, 78, 118, 120, 167, 210, 230, 390, 524, 582, 833, 993, 1101, 1196, 1376, 1667, 1741,
169: 2, 6, 11, 15, 21, 52, 132, 158, 186, 229, 354, 553, 776, 791, 816, 1110, 1190, 1256, 1314, 1568, 1807, 1872, 1963,
170: 12, 17, 33, 60, 67, 70, 79, 81, 86, 110, 146, 150, 344, 450, 578, 736, 812, 873, 1296, 2163,
171: 3, 10, 11, 40, 47, 126, 140, 142, 171, 200, 306, 375, 659, 756, 760, 800, 894, 1272, 1879, 1891, 1897, 2362,
172: 3, 12, 25, 28, 32, 38, 46, 66, 117, 142, 144, 222, 282, 382, 425, 574, 587, 750, 755, 962, 1077, 1335, 1337, 1457, 1550, 1706,
173: 3, 4, 7, 8, 9, 21, 39, 43, 150, 270, 282, 302, 374, 504, 675, 701, 756, 907, 934, 960, 1022, 1214, 1350, 1354, 1510, 1968, 2214,
174: 2, 6, 8, 19, 27, 50, 84, 92, 124, 187, 259, 414, 551, 933, 1138, 1385, 1442, 1838, 1848, 2340,
175: 2, 4, 5, 9, 12, 19, 27, 42, 43, 71, 87, 99, 104, 149, 218, 263, 289, 294, 314, 330, 654, 1295, 1363, 1540, 1704, 1934,
176: 3, 7, 24, 49, 50, 53, 80, 109, 267, 348, 355, 592, 684, 685, 1032, 1184, 2445, 2475,
177: 2, 6, 30, 32, 37, 159, 246, 255, 302, 425, 546, 904, 1188, 1540, 2031, 2064,
178: 18, 21, 154, 164, 176, 236, 260, 269, 300, 314, 429, 451, 702, 810, 1047, 1320, 2214, 2238,
179: 5, 12, 30, 79, 90, 112, 148, 160, 353, 416, 510, 1096, 1139, 2188, 2267,
180: 2, 3, 8, 12, 14, 27, 73, 92, 400, 403, 499, 918, 1402, 1615, 1723, 2043, 2101, 2248,
181: 8, 18, 19, 26, 27, 60, 164, 474, 534, 547, 821, 935, 1092, 1155, 1479, 2144, 2267, 2372, 2458,
182: 9, 10, 16, 43, 51, 62, 69, 91, 702, 1092, 1135, 1409, 2412,
183: 8, 12, 14, 20, 43, 66, 91, 92, 208, 658, 1029, 1356, 1395, 1480, 1490, 2077, 2099, 2192,
184: 2, 10, 11, 14, 33, 40, 183, 264, 318, 320, 502, 663, 664, 712, 2052, 2346, 2349,
185: 3, 8, 12, 20, 30, 80, 104, 123, 202, 282, 316, 366, 368, 410, 624, 1096, 1650,
186: 3, 4, 15, 32, 45, 49, 59, 75, 77, 117, 150, 264, 424, 493, 579, 1016, 1334, 1384, 2145, 2269,
187: 2, 3, 8, 9, 10, 14, 16, 27, 67, 72, 396, 528, 948, 1052, 1112, 1167, 1546, 1824, 2137,
188: 4, 8, 45, 77, 93, 116, 129, 132, 156, 245, 301, 348, 402, 515, 559, 890, 918, 1252, 1500,
189: 6, 12, 13, 16, 24, 48, 66, 77, 166, 185, 345, 455, 477, 528, 857, 1120, 1316, 1683,
190: 2, 4, 6, 8, 15, 25, 33, 41, 44, 69, 176, 218, 248, 290, 343, 424, 439, 740, 1141, 1400, 1672, 1820, 1826, 2055,
191: 14, 32, 40, 51, 53, 58, 73, 163, 169, 374, 512, 765, 1018, 1572, 1822, 1924, 1938, 1965,
192: 2, 3, 10, 24, 48, 61, 70, 73, 75, 112, 121, 123, 215, 252, 256, 257, 638, 884, 910, 1050, 1479,
193: 5, 6, 9, 21, 24, 25, 26, 32, 34, 40, 110, 266, 324, 422, 615, 1263, 1628, 1916, 2073, 2371, 2413,
194: 3, 7, 17, 23, 24, 25, 58, 94, 98, 182, 387, 417, 532, 677, 1140, 1538,
195: 2, 6, 10, 12, 24, 32, 88, 100, 180, 555, 758, 813, 822, 945,
196: 3, 4, 8, 18, 24, 38, 42, 44, 213, 294, 512, 548, 666, 678, 680, 713, 804, 902, 1221, 1770, 2028, 2112, 2230,
197: 3, 44, 82, 90, 147, 184, 234, 321, 552, 990, 1774, 1896,
198: 5, 8, 23, 26, 28, 38, 45, 47, 77, 109, 130, 150, 252, 449, 488, 625, 913, 978, 1026, 1357, 1958, 2395,
199: 2, 9, 10, 16, 27, 39, 49, 55, 62, 68, 150, 152, 221, 240, 393, 1490, 2157,
200: 4, 15, 27, 31, 32, 34, 39, 72, 328, 448, 477, 556, 662, 681, 692, 816, 1079, 1116, 1144, 1564,
201: 2, 8, 14, 52, 59, 72, 78, 80, 127, 188, 201, 207, 248, 252, 328, 367, 375, 780, 1025, 1076, 1290, 1458, 1832, 1858,
202: 8, 9, 13, 15, 45, 75, 88, 138, 141, 270, 363, 462, 818, 948, 1135, 1274, 2178,
203: 4, 12, 15, 95, 96, 312, 330, 495, 782, 1128, 1241, 1248, 1260, 1274, 1798, 1951, 2262, 2276,
204: 6, 8, 26, 50, 138, 270, 369, 378, 398, 636, 990, 1003, 1081, 1152, 1646,
205: 2, 4, 8, 19, 24, 27, 41, 60, 83, 160, 167, 177, 252, 398, 532, 594, 654, 777, 876, 955, 1523, 1539, 1600, 2210, 2385,
206: 3, 9, 31, 57, 78, 81, 146, 168, 189, 219, 446, 707, 860, 1688, 1710, 2002,
207: 6, 8, 68, 111, 142, 160, 248, 311, 984, 993, 1647, 1749, 1904,
208: 3, 4, 8, 11, 48, 136, 168, 247, 308, 377, 389, 577, 848, 951, 1371, 1753, 2188,
209: 17, 27, 30, 48, 50, 113, 129, 140, 176, 193, 234, 264, 364, 607, 636, 984, 1016, 1924, 2480,
210: 2, 3, 6, 7, 27, 54, 57, 104, 182, 366, 460, 494, 506, 694, 727, 735, 788, 835, 870, 979, 1099, 1605, 1797,
211: 2, 5, 8, 9, 13, 21, 24, 57, 117, 126, 200, 206, 246, 408, 487, 620, 658, 756, 774, 932, 1177, 1352, 1540, 1695, 1764, 1841, 1904, 2035, 2147,
212: 19, 76, 176, 257, 266, 268, 407, 444, 526, 598, 666, 1358, 1368, 1765, 1771, 1818, 1949,
213: 3, 4, 20, 30, 39, 60, 62, 82, 126, 271, 314, 348, 480, 1136, 1206, 1252, 1256,
214: 10, 19, 44, 78, 84, 366, 528, 724, 1167, 1264, 1686, 2058, 2091,
215: 28, 33, 44, 82, 92, 122, 138, 147, 194, 196, 217, 402, 497, 684, 777, 846, 901, 1338, 1508, 1787, 2241, 2373,
216: 2, 6, 30, 32, 45, 53, 57, 77, 105, 140, 186, 240, 269, 620, 638, 1404, 1436, 1584, 1689,
217: 2, 3, 31, 42, 58, 62, 70, 77, 166, 216, 273, 356, 396, 450, 1368, 1452, 2180,
218: 4, 5, 8, 15, 20, 28, 33, 70, 104, 131, 145, 150, 157, 167, 168, 171, 302, 423, 547, 558, 895, 984, 1304,
219: 6, 7, 8, 12, 32, 33, 72, 145, 165, 174, 252, 290, 399, 897, 1047, 1166, 1521, 2343, 2371,
220: 2, 3, 7, 20, 25, 31, 34, 54, 64, 90, 140, 180, 214, 275, 412, 484, 657, 698, 789, 852, 960, 1066, 1408, 1730,
221: 3, 4, 7, 13, 16, 19, 20, 28, 33, 37, 38, 69, 123, 541, 724, 1037, 1265, 1451, 1540, 1792,
222: 2, 7, 8, 16, 24, 28, 121, 186, 450, 690, 1037, 1154, 1188, 1746,
223: 4, 5, 17, 75, 168, 237, 304, 477, 560, 872, 875, 966, 985, 1017, 1111, 1464, 1537, 1624, 1668,
224: 7, 11, 12, 14, 29, 32, 38, 62, 82, 97, 104, 129, 540, 954, 998, 1026, 1240, 1778,
225: 2, 3, 4, 9, 14, 46, 211, 296, 424, 547, 746, 780, 826, 867, 1106, 1386, 1480, 1503, 2144, 2196, 2259, 2406,
226: 4, 5, 10, 32, 96, 145, 168, 214, 215, 285, 356, 393, 396, 486, 920, 1440, 1629, 2236,
227: 38, 59, 75, 102, 120, 170, 260, 1246, 1410, 1794, 2158,
228: 3, 8, 12, 17, 22, 30, 52, 56, 80, 91, 160, 221, 304, 597, 954, 1079, 1611,
229: 2, 8, 9, 18, 31, 60, 87, 94, 159, 168, 482, 489, 599, 640, 777, 994,
230: 4, 5, 8, 16, 24, 44, 57, 68, 82, 89, 160, 208, 416, 444, 551, 622, 780, 1078, 1440, 1504, 1543, 2294,
231: 2, 4, 8, 14, 22, 48, 60, 69, 84, 140, 213, 221, 259, 270, 320, 380, 418, 1606, 1913, 1934,
232: 2, 6, 7, 16, 32, 42, 245, 254, 332, 450, 844, 996, 1113, 1360, 2210,
233: 94, 135, 281, 378, 901, 1059, 1102, 1386, 1560, 1656,
234: 2, 3, 7, 53, 81, 96, 135, 266, 377, 496, 1030, 1286, 1457, 1512, 1774, 2453,
235: 40, 84, 106, 108, 316, 332, 336, 411, 562, 680, 1384, 1502,
236: 4, 21, 25, 26, 30, 37, 38, 66, 78, 126, 143, 151, 154, 202, 241, 244, 318, 344, 396, 477, 554, 662, 840, 1071, 1305, 1676, 1924, 2110, 2483,
237: 6, 12, 25, 44, 53, 58, 183, 185, 308, 647, 747, 752, 968, 1051,
238: 3, 8, 15, 25, 28, 30, 39, 51, 111, 157, 161, 216, 255, 260, 268, 290, 342, 406, 476, 542, 703, 720, 1298,
239: 3, 9, 28, 32, 140, 145, 273, 280, 291, 377, 440, 445, 758, 763, 2415, 2437,
240: 2, 5, 13, 32, 33, 58, 79, 94, 262, 269, 566, 661, 670, 816, 1334, 1616, 1892, 1931,
241: 12, 20, 30, 44, 55, 96, 218, 298, 310, 354, 868, 951, 1266, 1473, 1834, 1880, 2179,
242: 8, 15, 24, 40, 65, 77, 112, 117, 148, 184, 452, 620, 654, 821, 934, 1242, 1274, 1724, 1848, 2027, 2092, 2196,
243: 3, 15, 22, 57, 63, 96, 125, 151, 158, 450, 533, 883, 1082, 1270, 1299, 1886, 2326, 2490,
244: 2, 5, 9, 12, 24, 42, 74, 90, 98, 120, 154, 168, 960, 1042, 1104, 1477, 1560,
245: 5, 8, 12, 24, 50, 51, 159, 932, 984, 1407, 1902, 2004, 2376,
246: 2, 3, 6, 8, 24, 50, 78, 81, 94, 110, 152, 231, 393, 440, 583, 612, 830, 958, 1098, 1626, 1917, 1938, 2323,
247: 6, 7, 10, 13, 15, 18, 23, 24, 64, 152, 240, 247, 272, 402, 854, 909, 1226, 1648, 1771, 2358,
