2: 1, 2, 3, 5, 8, 9, 12, 15, 17, 18, 21, 23, 27, 32, 51, 65, 87, 180, 242, 467, 491, 501, 507, 555, 591, 680, 800,
3: 1, 4, 6, 9, 23, 45, 72, 106, 160, 244, 394,
4: 1, 4, 6, 9, 16, 90, 121, 340, 400, 535, 825,
5: 1, 2, 3, 6, 13, 14, 45, 63, 116, 230, 342, 494,
6: 1, 2, 3, 4, 9, 12, 30, 49, 56, 115, 118, 376, 432,
7: 1, 2, 3, 21, 24, 26, 34, 36, 59, 99, 147, 206, 234, 443, 455, 509, 674,
8: 1, 3, 4, 5, 6, 7, 9, 17, 29, 60, 167, 169, 185, 197, 550,
9: 2, 3, 36, 53, 80, 122, 197, 1017,
10: 22, 351,
11: 1, 4, 40, 82, 138, 222, 670, 750,
12: 1, 2, 8, 60, 513,
13: 1, 2, 4, 52,
14: 1, 5, 60, 72, 118, 181, 245, 310, 498, 820, 962,
15: 1, 2, 7, 36, 82, 137, 209, 261, 397, 527, 622,
16: 2, 3, 8, 45, 170, 200,
17: 3, 6, 17, 93, 174,
18: 1, 10, 21, 25, 31,
19: 1, 2, 27, 138, 228,
20: 1, 15, 44, 77, 141, 208, 304,
21: 1, 3, 7, 12, 25, 150, 270,
22: 3, 166, 814,
23: 2, 9, 12, 255, 258,
24: 24, 321, 971, 984,
25: 1, 3, 7, 58, 115, 171, 247, 955,
26: 1, 2, 8, 78, 79, 111,
27: 2, 3, 15, 24, 431, 678,
28: 1, 2, 11, 15, 586, 993,
29: 1, 4,
30: 2, 3, 57, 129, 171,
31: 6, 12, 15, 935,
32: 1, 3, 13, 36, 111, 136, 160, 214, 330,
33: 1, 67, 96,
34: 1, 2, 14, 29, 61, 146,
35: 1, 4, 7, 8,
36: 1, 2, 6, 15, 28, 59, 188, 216, 655,
37: 24, 90,
38: 6, 279,
39: 9, 48, 99, 859,
40: 2, 49, 144, 825,
41: 1, 5, 27, 29, 154,
42: 1, 3, 4, 81, 119,
43: 1, 251, 407, 418,
44: 3, 195,
45: 9, 17, 59,
46: 1, 54,
47: 1, 3, 6, 13,
48: 1, 207, 329,
49: 1, 12, 13, 17, 18, 103, 117, 337, 901,
50: 4, 38, 93, 120,
51: 2, 195,
52: 3, 5, 166, 456,
53: 3, 76, 249, 867,
54: 1,
55: 1, 5, 176, 353, 387,
56: 8, 14, 73, 122, 136, 706,
57: 3, 7, 73, 165, 404,
58: 2, 21, 35, 213, 296,
59: 3, 78, 195, 286, 846,
60: 1, 9, 21, 49,
61: 31, 164, 524,
62: 1, 2, 212, 761,
63: 2, 3,
64: 2, 3, 30, 275,
65: 2, 6,
66: 172, 375, 945,
67: 1, 3, 4, 115, 555,
68: 1, 3, 6, 32,
69: 2, 3, 10, 14, 30, 44, 370,
70: 1, 7, 11,
71: 1, 4, 45, 71, 116,
72: 354,
73:
74: 1, 3, 694,
75: 1, 2, 3, 320,
76: 1, 2, 3, 22, 29, 126, 173, 284,
77: 1, 2, 4, 7, 15, 128,
78: 3, 5, 13, 79,
79: 2, 705,
80: 29, 34, 45, 81, 148, 562,
81: 1, 18, 40, 61,
82: 3, 9, 595,
83: 1, 3, 4, 5, 8, 16, 55, 97, 353,
84: 423,
85: 1, 2, 3, 103, 147, 516,
86: 8, 18, 36, 260,
87: 22, 84, 150,
88: 1, 40, 324,
89: 1, 2, 7, 20, 66,
90: 11, 504, 520, 676,
91: 1, 2, 4, 15, 508, 740,
92: 1, 2, 900,
93: 5, 6, 9,
94: 5,
95: 19, 45, 63,
96: 2, 13, 15, 54,
97: 1, 12, 59,
98: 4, 12, 35, 459,
99: 1, 2, 30, 65, 158, 286, 620, 641,
100: 11,
101: 3, 12, 35, 515,
102: 1, 3, 27, 33, 264, 292,
103: 1, 660,
104: 6, 85, 87, 638, 832,
105: 2, 8, 10, 100,
106: 1, 6, 25, 27, 219, 539,
107: 2, 50, 420,
108: 3, 5, 24,
109:
110: 57,
111: 1, 3, 13, 26, 59, 71, 358, 755,
112: 24, 527,
113: 12, 274, 573,
114: 368,
115: 4, 6, 15, 293,
116: 1, 12,
117: 1, 3, 183, 872,
118: 1, 17, 40,
119: 3, 81, 194, 258,
120: 1, 12, 16, 236,
121: 2, 20, 41, 69, 111, 335, 375,
122: 11, 45, 244,
123: 1, 4, 18, 69, 79, 670,
124: 19, 36, 728,
125: 1, 2, 15, 21, 114,
126: 1, 2, 37, 58, 84, 126, 276,
127: 1, 8, 27,
128: 3,
129: 6, 136, 681, 822,
130: 1, 178, 672,
131: 350,
132: 13,
133: 9, 32, 60, 837,
134: 1, 11, 42, 204,
135: 2, 257,
136: 12, 47,
137: 1, 3, 4, 529, 739,
138: 1, 2, 69,
139: 2, 190,
140: 41, 395,
141: 51, 156,
142: 3, 48,
143: 21, 298, 484,
144: 1, 4, 30,
145: 1, 192,
146: 3, 20, 403,
147: 344, 486,
148: 4, 20, 30, 43, 112,
149: 17,
150: 4, 34,
151: 1, 7, 28, 55,
152: 2, 51, 156, 444,
153: 99, 207, 510,
154: 1, 49, 75, 82, 371, 612,
155: 4, 24, 58, 63, 75, 719,
156: 152, 461,
157: 46,
158:
159: 1, 3, 402,
160: 1, 5, 24, 30, 104, 135, 148,
161: 1, 3, 13, 20, 78, 922,
162: 12, 447,
163: 21, 78, 309,
164: 6, 15,
165: 4,
166: 2, 3, 78,
167: 4,
168: 1, 16, 44, 230,
169: 1, 2, 26, 924,
170: 11, 53, 692,
171: 3, 58, 708, 821,
172: 1, 3, 24, 126, 492, 745, 778,
173: 1, 7, 345, 985,
174: 2, 10, 396,
175: 24,
176: 1, 7,
177: 2, 147, 174, 218, 381, 867,
178: 3, 4, 6, 839,
179: 249, 867,
180: 14, 189, 218, 360,
181: 1, 2, 7, 11, 106, 864, 971,
182: 1, 5, 6, 227,
183: 1, 2, 6, 19, 22, 27, 87, 95, 505,
184: 2, 12, 51, 671,
185: 677,
186: 6, 459, 811,
187: 6, 38, 429,
188: 2, 5, 926,
189: 1, 12,
190: 1, 4, 71, 262,
191: 81, 351,
192: 1017,
193: 3,
194: 3,
195: 1, 2, 5, 22, 83, 112, 166,
196: 30, 36, 59, 155, 249, 410, 481,
197: 21, 53, 275,
198: 6, 12,
199: 5, 46, 78,
200: 3, 33, 37,
201: 25, 183, 211, 273,
202: 3, 5, 17, 68, 580, 858,
203: 1, 45,
204: 1, 7, 40,
205:
206: 6, 684,
207: 25, 132, 154,
208: 2,
209: 8, 20, 25,
210: 1, 5, 7, 34, 254,
211: 2, 18, 62, 83,
212: 2, 14, 33, 503,
213: 4,
214: 52, 132,
215: 1, 504,
216: 1, 3, 4, 10, 144,
217: 1, 3, 13, 14, 24, 663,
218: 17, 32, 78, 312,
219: 5, 18,
220: 3,
221: 4, 13, 378, 999,
222: 1, 93,
223: 1, 245, 388,
224: 129,
225: 1, 18, 41, 311, 880,
226: 788,
227:
228: 3, 48, 150,
229: 1, 19, 20,
230: 1, 2, 27,
231: 21, 342,
232: 1, 26, 30, 216, 934,
233: 6, 39,
234: 3, 18, 27, 645,
235: 1, 3, 16, 30, 34, 37, 130, 636,
236: 1, 80,
237: 2, 4, 79, 194, 262, 444,
238: 1, 5, 114, 137, 213, 270,
239: 2, 206,
240: 3, 201, 779,
241: 36, 288, 657,
242: 4, 13, 34, 93, 396, 514,
243: 9, 32, 714,
244: 3, 17, 19, 21, 65, 70, 200,
245: 7, 587,
246: 1, 9, 236, 561, 735, 741, 816,
247: 8, 21, 33, 161, 320,
248: 45, 100,
249: 1, 321,
250: 7, 90,
251: 1, 66, 1020,
252: 1, 177,
253: 1, 5, 9, 14, 24, 46, 255, 361, 492,
254: 3, 56, 144,
255: 9, 118, 330,
256: 1, 4, 85, 100,
257: 3, 72, 333, 882,
258: 1, 9, 14, 75, 105, 125, 159,
259: 8, 13, 18, 22, 25,
260: 2,
261: 2, 84, 762,
262: 3, 22,
263: 1, 3, 432,
264: 1, 2, 33,
265: 157,
266: 1, 7, 9,
267: 1, 2, 8,
268: 5, 18, 108, 768, 977,
269: 12, 209, 678,
270: 15, 112,
271: 21,
272: 1, 6, 9, 11, 41, 105, 887,
273: 1, 3, 5, 46, 56, 59, 588,
274: 4, 5, 6, 8, 11, 21, 87, 510, 813,
275: 812,
276: 5, 10, 724,
277: 3, 330,
278: 1, 3, 7, 174,
279: 1, 27, 232, 237, 878, 909,
280: 35, 153,
281: 1, 3, 14,
282: 3, 6, 26, 41,
283:
284: 1, 12, 34, 87, 373, 820,
285: 1, 19, 39, 135, 312,
286: 2, 3,
287: 2, 5, 112, 325,
288: 5, 466,
289: 3, 87,
290:
291: 727,
292: 1, 13, 27,
293: 2, 15, 99, 101, 330,
294: 47, 61, 330,
295: 4, 30, 149, 280,
296: 17, 846,
297: 16, 17, 40, 359,
298: 1, 10, 369, 1002,
299: 2, 13,
300: 1, 38, 135,
301: 5, 6, 23, 71, 77, 92, 535,
302: 1, 4, 8, 22, 340,
303: 5,
304: 3, 90,
305: 1,
306: 7, 8, 20, 66,
307: 1, 4, 7, 100, 190,
308: 1, 3, 4, 10, 85,
309: 1, 2, 23, 26, 50, 637,
310: 5, 50, 110,
311: 21, 714,
312: 1, 3, 132,
313: 1, 104, 211, 224,
314: 1, 2, 18, 38,
315: 1, 10, 21, 63, 709,
316: 9, 41, 360, 521,
317: 11,
318: 4, 5,
319: 1, 6, 42,
320: 55,
321: 2, 61, 94,
322: 1, 16, 44, 107,
323: 3, 4, 22, 25, 36, 227, 262,
324: 5,
325: 5, 42, 94,
326:
327: 1, 210,
328: 9, 48, 288, 390, 672,
329: 1, 3, 56, 78,
330: 14, 340,
331: 3, 8, 21,
332: 5, 34, 94, 201, 246,
333: 3, 4, 6, 27,
334: 1, 320,
335: 2, 10, 45, 149, 243, 406, 455,
336: 1, 7, 127, 170, 403,
337: 7,
338: 2, 462,
339: 18, 196,
340: 1, 18, 25,
341: 1, 14, 279, 360, 429, 684,
342: 81, 286,
343: 1, 7, 8, 12, 33, 49, 78, 551,
344: 10, 269,
345: 3, 27, 56, 68, 117,
346: 12, 28,
347:
348: 2, 9, 19,
349: 2, 5, 99, 883,
350: 10, 52, 63, 475,
351: 6, 59, 100,
352: 2,
353: 135,
354: 1, 25,
355: 1, 2, 468, 981,
356: 1, 55,
357: 1,
358: 1, 17, 26, 231, 267, 381, 417,
359: 5, 6, 11, 639,
360: 4, 15, 16, 63, 108,
361: 1, 69, 114,
362: 156, 264, 630, 794,
363: 2, 99,
364: 4, 14, 16,
365: 1, 56, 118, 306, 559,
366: 32, 149, 828, 947,
367: 89,
368: 969,
369: 1, 104, 306,
370: 1, 3, 86, 164, 590, 791,
371: 1, 119, 194,
372: 6, 7, 31, 73, 103, 409,
373: 21, 56, 455,
374: 22, 48,
375: 1,
376: 2, 3, 90,
377: 4, 41, 70, 292, 779,
378: 3, 4, 7, 18, 173, 427,
379: 2, 10, 594,
380: 2, 3, 6, 44, 707,
381: 40, 66,
382: 75, 588, 696,
383: 1, 2, 6,
384: 13,
385:
386: 1, 13, 254,
387:
388: 282,
389: 132, 360, 760,
390: 1, 13, 79, 200, 441,
391: 1, 3, 20, 25, 92, 285, 303,
392: 2, 32, 203,
393: 1, 3, 6, 10, 14, 15, 674, 876,
394: 198,
395: 4,
396: 3, 13, 69, 130, 147,
397: 1, 6, 12, 225,
398: 1, 2, 4, 749,
399: 1, 50, 84, 171, 682,
400: 22, 104, 152,
401: 5, 8, 837,
402: 6, 136,
403:
404: 1, 44, 74, 230,
405: 56,
406: 5, 6, 9, 79,
407: 1, 21, 99, 495,
408: 3, 275,
409: 3, 9, 107, 377,
410: 3, 58, 655,
411: 1, 2, 246,
412: 32,
413: 4, 799, 818, 965,
414: 1, 121, 297,
415: 2, 14, 54, 122,
416: 4, 5, 287,
417: 40,
418: 270,
419: 76, 79, 170, 363,
420: 1, 645, 775,
421: 1, 13, 624,
422: 647,
423: 12, 15, 72,
424: 1, 4, 48, 220, 700, 828,
425: 3, 498,
426:
427: 1, 2, 3, 30, 95, 98, 105,
428: 1, 2, 7, 8, 292,
429: 2, 45, 270,
430: 4, 30,
431: 6, 79, 201, 768,
432: 6,
433: 28, 46, 108,
434: 1,
435:
436: 2, 6, 8,
437: 5, 6, 318,
438: 85, 106,
439: 1, 7, 14, 835,
440: 1, 2, 28, 35, 50, 98, 233,
441: 6, 75, 135,
442: 1, 3, 28, 232,
443: 27, 204, 843,
444: 21, 82, 657,
445: 4, 31, 157, 216, 495,
446: 1, 2, 14, 44, 642, 769,
447: 10, 46, 195,
448: 1, 3, 7, 106, 182, 216, 927,
449: 2, 8, 98,
450: 45, 120, 783,
451: 366, 909,
452: 72, 88, 124,
453:
454: 264,
455: 1, 9, 24, 56, 69, 755,
456: 3,
457: 2, 9, 26, 48, 81, 354, 428,
458: 12, 77,
459:
460: 85, 288,
461: 1, 2, 4, 7, 329, 439, 876,
462: 15, 911,
463: 1, 2, 48, 56, 317,
464: 2, 665,
465: 5, 28, 281,
466: 1, 3, 6, 135,
467: 3,
468: 1, 2, 5, 56, 61, 62,
469: 2, 5,
470: 2, 106, 162, 288, 586,
471: 2, 3, 92,
472: 10, 459,
473: 1, 264, 303, 481,
474: 3, 57,
475: 1, 6, 9,
476: 8, 12,
477: 2, 16,
478: 18, 140,
479: 6, 54, 113, 148, 519,
480: 1, 3, 10, 13, 64, 153, 315, 535,
481: 3,
482: 2, 42, 129, 132,
483: 1, 21,
484: 83, 407,
485: 683,
486: 4, 15, 203,
487: 6, 7, 15, 16, 22,
488: 1, 13, 85,
489: 1,
490: 1, 2, 7, 183, 545,
491: 2, 12, 422, 611,
492: 8, 555, 774,
493: 47,
494: 1, 16, 303,
495: 1, 120, 873,
496: 1, 4, 6, 26, 116, 134, 751,
497: 1, 2, 9, 11,
498: 4, 9, 11, 216, 347,
499: 5, 23,
500: 4, 5, 11,
501: 1, 6, 7, 79, 208,
502: 6,
503: 5, 6, 18, 210,
504: 1, 7, 34, 220, 490,
505: 5,
506: 140, 404,
507: 4, 5, 6, 159,
508: 30,
509: 2, 75,
510: 216, 231,
511: 1, 2, 6, 9, 115, 464, 725,
512: 1, 2, 3, 20,
