2,561
3,121
4,341
5,781
6,217
7,25
8,65
9,91
10,91
11,133
12,91
13,85
14,65
15,1687
16,85
17,91
18,25
19,45
20,671
21,221
22,91
23,169
24,175
25,217
26,45
27,121
28,261
29,91
30,49
31,49
32,25
33,545
34,165
35,153
36,185
37,451
38,85
39,133
40,121
41,105
42,451
43,25
44,301
45,481
46,341
47,65
48,259
49,325
50,561
51,65
52,671
53,91
54,265
55,153
56,247
57,25
58,133
59,145
60,481
61,217
62,91
63,529
64,45
65,289
66,469
67,49
68,25
69,85
70,169
71,45
72,85
73,65
74,91
75,91
76,385
77,1387
78,341
79,49
80,49
81,91
82,25
83,65
84,1615
85,341
86,145
87,247
88,247
89,153
90,1001
91,369
92,105
93,25
94,121
95,1891
96,485
97,105
98,85
99,169
100,91
101,85
102,133
103,91
104,3097
105,451
106,133
107,25
108,91
109,45
110,259
111,793
112,65
113,91
114,565
115,561
116,45
117,49
118,25
119,451
120,91
121,133
122,65
123,85
124,121
125,341
126,325
127,361
128,49
129,49
130,121
131,165
132,25
133,145
134,289
135,301
136,301
137,259
138,65
139,341
140,561
141,451
142,185
143,25
144,65
145,133
146,105
147,169
148,65
149,185
150,169
151,175
152,1661
153,91
154,45
155,289
156,217
157,25
158,259
159,247
160,91
161,45
162,145
163,133
164,133
165,49
166,49
167,231
168,25
169,105
170,91
171,301
172,91
173,91
174,221
175,2071
176,885
177,49
178,49
179,247
180,451
181,65
182,25
183,85
184,305
185,217
186,85
187,65
188,153
189,451
190,231
191,91
192,91
193,25
194,91
195,451
196,481
197,105
198,91
199,45
200,221
201,451
202,105
203,65
204,91
205,1339
206,45
207,25
208,85
209,65
210,1261
211,91
212,403
213,65
214,49
215,49
216,341
217,85
218,25
219,545
220,91
221,185
222,301
223,105
224,289
225,341
226,49
227,49
228,185
229,285
230,451
231,145
232,25
233,121
234,361
235,91
236,133
237,205
238,1661
239,85
240,1729
241,385
242,65
243,25
244,45
245,121
246,65
247,451
248,481
249,169
250,451
251,45
252,65
253,185
254,133
255,133
256,91
257,25
258,169
259,247
260,333
261,91
262,361
263,49
264,49
265,273
266,445
267,481
268,25
269,121
270,481
271,85
272,231
273,145
274,65
275,49
276,49
277,133
278,65
279,1649
280,341
281,273
282,25
283,91
284,217
285,91
286,205
287,117
288,265
289,45
290,91
291,365
292,361
293,25
294,341
295,91
296,45
297,133
298,117
299,175
300,703
301,1825
302,85
303,247
304,427
305,133
306,469
307,25
308,703
309,385
310,451
311,65
312,49
313,49
314,231
315,169
316,169
317,65
318,25
319,169
320,1441
321,805
322,247
323,105
324,49
325,49
326,91
327,85
328,105
329,205
330,133
331,385
332,25
333,65
334,45
335,91
336,121
337,205
338,365
339,65
340,703
341,45
342,91
343,25
344,245
345,301
346,451
347,91
348,91
349,145
350,247
351,451
352,91
353,85
354,91
355,91
356,85
357,25
358,1105
359,259
360,121
361,49
362,49
363,703
364,165
365,561
366,121
367,217
368,25
369,133
370,153
371,341
372,65
373,49
374,49
375,671
376,65
377,305
378,85
379,45
380,91
381,91
382,25
383,697
384,481
385,1891
386,45
387,85
388,133
389,361
390,121
391,245
392,345
393,25
394,559
395,153
396,259
397,259
398,65
399,289
400,231
401,175
402,91
403,121
404,65
405,341
406,185
407,25
408,65
409,85
410,49
411,49
412,85
413,185
414,451
415,117
416,703
417,91
418,25
419,247
420,289
421,221
422,49
423,49
424,45
425,247
426,91
427,169
428,105
429,133
430,133
431,45
432,25
433,91
434,1921
435,451
436,301
437,65
438,85
439,91
440,217
441,65
442,205
443,25
444,121
445,91
446,91
447,65
448,685
449,475
450,481
451,325
452,145
453,703
454,481
455,703
456,1001
457,25
458,561
459,49
460,49
461,105
462,949
463,65
464,91
465,91
466,217
467,91
468,25
469,45
470,217
471,49
472,49
473,65
474,133
475,121
476,45
477,91
478,561
479,671
480,341
481,121
482,25
483,205
484,91
485,169
486,1057
487,121
488,169
489,221
490,403
491,205
492,341
493,25
494,85
495,217
496,1035
497,85
498,341
499,763
500,341
501,133
502,65
503,231
504,341
505,133
506,65
507,25
508,49
509,49
510,301
511,121
512,65
513,289
514,45
515,1247
516,385
517,91
518,25
519,185
520,49
521,45
522,301
523,85
524,91
525,341
526,85
527,385
528,65
529,91
530,91
531,341
532,25
533,105
534,65
535,469
536,91
537,91
538,65
539,1035
540,289
541,481
542,205
543,25
544,133
545,221
546,703
547,961
548,85
549,175
550,247
551,345
552,589
553,265
554,273
555,91
556,91
557,25
558,49
559,45
560,221
561,481
562,91
563,91
564,1649
565,121
566,45
567,65
568,25
569,49
570,49
571,65
572,721
573,385
574,425
575,91
576,175
577,65
578,121
579,85
580,273
581,247
582,25
583,205
584,91
585,341
586,561
587,169
588,1849
589,105
590,133
591,185
592,145
593,25
594,403
595,361
596,121
597,145
598,185
599,65
600,481
601,133
602,121
603,65
604,45
605,841
606,49
607,25
608,85
609,1649
610,231
611,45
612,341
613,265
614,121
615,91
616,221
617,105
618,25
619,49
620,91
621,91
622,105
623,185
624,445
625,91
626,133
627,91
628,91
629,231
630,671
631,231
632,25
633,85
634,133
635,133
636,65
637,671
638,105
639,145
640,259
641,645
642,65
643,25
644,435
645,121
646,91
647,91
648,385
649,45
650,493
651,559
652,231
653,91
654,91
655,49
656,45
657,25
658,65
659,91
660,361
661,435
662,561
663,565
664,65
665,369
666,91
667,49
668,25
669,2465
670,427
671,105
672,185
673,247
674,451
675,91
676,133
677,133
678,341
679,451
680,671
681,301
682,25
683,217
684,221
685,247
686,121
687,217
688,205
689,435
690,91
691,435
692,133
693,25
694,45
695,133
696,85
697,65
698,169
699,91
700,703
701,45
702,2465
703,365
704,49
705,49
706,91
707,25
708,145
709,289
710,153
711,91
712,91
713,145
714,481
715,651
716,49
717,49
718,25
719,91
720,1001
721,435
722,105
723,65
724,175
725,559
726,481
727,85
728,341
729,65
730,153
731,305
732,25
733,65
734,133
735,121
736,289
737,91
738,91
739,45
740,91
741,265
742,145
743,25
744,91
745,91
746,45
747,205
748,105
749,85
750,91
751,175
752,85
753,49
754,49
755,117
756,169
757,25
758,385
759,133
760,341
761,451
762,65
763,561
764,545
765,49
766,49
767,133
768,25
769,451
770,703
771,133
772,65
773,301
774,469
775,169
776,105
777,1261
778,85
779,341
780,427
781,85
782,25
783,185
784,45
785,273
786,133
787,133
788,65
789,553
790,91
791,45
792,289
793,25
794,65
795,451
796,1247
797,91
798,65
799,105
800,153
801,217
802,49
803,49
804,259
805,341
806,427
807,25
808,185
809,91
810,91
811,145
812,85
813,385
814,49
815,49
816,247
817,561
818,25
819,1661
820,121
821,341
822,169
823,169
824,175
825,133
826,169
827,65
828,91
829,45
830,451
831,65
832,25
833,341
834,85
835,91
836,45
837,65
838,121
839,341
840,703
841,91
842,217
843,25
844,121
845,341
846,385
847,477
848,91
849,265
850,121
851,49
852,49
853,65
854,153
855,793
856,121
857,25
858,145
859,65
860,231
861,481
862,133
863,49
864,49
865,451
866,85
867,133
868,25
869,889
870,341
871,545
872,91
873,133
874,45
875,561
876,703
877,259
878,259
879,949
880,1339
881,45
882,25
883,117
884,341
885,247
886,435
887,121
888,85
889,185
890,1891
891,1649
892,65
893,25
894,91
895,1111
896,65
897,85
898,91
899,175
900,49
901,49
902,65
903,341
904,105
905,221
906,781
907,25
908,1111
909,469
910,2071
911,285
912,49
913,49
914,259
915,169
916,561
917,481
918,25
919,45
920,91
921,703
922,85
923,1111
924,65
925,169
926,45
927,91
928,65
929,145
930,1099
931,221
932,25
933,1387
934,169
935,217
936,217
937,105
938,341
939,91
940,511
941,121
942,133
943,25
944,169
945,341
946,651
947,301
948,85
949,49
950,49
951,85
952,205
953,105
954,481
955,793
956,145
957,25
958,105
959,121
960,1729
961,49
962,49
963,91
964,45
965,121
966,2509
967,65
968,25
969,341
970,133
971,45
972,91
973,85
974,451
975,469
976,247
977,121
978,703
979,91
980,451
981,1247
982,25
983,65
984,91
985,91
986,105
987,221
988,231
989,65
990,427
991,91
992,91
993,25
994,341
995,121
996,817
997,403
998,49
999,49
1000,117
1001,289
1002,221
1003,145
1004,85
1005,679
1006,133
1007,25
1008,121
1009,45
1010,49
1011,49
1012,1105
1013,91
1014,361
1015,361
1016,45
1017,91
1018,25
1019,341
1020,703
1021,361
1022,65
1023,91
1024,165
1025,133
1026,65
1027,145
1028,273
1029,361
1030,91
1031,559
1032,25
1033,85
1034,133
1035,451
1036,85
1037,105
1038,301
1039,91
1040,671
1041,1105
1042,105
1043,25
1044,247
1045,873
1046,289
1047,49
1048,49
1049,121
1050,793
1051,435
1052,133
1053,133
1054,45
1055,361
1056,247
1057,25
1058,65
1059,49
1060,49
1061,45
1062,121
1063,91
1064,645
1065,1001
1066,485
1067,85
1068,25
1069,301
1070,91
1071,671
1072,231
1073,469
1074,145
1075,91
1076,91
1077,341
1078,961
1079,217
1080,91
1081,289
1082,25
1083,91
1084,169
1085,1649
1086,121
1087,65
1088,847
1089,85
1090,561
1091,65
1092,85
1093,25
1094,133
1095,133
1096,49
1097,49
1098,121
1099,45
1100,273
1101,91
1102,91
1103,133
1104,91
1105,1111
1106,45
1107,25
1108,49
1109,49
1110,217
1111,217
1112,301
1113,65
1114,91
1115,403
1116,121
1117,117
1118,25
1119,65
1120,341
1121,85
1122,133
1123,65
1124,301
1125,301
1126,153
1127,785
1128,133
1129,121
1130,91
1131,703
1132,25
1133,133
1134,1339
1135,153
1136,259
1137,259
1138,561
1139,133
1140,871
1141,589
1142,105
1143,25
1144,45
1145,49
1146,49
1147,105
1148,145
1149,205
1150,671
1151,45
1152,65
1153,185
1154,91
1155,481
1156,65
1157,25
1158,49
1159,511
1160,153
1161,91
1162,65
1163,105
1164,169
1165,949
1166,91
1167,91
1168,25
1169,153
1170,121
1171,91
1172,145
1173,91
1174,85
1175,697
1176,341
1177,85
1178,65
1179,247
1180,341
1181,985
1182,25
1183,121
1184,65
1185,133
1186,133
1187,385
1188,65
1189,45
1190,481
1191,745
1192,91
1193,25
1194,49
1195,49
1196,45
1197,559
1198,205
1199,91
1200,91
1201,121
1202,169
1203,85
1204,1891
1205,91
1206,49
1207,25
1208,133
1209,133
1210,361
1211,341
1212,91
1213,121
1214,657
1215,481
1216,697
1217,65
1218,25
1219,105
1220,451
1221,65
1222,259
1223,117
1224,133
1225,341
1226,325
1227,65
1228,85
1229,451
1230,377
1231,289
1232,25
1233,427
1234,45
1235,217
1236,91
1237,85
1238,231
1239,341
1240,301
1241,45
1242,265
1243,25
1244,49
1245,91
1246,145
1247,105
1248,301
1249,65
1250,121
1251,325
1252,91
1253,65
1254,1891
1255,49
1256,49
1257,25
1258,91
1259,85
1260,1649
1261,133
1262,85
1263,169
1264,91
1265,91
1266,133
1267,341
1268,25
1269,703
1270,217
1271,265
1272,133
1273,105
1274,645
1275,377
1276,175
1277,217
1278,1387
1279,45
1280,1603
1281,451
1282,25
1283,91
1284,91
1285,703
1286,45
1287,289
1288,85
1289,435
1290,91
1291,85
1292,49
1293,25
1294,341
1295,689
1296,91
1297,385
1298,1065
1299,133
1300,133
1301,105
1302,265
1303,91
1304,49
1305,49
1306,645
1307,25
1308,65
1309,545
1310,247
1311,205
1312,91
1313,85
1314,65
1315,1387
1316,451
1317,145
1318,25
1319,133
1320,4097
1321,435
1322,85
1323,247
1324,45
1325,703
1326,1075
1327,91
1328,121
1329,169
1330,169
1331,45
1332,25
1333,169
1334,121
1335,289
1336,91
1337,451
1338,185
1339,301
1340,117
1341,49
1342,49
1343,25
1344,85
1345,231
1346,481
1347,65
1348,91
1349,91
1350,1649
1351,65
1352,105
1353,49
1354,49
1355,91
1356,91
1357,25
1358,121
1359,485
1360,133
1361,133
1362,205
1363,185
1364,145
1365,703
1366,553
1367,1501
1368,25
1369,45
1370,217
1371,121
1372,1065
1373,65
1374,91
1375,91
1376,45
1377,91
1378,105
1379,65
1380,289
1381,91
1382,25
1383,65
1384,949
1385,369
1386,365
1387,91
1388,133
1389,973
1390,49
1391,49
1392,305
1393,25
1394,91
1395,247
1396,259
1397,703
1398,85
1399,133
1400,403
1401,325
1402,49
1403,49
1404,305
1405,133
1406,105
1407,25
1408,265
1409,377
1410,341
1411,341
1412,65
1413,247
1414,45
1415,561
1416,65
1417,259
1418,25
1419,2485
1420,403
1421,45
1422,65
1423,553
1424,133
1425,121
1426,247
1427,91
1428,341
1429,85
1430,1687
1431,403
1432,25
1433,133
1434,91
1435,481
1436,133
1437,185
1438,65
1439,49
1440,49
1441,153
1442,341
1443,25
1444,65
1445,451
1446,91
1447,91
1448,65
1449,121
1450,231
1451,49
1452,49
1453,259
1454,259
1455,121
1456,589
1457,25
1458,85
1459,45
1460,451
1461,85
1462,105
1463,949
1464,385
1465,91
1466,45
1467,145
1468,25
1469,231
1470,247
1471,703
1472,91
1473,91
1474,133
1475,133
1476,1891
1477,65
1478,91
1479,121
1480,341
1481,65
1482,25
1483,85
1484,341
1485,91
1486,385
1487,65
1488,49
1489,49
1490,133
1491,481
1492,85
1493,25
1494,91
1495,153
1496,1387
1497,385
1498,169
1499,169
1500,49
1501,49
1502,133
1503,65
1504,45
1505,1649
1506,259
1507,25
1508,205
1509,65
1510,289
1511,45
1512,361
1513,65
1514,85
1515,341
1516,185
1517,85
1518,25
1519,165
1520,289
1521,133
1522,561
1523,185
1524,175
1525,91
1526,221
1527,133
1528,385
1529,595
1530,91
1531,91
1532,25
1533,121
1534,105
1535,91
1536,145
1537,49
1538,49
1539,427
1540,169
1541,301
1542,65
1543,25
1544,169
1545,217
1546,65
1547,445
1548,185
1549,45
1550,49
1551,175
1552,65
1553,231
1554,341
1555,217
1556,45
1557,25
1558,1261
1559,91
1560,361
1561,435
1562,105
1563,91
1564,91
1565,133
1566,133
1567,105
1568,25
1569,91
1570,121
1571,361
1572,385
1573,427
1574,65
1575,793
1576,91
1577,85
1578,65
1579,289
1580,217
1581,259
1582,25
1583,105
1584,133
1585,91
1586,49
1587,49
1588,105
1589,341
1590,481
1591,169
1592,333
1593,25
1594,45
1595,703
1596,697
1597,185
1598,49
1599,49
1600,91
1601,45
1602,85
1603,289
1604,273
1605,481
1606,1891
1607,25
1608,133
1609,91
1610,169
1611,65
1612,145
1613,121
1614,481
1615,451
1616,91
1617,65
1618,25
1619,153
1620,169
1621,91
1622,91
1623,133
1624,289
1625,973
1626,91
1627,133
1628,85
1629,91
1630,273
1631,85
1632,25
1633,65
1634,427
1635,49
1636,49
1637,865
1638,671
1639,45
1640,301
1641,247
1642,247
1643,25
1644,265
1645,1273
1646,45
1647,49
1648,49
1649,703
1650,91
1651,341
1652,365
1653,85
1654,91
1655,91
1656,703
1657,25
1658,231
1659,289
1660,91
1661,247
1662,85
1663,451
1664,259
1665,133
1666,1221
1667,91
1668,25
1669,217
1670,301
1671,133
1672,65
1673,247
1674,325
1675,217
1676,65
1677,451
1678,345
1679,231
1680,451
1681,145
1682,25
1683,553
1684,45
1685,49
1686,703
1687,85
1688,105
1689,341
1690,133
1691,45
1692,259
1693,25
1694,289
1695,1387
1696,49
1697,49
1698,65
1699,133
1700,91
1701,185
1702,117
1703,121
1704,65
1705,529
1706,361
1707,25
1708,65
1709,169
1710,217
1711,217
1712,91
1713,85
1714,301
1715,561
1716,85
1717,91
1718,25
1719,91
1720,91
1721,105
1722,1159
1723,145
1724,435
1725,697
1726,175
1727,301
1728,145
1729,45
1730,217
1731,481
1732,25
1733,49
1734,49
1735,341
1736,45
1737,65
1738,85
1739,91
1740,133
1741,65
1742,217
1743,25
1744,105
1745,49
1746,49
1747,65
1748,793
1749,697
1750,561
1751,91
1752,145
1753,481
1754,369
1755,703
1756,133
1757,25
1758,91
1759,133
1760,133
1761,217
1762,217
1763,65
1764,205
1765,231
1766,285
1767,91
1768,25
1769,65
1770,169
1771,871
1772,85
1773,65
1774,45
1775,121
1776,781
1777,105
1778,2047
1779,169
1780,703
1781,45
1782,25
1783,49
1784,231
1785,247
1786,231
1787,133
1788,121
1789,169
1790,341
1791,91
1792,703
1793,25
1794,49
1795,49
1796,1729
1797,217
1798,85
1799,145
1800,1271
1801,85
1802,65
1803,91
1804,91
1805,481
1806,65
1807,25
1808,91
1809,289
1810,91
1811,91
1812,65
1813,205
1814,185
1815,221
1816,247
1817,247
1818,25
1819,45
1820,451
1821,341
1822,703
1823,85
1824,121
1825,341
1826,45
1827,481
1828,65
1829,91
1830,91
1831,49
1832,25
1833,361
1834,65
1835,133
1836,91
1837,91
1838,65
1839,469
1840,169
1841,451
1842,91
1843,25
1844,49
1845,781
1846,451
1847,273
1848,1921
1849,91
1850,133
1851,133
1852,365
1853,529
1854,85
1855,121
1856,341
1857,25
1858,91
1859,361
1860,481
1861,245
1862,341
1863,451
1864,45
1865,289
1866,703
1867,65
1868,25
1869,715
1870,793
1871,45
1872,697
1873,91
1874,133
1875,703
1876,325
1877,65
1878,169
1879,481
1880,49
1881,49
1882,25
1883,85
1884,1001
1885,217
1886,85
1887,341
1888,247
1889,91
1890,1271
1891,153
1892,49
1893,25
1894,91
1895,91
1896,121
1897,145
1898,105
1899,65
1900,153
1901,91
1902,91
1903,65
1904,361
1905,469
1906,511
1907,25
1908,85
1909,45
1910,231
1911,451
1912,231
1913,259
1914,259
1915,703
1916,45
1917,85
1918,25
1919,273
1920,91
1921,91
1922,561
1923,91
1924,1281
1925,117
1926,133
1927,91
1928,91
1929,49
1930,49
1931,105
1932,25
1933,91
1934,153
1935,259
1936,65
1937,133
1938,265
1939,85
1940,91
1941,49
1942,49
1943,25
1944,145
1945,121
1946,165
1947,217
1948,169
1949,91
1950,259
1951,259
1952,553
1953,793
1954,45
1955,377
1956,133
1957,25
1958,65
1959,217
1960,481
1961,45
1962,259
1963,121
1964,65
1965,133
1966,427
1967,185
1968,25
1969,205
1970,511
1971,85
1972,259
1973,91
1974,781
1975,273
1976,121
1977,205
1978,49
1979,49
1980,91
1981,561
1982,25
1983,133
1984,133
1985,91
1986,91
1987,105
1988,247
1989,217
1990,49
1991,49
1992,91
1993,25
1994,435
1995,949
1996,231
1997,65
1998,365
1999,45
2000,341
2001,65
2002,85
2003,105
2004,481
2005,169
2006,45
2007,25
2008,105
2009,169
2010,221
2011,91
2012,91
2013,145
2014,91
2015,231
2016,341
2017,121
2018,25
2019,91
2020,217
2021,217
2022,133
2023,65
2024,85
2025,133
2026,133
2027,49
2028,49
2029,65
2030,121
2031,91
2032,25
2033,65
2034,133
2035,1891
2036,105
2037,265
2038,231
2039,49
2040,49
2041,589
2042,117
2043,25
2044,45
2045,247
2046,445
2047,145
2048,121
2049,175
2050,169
2051,45
2052,511
2053,85
2054,121
2055,91
2056,85
2057,25
2058,493
2059,105
2060,121
2061,289
2062,65
2063,247
2064,91
2065,671
2066,65
2067,361
2068,25
2069,385
2070,133
2071,91
2072,65
2073,629
2074,529
2075,341
2076,49
2077,49
2078,85
2079,247
2080,1431
2081,91
2082,25
2083,91
2084,91
2085,793
2086,481
2087,85
2088,49
2089,45
2090,1241
2091,1729
2092,105
2093,25
2094,65
2095,481
2096,45
2097,121
2098,65
2099,259
2100,341
2101,133
2102,91
2103,91
2104,361
2105,91
2106,245
2107,25
2108,105
2109,85
2110,91
2111,165
2112,85
2113,105
2114,451
2115,91
2116,133
2117,133
2118,25
2119,1765
2120,231
2121,2465
2122,91
2123,205
2124,175
2125,49
2126,49
2127,65
2128,451
2129,493
2130,703
2131,65
2132,25
2133,289
2134,45
2135,247
2136,247
2137,49
2138,49
2139,133
2140,133
2141,45
2142,1247
2143,25
2144,217
2145,217
2146,91
2147,545
2148,247
2149,325
2150,273
2151,121
2152,185
2153,65
2154,247
2155,91
2156,703
2157,25
2158,133
2159,65
2160,481
2161,561
2162,91
2163,65
2164,105
2165,589
2166,341
2167,91
2168,25
2169,121
2170,117
2171,341
2172,85
2173,259
2174,49
2175,49
2176,217
2177,153
2178,169
2179,45
2180,561
2181,121
2182,25
2183,427
2184,185
2185,341
2186,45
2187,49
2188,385
2189,221
2190,703
2191,435
2192,65
2193,25
2194,85
2195,217
2196,65
2197,85
2198,949
2199,301
2200,91
2201,91
2202,65
2203,133
2204,861
2205,121
2206,91
2207,25
2208,1105
2209,259
2210,259
2211,247
2212,481
2213,91
2214,629
2215,451
2216,169
2217,365
2218,25
2219,169
2220,169
2221,259
2222,91
2223,49
2224,45
2225,793
2226,85
2227,231
2228,65
2229,703
2230,133
2231,45
2232,25
2233,1205
2234,133
2235,49
2236,49
2237,91
2238,217
2239,451
2240,153
2241,703
2242,301
2243,25
2244,1369
2245,703
2246,91
2247,289
2248,85
2249,133
2250,133
2251,175
2252,561
2253,91
2254,1045
2255,961
2256,185
2257,25
2258,91
2259,91
2260,153
2261,65
2262,341
2263,91
2264,341
2265,91
2266,91
2267,65
2268,25
2269,45
2270,427
2271,341
2272,49
2273,49
2274,289
2275,1247
2276,45
2277,169
2278,301
2279,85
2280,481
2281,1281
2282,25
2283,65
2284,49
2285,49
2286,169
2287,91
2288,133
2289,65
2290,121
2291,91
2292,91
2293,25
2294,561
2295,451
2296,121
2297,91
2298,247
2299,175
2300,133
2301,1369
2302,105
2303,145
2304,91
2305,369
2306,645
2307,25
2308,85
2309,341
2310,247
2311,85
2312,721
2313,91
2314,45
2315,553
2316,301
2317,341
2318,25
2319,133
2320,217
2321,45
2322,49
2323,105
2324,325
2325,133
2326,65
2327,451
2328,91
2329,301
2330,133
2331,265
2332,25
2333,49
2334,49
2335,1477
2336,133
2337,91
2338,703
2339,121
2340,341
2341,341
2342,85
2343,25
2344,91
2345,481
2346,553
2347,169
2348,65
2349,91
2350,91
2351,105
2352,289
2353,385
2354,65
2355,133
2356,91
2357,25
2358,65
2359,45
2360,451
2361,217
2362,185
2363,133
2364,85
2365,703
2366,45
2367,85
2368,25
2369,185
2370,49
2371,49
2372,231
2373,1387
2374,105
2375,91
2376,91
2377,261
2378,91
2379,145
2380,121
2381,217
2382,25
2383,49
2384,153
2385,169
2386,385
2387,65
2388,91
2389,169
2390,529
2391,65
2392,1891
2393,25
2394,1891
2395,91
2396,85
2397,65
2398,1105
2399,175
2400,361
2401,247
2402,105
2403,341
2404,45
2405,133
2406,133
2407,25
2408,265
2409,703
2410,221
2411,45
2412,217
2413,65
2414,247
2415,481
2416,341
2417,121
2418,25
2419,49
2420,49
2421,133
2422,289
2423,65
2424,133
2425,133
2426,175
2427,85
2428,91
2429,121
2430,1111
2431,49
2432,25
2433,133
2434,341
2435,91
2436,169
2437,345
2438,703
2439,265
2440,91
2441,91
2442,469
2443,25
2444,301
2445,91
2446,169
2447,91
2448,91
2449,45
2450,451
2451,341
2452,65
2453,145
2454,217
2455,169
2456,45
2457,25
2458,133
2459,361
2460,121
2461,435
2462,65
2463,133
2464,1271
2465,169
2466,91
2467,91
2468,25
2469,49
2470,289
2471,1545
2472,341
2473,91
2474,91
2475,529
2476,451
2477,145
2478,65
2479,91
2480,49
2481,49
2482,25
2483,153
2484,65
2485,451
2486,91
2487,301
2488,65
2489,259
2490,259
2491,273
2492,205
2493,25
2494,45
2495,91
2496,133
2497,133
2498,385
2499,325
2500,133
2501,45
2502,451
2503,85
2504,671
2505,403
2506,403
2507,25
2508,469
2509,165
2510,91
2511,451
2512,85
2513,169
2514,121
2515,133
2516,133
2517,49
2518,25
2519,91
2520,703
2521,65
2522,185
2523,1387
2524,145
2525,561
2526,91
2527,65
2528,105
2529,49
2530,49
2531,91
2532,25
2533,105
2534,85
2535,671
2536,91
2537,85
2538,91
2539,45
2540,341
2541,205
2542,259
2543,25
2544,121
2545,247
2546,45
2547,185
2548,1247
2549,65
2550,121
2551,145
2552,481
2553,65
2554,133
2555,361
2556,703
2557,25
2558,91
2559,481
2560,91
2561,105
2562,703
2563,85
2564,91
2565,91
2566,49
2567,49
2568,25
2569,341
2570,91
2571,341
2572,217
2573,247
2574,175
2575,341
2576,475
2577,91
2578,49
2579,49
2580,703
2581,121
2582,25
2583,545
2584,45
2585,133
2586,65
2587,451
2588,85
2589,341
2590,2059
2591,45
2592,65
2593,25
2594,435
2595,361
2596,133
2597,85
2598,145
2599,403
2600,703
2601,91
2602,133
2603,231
2604,685
2605,169
2606,165
2607,25
2608,65
2609,403
2610,91
2611,703
2612,105
2613,1603
2614,65
2615,49
2616,49
2617,91
2618,25
2619,85
2620,679
2621,133
2622,85
2623,91
2624,169
2625,533
2626,185
2627,49
2628,49
2629,45
2630,91
2631,221
2632,25
2633,105
2634,169
2635,121
2636,45
2637,427
2638,105
2639,289
2640,217
2641,289
2642,247
2643,25
2644,561
2645,1247
2646,1649
2647,65
2648,85
2649,91
2650,341
2651,65
2652,385
2653,121
2654,361
2655,91
2656,91
2657,25
2658,185
2659,121
2660,841
2661,91
2662,553
2663,259
2664,49
2665,49
2666,105
2667,341
2668,25
2669,145
2670,481
2671,121
2672,133
2673,65
2674,45
2675,481
2676,49
2677,49
2678,1441
2679,65
2680,609
2681,45
2682,25
2683,65
2684,973
2685,169
2686,1057
2687,133
2688,865
2689,105
2690,133
2691,133
2692,91
2693,25
2694,637
2695,1541
2696,145
2697,205
2698,341
2699,133
2700,259
2701,91
2702,121
2703,403
2704,85
2705,247
2706,1729
2707,25
2708,91
2709,377
2710,231
2711,259
2712,65
2713,49
2714,49
2715,481
2716,65
2717,105
2718,25
2719,45
2720,91
2721,91
2722,65
2723,169
2724,133
2725,49
2726,45
2727,169
2728,259
2729,133
2730,3053
2731,231
2732,25
2733,85
2734,403
2735,133
2736,85
2737,333
2738,65
2739,91
2740,91
2741,553
2742,91
2743,25
2744,65
2745,301
2746,91
2747,91
2748,65
2749,175
2750,949
2751,1271
2752,91
2753,217
2754,133
2755,117
2756,121
2757,25
2758,85
2759,91
2760,217
2761,361
2762,49
2763,49
2764,45
2765,451
2766,133
2767,85
2768,25
2769,865
2770,221
2771,45
2772,145
2773,247
2774,49
2775,49
2776,175
2777,65
2778,451
2779,1105
2780,121
2781,65
2782,25
2783,91
2784,169
2785,217
2786,121
2787,65
2788,301
2789,85
2790,841
2791,403
2792,85
2793,25
2794,105
2795,217
2796,217
2797,205
2798,341
2799,91
2800,1541
2801,259
2802,1591
2803,65
2804,91
2805,91
2806,341
2807,25
2808,2465
2809,45
2810,121
2811,49
2812,49
2813,65
2814,145
2815,217
2816,45
2817,305
2818,25
2819,361
2820,133
2821,85
2822,105
2823,49
2824,49
2825,289
2826,221
2827,105
2828,703
2829,505
2830,91
2831,91
2832,25
2833,91
2834,231
2835,781
2836,231
2837,91
2838,91
2839,165
2840,529
2841,145
2842,65
2843,25
2844,301
2845,301
2846,65
2847,217
2848,105
2849,445
2850,91
2851,133
2852,65
2853,217
2854,45
2855,231
2856,703
2857,25
2858,589
2859,91
2860,49
2861,45
2862,133
2863,1065
2864,121
2865,781
2866,305
2867,341
2868,25
2869,561
2870,671
2871,949
2872,49
2873,49
2874,65
2875,301
2876,105
2877,85
2878,65
2879,341
2880,301
2881,341
2882,25
2883,91
2884,465
2885,341
2886,451
2887,133
2888,145
2889,217
2890,91
2891,341
2892,169
2893,25
2894,221
2895,91
2896,91
2897,259
2898,1241
2899,45
2900,91
2901,121
2902,91
2903,85
2904,1261
2905,561
2906,45
2907,25
2908,247
2909,49
2910,49
2911,65
2912,145
2913,121
2914,133
2915,133
2916,341
2917,65
2918,25
2919,529
2920,221
2921,49
2922,49
2923,565
2924,91
2925,781
2926,1105
2927,105
2928,85
2929,91
2930,289
2931,121
2932,25
2933,65
2934,91
2935,703
2936,165
2937,85
2938,133
2939,65
2940,1441
2941,91
2942,153
2943,25
2944,45
2945,561
2946,341
2947,365
2948,105
2949,259
2950,91
2951,45
2952,247
2953,105
2954,561
2955,289
2956,133
2957,25
2958,49
2959,49
2960,559
2961,481
2962,85
2963,703
2964,4795
2965,91
2966,301
2967,1585
2968,25
2969,265
2970,49
2971,49
2972,65
2973,559
2974,91
2975,1159
2976,65
2977,217
2978,117
2979,529
2980,671
2981,91
2982,25
2983,451
2984,133
2985,121
2986,91
2987,91
2988,85
2989,45
2990,133
2991,85
2992,445
2993,25
2994,91
2995,133
2996,45
2997,529
2998,65
2999,175
3000,289
3001,133
3002,205
3003,185
3004,65
3005,153
3006,217
3007,25
3008,49
3009,703
3010,793
3011,273
3012,91
3013,85
3014,805
3015,91
3016,121
3017,2701
3018,25
3019,49
3020,49
3021,289
3022,85
3023,169
3024,289
3025,91
3026,175
3027,1105
3028,121
3029,133
3030,451
3031,645
3032,25
3033,145
3034,45
3035,259
3036,2071
3037,65
3038,451
3039,245
3040,341
3041,45
3042,679
3043,25
3044,85
3045,289
3046,301
3047,65
3048,133
3049,671
3050,451
3051,247
3052,121
3053,105
3054,301
3055,703
3056,49
3057,25
3058,105
3059,671
3060,259
3061,169
3062,145
3063,65
3064,169
3065,91
3066,1891
3067,231
3068,25
3069,49
3070,133
3071,133
3072,91
3073,65
3074,217
3075,2263
3076,85
3077,91
3078,91
3079,45
3080,1247
3081,259
3082,25
3083,345
3084,91
3085,91
3086,45
3087,703
3088,1261
3089,133
3090,133
3091,721
3092,385
3093,25
3094,645
3095,117
3096,703
3097,265
3098,85
3099,175
3100,481
3101,165
3102,65
3103,91
3104,91
3105,49
3106,49
3107,25
3108,247
3109,105
3110,91
3111,91
3112,65
3113,697
3114,289
3115,153
3116,91
3117,49
3118,25
3119,121
3120,451
3121,1001
3122,169
3123,91
3124,45
3125,427
3126,175
3127,345
3128,65
3129,85
3130,341
3131,45
3132,25
3133,341
3134,65
3135,259
3136,247
3137,105
3138,65
3139,289
3140,301
3141,169
3142,105
3143,25
3144,1541
3145,301
3146,301
3147,91
3148,205
3149,121
3150,361
3151,231
3152,345
3153,133
3154,49
3155,49
3156,91
3157,25
3158,85
3159,2465
3160,261
3161,85
3162,133
3163,91
3164,561
3165,133
3166,49
3167,49
3168,25
3169,45
3170,231
3171,65
3172,231
3173,91
3174,175
3175,91
3176,45
3177,65
3178,145
3179,703
3180,133
3181,133
3182,25
3183,85
3184,553
3185,341
3186,121
3187,217
3188,169
3189,169
3190,481
3191,105
3192,85
3193,25
3194,91
3195,91
3196,481
3197,91
3198,703
3199,65
3200,561
3201,91
3202,91
3203,49
3204,49
3205,481
3206,671
3207,25
3208,259
3209,259
3210,703
3211,365
3212,117
3213,185
3214,45
3215,49
3216,49
3217,85
3218,25
3219,133
3220,341
3221,45
3222,133
3223,91
3224,385
3225,763
3226,341
3227,121
3228,341
3229,217
3230,169
3231,133
3232,25
3233,169
3234,169
3235,451
3236,65
3237,529
3238,91
3239,657
3240,121
3241,645
3242,65
3243,25
3244,289
3245,259
3246,85
3247,91
3248,153
3249,145
3250,133
3251,341
3252,49
3253,49
3254,91
3255,5321
3256,133
3257,25
3258,65
3259,45
3260,91
3261,133
3262,185
3263,105
3264,49
3265,49
3266,45
3267,91
3268,25
3269,2041
3270,121
3271,341
3272,703
3273,1729
3274,175
3275,231
3276,121
3277,85
3278,1417
3279,247
3280,217
3281,169
3282,25
3283,305
3284,245
3285,91
3286,91
3287,185
3288,91
3289,289
3290,341
3291,169
3292,91
3293,25
3294,121
3295,133
3296,105
3297,65
3298,91
3299,85
3300,169
3301,49
3302,49
3303,361
3304,45
3305,91
3306,1105
3307,25
3308,1729
3309,949
3310,169
3311,45
3312,205
3313,49
3314,49
3315,763
3316,217
3317,231
3318,25
3319,105
3320,469
3321,385
3322,217
3323,65
3324,325
3325,341
3326,703
3327,445
3328,85
3329,65
3330,1513
3331,85
3332,25
3333,65
3334,165
3335,671
3336,133
3337,133
3338,91
3339,1111
3340,117
3341,427
3342,403
3343,25
3344,435
3345,91
3346,341
3347,105
3348,121
3349,45
3350,49
3351,49
3352,105
3353,85
3354,781
3355,91
3356,45
3357,25
3358,91
3359,365
3360,1387
3361,121
3362,49
3363,49
3364,133
3365,261
3366,65
3367,865
3368,25
3369,529
3370,247
3371,247
3372,65
3373,105
3374,561
3375,481
3376,91
3377,91
3378,451
3379,91
3380,341
3381,341
3382,25
3383,91
3384,85
3385,121
3386,645
3387,85
3388,65
3389,91
3390,247
3391,121
3392,703
3393,25
3394,45
3395,703
3396,91
3397,121
3398,65
3399,49
3400,49
3401,45
3402,169
3403,169
3404,205
3405,91
3406,341
3407,25
3408,1105
3409,589
3410,609
3411,49
3412,49
3413,85
3414,341
3415,121
3416,85
3417,485
3418,25
3419,133
3420,91
3421,145
3422,265
3423,949
3424,105
3425,671
3426,341
3427,65
3428,121
3429,91
3430,153
3431,65
3432,25
3433,221
3434,451
3435,403
3436,91
3437,65
3438,85
3439,45
3440,217
3441,91
3442,91
3443,25
3444,1045
3445,651
3446,45
3447,85
3448,49
3449,49
3450,169
3451,645
3452,105
3453,65
3454,871
3455,153
3456,341
3457,25
3458,365
3459,65
3460,49
3461,49
3462,685
3463,65
3464,153
3465,1649
3466,217
3467,91
3468,25
3469,85
3470,91
3471,341
3472,85
3473,105
3474,91
3475,91
3476,175
3477,259
3478,105
3479,169
3480,91
3481,451
3482,25
3483,361
3484,45
3485,133
3486,481
3487,91
3488,133
3489,133
3490,427
3491,45
3492,65
3493,25
3494,361
3495,341
3496,65
3497,49
3498,49
3499,165
3500,121
3501,85
3502,65
3503,451
3504,217
3505,259
3506,105
3507,25
3508,217
3509,49
3510,49
3511,91
3512,121
3513,511
3514,247
3515,221
3516,133
3517,205
3518,25
3519,385
3520,91
3521,481
3522,133
3523,85
3524,65
3525,259
3526,169
3527,91
3528,65
3529,45
3530,169
3531,703
3532,25
3533,91
3534,763
3535,341
3536,45
3537,91
3538,481
3539,91
3540,91
3541,273
3542,361
3543,25
3544,481
3545,247
3546,49
3547,49
3548,231
3549,121
3550,651
3551,175
3552,133
3553,259
3554,85
3555,703
3556,361
3557,25
3558,49
3559,49
3560,133
3561,65
3562,105
3563,117
3564,133
3565,91
3566,91
3567,65
3568,25
3569,341
3570,793
3571,91
3572,169
3573,341
3574,45
3575,1387
3576,245
3577,1649
3578,91
3579,133
3580,133
3581,45
3582,25
3583,65
3584,1065
3585,427
3586,85
3587,91
3588,305
3589,65
3590,121
3591,1105
3592,341
3593,25
3594,341
3595,49
3596,49
3597,403
3598,341
3599,259
3600,341
3601,775
3602,91
3603,121
3604,645
3605,561
3606,1729
3607,25
3608,49
3609,205
3610,1027
3611,91
3612,341
3613,145
3614,645
3615,481
3616,435
3617,85
3618,25
3619,45
3620,481
3621,121
3622,65
3623,91
3624,91
3625,341
3626,45
3627,121
3628,91
3629,169
3630,91
3631,91
3632,25
3633,121
3634,105
3635,341
3636,247
3637,145
3638,169
3639,85
3640,529
3641,511
3642,85
3643,25
3644,49
3645,49
3646,561
3647,289
3648,65
3649,91
3650,91
3651,175
3652,91
3653,217
3654,65
3655,133
3656,49
3657,25
3658,65
3659,427
3660,133
3661,435
3662,91
3663,217
3664,45
3665,1551
3666,133
3667,105
3668,25
3669,91
3670,121
3671,45
3672,361
3673,341
3674,259
3675,529
3676,325
3677,365
3678,91
3679,361
3680,117
3681,341
3682,25
3683,105
3684,145
3685,133
3686,385
3687,65
3688,105
3689,435
3690,341
3691,65
3692,289
3693,25
3694,49
3695,169
3696,169
3697,65
3698,561
3699,169
3700,377
3701,325
3702,85
3703,1745
3704,301
3705,49
3706,49
3707,25
3708,385
3709,45
3710,221
3711,121
3712,133
3713,65
3714,91
3715,91
3716,45
3717,247
3718,25
3719,65
3720,427
3721,91
3722,91
3723,65
3724,85
3725,217
3726,175
3727,85
3728,385
3729,481
3730,429
3731,529
3732,25
3733,265
3734,435
3735,133
3736,133
3737,169
3738,841
3739,105
3740,91
3741,91
3742,49
3743,25
3744,703
3745,403
3746,1441
3747,91
3748,91
3749,451
3750,217
3751,133
3752,65
3753,85
3754,45
3755,49
3756,65
3757,25
3758,145
3759,1369
3760,91
3761,45
3762,65
3763,133
3764,259
3765,703
3766,435
3767,105
3768,25
3769,91
3770,153
3771,205
3772,105
3773,247
3774,245
3775,259
3776,775
3777,301
3778,65
3779,231
3780,247
3781,305
3782,25
3783,301
3784,65
3785,259
3786,703
3787,85
3788,65
3789,469
3790,153
3791,49
3792,49
3793,25
3794,1045
3795,289
3796,385
3797,117
3798,169
3799,45
3800,91
3801,925
3802,703
3803,49
3804,49
3805,91
3806,45
3807,25
3808,117
3809,85
3810,91
3811,793
3812,85
3813,91
3814,205
3815,341
3816,697
3817,65
3818,25
3819,403
3820,703
3821,65
3822,205
3823,365
3824,561
3825,2047
3826,133
3827,65
3828,505
3829,145
3830,133
3831,91
3832,25
3833,301
3834,91
3835,1233
3836,341
3837,259
3838,85
3839,91
3840,49
3841,49
3842,185
3843,25
3844,45
3845,121
3846,133
3847,553
3848,341
3849,65
3850,589
3851,45
3852,49
3853,49
3854,481
3855,361
3856,145
3857,25
3858,259
3859,703
3860,91
3861,1351
3862,385
3863,85
3864,169
3865,169
3866,645
3867,289
3868,25
3869,121
3870,217
3871,341
3872,85
3873,529
3874,175
3875,91
3876,341
3877,105
3878,561
3879,451
3880,153
3881,121
3882,25
3883,247
3884,91
3885,451
3886,65
3887,133
3888,133
3889,45
3890,49
3891,91
3892,65
3893,25
3894,85
3895,553
3896,45
3897,85
3898,105
3899,121
3900,217
3901,49
3902,49
3903,91
3904,91
3905,549
3906,169
3907,25
3908,65
3909,169
3910,169
3911,561
3912,121
3913,703
3914,65
3915,133
3916,469
3917,361
3918,25
3919,561
3920,1891
3921,133
3922,91
3923,85
3924,1675
3925,91
3926,85
3927,145
3928,185
3929,91
3930,91
3931,217
3932,25
3933,259
3934,45
3935,91
3936,289
3937,1729
3938,49
3939,49
3940,247
3941,45
3942,91
3943,25
3944,793
3945,481
3946,1891
3947,65
3948,85
3949,105
3950,49
3951,49
3952,265
3953,121
3954,451
3955,6533
3956,609
3957,25
3958,259
3959,133
3960,133
3961,609
3962,561
3963,133
3964,247
3965,629
3966,91
3967,169
3968,25
3969,341
3970,651
3971,289
3972,341
3973,65
3974,145
3975,91
3976,169
3977,105
3978,133
3979,45
3980,697
3981,289
3982,25
3983,65
3984,121
3985,259
3986,45
3987,49
3988,49
3989,231
3990,121
3991,231
3992,91
3993,25
3994,91
3995,91
3996,121
3997,561
3998,105
3999,49
4000,49
4001,133
4002,121
4003,105
4004,697
4005,301
4006,259
4007,25
4008,85
4009,533
4010,231
4011,85
4012,65
4013,91
4014,91
4015,793
4016,65
4017,133
4018,25
4019,205
4020,91
4021,91
4022,65
4023,259
4024,45
4025,221
4026,91
4027,185
4028,341
4029,133
4030,493
4031,45
4032,25
4033,85
4034,169
4035,589
4036,49
4037,49
4038,65
4039,247
4040,247
4041,481
4042,85
4043,25
4044,65
4045,341
4046,285
4047,385
4048,49
4049,49
4050,697
4051,435
4052,485
4053,565
4054,105
4055,217
4056,217
4057,25
4058,265
4059,133
4060,403
4061,273
4062,217
4063,341
4064,85
4065,133
4066,91
4067,85
4068,25
4069,45
4070,361
4071,259
4072,145
4073,91
4074,121
4075,169
4076,45
4077,65
4078,91
4079,91
4080,511
4081,65
4082,25
4083,91
4084,133
4085,49
4086,49
4087,65
4088,341
4089,365
4090,1261
4091,165
4092,133
4093,25
4094,231
4095,703
4096,85
