1,2
2,3
3,0
4,26861
5,7
6,5
7,2
8,3
9,2
10,11
11,5
12,0
13,19
14,3
15,2
16,26861
17,2
18,643
19,11
20,3
21,11
22,31
23,2
24,5
25,2
26,3
27,0
28,48731
29,5
30,13
31,2
32,3
33,2
34,7
35,11
36,5
37,199
38,3
39,2
40,11
41,2
42,29
43,53
44,3
45,109
46,41
47,2
48,0
49,2
50,3
51,13
52,17
53,23
54,5
55,2
56,3
57,2
58,1019
59,5
60,263
61,11
62,3
63,2
64,26861
65,2
66,5
67,163
68,3
69,7
70,61
71,2
72,643
73,2
74,3
75,0
76,7
77,17
78,107
79,2
80,3
81,2
82,83
83,11
84,5
85,97
86,3
87,2
88,31
89,2
90,7
91,31
92,3
93,157
94,7
95,2
96,5
97,2
98,3
99,7793
100,616897
101,5
102,181
103,2
104,3
105,2
106,97
107,23
108,0
109,97
110,3
111,2
112,48731
113,2
114,5
115,41
116,3
117,17
118,13
119,2
120,13
121,2
122,3
123,47
124,7
125,7
126,5
127,2
128,3
129,2
130,163
131,5
132,19
133,277
134,3
135,2
136,7
137,2
138,11
139,11
140,3
141,43
142,331
143,2
144,5
145,2
146,3
147,0
148,191
149,5
150,7
151,2
152,3
153,2
154,19
155,19
156,5
157,163
158,3
159,2
160,11
161,2
162,643
163,15073
164,3
165,79
166,7
167,2
168,29
169,2
170,3
171,7
172,47
173,11
174,5
175,2
176,3
177,2
178,13
179,5
180,7
181,23
182,3
183,2
184,41
185,2
186,5
187,109
188,3
189,11
190,12379
191,2
192,0
193,2
194,3
195,11
196,17
197,103
198,29
199,2
200,3
201,2
202,211
203,31
204,5
205,19
206,3
207,2
208,17
209,2
210,73
211,59
212,3
213,149
214,241
215,2
216,5
217,2
218,3
219,19
220,13
221,5
222,11
223,2
224,3
225,2
226,211
227,11
228,53
229,59
230,3
231,2
232,1019
233,2
234,5
235,137
236,3
237,13
238,19
239,2
240,263
241,2
242,3
243,0
244,7
245,109
246,5
247,2
248,3
249,2
250,11
251,5
252,48673
253,3765373
254,3
255,2
256,26861
257,2
258,199
259,13
260,3
261,13
262,389
263,2
264,5
265,2
266,3
267,773
268,157
269,5
270,13
271,2
272,3
273,2
274,13
275,7793
276,5
277,641
278,3
279,2
280,61
281,2
282,229
283,97
284,3
285,11
286,7
287,2
288,643
289,2
290,3
291,43
292,61
293,11
294,5
295,2
296,3
297,2
298,607
299,5
300,7
301,313
302,3
303,2
304,7
305,2
306,5
307,103
308,3
309,101
310,311
311,2
312,107
313,2
314,3
315,13
316,13
317,211
318,11
319,2
320,3
321,2
322,37
323,47
324,5
325,17
326,3
327,2
328,83
329,2
330,509
331,149
332,3
333,191
334,7
335,2
336,5
337,2
338,3
339,7
340,89
341,5
342,17
343,2
344,3
345,2
346,7
347,67
348,11
349,11
350,3
351,2
352,31
353,2
354,5
355,19
356,3
357,491
358,1663
359,2
360,7
361,2
362,3
363,0
364,29
365,13
366,5
367,2
368,3
369,2
370,11
371,5
372,139
373,23
374,3
375,2
376,7
377,2
378,29
379,179
380,3
381,7
382,29
383,2
384,5
385,2
386,3
387,47
388,109
389,5
390,7
391,2
392,3
393,2
394,367
395,7
396,5
397,11467
398,3
399,2
400,616897
401,2
402,11
403,1031
404,3
405,109
406,11
407,2
408,181
409,2
410,3
411,7
412,19
413,13
414,5
415,2
416,3
417,2
418,557
419,5
420,11
421,367
422,3
423,2
424,97
425,2
426,5
427,5813
428,3
429,29
430,31
431,2
432,0
433,2
434,3
435,131
436,29
437,11
438,2729
439,2
440,3
441,2
442,503
443,109
444,5
445,467
446,3
447,2
448,48731
449,2
450,19
451,13
452,3
453,241
454,7
455,2
456,5
457,2
458,3
459,13
460,37
461,5
462,11447
463,2
464,3
465,2
466,907
467,17
468,11
469,13
470,3
471,2
472,13
473,2
474,5
475,23
476,3
477,29
478,709
479,2
480,13
481,2
482,3
483,151
484,17
485,19
486,5
487,2
488,3
489,2
490,13
491,5
492,43
493,41
494,3
495,2
496,7
497,2
498,22279
499,439
500,3
501,107
502,19
503,2
504,5
505,2
506,3
507,0
508,19
509,5
510,7
511,2
512,3
513,2
514,7
515,53
516,5
517,37
518,3
519,2
520,163
521,2
522,1013
523,17
524,3
525,19
526,29
527,2
528,19
529,2
530,3
531,7
532,271
533,3121
534,5
535,2
536,3
537,2
538,509
539,5
540,263
541,577
542,3
543,2
544,7
545,2
546,5
547,419
548,3
549,7
550,29
551,2
552,11
553,2
554,3
555,193
556,7
557,31
558,11
559,2
560,3
561,2
562,2467
563,11
564,5
565,461
566,3
567,2
568,331
569,2
570,7
571,31
572,3
573,29
574,11
575,2
576,5
577,2
578,3
579,7
580,11
581,5
582,17
583,2
584,3
585,2
586,7
587,59
588,0
589,29
590,3
591,2
592,191
593,2
594,5
595,193
596,3
597,439
598,14869
599,2
600,7
601,2
602,3
603,157
604,19
605,7
606,5
607,2
608,3
609,2
610,31
611,5
612,11
613,41
614,3
615,2
616,19
617,2
618,31
619,109
620,3
621,7
622,61
623,2
624,5
625,2
626,3
627,239
628,113
629,5
630,59
631,2
632,3
633,2
634,13
635,7
636,5
637,31
638,3
639,2
640,11
641,2
642,23
643,599
644,3
645,311
646,13
647,2
648,643
649,2
650,3
651,11
652,15061
653,431
654,5
655,2
656,3
657,2
658,4259
659,5
660,73
661,23
662,3
663,2
664,7
665,2
666,5
667,97
668,3
669,8423
670,11
671,2
672,29
673,2
674,3
675,0
676,616897
677,11
678,11
679,2
680,3
681,2
682,101
683,241
684,5
685,587
686,3
687,2
688,47
689,2
690,13
691,103
692,3
693,43
694,1009
695,2
696,5
697,2
698,3
699,7
700,48673
701,5
702,107
703,2
704,3
705,2
706,7
707,89
708,522047
709,1277
710,3
711,2
712,13
713,2
714,5
715,271
716,3
717,379
718,29
719,2
720,7
721,2
722,3
723,331
724,7
725,13
726,5
727,2
728,3
729,2
730,31
731,5
732,17
733,67
734,3
735,2
736,41
737,2
738,79
739,211
740,3
741,7
742,149393
743,2
744,5
745,2
746,3
747,29
748,79
749,5
750,13
751,2
752,3
753,2
754,7
755,7
756,5
757,73
758,3
759,2
760,12379
761,2
762,1013
763,257
764,3
765,89
766,7
767,2
768,0
769,2
770,3
771,79
772,6299
773,23
774,5
775,2
776,3
777,2
778,29
779,5
780,7
781,19
782,3
783,2
784,17
785,2
786,5
787,31
788,3
789,7
790,17
791,2
792,29
793,2
794,3
795,2411
796,7
797,17
798,67
799,2
800,3
801,2
802,43
803,13
804,5
805,37
806,3
807,2
808,211
809,2
810,7
811,11
812,3
813,1187
814,839
815,2
816,5
817,2
818,3
819,29
820,17
821,5
822,11
823,2
824,3
825,2
826,1531
827,127
828,3251
829,17
830,3
831,2
832,17
833,2
834,5
835,19
836,3
837,157
838,79
839,2
840,73
841,2
842,3
843,239
844,13
845,7
846,5
847,2
848,3
849,2
850,29
851,5
852,139
853,32647
854,3
855,2
856,241
857,2
858,23
859,17
860,3
861,31
862,897709
863,2
864,5
865,2
866,3
867,0
868,17
869,5
870,439
871,2
872,3
873,2
874,7
875,11
876,5
877,1361
878,3
879,2
880,13
881,2
882,19
883,2069
884,3
885,17
886,19
887,2
888,11
889,2
890,3
891,7793
892,37
893,17
894,5
895,2
896,3
897,2
898,71
899,5
900,26861
901,11
902,3
903,2
904,211
905,2
906,5
907,2267
908,3
909,7
910,17
911,2
912,53
913,2
914,3
915,11
916,7
917,347
918,181
919,2
920,3
921,2
922,19
923,11
924,5
925,191
926,3
927,2
928,1019
929,2
930,7
931,23
932,3
933,43
934,7
935,2
936,5
937,2
938,3
939,19
940,131
941,5
942,5923
943,2
944,3
945,2
946,239
947,2243
948,11
949,1019
950,3
951,2
952,19
953,2
954,5
955,991
956,3
957,733
958,29
959,2
960,263
961,2
962,3
963,29
964,7
965,7
966,5
967,2
968,3
969,2
970,1109
971,5
972,0
973,859
974,3
975,2
976,7
977,2
978,11
979,13
980,3
981,29
982,1553
983,2
984,5
985,2
986,3
987,17
988,43
989,5
990,7
991,2
992,3
993,2
994,311
995,131
996,5
997,587
998,3
999,2
1000,11
1001,2
1002,41
1003,389
1004,3
1005,719
1006,7
1007,2
1008,48673
1009,2
1010,3
1011,7
1012,3765367
1013,157
1014,5
1015,2
1016,3
1017,2
1018,13
1019,5
1020,7
1021,31
1022,3
1023,2
1024,26861
1025,2
1026,5
1027,727
1028,3
1029,11
1030,1619
1031,2
1032,199
1033,2
1034,3
1035,37
1036,11
1037,401
1038,9791
1039,2
1040,3
1041,2
1042,1553
1043,131
1044,5
1045,37
1046,3
1047,2
1048,389
1049,2
1050,17
1051,379
1052,3
1053,17
1054,911
1055,2
1056,5
1057,2
1058,3
1059,499
1060,193
1061,5
1062,11
1063,2
1064,3
1065,2
1066,31
1067,13
1068,757
1069,11
1070,3
1071,2
1072,157
1073,2
1074,5
1075,47
1076,3
1077,29
1078,29
1079,2
1080,13
1081,2
1082,3
1083,0
1084,7
1085,11
1086,5
1087,2
1088,3
1089,2
1090,58049
1091,5
1092,179
1093,5563
1094,3
1095,2
1096,13
1097,2
1098,31
1099,131
1100,3
1101,19
1102,13
1103,2
1104,5
1105,2
1106,3
1107,47
1108,331
1109,5
1110,1051
1111,2
1112,3
1113,2
1114,19
1115,29
1116,5
1117,67
1118,3
1119,2
1120,61
1121,2
1122,797
1123,67
1124,3
1125,109
1126,7
1127,2
1128,229
1129,2
1130,3
1131,37
1132,13
1133,109
1134,5
1135,2
1136,3
1137,2
1138,43
1139,5
1140,7
1141,13
1142,3
1143,2
1144,7
1145,2
1146,5
1147,41
1148,3
1149,14543
1150,43
1151,2
1152,643
1153,2
1154,3
1155,23
1156,616897
1157,43
1158,17
1159,2
1160,3
1161,2
1162,1693
1163,307
1164,5
1165,29
1166,3
1167,2
1168,61
1169,2
1170,157
1171,23
1172,3
1173,29
1174,7
1175,2
1176,5
1177,2
1178,3
1179,7
1180,41
1181,5
1182,17
1183,2
1184,3
1185,2
1186,7
1187,191
1188,19
1189,241
1190,3
1191,2
1192,607
1193,2
1194,5
1195,13
1196,3
1197,271
1198,1823
1199,2
1200,7
1201,2
1202,3
1203,397
1204,311
1205,13
1206,5
1207,2
1208,3
1209,2
1210,13
1211,5
1212,31
1213,8219
1214,3
1215,2
1216,7
1217,2
1218,13
1219,389
1220,3
1221,7
1222,193
1223,2
1224,5
1225,2
1226,3
1227,541301
1228,19
1229,5
1230,7
1231,2
1232,3
1233,2
1234,13
1235,7
1236,5
1237,1201
1238,3
1239,2
1240,311
1241,2
1242,11
1243,1433
1244,3
1245,11
1246,719
1247,2
1248,107
1249,2
1250,3
1251,7
1252,251
1253,29
1254,5
1255,2
1256,3
1257,2
1258,7621
1259,5
1260,11
1261,53
1262,3
1263,2
1264,13
1265,2
1266,5
1267,37
1268,3
1269,43
1270,31
1271,2
1272,11
1273,2
1274,3
1275,19
1276,23
1277,17
1278,317
1279,2
1280,3
1281,2
1282,2039
1283,17
1284,5
1285,7823
1286,3
1287,2
1288,37
1289,2
1290,1367
1291,17
1292,3
1293,101
1294,7
1295,2
1296,5
1297,2
1298,3
1299,131
1300,11
1301,5
1302,47
1303,2
1304,3
1305,2
1306,991
1307,23
1308,11
1309,29
1310,3
1311,2
1312,83
1313,2
1314,5
1315,353
1316,3
1317,79
1318,17167
1319,2
1320,509
1321,2
1322,3
1323,0
1324,131
1325,19
1326,5
1327,2
1328,3
1329,2
1330,13
1331,5
1332,181
1333,37
1334,3
1335,2
1336,7
1337,2
1338,59
1339,29
1340,3
1341,29
1342,17
1343,2
1344,5
1345,2
1346,3
1347,461
1348,37
1349,5
1350,7
1351,2
1352,3
1353,2
1354,7
1355,13
1356,5
1357,157
1358,3
1359,2
1360,89
1361,2
1362,23
1363,59
1364,3
1365,24337
1366,13
1367,2
1368,17
1369,2
1370,3
1371,7
1372,48731
1373,48527
1374,5
1375,2
1376,3
1377,2
1378,23
1379,5
1380,571
1381,17
1382,3
1383,2
1384,7
1385,2
1386,5
1387,2239
1388,3
1389,7
1390,23
1391,2
1392,11
1393,2
1394,3
1395,23
1396,7
1397,523
1398,47
1399,2
1400,3
1401,2
1402,53
1403,11
1404,5
1405,13
1406,3
1407,2
1408,31
1409,2
1410,7
1411,42535951
1412,3
1413,113
1414,11
1415,2
1416,5
1417,2
1418,3
1419,7
1420,17
1421,5
1422,173
1423,2
1424,3
1425,2
1426,7
1427,11
1428,461
1429,17
1430,3
1431,2
1432,1663
1433,2
1434,5
1435,21859
1436,3
1437,29
1438,907
1439,2
1440,7
1441,2
1442,3
1443,23
1444,41
1445,7
1446,5
1447,2
1448,3
1449,2
1450,1013
1451,5
1452,13
1453,127
1454,3
1455,2
1456,29
1457,2
1458,643
1459,11
1460,3
1461,7
1462,1013
1463,2
1464,5
1465,2
1466,3
1467,15061
1468,53
1469,5
1470,11
1471,2
1472,3
1473,2
1474,1531
1475,7
1476,5
1477,61
1478,3
1479,2
1480,11
1481,2
1482,11
1483,31
1484,3
1485,79
1486,61
1487,2
1488,139
1489,2
1490,3
1491,11
1492,19
1493,761
1494,5
1495,2
1496,3
1497,2
1498,17
1499,5
1500,263
1501,43
1502,3
1503,2
1504,7
1505,2
1506,5
1507,2953
1508,3
1509,13
1510,1973
1511,2
1512,29
1513,2
1514,3
1515,11
1516,151
1517,11
1518,13
1519,2
1520,3
1521,2
1522,19
1523,401
1524,5
1525,13
1526,3
1527,2
1528,29
1529,2
1530,31
1531,11
1532,3
1533,41
1534,101
1535,2
1536,5
1537,2
1538,3
1539,7
1540,419
1541,5
1542,41
1543,2
1544,3
1545,2
1546,7
1547,19
1548,17
1549,1303
1550,3
1551,2
1552,109
1553,2
1554,5
1555,100183
1556,3
1557,13
1558,8093
1559,2
1560,7
1561,2
1562,3
1563,653
1564,7
1565,419
1566,5
1567,2
1568,3
1569,2
1570,47
1571,5
1572,17
1573,31
1574,3
1575,2
1576,367
1577,2
1578,162787
1579,23
1580,3
1581,7
1582,131
1583,2
1584,5
1585,2
1586,3
1587,0
1588,11447
1589,5
1590,13
1591,2
1592,3
1593,2
1594,7
1595,7
1596,5
1597,179
1598,3
1599,2
1600,616897
1601,2
1602,11
1603,53
1604,3
1605,0
1606,7
1607,2
1608,11
1609,2
1610,3
1611,19
1612,1021
1613,11
1614,5
1615,2
1616,3
1617,2
1618,8089
1619,5
1620,7
1621,1579
1622,3
1623,2
1624,11
1625,2
1626,5
1627,59
1628,3
1629,7
1630,11
1631,2
1632,181
1633,2
1634,3
1635,359
1636,7
1637,47
1638,41
1639,2
1640,3
1641,2
1642,173
1643,149
1644,5
1645,8263
1646,3
1647,2
1648,19
1649,2
1650,7
1651,137
1652,3
1653,2917
1654,37
1655,2
1656,5
1657,2
1658,3
1659,151
1660,47
1661,5
1662,1249
1663,2
1664,3
1665,2
1666,29
1667,17
1668,17
1669,11
1670,3
1671,2
1672,557
1673,2
1674,5
1675,157
1676,3
1677,3617
1678,13
1679,2
1680,11
1681,2
1682,3
1683,79
1684,337
1685,7
1686,5
1687,2
1688,3
1689,2
1690,11
1691,5
1692,101
1693,23
1694,3
1695,2
1696,97
1697,2
1698,5003
1699,17
1700,3
1701,11
1702,53
1703,2
1704,5
1705,2
1706,3
1707,13
1708,5807
1709,5
1710,3307
1711,2
1712,3
1713,2
1714,7
1715,11
1716,5
1717,79
1718,3
1719,2
1720,31
1721,2
1722,47
1723,631
1724,3
1725,17
1726,13
1727,2
1728,0
1729,2
1730,3
1731,373
1732,19
1733,17
1734,5
1735,2
1736,3
1737,2
1738,101
1739,5
1740,109
1741,269
1742,3
1743,2
1744,29
1745,2
1746,5
1747,709
1748,3
1749,7
1750,61
1751,2
1752,2729
1753,2
1754,3
1755,11
1756,7
1757,883
1758,59
1759,2
1760,3
1761,2
1762,29
1763,31
1764,5
1765,43
1766,3
1767,2
1768,503
1769,2
1770,7
1771,163
1772,3
1773,139
1774,7
1775,2
1776,5
1777,2
1778,3
1779,163
1780,463
1781,5
1782,29
1783,2
1784,3
1785,2
1786,1423
1787,6317
1788,11
1789,31
1790,3
1791,2
1792,48731
1793,2
1794,5
1795,13
1796,3
1797,1087
1798,19
1799,2
1800,19
1801,2
1802,3
1803,61
1804,7
1805,7
1806,5
1807,2
1808,3
1809,2
1810,17
1811,5
1812,11
1813,191
1814,3
1815,2
1816,7
1817,2
1818,193
1819,19
1820,3
1821,13
1822,89
1823,2
1824,5
1825,2
1826,3
1827,53
1828,547
1829,5
1830,7
1831,2
1832,3
1833,2
1834,11
1835,223
1836,5
1837,19
1838,3
1839,2
1840,37
1841,2
1842,301997
1843,61
1844,3
1845,17
1846,7
1847,2
1848,11447
1849,2
1850,3
1851,7
1852,113
1853,71
1854,5
1855,2
1856,3
1857,2
1858,13
1859,5
1860,7
1861,11
1862,3
1863,2
1864,907
1865,2
1866,5
1867,2287
1868,3
1869,11
1870,2087
1871,2
1872,11
1873,2
1874,3
1875,0
1876,11
1877,41
1878,41
1879,2
1880,3
1881,2
1882,1709
1883,19
1884,5
1885,2017
1886,3
1887,2
1888,13
1889,2
1890,73
1891,23
1892,3
1893,1723
1894,13
1895,2
1896,5
1897,2
1898,3
1899,13
1900,11
1901,5
1902,11
1903,2
1904,3
1905,2
1906,1697
1907,73
1908,23
1909,11
1910,3
1911,2
1912,709
1913,2
1914,5
1915,661
1916,3
1917,149
1918,59
1919,2
1920,13
1921,2
1922,3
1923,29
1924,7
1925,13
1926,5
1927,2
1928,3
1929,2
1930,457
1931,5
1932,137
1933,109
1934,3
1935,2
1936,17
1937,2
1938,11
1939,283
1940,3
1941,8011
1942,29
1943,2
1944,5
1945,2
1946,3
1947,47
1948,107
1949,5
1950,103
1951,2
1952,3
1953,2
1954,13
1955,173
1956,5
1957,257
1958,3
1959,2
1960,13
1961,2
1962,103
1963,739
1964,3
1965,11
1966,7
1967,2
1968,43
1969,2
1970,3
1971,19
1972,23
1973,17
1974,5
1975,2
1976,3
1977,2
1978,32939
1979,5
1980,7
1981,1993
1982,3
1983,2
1984,7
1985,2
1986,5
1987,661
1988,3
1989,53
1990,17
1991,2
1992,22279
1993,2
1994,3
1995,449
1996,337
1997,23
1998,11
1999,2
2000,3
2001,2
2002,2953
2003,523
2004,5
2005,19
2006,3
2007,2
2008,19
2009,2
2010,19
2011,653
2012,3
2013,1716311
2014,7
2015,2
2016,5
2017,2
2018,3
2019,7
2020,757
2021,5
2022,23
2023,2
2024,3
2025,2
2026,7
2027,277
2028,0
2029,23
2030,3
2031,2
2032,19
2033,2
2034,5
2035,113
2036,3
2037,1451
2038,79
2039,2
2040,7
2041,2
2042,3
2043,29
2044,17
2045,13
2046,5
2047,2
2048,3
2049,2
2050,79
2051,5
2052,53
2053,191
2054,3
2055,2
2056,7
2057,2
2058,29
2059,563
2060,3
2061,7
2062,9760459
2063,2
2064,5
2065,2
2066,3
2067,463
2068,31
2069,5
2070,7
2071,2
2072,3
2073,2
2074,673
2075,7
2076,5
2077,12941
2078,3
2079,2
2080,163
2081,2
2082,73
2083,41
2084,3
2085,11
2086,11
2087,2
2088,1013
2089,2
2090,3
2091,7
2092,13
2093,29
2094,5
2095,2
2096,3
2097,2
2098,37
2099,5
2100,11
2101,2099
2102,3
2103,2
2104,29
2105,2
2106,5
2107,47
2108,3
2109,13
2110,17
2111,2
2112,19
2113,2
2114,3
2115,131
2116,41
2117,179
2118,2111
2119,2
2120,3
2121,2
2122,131
2123,19
2124,5
2125,97
2126,3
2127,2
2128,271
2129,2
2130,29
2131,11
2132,3
2133,13
2134,7
2135,2
2136,5
2137,2
2138,3
2139,541
2140,11
2141,5
2142,13
2143,2
2144,3
2145,2
2146,19
2147,11
2148,359
2149,173
2150,3
2151,2
2152,509
2153,2
2154,5
2155,13
2156,3
2157,61
2158,59
2159,2
2160,263
2161,2
2162,3
2163,683
2164,571
2165,1259
2166,5
2167,2
2168,3
2169,2
2170,35633641
2171,5
2172,47
2173,1723
2174,3
2175,2
2176,7
2177,2
2178,21683
2179,823
2180,3
2181,29
2182,43
2183,2
2184,5
2185,2
2186,3
2187,0
2188,383
2189,5
2190,7
2191,2
2192,3
2193,2
2194,7
2195,19
2196,5
2197,19
2198,3
2199,2
2200,29
2201,2
2202,3209
2203,46747
2204,3
2205,1861
2206,13
2207,2
2208,11
2209,2
2210,3
2211,7
2212,839
2213,31
2214,5
2215,2
2216,3
2217,2
2218,19
2219,5
2220,191
2221,82241
2222,3
2223,2
2224,7
2225,2
2226,5
2227,79
2228,3
2229,7
2230,59
2231,2
2232,11
2233,2
2234,3
2235,17
2236,7
2237,967
2238,31
2239,2
2240,3
2241,2
2242,101
2243,11
2244,5
2245,19
2246,3
2247,2
2248,2467
2249,2
2250,7
2251,853
2252,3
2253,29
2254,11
2255,2
2256,5
2257,2
2258,3
2259,7
2260,83
2261,5
2262,73
2263,2
2264,3
2265,2
2266,7
2267,257
2268,48673
2269,31
2270,3
2271,2
2272,331
2273,2
2274,5
2275,43
2276,3
2277,3765367
2278,41
2279,2
2280,7
2281,2
2282,3
2283,88241
2284,13
2285,7
2286,5
2287,2
2288,3
2289,2
2290,2203
2291,5
2292,23
2293,30137
2294,3
2295,2
2296,11
2297,2
2298,23
2299,23
2300,3
2301,7
2302,253919
2303,2
2304,5
2305,2
2306,3
2307,829
2308,3169
2309,5
2310,13
2311,2
2312,3
2313,2
2314,23
2315,7
2316,5
2317,107
2318,3
2319,2
2320,11
2321,2
2322,199
2323,233
2324,3
2325,139
2326,2179
2327,2
2328,17
2329,2
2330,3
2331,11
2332,101
2333,59
2334,5
2335,2
2336,3
2337,2
2338,41
2339,5
2340,23
2341,59
2342,3
2343,2
2344,7
2345,2
2346,5
2347,5521
2348,3
2349,13
2350,11
2351,2
2352,0
2353,2
2354,3
2355,31
2356,13
2357,67
2358,373
2359,2
2360,3
2361,2
2362,13
2363,487
2364,5
2365,17
2366,3
2367,2
2368,191
2369,2
2370,61
2371,11
2372,3
2373,1511
2374,2153
2375,2
2376,5
2377,2
2378,3
2379,7
2380,41
2381,5
2382,17
2383,2
2384,3
2385,2
2386,7
2387,293
2388,23
2389,17
2390,3
2391,2
2392,14869
2393,2
2394,5
2395,71
2396,3
2397,23
2398,59
2399,2
2400,7
2401,2
2402,3
2403,773
2404,7
2405,17
2406,5
2407,2
2408,3
2409,2
2410,31481
2411,5
2412,89
2413,79
2414,3
2415,2
2416,19
2417,2
2418,1823
2419,677
2420,3
2421,7
2422,17
2423,2
2424,5
2425,2
2426,3
2427,13
2428,13
2429,5
2430,13
2431,2
2432,3
2433,2
2434,7
2435,7
2436,5
2437,149
2438,3
2439,2
2440,31
2441,2
2442,41
2443,1117
2444,3
2445,31
2446,7
2447,2
2448,11
2449,2
2450,3
2451,1277
2452,37
2453,13
2454,5
2455,2
2456,3
2457,2
2458,107
2459,5
2460,7
2461,17
2462,3
2463,2
2464,19
2465,2
2466,5
2467,877
2468,3
2469,7
2470,11
2471,2
2472,31
2473,2
2474,3
2475,19031
2476,7
2477,11
2478,29
2479,2
2480,3
2481,2
2482,23
2483,11
2484,5
2485,311
2486,3
2487,2
2488,61
2489,2
2490,7
2491,23
2492,3
2493,331
2494,3917
2495,2
2496,5
2497,2
2498,3
2499,11
2500,616897
2501,5
2502,59
2503,2
2504,3
2505,2
2506,41
2507,29
2508,211
2509,1019
2510,3
2511,2
2512,113
2513,2
2514,5
2515,2897
2516,3
2517,61
2518,13
2519,2
2520,59
2521,2
2522,3
2523,0
2524,43
2525,7
2526,5
2527,2
2528,3
2529,2
2530,661
2531,5
2532,11
2533,1260641
2534,3
2535,2
2536,13
2537,2
2538,229
2539,167
2540,3
2541,19
2542,151
2543,2
2544,5
2545,2
2546,3
2547,13
2548,19
2549,5
2550,167
2551,2
2552,3
2553,2
2554,7
2555,229
2556,5
2557,83
2558,3
2559,2
2560,11
2561,2
2562,13
2563,89
2564,3
2565,11
2566,33985603
2567,2
2568,23
2569,2
2570,3
2571,13
2572,479
2573,23
2574,5
2575,2
2576,3
2577,2
2578,12721
2579,5
2580,19
2581,11
2582,3
2583,2
2584,13
2585,2
2586,5
2587,43
2588,3
2589,7
2590,73
2591,2
2592,643
2593,2
2594,3
2595,11
2596,7
2597,19
2598,67
2599,2
2600,3
2601,2
2602,19
2603,11
2604,5
2605,710801801
2606,3
2607,2
2608,15061
2609,2
2610,7
2611,1217
2612,3
2613,163
2614,7
2615,2
2616,5
2617,2
2618,3
2619,43
2620,67
2621,5
2622,103
2623,2
2624,3
2625,2
2626,17
2627,389
2628,11
2629,2647
2630,3
2631,2
2632,4259
2633,2
2634,5
2635,13
2636,3
2637,19
2638,3217
2639,2
2640,73
2641,2
2642,3
2643,29
2644,7
2645,7
2646,5
2647,2
2648,3
2649,2
2650,101
2651,5
2652,31
2653,19
2654,3
2655,2
2656,7
2657,2
2658,11
2659,11
2660,3
2661,13
2662,31
2663,2
2664,5
2665,2
2666,3
2667,1013
2668,19
2669,5
2670,7
2671,2
2672,3
2673,2
2674,41
2675,13
2676,5
2677,1951
2678,3
2679,2
2680,11
2681,2
2682,23
2683,327917
2684,3
2685,4021
2686,7
2687,2
2688,29
2689,2
2690,3
2691,7
2692,37
2693,67
2694,5
2695,2
2696,3
2697,2
2698,47
2699,5
2700,7
2701,11
2702,3
2703,2
2704,616897
2705,2
2706,5
2707,1019
2708,3
2709,311
2710,41
2711,2
2712,11
2713,2
2714,3
2715,12487
2716,11
2717,1049
2718,137
2719,2
2720,3
2721,2
2722,2803
2723,373
2724,5
2725,107
2726,3
2727,2
2728,101
2729,2
2730,11
2731,31
2732,3
2733,29
2734,13
2735,2
2736,5
2737,2
2738,3
2739,17
2740,577
2741,5
2742,41
2743,2
2744,3
2745,2
2746,13
2747,11
2748,47
2749,11
2750,3
2751,2
2752,47
2753,2
2754,5
2755,53
2756,3
2757,13
2758,23
2759,2
2760,13
2761,2
2762,3
2763,19
2764,7
2765,23
2766,5
2767,2
2768,3
2769,2
2770,17
2771,5
2772,17
2773,15349
2774,3
2775,2
2776,1009
2777,2
2778,11
2779,13
2780,3
2781,101
2782,23
2783,2
2784,5
2785,2
2786,3
2787,1694759239
2788,3313
2789,5
2790,29
2791,2
2792,3
2793,2
2794,2851
2795,349
2796,5
2797,127
2798,3
2799,2
2800,48673
2801,2
2802,2441
2803,47
2804,3
2805,13
2806,7
2807,2
2808,107
2809,2
2810,3
2811,13
2812,13
2813,11
2814,5
2815,2
2816,3
2817,2
2818,4357
2819,5
2820,7
2821,43
2822,3
2823,2
2824,7
2825,2
2826,5
2827,131
2828,3
2829,953
2830,3697
2831,2
2832,522047
2833,2
2834,3
2835,13
2836,1259
2837,17
2838,13
2839,2
2840,3
2841,2
2842,1013
2843,23
2844,5
2845,43
2846,3
2847,2
2848,13
2849,2
2850,41
2851,31
2852,3
2853,587
2854,7
2855,2
2856,5
2857,2
2858,3
2859,7
2860,47
2861,5
2862,11
2863,2
2864,3
2865,2
2866,7
2867,431
2868,11
2869,17
2870,3
2871,2
2872,29
2873,2
2874,5
2875,41
2876,3
2877,17
2878,33931
2879,2
2880,7
2881,2
2882,3
2883,0
2884,11
2885,1237
2886,5
2887,2
2888,3
2889,2
2890,11
2891,5
2892,317
2893,23209
2894,3
2895,2
2896,7
2897,2
2898,19
2899,181
2900,3
2901,7
2902,229
2903,2
2904,5
2905,2
2906,3
2907,113
2908,71
2909,5
2910,7
2911,2
2912,3
2913,2
2914,2503
2915,7
2916,5
2917,1993
2918,3
2919,2
2920,31
2921,2
2922,11
2923,3529
2924,3
2925,11
2926,13
2927,2
2928,17
2929,2
2930,3
2931,7
2932,43
2933,71
2934,5
2935,2
2936,3
2937,2
2938,31
2939,5
2940,23
2941,241
2942,3
2943,2
2944,41
2945,2
2946,5
2947,89
2948,3
2949,1093
2950,11
2951,2
2952,79
2953,2
2954,3
2955,23
2956,43
2957,31
2958,31
2959,2
2960,3
2961,2
2962,18329
2963,331
2964,5
2965,232117
2966,3
2967,2
2968,149393
2969,2
2970,509
2971,241
2972,3
2973,2099
2974,7
2975,2
2976,5
2977,2
2978,3
2979,131
2980,11
2981,5
2982,2711
2983,2
2984,3
2985,2
2986,29
2987,11
2988,11
2989,13
2990,3
2991,2
2992,79
2993,2
2994,5
2995,1117
2996,3
2997,191
2998,4793
2999,2
3000,13
3001,2
3002,3
3003,1129
3004,53
3005,19
3006,5
3007,2
3008,3
3009,2
3010,19
3011,5
3012,1021
3013,17
3014,3
3015,2
3016,7
3017,2
3018,47
3019,30319
3020,3
3021,1619
3022,37
3023,2
3024,5
3025,2
3026,3
3027,131
3028,71
3029,5
3030,7
3031,2
3032,3
3033,2
3034,7
3035,19
3036,5
3037,19717
3038,3
3039,2
3040,12379
3041,2
3042,19
3043,19
3044,3
3045,1787
3046,13
3047,2
3048,1013
3049,2
3050,3
3051,7
3052,47
3053,149
3054,5
3055,2
3056,3
3057,2
3058,17
3059,5
3060,83
3061,59
3062,3
3063,2
3064,7
3065,2
3066,5
3067,73
3068,3
3069,7
3070,73
3071,2
3072,0
3073,2
3074,3
3075,43
3076,7
3077,19
3078,17
3079,2
3080,3
3081,2
3082,3797
3083,367
3084,5
3085,443
3086,3
3087,2
3088,6299
3089,2
3090,7
3091,193
3092,3
3093,13
3094,3407
3095,2
3096,5
3097,2
3098,3
3099,7
3100,4049
3101,5
3102,3929
3103,2
3104,3
3105,2
3106,7
3107,19
3108,13
3109,607
3110,3
3111,2
3112,29
3113,2
3114,5
3115,23
3116,3
3117,7996591
3118,4357
3119,2
3120,7
3121,2
3122,3
3123,71
3124,17
3125,7
3126,5
3127,2
3128,3
3129,2
3130,17
3131,5
3132,11
3133,89
3134,3
3135,2
3136,17
3137,2
3138,73
3139,487
3140,3
3141,7
3142,13
3143,2
3144,5
3145,2
3146,3
3147,79
3148,29
3149,5
3150,23
3151,2
3152,3
3153,2
3154,31
3155,7
3156,5
3157,71
3158,3
3159,2
3160,17
3161,2
3162,19
3163,17
3164,3
3165,59
3166,29
3167,2
3168,29
3169,2
3170,3
3171,17
3172,4337
3173,43
3174,5
3175,2
3176,3
3177,2
3178,6101
3179,5
3180,419
3181,11
3182,3
3183,2
3184,7
3185,2
3186,5
3187,109
3188,3
3189,13
3190,1879
3191,2
3192,67
3193,2
3194,3
3195,17
3196,31
3197,11
3198,11
3199,2
3200,3
3201,2
3202,2351
3203,823
3204,5
3205,4793
3206,3
3207,2
3208,43
3209,2
3210,37
3211,11
3212,3
3213,491
3214,13
3215,2
3216,5
3217,2
3218,3
3219,7
3220,13
3221,5
3222,1657
3223,2
3224,3
3225,2
3226,7
3227,349
3228,73
3229,59
3230,3
3231,2
3232,211
3233,2
3234,5
3235,14621
3236,3
3237,73
3238,14639
3239,2
3240,7
3241,2
3242,3
3243,2423
3244,7
3245,193
3246,5
3247,2
3248,3
3249,2
3250,163
3251,5
3252,1097
3253,31
3254,3
3255,2
3256,839
3257,2
3258,11
3259,1117
3260,3
3261,7
3262,17
3263,2
3264,5
3265,2
3266,3
3267,0
3268,131
3269,5
3270,306121
3271,2
3272,3
3273,2
3274,7
3275,7
3276,5
3277,37
3278,3
3279,2
3280,17
3281,2
3282,31
3283,157
3284,3
3285,17
3286,7
3287,2
3288,11
3289,2
3290,3
3291,337
3292,139
3293,587
3294,5
3295,2
3296,3
3297,2
3298,24224933
3299,5
3300,7
3301,47
3302,3
3303,2
3304,1531
3305,2
3306,5
3307,149
3308,3
3309,7
3310,11
3311,2
3312,3251
3313,2
3314,3
3315,117101
3316,7
3317,11
3318,13
3319,2
3320,3
3321,2
3322,65063
3323,41
3324,5
3325,271
3326,3
3327,2
3328,17
3329,2
3330,7
3331,17
3332,3
3333,67
3334,37
3335,2
3336,5
3337,2
3338,3
3339,11
3340,17
3341,5
3342,41
3343,2
3344,3
3345,2
3346,11
3347,883
3348,139
3349,877
3350,3
3351,2
3352,79
3353,2
3354,5
3355,1163
3356,3
3357,19
3358,19
3359,2
3360,73
3361,2
3362,3
3363,13
3364,616897
3365,7
3366,5
3367,2
3368,3
3369,2
3370,17
3371,5
3372,11
3373,751
3374,3
3375,2
3376,13
3377,2
3378,233
3379,11
3380,3
3381,17
3382,107
3383,2
3384,5
3385,2
3386,3
3387,181
3388,59534437
3389,5
3390,13
3391,2
3392,3
3393,2
3394,7
3395,11
3396,5
3397,149
3398,3
3399,2
3400,29
3401,2
3402,29
3403,61
3404,3
3405,11
3406,2999
3407,2
3408,139
3409,2
3410,3
3411,151
3412,4703
3413,41
3414,5
3415,2
3416,3
3417,2
3418,29
3419,5
3420,13
3421,29
3422,3
3423,2
3424,241
3425,2
3426,5
3427,8209
3428,3
3429,7
3430,61
3431,2
3432,23
3433,2
3434,3
3435,17
3436,7
3437,34919
3438,23
3439,2
3440,3
3441,2
3442,13
3443,163
3444,5
3445,3571
3446,3
3447,2
3448,897709
3449,2
3450,7
3451,181
3452,3
3453,113
3454,7
3455,2
3456,5
3457,2
3458,3
3459,757
3460,23
3461,5
3462,47
3463,2
3464,3
3465,2
3466,2971
3467,17
3468,19
3469,59
3470,3
3471,2
3472,17
3473,2
3474,5
3475,13
3476,3
3477,131
3478,2819
3479,2
3480,439
3481,2
3482,3
3483,47
3484,7
3485,7
3486,5
3487,2
3488,3
3489,2
3490,5471
3491,5
3492,101
3493,29
3494,3
3495,2
3496,7
3497,2
3498,13
3499,257
3500,3
3501,43
3502,49433
3503,2
3504,5
3505,2
3506,3
3507,1609
3508,1327
3509,5
3510,7
3511,2
3512,3
3513,2
3514,31
3515,23
3516,5
3517,23
3518,3
3519,2
3520,13
3521,2
3522,47
3523,8887
3524,3
3525,61
3526,7
3527,2
3528,19
3529,2
3530,3
3531,7
3532,2063
3533,11
3534,5
3535,2
3536,3
3537,2
3538,337
3539,5
3540,7
3541,11
3542,3
3543,2
3544,19
3545,2
3546,5
3547,67
3548,3
3549,11
3550,317
3551,2
3552,11
3553,2
3554,3
3555,11
3556,47
3557,1901
3558,59
3559,2
3560,3
3561,2
3562,41
3563,13
3564,5
3565,3571
3566,3
3567,2
3568,37
3569,2
3570,11
3571,17
3572,3
3573,11447
3574,13
3575,2
3576,5
3577,2
3578,3
3579,79
3580,31
3581,5
3582,11
3583,2
3584,3
3585,2
3586,23
3587,19
3588,41
3589,17
3590,3
3591,2
3592,71
3593,2
3594,5
3595,61
3596,3
3597,2383
3598,59
3599,2
3600,26861
3601,2
3602,3
3603,19
3604,7
3605,11
3606,5
3607,2
3608,3
3609,2
3610,11
3611,5
3612,67
3613,73
3614,3
3615,2
3616,211
3617,2
3618,11
3619,53
3620,3
3621,397
3622,37
3623,2
3624,5
3625,2
3626,3
3627,1021
3628,2221
3629,5
3630,17
3631,2
3632,3
3633,2
3634,3779
3635,13887541
3636,5
3637,8387
3638,3
3639,2
3640,17
3641,2
3642,59
3643,487
3644,3
3645,109
3646,7
3647,2
3648,53
3649,2
3650,3
3651,19
3652,1231
3653,29
3654,5
3655,2
3656,3
3657,2
3658,89
3659,5
3660,7
3661,3517
3662,3
3663,2
3664,7
3665,2
3666,5
3667,43
3668,3
3669,13
3670,17
3671,2
3672,181
3673,2
3674,3
3675,0
3676,13
3677,1753
3678,109001
3679,2
3680,3
3681,2
3682,31
3683,24953
3684,5
3685,23
3686,3
3687,2
3688,19
3689,2
3690,137
3691,17
3692,3
3693,2699
3694,7
3695,2
3696,5
3697,2
3698,3
3699,7
3700,181
3701,5
3702,11
3703,2
3704,3
3705,2
3706,7
3707,499
3708,17
3709,11
3710,3
3711,2
3712,1019
3713,2
3714,5
3715,13
3716,3
3717,23
3718,101
3719,2
3720,7
3721,2
3722,3
3723,59
3724,11
3725,29
3726,5
3727,2
3728,3
3729,2
3730,1627
3731,5
3732,31
3733,167
3734,3
3735,2
3736,7
3737,2
3738,1588681
3739,353
3740,3
3741,7
3742,181
3743,2
3744,5
3745,2
3746,3
3747,37
3748,13
3749,5
3750,7
3751,2
3752,3
3753,2
3754,53
3755,7
3756,5
3757,31
3758,3
3759,2
3760,131
3761,2
3762,547
3763,9749
3764,3
3765,733
3766,17
3767,2
3768,5923
3769,2
3770,3
3771,7
3772,19
3773,17
3774,5
3775,2
3776,3
3777,2
3778,163
3779,5
3780,11
3781,3761
3782,3
3783,2
3784,239
3785,2
3786,5
3787,1801
3788,3
3789,337
3790,11
3791,2
3792,11
3793,2
3794,3
3795,19
3796,1013
3797,11
3798,3323
3799,2
3800,3
3801,2
3802,239
3803,47
3804,5
3805,53
3806,3
3807,2
3808,19
3809,2
3810,19
3811,1259
3812,3
3813,13
3814,7
3815,2
3816,5
3817,2
3818,3
3819,13
3820,983
3821,5
3822,103
3823,2
3824,3
3825,2
3826,71
3827,11
3828,727
3829,29
3830,3
3831,2
3832,29
3833,2
3834,5
3835,31
3836,3
3837,101
3838,23
3839,2
3840,263
3841,2
3842,3
3843,5807
3844,41
3845,13
3846,5
3847,2
3848,3
3849,2
3850,31
3851,5
3852,23
3853,83
3854,3
3855,2
3856,7
3857,2
3858,17
3859,53
3860,3
3861,29
3862,349
3863,2
3864,5
3865,2
3866,3
3867,19
3868,139
3869,5
3870,7
3871,2
3872,3
3873,2
3874,7
3875,19
3876,5
3877,67
3878,3
3879,2
3880,1109
3881,2
3882,23671
3883,4217
3884,3
3885,29
3886,31
3887,2
3888,0
3889,2
3890,3
3891,7
3892,47
3893,1933
3894,5
3895,2
3896,3
3897,2
3898,107
3899,5
3900,1543
3901,17
3902,3
3903,2
3904,7
3905,2
3906,5
3907,4547
3908,3
3909,7
3910,4483
3911,2
3912,11
3913,2
3914,3
3915,131
3916,7
3917,1447
3918,11
3919,2
3920,3
3921,2
3922,24391
3923,11
3924,5
3925,113
3926,3
3927,2
3928,1553
3929,2
3930,7
3931,47
3932,3
3933,89
3934,11
3935,2
3936,5
3937,2
3938,3
3939,7
3940,11
3941,5
3942,2729
3943,2
3944,3
3945,2
3946,7
3947,401
3948,13
3949,2767
3950,3
3951,2
3952,43
3953,2
3954,5
3955,23
3956,3
3957,2265019
3958,107
3959,2
3960,7
3961,2
3962,3
3963,5689
3964,61
3965,7
3966,5
3967,2
3968,3
3969,2
3970,23
3971,5
3972,2473049
3973,17911
3974,3
3975,2
3976,311
3977,2
3978,47
3979,11
3980,3
3981,7
3982,17
3983,2
3984,5
3985,2
3986,3
3987,113
3988,13
3989,5
3990,11
3991,2
3992,3
3993,2
3994,3877
3995,7
3996,5
3997,89
3998,3
3999,2
4000,11
4001,2
4002,2437
4003,17
4004,3
4005,463
4006,89
4007,2
4008,41
4009,2
4010,3
4011,11
4012,373
4013,1697
4014,5
4015,2
4016,3
4017,2
4018,113
4019,5
4020,709
4021,11
4022,3
4023,2
4024,7
4025,2
4026,5
4027,73
4028,3
4029,1231
4030,19
4031,2
4032,48673
4033,2
4034,3
4035,887
4036,29
4037,349
4038,47
4039,2
4040,3
4041,2
4042,19
4043,173
4044,5
4045,37
4046,3
4047,2
4048,3765367
4049,2
4050,19
4051,859
4052,3
4053,2741
4054,37
4055,2
4056,5
4057,2
4058,3
4059,7
4060,41
4061,5
4062,103
4063,2
4064,3
4065,2
4066,7
4067,29
4068,59
4069,29
4070,3
4071,2
4072,13
4073,2
4074,5
4075,15061
4076,3
4077,241
4078,19
4079,2
4080,7
4081,2
4082,3
4083,1489
4084,7
4085,31
4086,5
4087,2
4088,3
4089,2
4090,97
4091,5
4092,97
4093,3919
4094,3
4095,2
4096,26861
