2, -1, -1   3, 4, 5, 6, 9, 10, 12, 14, 20, 22, 24, 29, 94, 116, 122, 150, 174, 213, 221, 233, 266, 336, 452, 545, 689, 694, 850,
2, -1, +1   2, 3, 5, 7, 13, 17, 19, 31, 61, 89, 107, 127, 521, 607,
2, +1, -1   1, 2, 4, 8, 16,
2, +1, +1   1, 2, 3, 4, 6, 7, 12, 15, 16, 18, 28, 30, 55, 67, 84, 228, 390, 784,


3, -1, -1   2, 3, 5, 21, 31, 37, 41, 53, 73, 101, 175, 203, 225, 455, 557, 651,
3, -1, +1   2, 4, 5, 6, 9, 22, 37, 41, 90, 102, 105, 317, 520, 541, 561, 648, 780, 786, 957,
3, +1, -1   1, 2, 3, 4, 8, 10, 14, 15, 24, 26, 36, 63, 98, 110, 123, 126, 139, 235, 243, 315, 363, 386, 391, 494,
3, +1, +1   1, 2, 3, 6, 9, 10, 22, 30, 42, 57, 87, 174, 195, 198, 562, 994,


4, -1, -1   2, 3, 4, 5, 6, 9, 10, 13, 16, 18, 28, 33, 59, 65, 75, 83, 103, 113, 275, 353, 405, 568, 614, 909,
4, -1, +1   2, 3, 5, 6, 7, 10, 11, 12, 47, 58, 61, 75, 87, 133, 168, 226, 347, 425, 868,
4, +1, -1   1, 2, 3, 6, 8, 9, 14, 15, 42, 114, 195, 392, 555, 852, 1004,


5, -1, -1   2, 4, 5, 6, 10, 53, 76, 82, 88, 242, 247, 473, 586, 966, 1015,
5, -1, +1   5, 7, 15, 47, 81, 115, 267, 285,
5, +1, -1   2, 6, 10, 102, 494, 794,
5, +1, +1   1, 2, 3, 4, 13, 88, 177, 184, 297, 304, 310, 562, 892,


6, -1, -1   2, 4, 6, 8, 9, 10, 15, 20, 46, 49, 61, 98, 110, 144, 266, 344, 978,
6, -1, +1   2, 3, 4, 29, 31, 34, 53, 65, 94, 202, 288, 415, 457, 483, 703, 762,
6, +1, -1   1, 2, 4, 7, 10, 14, 18, 32, 55, 102, 177, 190, 247, 276, 372,
6, +1, +1   1, 2, 3, 4, 6, 21, 24, 27, 30, 54, 70, 126, 369, 435, 612, 787,


7, -1, -1   2, 4, 8, 10, 50, 106, 182, 293, 964,
7, -1, +1   2, 3, 6, 9, 21, 25, 33, 49, 54, 133, 245, 255, 318, 1023,
7, +1, -1   1, 3, 16, 36, 244, 315,


8, -1, -1   3, 7, 11, 47, 81, 95, 107, 179, 233, 243, 947,
8, -1, +1   13, 661, 773, 833,
8, +1, -1   2, 6, 10, 26, 42, 58, 68, 196, 266, 602,
8, +1, +1   1, 2, 3, 6, 10, 19, 22, 109, 798,


9, -1, -1   2, 3, 4, 9, 11, 18, 19, 27, 28, 46, 50, 53, 80, 155, 203, 280, 451,
9, -1, +1   2, 4, 7, 10, 11, 31, 127, 136, 215, 953,
9, +1, -1   1, 2, 4, 7, 10, 19, 22, 44, 62, 76, 122,
9, +1, +1   1, 3, 4, 9, 18, 49, 57, 67, 69, 106, 126, 258, 583,


10, -1, -1   2, 5, 8, 12, 15, 18, 20, 30, 80, 143, 152, 164, 176, 239, 291, 324, 504, 594, 983,
10, -1, +1   3, 5, 7, 33, 45, 105, 197, 199, 281, 301, 317,
10, +1, -1   1, 2, 3, 4, 9, 18, 22, 45, 49, 56, 69, 146, 202, 272,


11, -1, -1   2, 3, 4, 5, 25, 46, 65, 421, 733,
11, -1, +1   3, 17, 23, 79, 273,
11, +1, -1   2, 8, 18, 56, 66,
11, +1, +1   1, 4, 9, 40, 118, 126, 319,


12, -1, -1   2, 6, 16, 17, 18, 34, 44, 64, 76, 128, 166, 186, 462, 632, 902,
12, -1, +1   5, 6, 18, 33, 63,
12, +1, -1   1, 4, 15, 157, 432,
12, +1, +1   2, 3, 4, 27, 40, 183,


13, -1, -1   4, 11, 17, 33, 53, 72, 384, 832,
13, -1, +1   2, 4, 5, 6, 13, 24, 64, 133, 268, 744, 952,
13, +1, -1   2, 4, 10, 39, 43, 80, 928,


14, -1, -1   2, 3, 10, 13, 28, 31, 66, 68, 98, 185, 260, 680, 903,
14, -1, +1   3, 5, 7, 13, 15, 21, 59, 63, 69, 205,
14, +1, -1   16, 910,
14, +1, +1   1, 2, 4, 9, 12, 39, 43, 112, 193, 625,


15, -1, -1   3, 5, 59, 65, 221,
15, -1, +1   2, 3, 28, 78, 556, 630,
15, +1, -1   1, 2, 3, 9, 16, 68, 696,
15, +1, +1   1, 2, 3, 6, 7, 9, 13, 19, 25, 36, 126, 153,


16, -1, -1   2, 3, 4, 5, 6, 8, 9, 11, 24, 26, 38, 84, 111, 117, 122, 166, 202, 212, 908,
16, -1, +1   2, 4, 19, 25, 49, 155,
16, +1, -1   1, 2, 3, 4, 8, 10, 18, 19, 45, 82, 127, 202, 693, 985,


17, -1, -1   2, 5, 6, 9, 12, 17, 49, 168, 234,
17, -1, +1   11, 21, 127, 149, 469,
17, +1, -1   4, 8, 12, 96, 240, 512, 768,
17, +1, +1   2, 3, 6, 24, 30, 64, 114, 123, 442,


18, -1, -1   3, 13, 15, 25, 68, 73, 147, 216, 456,
18, -1, +1   2, 4, 5, 6, 12, 13, 16, 41, 213, 232, 258, 905, 928,
18, +1, -1   3, 6, 48, 66, 68, 96, 116,
18, +1, +1   1, 3, 9, 97, 162, 438, 615, 645, 762,


19, -1, -1   5, 25, 179, 238, 330,
19, -1, +1   3, 4, 5, 7, 10, 12, 22, 52, 65, 125, 197, 267, 335, 348, 412,
19, +1, -1   1, 2, 19, 193, 237,


20, -1, -1   2, 4, 5, 6, 22, 41, 63, 184, 938, 949,
20, -1, +1   17,
20, +1, -1   2, 4, 32, 772,
20, +1, +1   1, 2, 19, 64, 112, 366, 526,


21, -1, -1   2, 3, 5, 7, 15, 34,
21, -1, +1   2, 3, 5, 9, 12, 35, 57, 78, 124, 328, 490, 645, 676,
21, +1, -1   1, 2, 3, 230, 388, 630, 864,
21, +1, +1   1, 2, 3, 7, 10, 16, 24, 48, 61, 79, 87, 186, 207,


22, -1, -1   2, 9, 10, 16, 22, 56, 125, 421,
22, -1, +1   2, 3, 35, 42, 47, 65, 71, 99, 273, 354, 837,
22, +1, -1   1, 7, 19, 56, 220, 657,


23, -1, -1   3, 4, 11, 16, 451,
23, -1, +1   17, 61, 445,
23, +1, -1   4, 6, 14, 34, 54, 162, 698,
23, +1, +1   1, 9, 10, 31, 33, 123, 537, 571,


24, -1, -1   3, 13, 39, 1023,
24, -1, +1   4, 28, 57, 64, 184, 955,
24, +1, -1   1, 2, 10, 12, 30, 31, 566, 584, 914,
24, +1, +1   2, 4, 18, 21, 40, 42, 154, 322, 606, 910,


25, -1, -1   2, 10, 18, 31, 33, 36, 51, 62, 73, 81,
25, -1, +1   2, 3, 6, 13, 331,
25, +1, -1   3, 8, 126, 156, 198,


26, -1, -1   4, 20, 41, 46, 50, 86, 166, 376, 496, 571, 646, 895,
26, -1, +1   3, 11, 255, 503, 735,
26, +1, -1   2, 4, 10, 12, 44, 358,
26, +1, +1   1, 4, 10, 16, 64, 70, 103, 250, 310, 358, 760,


27, -1, -1   2, 5, 8, 9, 21, 32, 44, 124, 144, 246, 566, 965,
27, -1, +1   9, 10, 19, 39, 85, 217, 291,
27, +1, -1   1, 3, 8, 21, 100, 244, 333, 440, 556, 703,
27, +1, +1   2, 18, 22, 43, 67, 70, 75, 108, 843,


28, -1, -1   5, 8, 9, 19, 141, 209, 324,
28, -1, +1   2, 10, 25, 508, 712,
28, +1, -1   2, 4, 166, 338,


29, -1, -1   2, 3, 13, 14, 16, 18, 97, 198, 218, 281, 716,
29, -1, +1   33, 89, 101,
29, +1, -1   10, 24, 664, 980,
29, +1, +1   1, 3, 6, 7, 19, 21, 45, 58, 258, 342, 616, 873,


30, -1, -1   5, 7, 11, 14, 33, 66, 73, 109, 126, 168, 853,
30, -1, +1   7, 13, 31, 40, 46, 1024,
30, +1, -1   1, 2, 7, 12, 15, 16, 22, 30, 39, 60, 76, 169, 262, 327, 591,
30, +1, +1   1, 3, 6, 12, 15,


31, -1, -1   2, 3, 21, 23, 37, 78, 79, 219, 429,
31, -1, +1   3, 5, 29, 103, 106, 174, 615, 954,
31, +1, -1   1, 2, 4, 6, 10, 30,


32, -1, -1   2, 18, 38, 57, 88, 145, 301,
32, -1, +1   7, 31, 51, 99, 547,
32, +1, -1   108,
32, +1, +1   3, 4, 6, 12, 15, 27, 42, 82,


33, -1, -1   7, 205, 700,
33, -1, +1   4, 12, 52, 108, 198, 201, 249, 262, 777,
33, +1, -1   3, 4, 16, 68, 112, 126, 882,
33, +1, +1   1, 2, 10, 19, 82, 189,


34, -1, -1   5, 16, 29, 40, 68, 96, 127, 336, 456,
34, -1, +1   2, 10, 12, 18, 60, 220, 225, 253, 407, 427,
34, +1, -1   1, 6, 27, 108, 345, 351, 798,


35, -1, -1   3, 135, 141, 359, 679,
35, -1, +1   3, 5, 21, 37, 109, 117, 513, 873,
35, +1, -1   2, 70, 94,
35, +1, +1   1, 15, 24, 66,


36, -1, -1   2, 3, 5, 7, 32, 35, 88, 137, 147,
36, -1, +1   5, 6, 11, 18, 143,
36, +1, -1   1, 3, 6, 13, 38, 103, 218, 273, 289, 933,
36, +1, +1   1, 4, 10, 24, 64, 1005,


37, -1, -1   9, 16, 850,
37, -1, +1   67, 95, 341, 577,
37, +1, -1   1, 7, 44, 57,


38, -1, -1   3, 11, 32, 81, 531, 944,
38, -1, +1   5, 429,
38, +1, -1   2, 16, 102, 500,
38, +1, +1   2, 9, 10,


39, -1, -1   2, 4, 7, 8, 16, 86, 87, 280, 519,
39, -1, +1   2, 3, 4, 7, 10, 31, 33, 95, 431, 640, 757,
39, +1, -1   2, 3, 105,
39, +1, +1   1, 3, 7, 13, 81, 84, 454,


40, -1, -1   2, 4, 10, 72, 86,
40, -1, +1   9, 10, 15, 22, 49, 60, 153, 269, 274, 663, 883, 975,
40, +1, -1   1, 4, 10, 13, 64, 136, 224, 260,


41, -1, -1   3, 6, 7, 9, 21, 23, 27, 63, 109, 121, 134, 221, 261, 639, 871,
41, -1, +1   3, 5, 55, 161, 197,
41, +1, -1   2, 96, 132, 506,
41, +1, +1   1, 2, 3, 73, 138, 669,


42, -1, -1   2, 4, 12, 40, 60, 192, 226, 392, 696, 712,
42, -1, +1   2, 3, 11, 15, 31, 57, 339, 345, 517,
42, +1, -1   1, 16, 19, 96, 177, 235,
42, +1, +1   3, 7, 159, 468, 651,


43, -1, -1   31, 32, 87, 229,
43, -1, +1   4, 6, 42, 64, 65, 1017,
43, +1, -1   3, 4, 20, 87, 180, 342,


44, -1, -1   4, 5, 49, 50, 113, 267, 447,
44, -1, +1   25, 91,
44, +1, -1   2, 4, 92, 234,
44, +1, +1   1, 3, 4, 12, 18, 28, 79, 91, 193, 895,


45, -1, -1   2, 3, 6, 8, 26, 41, 47, 51, 74, 392, 743, 746,
45, -1, +1   3, 4, 6, 12, 18, 64, 424,
45, +1, -1   1, 2, 50, 86, 152, 565,
45, +1, +1   6, 10, 210, 294, 1024,


46, -1, -1   2, 7, 29, 71, 145, 459, 504,
46, -1, +1   4, 5, 9, 15, 72, 168, 216, 222,
46, +1, -1   2, 3, 8, 12, 81, 320, 878,


47, -1, -1   2, 10, 12, 16, 18, 205,
47, -1, +1   5, 11, 13, 53, 115, 899,
47, +1, -1   20, 904,
47, +1, +1   4, 16, 67, 70, 543,


48, -1, -1   3, 5, 23, 29, 179, 183, 185,
48, -1, +1   5, 37, 162, 281,
48, +1, -1   2, 86, 182, 224, 279,
48, +1, +1   1, 3, 6, 19, 66, 73, 106, 199, 246,

