-1000,5
-EEE,5
-EEX,3
-EE9,4
-EE8,7
-EE7,3
-EE6,4
-EE5,4
-EE4,3
-EE3,7
-EE2,4
-EE1,3
-EE0,7
-EXE,8
-EXX,3
-EX9,4
-EX8,5
-EX7,3
-EX6,4
-EX5,4
-EX4,3
-EX3,5
-EX2,4
-EX1,3
-EX0,9
-E9E,5
-E9X,3
-E99,4
-E98,14
-E97,3
-E96,4
-E95,4
-E94,3
-E93,7
-E92,4
-E91,3
-E90,5
-E8E,7
-E8X,3
-E89,4
-E88,5
-E87,3
-E86,4
-E85,4
-E84,3
-E83,5
-E82,4
-E81,3
-E80,9
-E7E,11
-E7X,3
-E79,4
-E78,E
-E77,3
-E76,4
-E75,4
-E74,3
-E73,9
-E72,4
-E71,3
-E70,5
-E6E,5
-E6X,3
-E69,4
-E68,E
-E67,3
-E66,4
-E65,4
-E64,3
-E63,8
-E62,4
-E61,3
-E60,7
-E5E,E
-E5X,3
-E59,4
-E58,5
-E57,3
-E56,4
-E55,4
-E54,3
-E53,5
-E52,4
-E51,3
-E50,9
-E4E,5
-E4X,3
-E49,4
-E48,7
-E47,3
-E46,4
-E45,4
-E44,3
-E43,7
-E42,4
-E41,3
-E40,5
-E3E,E
-E3X,3
-E39,4
-E38,5
-E37,3
-E36,4
-E35,4
-E34,3
-E33,5
-E32,4
-E31,3
-E30,E
-E2E,7
-E2X,3
-E29,4
-E28,17
-E27,3
-E26,4
-E25,4
-E24,3
-E23,7
-E22,4
-E21,3
-E20,5
-E1E,5
-E1X,3
-E19,4
-E18,7
-E17,3
-E16,4
-E15,4
-E14,3
-E13,9
-E12,4
-E11,3
-E10,9
-E0E,8
-E0X,3
-E09,4
-E08,5
-E07,3
-E06,4
-E05,4
-E04,3
-E03,5
-E02,4
-E01,3
-E00,7
-XEE,5
-XEX,3
-XE9,4
-XE8,11
-XE7,3
-XE6,4
-XE5,4
-XE4,3
-XE3,11
-XE2,4
-XE1,3
-XE0,5
-XXE,8
-XXX,3
-XX9,4
-XX8,5
-XX7,3
-XX6,4
-XX5,4
-XX4,3
-XX3,5
-XX2,4
-XX1,3
-XX0,9
-X9E,15
-X9X,3
-X99,4
-X98,7
-X97,3
-X96,4
-X95,4
-X94,3
-X93,7
-X92,4
-X91,3
-X90,5
-X8E,5
-X8X,3
-X89,4
-X88,7
-X87,3
-X86,4
-X85,4
-X84,3
-X83,8
-X82,4
-X81,3
-X80,9
-X7E,7
-X7X,3
-X79,4
-X78,5
-X77,3
-X76,4
-X75,4
-X74,3
-X73,5
-X72,4
-X71,3
-X70,9
-X6E,5
-X6X,3
-X69,4
-X68,7
-X67,3
-X66,4
-X65,4
-X64,3
-X63,8
-X62,4
-X61,3
-X60,5
-X5E,E
-X5X,3
-X59,4
-X58,5
-X57,3
-X56,4
-X55,4
-X54,3
-X53,5
-X52,4
-X51,3
-X50,7
-X4E,7
-X4X,3
-X49,4
-X48,14
-X47,3
-X46,4
-X45,4
-X44,3
-X43,8
-X42,4
-X41,3
-X40,5
-X3E,5
-X3X,3
-X39,4
-X38,11
-X37,3
-X36,4
-X35,4
-X34,3
-X33,7
-X32,4
-X31,3
-X30,11
-X2E,8
-X2X,3
-X29,4
-X28,5
-X27,3
-X26,4
-X25,4
-X24,3
-X23,5
-X22,4
-X21,3
-X20,7
-X1E,5
-X1X,3
-X19,4
-X18,7
-X17,3
-X16,4
-X15,4
-X14,3
-X13,9
-X12,4
-X11,3
-X10,5
-X0E,7
-X0X,3
-X09,4
-X08,5
-X07,3
-X06,4
-X05,4
-X04,3
-X03,5
-X02,4
-X01,3
-X00,15
-9EE,7
-9EX,3
-9E9,4
-9E8,7
-9E7,3
-9E6,4
-9E5,4
-9E4,3
-9E3,E
-9E2,4
-9E1,3
-9E0,5
-9XE,5
-9XX,3
-9X9,4
-9X8,E
-9X7,3
-9X6,4
-9X5,4
-9X4,3
-9X3,8
-9X2,4
-9X1,3
-9X0,7
-99E,7
-99X,3
-999,4
-998,5
-997,3
-996,4
-995,4
-994,3
-993,5
-992,4
-991,3
-990,7
-98E,5
-98X,3
-989,4
-988,E
-987,3
-986,4
-985,4
-984,3
-983,7
-982,4
-981,3
-980,5
-97E,E
-97X,3
-979,4
-978,5
-977,3
-976,4
-975,4
-974,3
-973,5
-972,4
-971,3
-970,7
-96E,8
-96X,3
-969,4
-968,7
-967,3
-966,4
-965,4
-964,3
-963,8
-962,4
-961,3
-960,5
-95E,5
-95X,3
-959,4
-958,14
-957,3
-956,4
-955,4
-954,3
-953,7
-952,4
-951,3
-950,9
-94E,7
-94X,3
-949,4
-948,5
-947,3
-946,4
-945,4
-944,3
-943,5
-942,4
-941,3
-940,9
-93E,5
-93X,3
-939,4
-938,E
-937,3
-936,4
-935,4
-934,3
-933,9
-932,4
-931,3
-930,5
-92E,7
-92X,3
-929,4
-928,5
-927,3
-926,4
-925,4
-924,3
-923,5
-922,4
-921,3
-920,7
-91E,11
-91X,3
-919,4
-918,14
-917,3
-916,4
-915,4
-914,3
-913,7
-912,4
-911,3
-910,5
-90E,5
-90X,3
-909,4
-908,7
-907,3
-906,4
-905,4
-904,3
-903,7
-902,4
-901,3
-900,7
-8EE,11
-8EX,3
-8E9,4
-8E8,5
-8E7,3
-8E6,4
-8E5,4
-8E4,3
-8E3,5
-8E2,4
-8E1,3
-8E0,9
-8XE,5
-8XX,3
-8X9,4
-8X8,E
-8X7,3
-8X6,4
-8X5,4
-8X4,3
-8X3,7
-8X2,4
-8X1,3
-8X0,5
-89E,7
-89X,3
-899,4
-898,5
-897,3
-896,4
-895,4
-894,3
-893,5
-892,4
-891,3
-890,17
-88E,8
-88X,3
-889,4
-888,11
-887,3
-886,4
-885,4
-884,3
-883,8
-882,4
-881,3
-880,5
-87E,5
-87X,3
-879,4
-878,E
-877,3
-876,4
-875,4
-874,3
-873,9
-872,4
-871,3
-870,7
-86E,8
-86X,3
-869,4
-868,5
-867,3
-866,4
-865,4
-864,3
-863,5
-862,4
-861,3
-860,E
-85E,5
-85X,3
-859,4
-858,7
-857,3
-856,4
-855,4
-854,3
-853,7
-852,4
-851,3
-850,5
-84E,8
-84X,3
-849,4
-848,5
-847,3
-846,4
-845,4
-844,3
-843,5
-842,4
-841,3
-840,9
-83E,7
-83X,3
-839,4
-838,15
-837,3
-836,4
-835,4
-834,3
-833,7
-832,4
-831,3
-830,5
-82E,5
-82X,3
-829,4
-828,7
-827,3
-826,4
-825,4
-824,3
-823,8
-822,4
-821,3
-820,9
-81E,E
-81X,3
-819,4
-818,5
-817,3
-816,4
-815,4
-814,3
-813,5
-812,4
-811,3
-810,7
-80E,5
-80X,3
-809,4
-808,E
-807,3
-806,4
-805,4
-804,3
-803,8
-802,4
-801,3
-800,5
-7EE,11
-7EX,3
-7E9,4
-7E8,5
-7E7,3
-7E6,4
-7E5,4
-7E4,3
-7E3,5
-7E2,4
-7E1,3
-7E0,9
-7XE,8
-7XX,3
-7X9,4
-7X8,7
-7X7,3
-7X6,4
-7X5,4
-7X4,3
-7X3,7
-7X2,4
-7X1,3
-7X0,5
-79E,5
-79X,3
-799,4
-798,7
-797,3
-796,4
-795,4
-794,3
-793,9
-792,4
-791,3
-790,E
-78E,7
-78X,3
-789,4
-788,5
-787,3
-786,4
-785,4
-784,3
-783,5
-782,4
-781,3
-780,9
-77E,5
-77X,3
-779,4
-778,7
-777,3
-776,4
-775,4
-774,3
-773,9
-772,4
-771,3
-770,5
-76E,8
-76X,3
-769,4
-768,5
-767,3
-766,4
-765,4
-764,3
-763,5
-762,4
-761,3
-760,7
-75E,7
-75X,3
-759,4
-758,E
-757,3
-756,4
-755,4
-754,3
-753,E
-752,4
-751,3
-750,5
-74E,5
-74X,3
-749,4
-748,11
-747,3
-746,4
-745,4
-744,3
-743,7
-742,4
-741,3
-740,9
-73E,11
-73X,3
-739,4
-738,5
-737,3
-736,4
-735,4
-734,3
-733,5
-732,4
-731,3
-730,7
-72E,5
-72X,3
-729,4
-728,7
-727,3
-726,4
-725,4
-724,3
-723,8
-722,4
-721,3
-720,5
-71E,7
-71X,3
-719,4
-718,5
-717,3
-716,4
-715,4
-714,3
-713,5
-712,4
-711,3
-710,9
-70E,7
-70X,3
-709,4
-708,7
-707,3
-706,4
-705,4
-704,3
-703,8
-702,4
-701,3
-700,5
-6EE,5
-6EX,3
-6E9,4
-6E8,E
-6E7,3
-6E6,4
-6E5,4
-6E4,3
-6E3,E
-6E2,4
-6E1,3
-6E0,7
-6XE,7
-6XX,3
-6X9,4
-6X8,5
-6X7,3
-6X6,4
-6X5,4
-6X4,3
-6X3,5
-6X2,4
-6X1,3
-6X0,7
-69E,5
-69X,3
-699,4
-698,E
-697,3
-696,4
-695,4
-694,3
-693,7
-692,4
-691,3
-690,5
-68E,8
-68X,3
-689,4
-688,5
-687,3
-686,4
-685,4
-684,3
-683,5
-682,4
-681,3
-680,7
-67E,15
-67X,3
-679,4
-678,7
-677,3
-676,4
-675,4
-674,3
-673,9
-672,4
-671,3
-670,5
-66E,5
-66X,3
-669,4
-668,E
-667,3
-666,4
-665,4
-664,3
-663,7
-662,4
-661,3
-660,E
-65E,7
-65X,3
-659,4
-658,5
-657,3
-656,4
-655,4
-654,3
-653,5
-652,4
-651,3
-650,9
-64E,5
-64X,3
-649,4
-648,14
-647,3
-646,4
-645,4
-644,3
-643,8
-642,4
-641,3
-640,5
-63E,7
-63X,3
-639,4
-638,5
-637,3
-636,4
-635,4
-634,3
-633,5
-632,4
-631,3
-630,7
-62E,8
-62X,3
-629,4
-628,E
-627,3
-626,4
-625,4
-624,3
-623,7
-622,4
-621,3
-620,5
-61E,5
-61X,3
-619,4
-618,7
-617,3
-616,4
-615,4
-614,3
-613,7
-612,4
-611,3
-610,7
-60E,8
-60X,3
-609,4
-608,5
-607,3
-606,4
-605,4
-604,3
-603,5
-602,4
-601,3
-600,11
-5EE,5
-5EX,3
-5E9,4
-5E8,11
-5E7,3
-5E6,4
-5E5,4
-5E4,3
-5E3,7
-5E2,4
-5E1,3
-5E0,5
-5XE,7
-5XX,3
-5X9,4
-5X8,5
-5X7,3
-5X6,4
-5X5,4
-5X4,3
-5X3,5
-5X2,4
-5X1,3
-5X0,9
-59E,E
-59X,3
-599,4
-598,14
-597,3
-596,4
-595,4
-594,3
-593,9
-592,4
-591,3
-590,5
-58E,5
-58X,3
-589,4
-588,11
-587,3
-586,4
-585,4
-584,3
-583,8
-582,4
-581,3
-580,7
-57E,E
-57X,3
-579,4
-578,5
-577,3
-576,4
-575,4
-574,3
-573,5
-572,4
-571,3
-570,9
-56E,5
-56X,3
-569,4
-568,7
-567,3
-566,4
-565,4
-564,3
-563,7
-562,4
-561,3
-560,5
-55E,11
-55X,3
-559,4
-558,5
-557,3
-556,4
-555,4
-554,3
-553,5
-552,4
-551,3
-550,9
-54E,7
-54X,3
-549,4
-548,14
-547,3
-546,4
-545,4
-544,3
-543,7
-542,4
-541,3
-540,5
-53E,5
-53X,3
-539,4
-538,7
-537,3
-536,4
-535,4
-534,3
-533,9
-532,4
-531,3
-530,11
-52E,8
-52X,3
-529,4
-528,5
-527,3
-526,4
-525,4
-524,3
-523,5
-522,4
-521,3
-520,7
-51E,5
-51X,3
-519,4
-518,E
-517,3
-516,4
-515,4
-514,3
-513,9
-512,4
-511,3
-510,5
-50E,8
-50X,3
-509,4
-508,5
-507,3
-506,4
-505,4
-504,3
-503,5
-502,4
-501,3
-500,E
-4EE,E
-4EX,3
-4E9,4
-4E8,7
-4E7,3
-4E6,4
-4E5,4
-4E4,3
-4E3,7
-4E2,4
-4E1,3
-4E0,5
-4XE,5
-4XX,3
-4X9,4
-4X8,7
-4X7,3
-4X6,4
-4X5,4
-4X4,3
-4X3,8
-4X2,4
-4X1,3
-4X0,9
-49E,7
-49X,3
-499,4
-498,5
-497,3
-496,4
-495,4
-494,3
-493,5
-492,4
-491,3
-490,11
-48E,5
-48X,3
-489,4
-488,7
-487,3
-486,4
-485,4
-484,3
-483,8
-482,4
-481,3
-480,5
-47E,11
-47X,3
-479,4
-478,5
-477,3
-476,4
-475,4
-474,3
-473,5
-472,4
-471,3
-470,7
-46E,7
-46X,3
-469,4
-468,11
-467,3
-466,4
-465,4
-464,3
-463,8
-462,4
-461,3
-460,5
-45E,5
-45X,3
-459,4
-458,11
-457,3
-456,4
-455,4
-454,3
-453,7
-452,4
-451,3
-450,9
-44E,8
-44X,3
-449,4
-448,5
-447,3
-446,4
-445,4
-444,3
-443,5
-442,4
-441,3
-440,7
-43E,5
-43X,3
-439,4
-438,7
-437,3
-436,4
-435,4
-434,3
-433,9
-432,4
-431,3
-430,5
-42E,7
-42X,3
-429,4
-428,5
-427,3
-426,4
-425,4
-424,3
-423,5
-422,4
-421,3
-420,9
-41E,7
-41X,3
-419,4
-418,7
-417,3
-416,4
-415,4
-414,3
-413,9
-412,4
-411,3
-410,5
-40E,5
-40X,3
-409,4
-408,E
-407,3
-406,4
-405,4
-404,3
-403,8
-402,4
-401,3
-400,7
-3EE,7
-3EX,3
-3E9,4
-3E8,5
-3E7,3
-3E6,4
-3E5,4
-3E4,3
-3E3,5
-3E2,4
-3E1,3
-3E0,7
-3XE,5
-3XX,3
-3X9,4
-3X8,17
-3X7,3
-3X6,4
-3X5,4
-3X4,3
-3X3,7
-3X2,4
-3X1,3
-3X0,5
-39E,E
-39X,3
-399,4
-398,5
-397,3
-396,4
-395,4
-394,3
-393,5
-392,4
-391,3
-390,7
-38E,8
-38X,3
-389,4
-388,7
-387,3
-386,4
-385,4
-384,3
-383,8
-382,4
-381,3
-380,5
-37E,5
-37X,3
-379,4
-378,15
-377,3
-376,4
-375,4
-374,3
-373,7
-372,4
-371,3
-370,9
-36E,7
-36X,3
-369,4
-368,5
-367,3
-366,4
-365,4
-364,3
-363,5
-362,4
-361,3
-360,E
-35E,5
-35X,3
-359,4
-358,E
-357,3
-356,4
-355,4
-354,3
-353,17
-352,4
-351,3
-350,5
-34E,7
-34X,3
-349,4
-348,5
-347,3
-346,4
-345,4
-344,3
-343,5
-342,4
-341,3
-340,7
-33E,11
-33X,3
-339,4
-338,E
-337,3
-336,4
-335,4
-334,3
-333,7
-332,4
-331,3
-330,5
-32E,5
-32X,3
-329,4
-328,7
-327,3
-326,4
-325,4
-324,3
-323,7
-322,4
-321,3
-320,7
-31E,E
-31X,3
-319,4
-318,5
-317,3
-316,4
-315,4
-314,3
-313,5
-312,4
-311,3
-310,9
-30E,5
-30X,3
-309,4
-308,11
-307,3
-306,4
-305,4
-304,3
-303,7
-302,4
-301,3
-300,5
-2EE,7
-2EX,3
-2E9,4
-2E8,5
-2E7,3
-2E6,4
-2E5,4
-2E4,3
-2E3,5
-2E2,4
-2E1,3
-2E0,9
-2XE,8
-2XX,3
-2X9,4
-2X8,E
-2X7,3
-2X6,4
-2X5,4
-2X4,3
-2X3,8
-2X2,4
-2X1,3
-2X0,5
-29E,5
-29X,3
-299,4
-298,14
-297,3
-296,4
-295,4
-294,3
-293,9
-292,4
-291,3
-290,7
-28E,8
-28X,3
-289,4
-288,5
-287,3
-286,4
-285,4
-284,3
-283,5
-282,4
-281,3
-280,9
-27E,5
-27X,3
-279,4
-278,7
-277,3
-276,4
-275,4
-274,3
-273,7
-272,4
-271,3
-270,5
-26E,8
-26X,3
-269,4
-268,5
-267,3
-266,4
-265,4
-264,3
-263,5
-262,4
-261,3
-260,14
-25E,7
-25X,3
-259,4
-258,E
-257,3
-256,4
-255,4
-254,3
-253,7
-252,4
-251,3
-250,5
-24E,5
-24X,3
-249,4
-248,7
-247,3
-246,4
-245,4
-244,3
-243,8
-242,4
-241,3
-240,9
-23E,E
-23X,3
-239,4
-238,5
-237,3
-236,4
-235,4
-234,3
-233,5
-232,4
-231,3
-230,7
-22E,5
-22X,3
-229,4
-228,E
-227,3
-226,4
-225,4
-224,3
-223,8
-222,4
-221,3
-220,5
-21E,E
-21X,3
-219,4
-218,5
-217,3
-216,4
-215,4
-214,3
-213,5
-212,4
-211,3
-210,9
-20E,8
-20X,3
-209,4
-208,7
-207,3
-206,4
-205,4
-204,3
-203,7
-202,4
-201,3
-200,5
-1EE,5
-1EX,3
-1E9,4
-1E8,7
-1E7,3
-1E6,4
-1E5,4
-1E4,3
-1E3,E
-1E2,4
-1E1,3
-1E0,9
-1XE,7
-1XX,3
-1X9,4
-1X8,5
-1X7,3
-1X6,4
-1X5,4
-1X4,3
-1X3,5
-1X2,4
-1X1,3
-1X0,9
-19E,5
-19X,3
-199,4
-198,7
-197,3
-196,4
-195,4
-194,3
-193,9
-192,4
-191,3
-190,5
-18E,8
-18X,3
-189,4
-188,5
-187,3
-186,4
-185,4
-184,3
-183,5
-182,4
-181,3
-180,7
-17E,7
-17X,3
-179,4
-178,E
-177,3
-176,4
-175,4
-174,3
-173,9
-172,4
-171,3
-170,5
-16E,5
-16X,3
-169,4
-168,E
-167,3
-166,4
-165,4
-164,3
-163,7
-162,4
-161,3
-160,11
-15E,11
-15X,3
-159,4
-158,5
-157,3
-156,4
-155,4
-154,3
-153,5
-152,4
-151,3
-150,7
-14E,5
-14X,3
-149,4
-148,7
-147,3
-146,4
-145,4
-144,3
-143,8
-142,4
-141,3
-140,5
-13E,7
-13X,3
-139,4
-138,5
-137,3
-136,4
-135,4
-134,3
-133,5
-132,4
-131,3
-130,E
-12E,7
-12X,3
-129,4
-128,7
-127,3
-126,4
-125,4
-124,3
-123,8
-122,4
-121,3
-120,5
-11E,5
-11X,3
-119,4
-118,11
-117,3
-116,4
-115,4
-114,3
-113,9
-112,4
-111,3
-110,7
-10E,7
-10X,3
-109,4
-108,5
-107,3
-106,4
-105,4
-104,3
-103,5
-102,4
-101,3
-100,7
-EE,5
-EX,3
-E9,4
-E8,17
-E7,3
-E6,4
-E5,4
-E4,3
-E3,7
-E2,4
-E1,3
-E0,5
-XE,8
-XX,3
-X9,4
-X8,5
-X7,3
-X6,4
-X5,4
-X4,3
-X3,5
-X2,4
-X1,3
-X0,7
-9E,E
-9X,3
-99,4
-98,7
-97,3
-96,4
-95,4
-94,3
-93,9
-92,4
-91,3
-90,5
-8E,5
-8X,3
-89,4
-88,E
-87,3
-86,4
-85,4
-84,3
-83,7
-82,4
-81,3
-80,9
-7E,7
-7X,3
-79,4
-78,5
-77,3
-76,4
-75,4
-74,3
-73,5
-72,4
-71,3
-70,9
-6E,5
-6X,3
-69,4
-68,E
-67,3
-66,4
-65,4
-64,3
-63,8
-62,4
-61,3
-60,5
-5E,7
-5X,3
-59,4
-58,5
-57,3
-56,4
-55,4
-54,3
-53,5
-52,4
-51,3
-50,7
-4E,8
-4X,3
-49,4
-48,E
-47,3
-46,4
-45,4
-44,3
-43,7
-42,4
-41,3
-40,5
-3E,5
-3X,3
-39,4
-38,7
-37,3
-36,4
-35,4
-34,3
-33,7
-32,4
-31,3
-30,7
-2E,8
-2X,3
-29,4
-28,5
-27,3
-26,4
-25,4
-24,3
-23,5
-22,4
-21,3
-20,9
-1E,5
-1X,3
-19,4
-18,E
-17,3
-16,4
-15,4
-14,3
-13,7
-12,4
-11,3
-10,5
-E,7
-X,3
-9,4
-8,5
-7,3
-6,4
-5,4
-4,3
-3,5
-2,4
-1,3
0,0
1,0
2,3
3,4
4,0
5,3
6,4
7,4
8,3
9,0
X,4
E,3
10,5
11,5
12,3
13,4
14,0
15,3
16,4
17,4
18,3
19,8
1X,4
1E,3
20,7
21,0
22,3
23,4
24,5
25,3
26,4
27,4
28,3
29,5
2X,4
2E,3
30,0
31,5
32,3
33,4
34,7
35,3
36,4
37,4
38,3
39,7
3X,4
3E,3
40,5
41,0
42,3
43,4
44,5
45,3
46,4
47,4
48,3
49,5
4X,4
4E,3
50,9
51,7
52,3
53,4
54,0
55,3
56,4
57,4
58,3
59,7
5X,4
5E,3
60,5
61,5
62,3
63,4
64,7
65,3
66,4
67,4
68,3
69,0
6X,4
6E,3
70,9
71,8
72,3
73,4
74,5
75,3
76,4
77,4
78,3
79,5
7X,4
7E,3
80,7
81,5
82,3
83,4
84,0
85,3
86,4
87,4
88,3
89,9
8X,4
8E,3
90,5
91,8
92,3
93,4
94,5
95,3
96,4
97,4
98,3
99,5
9X,4
9E,3
X0,9
X1,0
X2,3
X3,4
X4,7
X5,3
X6,4
X7,4
X8,3
X9,7
XX,4
XE,3
E0,5
E1,5
E2,3
E3,4
E4,7
E5,3
E6,4
E7,4
E8,3
E9,8
EX,4
EE,3
100,0
101,7
102,3
103,4
104,5
105,3
106,4
107,4
108,3
109,5
10X,4
10E,3
110,9
111,5
112,3
113,4
114,7
115,3
116,4
117,4
118,3
119,8
11X,4
11E,3
120,5
121,0
122,3
123,4
124,5
125,3
126,4
127,4
128,3
129,5
12X,4
12E,3
130,7
131,7
132,3
133,4
134,E
135,3
136,4
137,4
138,3
139,8
13X,4
13E,3
140,5
141,5
142,3
143,4
144,0
145,3
146,4
147,4
148,3
149,7
14X,4
14E,3
150,9
151,8
152,3
153,4
154,5
155,3
156,4
157,4
158,3
159,5
15X,4
15E,3
160,7
161,5
162,3
163,4
164,7
165,3
166,4
167,4
168,3
169,0
16X,4
16E,3
170,5
171,7
172,3
173,4
174,5
175,3
176,4
177,4
178,3
179,5
17X,4
17E,3
180,9
181,7
182,3
183,4
184,7
185,3
186,4
187,4
188,3
189,9
18X,4
18E,3
190,5
191,5
192,3
193,4
194,0
195,3
196,4
197,4
198,3
199,8
19X,4
19E,3
1X0,7
1X1,7
1X2,3
1X3,4
1X4,5
1X5,3
1X6,4
1X7,4
1X8,3
1X9,5
1XX,4
1XE,3
1E0,7
1E1,5
1E2,3
1E3,4
1E4,11
1E5,3
1E6,4
1E7,4
1E8,3
1E9,7
1EX,4
1EE,3
200,5
201,0
202,3
203,4
204,5
205,3
206,4
207,4
208,3
209,5
20X,4
20E,3
210,7
211,8
212,3
213,4
214,7
215,3
216,4
217,4
218,3
219,8
21X,4
21E,3
220,5
221,5
222,3
223,4
224,E
225,3
226,4
227,4
228,3
229,7
22X,4
22E,3
230,0
231,7
232,3
233,4
234,5
235,3
236,4
237,4
238,3
239,5
23X,4
23E,3
240,9
241,5
242,3
243,4
244,E
245,3
246,4
247,4
248,3
249,9
24X,4
24E,3
250,5
251,7
252,3
253,4
254,5
255,3
256,4
257,4
258,3
259,5
25X,4
25E,3
260,7
261,0
262,3
263,4
264,14
265,3
266,4
267,4
268,3
269,7
26X,4
26E,3
270,5
271,5
272,3
273,4
274,7
275,3
276,4
277,4
278,3
279,7
27X,4
27E,3
280,7
281,11
282,3
283,4
284,5
285,3
286,4
287,4
288,3
289,5
28X,4
28E,3
290,11
291,5
292,3
293,4
294,0
295,3
296,4
297,4
298,3
299,7
29X,4
29E,3
2X0,5
2X1,7
2X2,3
2X3,4
2X4,5
2X5,3
2X6,4
2X7,4
2X8,3
2X9,5
2XX,4
2XE,3
2E0,9
2E1,8
2E2,3
2E3,4
2E4,E
2E5,3
2E6,4
2E7,4
2E8,3
2E9,8
2EX,4
2EE,3
300,5
301,5
302,3
303,4
304,E
305,3
306,4
307,4
308,3
309,0
30X,4
30E,3
310,7
311,8
312,3
313,4
314,5
315,3
316,4
317,4
318,3
319,5
31X,4
31E,3
320,9
321,5
322,3
323,4
324,7
325,3
326,4
327,4
328,3
329,7
32X,4
32E,3
330,5
331,8
332,3
333,4
334,5
335,3
336,4
337,4
338,3
339,5
33X,4
33E,3
340,9
341,7
342,3
343,4
344,0
345,3
346,4
347,4
348,3
349,7
34X,4
34E,3
350,5
351,5
352,3
353,4
354,7
355,3
356,4
357,4
358,3
359,8
35X,4
35E,3
360,14
361,E
362,3
363,4
364,5
365,3
366,4
367,4
368,3
369,5
36X,4
36E,3
370,7
371,5
372,3
373,4
374,14
375,3
376,4
377,4
378,3
379,8
37X,4
37E,3
380,5
381,0
382,3
383,4
384,5
385,3
386,4
387,4
388,3
389,5
38X,4
38E,3
390,11
391,8
392,3
393,4
394,7
395,3
396,4
397,4
398,3
399,7
39X,4
39E,3
3X0,5
3X1,5
3X2,3
3X3,4
3X4,7
3X5,3
3X6,4
3X7,4
3X8,3
3X9,9
3XX,4
3XE,3
3E0,9
3E1,7
3E2,3
3E3,4
3E4,5
3E5,3
3E6,4
3E7,4
3E8,3
3E9,5
3EX,4
3EE,3
400,0
401,5
402,3
403,4
404,7
405,3
406,4
407,4
408,3
409,E
40X,4
40E,3
410,5
411,8
412,3
413,4
414,5
415,3
416,4
417,4
418,3
419,5
41X,4
41E,3
420,7
421,7
422,3
423,4
424,E
425,3
426,4
427,4
428,3
429,9
42X,4
42E,3
430,5
431,5
432,3
433,4
434,11
435,3
436,4
437,4
438,3
439,7
43X,4
43E,3
440,9
441,0
442,3
443,4
444,5
445,3
446,4
447,4
448,3
449,5
44X,4
44E,3
450,7
451,5
452,3
453,4
454,7
455,3
456,4
457,4
458,3
459,8
45X,4
45E,3
460,5
461,7
462,3
463,4
464,5
465,3
466,4
467,4
468,3
469,5
46X,4
46E,3
470,9
471,7
472,3
473,4
474,7
475,3
476,4
477,4
478,3
479,8
47X,4
47E,3
480,5
481,5
482,3
483,4
484,0
485,3
486,4
487,4
488,3
489,9
48X,4
48E,3
490,7
491,7
492,3
493,4
494,5
495,3
496,4
497,4
498,3
499,5
49X,4
49E,3
4X0,7
4X1,5
4X2,3
4X3,4
4X4,E
4X5,3
4X6,4
4X7,4
4X8,3
4X9,7
4XX,4
4XE,3
4E0,5
4E1,8
4E2,3
4E3,4
4E4,5
4E5,3
4E6,4
4E7,4
4E8,3
4E9,5
4EX,4
4EE,3
500,7
501,E
502,3
503,4
504,7
505,3
506,4
507,4
508,3
509,0
50X,4
50E,3
510,5
511,5
512,3
513,4
514,E
515,3
516,4
517,4
518,3
519,7
51X,4
51E,3
520,9
521,7
522,3
523,4
524,5
525,3
526,4
527,4
528,3
529,5
52X,4
52E,3
530,E
531,5
532,3
533,4
534,11
535,3
536,4
537,4
538,3
539,8
53X,4
53E,3
540,5
541,7
542,3
543,4
544,5
545,3
546,4
547,4
548,3
549,5
54X,4
54E,3
550,7
551,8
552,3
553,4
554,0
555,3
556,4
557,4
558,3
559,7
55X,4
55E,3
560,5
561,5
562,3
563,4
564,7
565,3
566,4
567,4
568,3
569,7
56X,4
56E,3
570,7
571,8
572,3
573,4
574,5
575,3
576,4
577,4
578,3
579,5
57X,4
57E,3
580,9
581,5
582,3
583,4
584,E
585,3
586,4
587,4
588,3
589,7
58X,4
58E,3
590,5
591,7
592,3
593,4
594,5
595,3
596,4
597,4
598,3
599,5
59X,4
59E,3
5X0,9
5X1,0
5X2,3
5X3,4
5X4,E
5X5,3
5X6,4
5X7,4
5X8,3
5X9,9
5XX,4
5XE,3
5E0,5
5E1,5
5E2,3
5E3,4
5E4,11
5E5,3
5E6,4
5E7,4
5E8,3
5E9,8
5EX,4
5EE,3
600,7
601,E
602,3
603,4
604,5
605,3
606,4
607,4
608,3
609,5
60X,4
60E,3
610,9
611,5
612,3
613,4
614,7
615,3
616,4
617,4
618,3
619,7
61X,4
61E,3
620,5
621,11
622,3
623,4
624,5
625,3
626,4
627,4
628,3
629,5
62X,4
62E,3
630,0
631,7
632,3
633,4
634,E
635,3
636,4
637,4
638,3
639,7
63X,4
63E,3
640,5
641,5
642,3
643,4
644,7
645,3
646,4
647,4
648,3
649,9
64X,4
64E,3
650,9
651,8
652,3
653,4
654,5
655,3
656,4
657,4
658,3
659,5
65X,4
65E,3
660,7
661,5
662,3
663,4
664,14
665,3
666,4
667,4
668,3
669,E
66X,4
66E,3
670,5
671,8
672,3
673,4
674,5
675,3
676,4
677,4
678,3
679,5
67X,4
67E,3
680,9
681,0
682,3
683,4
684,7
685,3
686,4
687,4
688,3
689,7
68X,4
68E,3
690,5
691,5
692,3
693,4
694,7
695,3
696,4
697,4
698,3
699,8
69X,4
69E,3
6X0,9
6X1,7
6X2,3
6X3,4
6X4,5
6X5,3
6X6,4
6X7,4
6X8,3
6X9,5
6XX,4
6XE,3
6E0,9
6E1,5
6E2,3
6E3,4
6E4,7
6E5,3
6E6,4
6E7,4
6E8,3
6E9,8
6EX,4
6EE,3
700,5
701,E
702,3
703,4
704,5
705,3
706,4
707,4
708,3
709,5
70X,4
70E,3
710,7
711,7
712,3
713,4
714,0
715,3
716,4
717,4
718,3
719,8
71X,4
71E,3
720,5
721,5
722,3
723,4
724,E
725,3
726,4
727,4
728,3
729,7
72X,4
72E,3
730,E
731,8
732,3
733,4
734,5
735,3
736,4
737,4
738,3
739,5
73X,4
73E,3
740,7
741,5
742,3
743,4
744,7
745,3
746,4
747,4
748,3
749,9
74X,4
74E,3
750,5
751,7
752,3
753,4
754,5
755,3
756,4
757,4
758,3
759,5
75X,4
75E,3
760,E
761,7
762,3
763,4
764,7
765,3
766,4
767,4
768,3
769,0
76X,4
76E,3
770,5
771,5
772,3
773,4
774,E
775,3
776,4
777,4
778,3
779,8
77X,4
77E,3
780,7
781,7
782,3
783,4
784,5
785,3
786,4
787,4
788,3
789,5
78X,4
78E,3
790,7
791,5
792,3
793,4
794,11
795,3
796,4
797,4
798,3
799,7
79X,4
79E,3
7X0,5
7X1,E
7X2,3
7X3,4
7X4,5
7X5,3
7X6,4
7X7,4
7X8,3
7X9,5
7XX,4
7XE,3
7E0,7
7E1,8
7E2,3
7E3,4
7E4,7
7E5,3
7E6,4
7E7,4
7E8,3
7E9,8
7EX,4
7EE,3
800,5
801,5
802,3
803,4
804,0
805,3
806,4
807,4
808,3
809,7
80X,4
80E,3
810,9
811,7
812,3
813,4
814,5
815,3
816,4
817,4
818,3
819,5
81X,4
81E,3
820,9
821,5
822,3
823,4
824,14
825,3
826,4
827,4
828,3
829,9
82X,4
82E,3
830,5
831,7
832,3
833,4
834,5
835,3
836,4
837,4
838,3
839,5
83X,4
83E,3
840,7
841,E
842,3
843,4
844,11
845,3
846,4
847,4
848,3
849,7
84X,4
84E,3
850,5
851,5
852,3
853,4
854,7
855,3
856,4
857,4
858,3
859,7
85X,4
85E,3
860,7
861,0
862,3
863,4
864,5
865,3
866,4
867,4
868,3
869,5
86X,4
86E,3
870,9
871,5
872,3
873,4
874,E
875,3
876,4
877,4
878,3
879,7
87X,4
87E,3
880,5
881,7
882,3
883,4
884,5
885,3
886,4
887,4
888,3
889,5
88X,4
88E,3
890,E
891,8
892,3
893,4
894,E
895,3
896,4
897,4
898,3
899,8
89X,4
89E,3
8X0,5
8X1,5
8X2,3
8X3,4
8X4,11
8X5,3
8X6,4
8X7,4
8X8,3
8X9,9
8XX,4
8XE,3
8E0,7
8E1,8
8E2,3
8E3,4
8E4,5
8E5,3
8E6,4
8E7,4
8E8,3
8E9,5
8EX,4
8EE,3
900,0
901,5
902,3
903,4
904,7
905,3
906,4
907,4
908,3
909,7
90X,4
90E,3
910,5
911,8
912,3
913,4
914,5
915,3
916,4
917,4
918,3
919,5
91X,4
91E,3
920,9
921,7
922,3
923,4
924,11
925,3
926,4
927,4
928,3
929,7
92X,4
92E,3
930,5
931,5
932,3
933,4
934,7
935,3
936,4
937,4
938,3
939,8
93X,4
93E,3
940,9
941,11
942,3
943,4
944,5
945,3
946,4
947,4
948,3
949,5
94X,4
94E,3
950,7
951,5
952,3
953,4
954,E
955,3
956,4
957,4
958,3
959,8
95X,4
95E,3
960,5
961,0
962,3
963,4
964,5
965,3
966,4
967,4
968,3
969,5
96X,4
96E,3
970,9
971,8
972,3
973,4
974,7
975,3
976,4
977,4
978,3
979,7
97X,4
97E,3
980,5
981,5
982,3
983,4
984,7
985,3
986,4
987,4
988,3
989,9
98X,4
98E,3
990,E
991,7
992,3
993,4
994,5
995,3
996,4
997,4
998,3
999,5
99X,4
99E,3
9X0,9
9X1,5
9X2,3
9X3,4
9X4,7
9X5,3
9X6,4
9X7,4
9X8,3
9X9,9
9XX,4
9XE,3
9E0,5
9E1,8
9E2,3
9E3,4
9E4,5
9E5,3
9E6,4
9E7,4
9E8,3
9E9,5
9EX,4
9EE,3
X00,7
X01,7
X02,3
X03,4
X04,0
X05,3
X06,4
X07,4
X08,3
X09,E
X0X,4
X0E,3
X10,5
X11,5
X12,3
X13,4
X14,15
X15,3
X16,4
X17,4
X18,3
X19,7
X1X,4
X1E,3
X20,9
X21,E
X22,3
X23,4
X24,5
X25,3
X26,4
X27,4
X28,3
X29,5
X2X,4
X2E,3
X30,7
X31,5
X32,3
X33,4
X34,7
X35,3
X36,4
X37,4
X38,3
X39,8
X3X,4
X3E,3
X40,5
X41,7
X42,3
X43,4
X44,5
X45,3
X46,4
X47,4
X48,3
X49,5
X4X,4
X4E,3
X50,9
X51,7
X52,3
X53,4
X54,7
X55,3
X56,4
X57,4
X58,3
X59,8
X5X,4
X5E,3
X60,5
X61,5
X62,3
X63,4
X64,11
X65,3
X66,4
X67,4
X68,3
X69,0
X6X,4
X6E,3
X70,7
X71,7
X72,3
X73,4
X74,5
X75,3
X76,4
X77,4
X78,3
X79,5
X7X,4
X7E,3
X80,7
X81,5
X82,3
X83,4
X84,11
X85,3
X86,4
X87,4
X88,3
X89,7
X8X,4
X8E,3
X90,5
X91,8
X92,3
X93,4
X94,5
X95,3
X96,4
X97,4
X98,3
X99,5
X9X,4
X9E,3
XX0,7
XX1,E
XX2,3
XX3,4
XX4,7
XX5,3
XX6,4
XX7,4
XX8,3
XX9,9
XXX,4
XXE,3
XE0,5
XE1,5
XE2,3
XE3,4
XE4,14
XE5,3
XE6,4
XE7,4
XE8,3
XE9,7
XEX,4
XEE,3
E00,11
E01,7
E02,3
E03,4
E04,5
E05,3
E06,4
E07,4
E08,3
E09,5
E0X,4
E0E,3
E10,9
E11,5
E12,3
E13,4
E14,0
E15,3
E16,4
E17,4
E18,3
E19,8
E1X,4
E1E,3
E20,5
E21,7
E22,3
E23,4
E24,5
E25,3
E26,4
E27,4
E28,3
E29,5
E2X,4
E2E,3
E30,7
E31,8
E32,3
E33,4
E34,E
E35,3
E36,4
E37,4
E38,3
E39,7
E3X,4
E3E,3
E40,5
E41,5
E42,3
E43,4
E44,7
E45,3
E46,4
E47,4
E48,3
E49,7
E4X,4
E4E,3
E50,7
E51,8
E52,3
E53,4
E54,5
E55,3
E56,4
E57,4
E58,3
E59,5
E5X,4
E5E,3
E60,E
E61,5
E62,3
E63,4
E64,E
E65,3
E66,4
E67,4
E68,3
E69,7
E6X,4
E6E,3
E70,5
E71,7
E72,3
E73,4
E74,5
E75,3
E76,4
E77,4
E78,3
E79,5
E7X,4
E7E,3
E80,9
E81,0
E82,3
E83,4
E84,11
E85,3
E86,4
E87,4
E88,3
E89,9
E8X,4
E8E,3
E90,5
E91,5
E92,3
E93,4
E94,E
E95,3
E96,4
E97,4
E98,3
E99,8
E9X,4
E9E,3
EX0,7
EX1,11
EX2,3
EX3,4
EX4,5
EX5,3
EX6,4
EX7,4
EX8,3
EX9,5
EXX,4
EXE,3
EE0,9
EE1,5
EE2,3
EE3,4
EE4,7
EE5,3
EE6,4
EE7,4
EE8,3
EE9,7
EEX,4
EEE,3
1000,5
