1,1
2,3
3,24
4,5
5,56
6,7
7,174
8,39
9,13X
X,E
E,1E0
10,11
11,782
12,0
13,1EX
14,15
15,10X6
16,17
17,2264
18,623
19,1714
1X,1E
1E,7X0
20,417
21,1226
22,0
23,384
24,25
25,1036
26,27
27,5914
28,2E5
29,8E4
2X,0
2E,1532
30,31
31,4XX2
32,0
33,51X
34,35
35,2026
36,37
37,44X4
38,3299
39,1444
3X,3E
3E,7X40
40,231
41,584X
42,0
43,EX8X
44,45
45,3416
46,0
47,7592
48,303
49,782X
4X,4E
4E,20750
50,51
51,11202
52,0
53,4854
54,4X1
55,X968
56,57
57,X704
58,438X5E
59,6XXX
5X,5E
5E,1E860
60,61
61,16972
62,0
63,162X
64,31XE5
65,6024
66,67
67,12814
68,5E9
69,1924
6X,6E
6E,8150
70,359E7
71,19372
72,0
73,15934
74,75
75,93X6
76,0
77,23662
78,3665EE
79,1835X
7X,0
7E,X740
80,81
81,55898
82,0
83,346X
84,85
85,2E9E6
86,87
87,31308
88,5743
89,66X
8X,8E
8E,34230
90,91
91,5954X
92,0
93,1105X
94,95
95,12E86
96,0
97,26E44
98,711X6E
99,8E64
9X,0
9E,14720
X0,1037
X1,X850
X2,0
X3,9X8X
X4,1X5E7
X5,X354
X6,X7
X7,31854
X8,1049
X9,48094
XX,XE
XE,50150
E0,3E2061
E1,17018
E2,0
E3,183X
E4,E5
E5,55886
E6,E7
E7,E3278
E8,45E94E
E9,59534
EX,0
EE,8438
100,341
101,2E3E2
102,0
103,5934
104,105
105,87686
106,107
107,67948
108,5203
109,3124
10X,0
10E,240E0
110,111
111,248752
112,0
113,63664
114,2749
115,34872
116,117
117,51E84
118,223183
119,175X
11X,11E
11E,16E4X0
120,2147
121,48302
122,0
123,1X964
124,125
125,2XE36
126,0
127,7294
128,1589
129,6104X
12X,12E
12E,31490
130,131
131,965X2
132,0
133,2E07X
134,7593
135,50854
136,0
137,30578
138,0
139,3824
13X,13E
13E,36680
140,141
141,197558
142,0
143,1294X
144,145
145,391X46
146,147
147,782E4
148,2E93
149,13810X
14X,0
14E,174880
150,428067
151,354X2
152,0
153,576X
154,4973
155,2E532
156,157
157,196EX4
158,0
159,8977X
15X,0
15E,33538
160,3387
161,118472
162,0
163,47X84
164,0
165,48XE6
166,167
167,24E028
168,3889
169,516X
16X,16E
16E,4EXE70
170,171
171,47X84X
172,0
173,16394
174,175
175,532X6
176,0
177,84602
178,0
179,8576X
17X,17E
17E,56640
180,181
181,14X792
182,0
183,E484
184,0
185,3XX82
186,0
187,158X08
188,E409
189,34254
18X,18E
18E,61430
190,4257
191,37238
192,0
193,295EX
194,195
195,172466
196,0
197,106050
198,0
199,4E9X
19X,19E
19E,56E920
1X0,2E37
1X1,X8078
1X2,0
1X3,3X24X
1X4,1X5
1X5,2404X6
1X6,1X7
1X7,194128
1X8,2105
1X9,7289X
1XX,0
1XE,29X02
1E0,1E1
1E1,1X3662
1E2,0
1E3,50534
1E4,1E5
1E5,77X66
1E6,1E7
1E7,790538
1E8,0
1E9,44744
1EX,0
1EE,15X904
200,2901
201,102EX6
202,0
203,1X08X
204,205
205,83X56
206,0
207,2X3E38
208,6573
209,12144
20X,0
20E,70E62
210,2207
211,4X598X
212,0
213,374734
214,4389
215,22372
216,217
217,467902
218,0
219,52074
21X,21E
21E,241120
220,221
221,EX2572
222,0
223,32704
224,225
225,X64E36
226,0
227,11E0X0
228,3X9
229,1X19E4
22X,0
22E,X1390
230,4X7
231,5006
232,0
233,438X74
234,1E81E
235,X5X26
236,237
237,279918
238,0
239,333X
23X,0
23E,260492
240,241
241,82X872
242,0
243,6242X
244,0
245,E3216
246,0
247,127948
248,21E1E
249,32E24
24X,24E
24E,2XE5E0
250,251
251,E94892
252,0
253,56024
254,255
255,704766
256,0
257,214310
258,0
259,699X
25X,25E
25E,105960
260,6457
261,652318
262,0
263,11E7X4
264,172923
265,405E20
266,267
267,3311X8
268,6349
269,74404
26X,0
26E,2055E2
270,271
271,22E17X
272,0
273,76E1X
274,26E53
275,8E42
276,277
277,6E4438
278,0
279,346744
27X,27E
27E,711680
280,1661
281,166172
282,0
283,6586X
284,285
285,0
286,0
287,40244
288,E353
289,12E53X
28X,0
28E,239616
290,291
291,398X42
292,0
293,171EX
294,295
295,522656
296,0
297,275144
298,0
299,789X
29X,0
29E,164282
2X0,2X1
2X1,2844XX
2X2,0
2X3,3035EX
2X4,0
2X5,146176
2X6,0
2X7,60358
2X8,11155
2X9,39164
2XX,2XE
2XE,14EE10
2E0,2E1
2E1,0
2E2,0
2E3,153EXX
2E4,22397
2E5,45922
2E6,0
2E7,186448
2E8,0
2E9,21E0XX
2EX,2EE
2EE,15E900
300,301
301,907918
302,0
303,67974
304,0
305,XE536X
306,307
307,7920E4
308,E183
309,63764
30X,30E
30E,16EXE0
310,0
311,189038
312,0
313,36E04X
314,315
315,65E816
316,0
317,170456
318,0
319,158734
31X,0
31E,75958
320,321
321,0
322,0
323,2343X
324,325
325,517956
326,327
327,X441X8
328,5E85
329,E77E4
32X,32E
32E,533190
330,345027
331,36663X
332,0
333,EE78X
334,409XE
335,54X258
336,0
337,27742
338,0
339,1457X
33X,33E
33E,748880
340,47X1
341,3E0952
342,0
343,EEE4X
344,X85
345,1X9116
346,347
347,E54E92
348,4404E
349,EE829X
34X,34E
34E,59X612
350,0
351,39E5X2
352,0
353,8230X
354,22E95
355,849512
356,357
357,401X04
358,0
359,X138XX
35X,35E
35E,614660
360,14847
361,0
362,0
363,166E04
364,365
365,2108E6
366,0
367,468246
368,3795
369,1EX824
36X,0
36E,217X50
370,0
371,0
372,0
373,27X414
374,375
375,0
376,377
377,E02304
378,0
379,178EX
37X,0
37E,686580
380,2091
381,768X0
382,0
383,E97E4
384,86611E
385,X76272
386,0
387,5982E8
388,19023
389,136194
38X,0
38E,6XX08
390,391
391,0
392,0
393,246254
394,31999
395,248886
396,397
397,0
398,0
399,142664
39X,0
39E,186598
3X0,18067
3X1,7480E2
3X2,0
3X3,1194XX
3X4,3X5
3X5,75E616
3X6,0
3X7,30E61X
3X8,9X75
3X9,445604
3XX,3XE
3XE,0
3E0,0
3E1,2EX74X
3E2,0
3E3,11E6X
3E4,3E5
3E5,0
3E6,3E7
3E7,0
3E8,0
3E9,4EEX94
3EX,0
3EE,22X382
400,401
