1,1,3
2,1,2
3,2,1
4,1,1
5,2,4
6,1,1
7,4,2
8,2,1
9,2,2
X,1,2
E,2,4
10,1,1
11,4,8
12,2,1
13,2,2
14,1,2
15,6,4
16,1,1
17,X,2
18,2,1
19,2,2
1X,1,2
1E,2,6
20,3,1
21,4,6
22,2,4
23,4,2
24,1,3
25,2,6
26,1,1
27,X,2
28,3,1
29,2,4
2X,3,2
2E,2,4
30,1,2
31,4,2
32,5,1
33,2,6
34,1,2
35,2,4
36,1,1
37,4,6
38,2,1
39,4,2
3X,1,3
3E,6,6
40,2,1
41,4,2
42,2,3
43,2,2
44,1,2
45,2,4
46,2,1
47,6,2
48,2,3
49,4,2
4X,1,3
4E,10,6
50,1,1
51,6,8
52,5,1
53,2,4
54,3,2
55,2,6
56,1,2
57,4,6
58,2,1
59,2,2
5X,1,2
5E,8,4
60,1,1
61,4,12
62,2,1
63,2,2
64,3,2
65,6,4
66,1,3
67,4,2
68,3,1
69,2,8
6X,1,2
6E,2,4
70,4,1
71,10,6
72,2,3
73,4,2
74,1,3
75,2,14
76,2,1
77,6,2
78,3,4
79,4,6
7X,3,3
7E,2,4
80,1,2
81,4,2
82,2,1
83,2,2
84,1,2
85,6,X
86,1,1
87,6,6
88,3,1
89,2,4
8X,1,2
8E,6,6
90,1,1
91,X,6
92,3,1
93,2,4
94,1,2
95,2,6
96,2,1
97,4,2
98,2,3
99,8,2
9X,6,3
9E,2,10
X0,2,2
X1,6,2
X2,3,4
X3,6,4
X4,3,5
X5,2,4
X6,1,2
X7,4,6
X8,2,1
X9,8,2
XX,1,3
XE,2,4
E0,3,1
E1,10,6
E2,2,3
E3,2,2
E4,1,2
E5,6,4
E6,1,1
E7,4,2
E8,2,1
E9,2,2
EX,4,2
EE,6,4
100,3,3
101,X,12
102,2,7
103,6,2
104,1,3
105,8,X
106,1,1
107,6,10
108,3,1
109,2,8
10X,3,2
10E,2,4
110,1,2
111,X,2
112,2,1
113,18,2
114,4,3
115,6,4
116,1,4
117,4,6
118,5,1
119,2,4
11X,1,2
11E,12,X
120,2,1
121,4,2
122,6,3
123,10,4
124,1,5
125,2,4
126,2,1
127,4,2
128,2,7
129,4,2
12X,1,8
12E,2,X
130,1,1
131,6,8
132,3,1
133,2,6
134,7,2
135,8,4
136,2,3
137,6,2
138,5,3
139,2,8
13X,1,2
13E,2,1X
140,1,1
141,4,8
142,2,1
143,6,2
144,1,3
145,16,4
146,1,1
147,4,2
148,2,1
149,8,2
14X,3,5
14E,10,4
150,2,5
151,4,2
152,3,3
153,4,4
154,6,5
155,2,X
156,1,2
157,X,2
158,5,1
159,4,6
15X,3,3
15E,2,4
160,2,2
161,6,2
162,5,3
163,2,1X
164,3,2
165,2,4
166,1,2
167,10,8
168,2,1
169,8,2
16X,1,3
16E,20,4
170,1,1
171,10,2
172,2,1
173,2,2
174,1,2
175,2,14
176,4,1
177,4,6
178,3,11
179,6,4
17X,1,6
17E,2,6
180,1,1
181,6,12
182,3,1
183,2,4
184,3,2
185,2,10
186,3,2
187,6,6
188,6,3
189,2,6
18X,1,2
18E,2,10
190,3,1
191,4,12
192,2,3
193,4,2
194,1,5
195,6,10
196,4,1
197,X,6
198,2,4
199,2,2
19X,1,2
19E,6,4
1X0,5,1
1X1,4,12
1X2,6,3
1X3,4,6
1X4,1,6
1X5,8,6
1X6,1,1
1X7,6,2
1X8,5,1
1X9,2,4
1XX,3,2
1XE,10,X
1E0,1,3
1E1,4,10
1E2,2,1
1E3,4,2
1E4,1,3
1E5,2,4
1E6,1,1
1E7,6,6
1E8,2,1
1E9,2,2
1EX,3,2
1EE,6,6
200,2,3
201,10,2
202,5,7
203,6,4
204,1,5
205,2,4
206,3,1
207,4,10
208,2,3
209,6,2
20X,4,5
20E,2,14
210,2,2
211,X,2
212,3,6
213,2,8
214,4,2
215,6,X
216,1,4
217,4,2
218,2,1
219,2,2
21X,1,2
21E,6,X
220,1,1
221,6,6
222,5,1
223,2,4
224,1,2
225,22,6
226,X,1
227,4,6
228,2,4
229,2,2
22X,3,2
22E,2,4
230,4,2
231,4,6
232,2,3
233,8,2
234,7,3
235,2,6
236,1,2
237,6,2
238,3,1
239,6,6
23X,7,5
23E,6,10
240,1,7
241,X,2
242,2,1
243,8,2
244,3,3
245,2,10
246,6,2
247,4,12
248,3,3
249,2,6
24X,1,2
24E,6,6
250,1,1
251,X,8
252,2,1
253,X,2
254,1,5
255,12,X
256,2,1
257,6,2
258,3,4
259,4,4
25X,1,5
25E,2,6
260,5,1
261,26,8
262,3,4
263,2,4
264,3,2
265,16,4
266,1,3
267,6,2
268,9,1
269,2,6
26X,4,2
26E,2,4
270,1,2
271,4,6
272,3,1
273,2,4
274,3,2
275,12,X
276,1,4
277,10,2
278,2,1
279,6,2
27X,1,E
27E,10,4
280,2,1
281,6,2
282,2,4
283,4,2
284,1,3
285,20,6
286,3,1
287,6,10
288,8,4
289,2,4
28X,9,2
28E,6,4
290,1,3
291,6,6
292,2,1
293,4,2
294,1,5
295,8,1X
296,4,1
297,4,6
298,2,6
299,2,2
29X,6,2
29E,8,4
2X0,1,3
2X1,4,8
2X2,2,1
2X3,2,2
2X4,3,2
2X5,2,6
2X6,2,2
2X7,24,2
2X8,3,4
2X9,4,4
2XX,1,5
2XE,2,14
2E0,1,1
2E1,X,10
2E2,5,1
2E3,4,X
2E4,4,6
2E5,6,4
2E6,2,3
2E7,4,2
2E8,2,3
2E9,2,2
2EX,1,2
2EE,2,4
300,1,1
301,4,8
302,3,1
303,4,6
304,6,3
305,16,4
306,1,E
307,X,2
308,2,1
309,2,2
30X,1,2
30E,2,6
310,4,1
311,6,8
312,6,4
313,4,4
314,1,5
315,8,6
316,4,1
317,6,8
318,6,6
319,2,4
31X,10,2
31E,2,6
320,1,2
321,26,6
322,6,1
323,2,6
324,1,2
325,6,10
326,1,1
327,10,6
328,2,1
329,4,2
32X,1,8
32E,6,4
330,2,1
331,4,2
332,2,3
333,8,2
334,4,12
335,2,6
336,3,2
337,4,20
338,2,3
339,12,2
33X,1,3
33E,8,X
340,7,1
341,6,8
342,3,7
343,2,4
344,3,2
345,2,6
346,1,2
347,4,10
348,2,1
349,10,2
34X,1,6
34E,2,X
350,6,1
351,4,6
352,3,3
353,2,4
354,3,2
355,12,4
356,1,3
357,4,2
358,6,1
359,X,4
35X,1,6
35E,6,4
360,2,1
361,X,2
362,2,7
363,4,2
364,1,3
365,2,16
366,2,1
367,6,2
368,13,7
369,4,18
36X,3,6
36E,2,6
370,2,2
371,4,2
372,5,3
373,2,X
374,1,2
375,28,4
376,1,1
377,X,6
378,2,1
379,2,2
37X,3,2
37E,6,10
380,4,3
381,20,8
382,2,7
383,2,2
384,3,2
385,10,4
386,2,3
387,4,2
388,3,3
389,8,6
38X,4,3
38E,10,14
390,1,3
391,16,8
392,3,1
393,2,6
394,X,2
395,2,4
396,1,2
397,X,2
398,2,1
399,12,2
39X,6,5
39E,2,4
3X0,3,2
3X1,4,8
3X2,2,6
3X3,4,2
3X4,1,3
3X5,6,X
3X6,2,1
3X7,4,2
3X8,5,4
3X9,2,4
3XX,1,2
3XE,12,4
3E0,2,1
3E1,6,2
3E2,3,3
3E3,4,4
3E4,1,6
3E5,10,6
3E6,1,1
3E7,X,8
3E8,5,1
3E9,4,8
3EX,3,3
3EE,2,6
400,1,2
401,4,2
402,6,1
403,X,10
404,3,8
405,2,10
406,3,2
407,4,8
408,3,X
409,2,4
40X,1,2
40E,12,4
410,6,1
411,4,6
412,2,6
413,6,2
414,1,10
415,2,4
416,3,1
417,4,8
418,2,3
419,4,2
41X,1,8
41E,8,6
420,1,1
421,6,2
422,5,1
423,10,4
424,4,3
425,6,14
426,1,4
427,6,2
428,2,1
429,4,2
42X,3,5
42E,2,10
430,1,2
431,X,6
432,2,1
433,2,2
434,1,2
435,8,4
436,1,1
437,4,2
438,3,1
439,6,8
43X,3,5
43E,6,X
440,2,3
441,16,2
442,3,3
443,X,6
444,6,6
445,2,10
446,1,2
447,X,18
448,6,1
449,12,4
44X,11,3
44E,8,4
450,5,3
451,4,6
452,2,3
453,2,2
454,1,2
455,2,10
456,1,1
457,10,12
458,2,1
459,2,2
45X,1,2
45E,12,6
460,2,1
461,X,2
462,2,3
463,2,2
464,1,2
465,2,6
466,4,1
467,4,6
468,10,7
469,6,X
46X,1,3
46E,2,10
470,1,1
471,6,2
472,3,1
473,2,8
474,3,2
475,12,4
476,3,3
477,6,6
478,E,3
479,4,6
47X,3,6
47E,6,4
480,1,4
481,4,12
482,5,1
483,6,4
484,1,3
485,8,4
486,4,1
487,X,6
488,2,3
489,8,2
48X,1,6
48E,2,4
490,3,1
491,4,8
492,2,7
493,4,2
494,4,3
495,10,6
496,1,3
497,X,2
498,5,1
499,6,6
49X,3,3
49E,16,X
4X0,3,3
4X1,4,10
4X2,5,4
4X3,2,8
4X4,1,2
4X5,16,4
4X6,5,1
4X7,6,6
4X8,2,3
4X9,6,2
4XX,7,5
4XE,6,6
4E0,1,5
4E1,4,6
4E2,3,1
4E3,2,4
4E4,3,2
4E5,2,4
4E6,2,2
4E7,4,2
4E8,2,7
4E9,8,2
4EX,1,3
4EE,2,10
500,3,1
501,6,12
502,13,4
503,2,6
504,4,2
505,2,6
506,1,2
507,4,2
508,9,1
509,2,6
50X,9,2
50E,8,X
510,1,4
511,X,6
512,3,1
513,2,4
514,7,2
515,6,6
516,1,3
517,4,10
518,2,1
519,2,2
51X,1,2
51E,2,4
520,2,1
521,X,2
522,2,3
523,6,2
524,7,3
525,2,6
526,1,2
527,6,8
528,5,1
529,6,4
52X,7,5
52E,2,4
530,1,2
531,14,12
532,6,1
533,4,X
534,1,8
535,2,16
536,3,1
537,10,18
538,3,6
539,2,X
53X,6,2
53E,6,4
540,1,8
541,X,8
542,3,1
543,2,4
544,1,2
545,6,6
546,2,1
547,6,2
548,2,7
549,4,2
54X,10,3
54E,2,6
550,3,2
551,14,8
552,3,6
553,2,8
554,4,2
555,2,10
556,1,2
557,6,6
558,6,1
559,2,6
55X,3,2
55E,2,4
560,3,2
561,6,8
562,3,3
563,4,8
564,1,8
565,6,4
566,2,1
567,1X,2
568,2,3
569,X,2
56X,4,E
56E,2,6
570,2,2
571,4,2
572,2,3
573,4,2
574,1,3
575,2,X
576,1,1
577,X,2
578,3,1
579,2,4
57X,4,2
57E,8,4
580,8,3
581,6,10
582,2,4
583,8,2
584,1,3
585,8,X
586,1,1
587,X,6
588,3,1
589,4,4
58X,1,3
58E,12,4
590,1,1
591,X,2
592,12,1
593,2,4
594,4,2
595,2,4
596,2,2
597,6,2
598,8,4
599,6,4
59X,1,8
59E,10,X
5X0,3,1
5X1,10,10
5X2,5,6
5X3,4,4
5X4,11,3
5X5,8,10
5X6,2,5
5X7,4,2
5X8,2,3
5X9,2,2
5XX,3,2
5XE,6,10
5E0,1,4
5E1,4,8
5E2,2,1
5E3,8,2
5E4,1,9
5E5,8,14
5E6,1,1
5E7,1X,6
5E8,2,1
5E9,2,2
5EX,1,2
5EE,6,X
600,3,1
601,4,6
602,2,4
603,4,2
604,6,5
605,10,X
606,2,3
607,6,2
608,3,6
609,2,4
60X,9,2
60E,8,4
610,1,7
611,14,2
612,5,1
613,2,6
614,1,2
615,16,1X
616,1,1
617,4,6
618,5,1
619,4,4
61X,1,3
61E,6,4
620,2,1
621,4,2
622,3,4
623,2,8
624,3,2
625,2,4
626,2,2
627,4,2
628,3,3
629,8,6
62X,4,3
62E,8,6
630,2,3
631,6,2
632,3,4
633,4,6
634,3,3
635,2,X
636,1,2
637,6,6
638,6,1
639,4,14
63X,1,3
63E,2,4
640,5,1
641,6,6
642,13,3
643,2,4
644,3,2
645,6,6
646,1,3
647,4,8
648,6,1
649,6,X
64X,3,6
64E,2,4
650,4,2
651,4,16
652,6,3
653,4,14
654,1,5
655,8,6
656,2,1
657,X,2
658,3,4
659,2,20
65X,3,2
65E,2,4
660,1,2
661,6,2
662,2,1
663,2,2
664,1,2
665,6,16
666,4,1
667,6,6
668,2,7
669,8,2
66X,1,3
66E,6,20
670,4,1
671,4,6
672,2,10
673,X,2
674,1,5
675,2,6
676,7,1
677,4,8
678,2,4
679,6,2
67X,4,5
67E,8,36
680,5,3
681,14,8
682,3,4
683,4,4
684,9,6
685,2,X
686,1,2
687,14,2
688,9,1
689,4,6
68X,1,3
68E,6,16
690,3,1
691,6,30
692,2,6
693,2,2
694,1,2
695,8,4
696,6,1
697,4,22
698,6,3
699,X,4
69X,1,5
69E,12,4
6X0,3,1
6X1,X,8
6X2,2,3
6X3,6,2
6X4,7,3
6X5,2,10
6X6,1,2
6X7,16,8
6X8,6,1
6X9,2,X
6XX,7,2
6XE,10,X
6E0,1,7
6E1,4,2
6E2,2,1
6E3,2,2
6E4,3,2
6E5,2,4
6E6,5,2
6E7,4,20
6E8,5,3
6E9,2,4
6EX,3,2
6EE,6,4
700,1,3
701,X,2
702,5,1
703,6,8
704,1,5
705,2,4
706,2,1
707,6,2
708,3,X
709,14,6
70X,1,9
70E,2,6
710,1,1
711,X,8
712,3,1
713,4,4
714,10,5
715,6,4
716,2,X
717,6,2
718,15,3
719,8,6
71X,1,3
71E,2,24
720,1,1
721,4,6
722,2,1
723,6,2
724,3,5
725,8,6
726,1,5
727,4,8
728,2,1
729,2,2
72X,14,2
72E,2,6
730,2,2
731,6,2
732,5,3
733,8,12
734,1,6
735,2,26
736,1,1
737,10,10
738,5,1
739,X,4
73X,3,6
73E,2,4
740,2,2
741,4,2
742,10,4
743,12,6
744,1,6
745,6,4
746,1,1
747,4,38
748,2,1
749,2,2
74X,6,2
74E,8,1X
750,1,3
751,X,2
752,2,1
753,2,2
754,3,2
755,26,X
756,4,3
757,6,6
758,2,10
759,X,2
75X,6,8
75E,12,6
760,2,5
761,10,2
762,9,4
763,X,8
764,3,3
765,8,4
766,1,3
767,4,6
768,5,1
769,2,X
76X,1,2
76E,6,4
770,1,1
771,4,18
772,5,1
773,6,6
774,1,5
775,12,6
776,7,1
777,4,10
778,3,3
779,2,8
77X,1,2
77E,2,16
780,3,1
781,4,8
782,2,4
783,X,2
784,1,3
785,10,6
786,2,1
787,1X,2
788,6,4
789,6,4
78X,3,5
78E,6,6
790,1,3
791,6,6
792,2,1
793,2,2
794,3,2
795,2,4
796,1,2
797,4,6
798,3,1
799,2,8
79X,7,2
79E,6,4
7X0,1,5
7X1,4,32
7X2,3,1
7X3,8,4
7X4,6,5
7X5,2,X
7X6,2,2
7X7,X,2
7X8,2,3
7X9,4,2
7XX,6,3
7XE,10,6
7E0,2,9
7E1,X,2
7E2,5,4
7E3,2,6
7E4,3,2
7E5,6,6
7E6,2,4
7E7,6,2
7E8,2,4
7E9,4,2
7EX,1,3
7EE,6,4
800,1,1
801,1X,6
802,2,1
803,2,2
804,3,2
805,8,10
806,5,6
807,4,10
808,5,4
809,6,4
80X,1,6
80E,28,4
810,4,1
811,6,8
812,2,4
813,8,2
814,4,5
815,2,6
816,1,2
817,6,2
818,3,1
819,2,4
81X,7,2
81E,2,16
820,3,2
821,16,12
822,2,3
823,8,2
824,1,3
825,10,4
826,3,1
827,4,8
828,8,6
829,2,6
82X,1,2
82E,8,6
830,2,1
831,20,2
832,2,4
833,2,2
834,1,2
835,6,14
836,2,1
837,10,2
838,2,4
839,4,2
83X,4,3
83E,2,6
840,1,2
841,6,10
842,3,1
843,4,8
844,3,8
845,2,6
846,6,2
847,6,26
848,2,3
849,12,2
84X,3,8
84E,2,X
850,1,2
851,10,12
852,3,1
853,4,8
854,1,5
855,20,14
856,2,1
857,4,2
858,2,3
859,8,2
85X,1,6
85E,2,16
860,3,1
861,6,6
862,5,3
863,4,X
864,1,12
865,2,X
866,1,1
867,14,10
868,3,1
869,2,4
86X,4,2
86E,6,14
870,1,4
871,14,2
872,2,1
873,4,2
874,7,3
875,8,X
876,3,4
877,4,6
878,3,7
879,X,10
87X,3,5
87E,16,4
880,1,6
881,X,16
882,9,1
883,2,4
884,4,2
885,22,4
886,5,3
887,4,6
888,3,3
889,12,6
88X,1,6
88E,12,X
890,2,1
891,X,2
892,5,X
893,12,4
894,3,6
895,2,4
896,7,2
897,6,12
898,10,3
899,2,8
89X,4,2
89E,2,16
8X0,5,2
8X1,6,26
8X2,2,3
8X3,2,2
8X4,1,2
8X5,18,4
8X6,1,1
8X7,X,2
8X8,6,1
8X9,6,8
8XX,1,6
8XE,6,X
8E0,3,1
8E1,16,12
8E2,6,7
8E3,6,4
8E4,1,3
8E5,2,X
8E6,1,1
8E7,X,18
8E8,3,1
8E9,6,4
8EX,7,3
8EE,2,4
900,1,2
901,4,2
902,5,1
903,4,6
904,1,8
905,18,X
906,1,1
907,14,6
908,2,1
909,10,2
90X,1,3
90E,8,4
910,2,1
911,4,2
912,2,3
913,6,2
914,6,9
915,6,6
916,3,5
917,4,16
918,2,3
919,X,2
91X,1,6
91E,16,16
920,1,1
921,6,8
922,3,1
923,2,6
924,4,2
925,6,6
926,1,4
927,4,10
928,2,1
929,2,2
92X,7,2
92E,2,4
930,5,2
931,4,8
932,3,3
933,2,6
934,6,2
935,12,4
936,2,3
937,10,2
938,3,3
939,2,10
93X,3,2
93E,2,14
940,2,2
941,4,2
942,2,7
943,12,2
944,4,6
945,2,6
946,3,2
947,14,12
948,3,4
949,2,6
94X,4,2
94E,2,4
950,2,2
951,14,2
952,5,3
953,2,18
954,1,2
955,6,4
956,4,1
957,6,8
958,2,3
959,2,2
95X,1,2
95E,8,X
960,5,1
961,4,10
962,2,4
963,X,2
964,1,6
965,10,6
966,2,1
967,4,2
968,2,3
969,6,2
96X,6,3
96E,18,6
970,1,3
971,6,8
972,5,1
973,2,4
974,3,2
975,6,10
976,3,3
977,14,12
978,2,9
979,4,2
97X,9,5
97E,10,4
980,3,5
981,4,12
982,2,6
983,2,2
984,6,2
985,8,10
986,1,4
987,16,2
988,2,1
989,2,2
98X,9,2
98E,6,X
990,7,3
991,6,6
992,3,3
993,6,10
994,1,5
995,2,14
996,3,1
997,6,8
998,20,4
999,4,4
99X,3,3
99E,8,4
9X0,2,5
9X1,4,2
9X2,2,3
9X3,8,2
9X4,3,3
9X5,2,4
9X6,1,2
9X7,4,6
9X8,3,1
9X9,2,8
9XX,1,2
9XE,6,10
9E0,1,1
9E1,4,2
9E2,2,1
9E3,16,2
9E4,1,5
9E5,6,6
9E6,4,1
9E7,4,6
9E8,8,4
9E9,4,X
9EX,1,6
9EE,2,X
X00,6,1
X01,6,8
X02,3,7
X03,2,12
X04,11,2
X05,10,4
X06,1,3
X07,20,6
X08,2,1
X09,8,2
X0X,1,3
X0E,2,24
X10,1,1
X11,4,12
X12,2,1
X13,4,2
X14,6,9
X15,8,4
X16,1,3
X17,X,2
X18,6,1
X19,8,4
X1X,4,5
X1E,2,4
X20,4,2
X21,4,8
X22,5,3
X23,4,4
X24,17,6
X25,2,10
X26,1,2
X27,14,12
X28,8,1
X29,6,6
X2X,3,3
X2E,8,6
X30,2,4
X31,6,2
X32,2,6
X33,8,2
X34,1,8
X35,2,4
X36,1,1
X37,X,8
X38,2,1
X39,2,2
X3X,1,2
X3E,6,X
X40,1,1
X41,X,6
X42,5,1
X43,14,8
X44,1,5
X45,12,X
X46,3,1
X47,4,6
X48,5,9
X49,12,4
X4X,1,3
X4E,2,10
X50,2,1
X51,6,2
X52,3,4
X53,X,4
X54,3,10
X55,2,6
X56,3,2
X57,4,6
X58,5,3
X59,2,8
X5X,1,2
X5E,2,4
X60,5,1
X61,4,18
X62,8,7
X63,6,8
X64,3,3
X65,6,4
X66,2,5
X67,10,2
X68,2,4
X69,6,2
X6X,1,9
X6E,12,4
X70,2,1
X71,4,2
X72,6,X
X73,X,6
X74,4,3
X75,12,6
X76,1,5
X77,6,2
X78,3,1
X79,2,4
X7X,3,2
X7E,8,6
X80,5,4
X81,14,6
X82,5,4
X83,2,14
X84,3,2
X85,2,4
X86,1,2
X87,4,6
X88,2,1
X89,X,2
X8X,3,3
X8E,6,6
X90,1,3
X91,4,6
X92,3,1
X93,8,4
X94,1,5
X95,6,4
X96,2,1
X97,4,2
X98,6,7
X99,4,6
X9X,1,3
X9E,2,14
XX0,2,1
XX1,14,2
XX2,8,4
XX3,10,6
XX4,4,3
XX5,6,X
XX6,1,4
XX7,4,10
XX8,2,1
XX9,4,2
XXX,1,6
XXE,8,16
XE0,6,1
XE1,6,6
XE2,3,3
XE3,4,4
XE4,3,5
XE5,6,6
XE6,1,3
XE7,4,6
XE8,5,1
XE9,2,4
XEX,1,2
XEE,2,6
E00,2,1
E01,6,2
E02,3,4
E03,8,6
E04,4,8
E05,8,6
E06,2,4
E07,6,2
E08,16,4
E09,2,8
E0X,3,2
E0E,2,4
E10,1,2
E11,4,10
E12,E,1
E13,4,8
E14,1,3
E15,2,10
E16,5,1
E17,6,8
E18,2,6
E19,4,2
E1X,1,3
E1E,6,4
E20,1,1
E21,X,2
E22,2,1
E23,8,2
E24,1,5
E25,6,4
E26,2,1
E27,10,2
E28,5,7
E29,4,10
E2X,1,5
E2E,8,X
E30,1,1
E31,16,8
E32,5,1
E33,6,4
E34,7,3
E35,2,6
E36,1,2
E37,16,2
E38,2,1
E39,2,2
E3X,4,2
E3E,6,10
E40,4,6
E41,10,8
E42,3,6
E43,2,X
E44,1,2
E45,32,4
E46,4,1
E47,24,6
E48,8,3
E49,X,4
E4X,4,5
E4E,6,4
E50,3,3
E51,4,8
E52,5,3
E53,6,10
E54,X,3
E55,2,1X
E56,2,2
E57,6,2
E58,3,4
E59,2,X
E5X,7,2
E5E,6,4
E60,1,3
E61,14,2
E62,5,1
E63,2,18
E64,7,2
E65,2,1X
E66,1,2
E67,4,22
E68,2,1
E69,2,2
E6X,1,2
E6E,8,46
E70,1,1
E71,X,26
E72,3,1
E73,2,8
E74,4,2
E75,2,4
E76,3,2
E77,4,8
E78,10,4
E79,4,6
E7X,6,5
E7E,2,10
E80,2,2
E81,X,2
E82,6,6
E83,4,8
E84,4,3
E85,2,10
E86,2,2
E87,X,2
E88,9,X
E89,8,6
E8X,4,6
E8E,36,4
E90,1,6
E91,6,22
E92,2,1
E93,2,2
E94,1,2
E95,8,6
E96,1,1
E97,10,6
E98,3,1
E99,X,4
E9X,3,6
E9E,2,X
EX0,3,2
EX1,14,12
EX2,2,4
EX3,4,2
EX4,1,5
EX5,10,6
EX6,4,1
EX7,6,8
EX8,6,6
EX9,14,12
EXX,4,8
EXE,8,6
EE0,2,3
EE1,4,2
EE2,E,3
EE3,X,6
EE4,1,5
EE5,18,4
EE6,1,1
EE7,X,6
EE8,2,1
EE9,12,2
EEX,3,5
EEE,12,4
1000,2,4
1001,4,2
1002,2,3
1003,2,2
1004,1,2
1005,2,16
1006,2,1
1007,X,2
1008,3,X
1009,4,4
100X,6,5
100E,8,6
1010,1,4
1011,1X,12
1012,3,1
1013,6,4
1014,3,3
1015,2,X
1016,1,2
1017,X,10
1018,5,1
1019,2,X
101X,4,2
101E,8,X
1020,1,7
1021,4,18
1022,8,1
1023,2,4
1024,14,2
1025,8,4
1026,1,3
1027,16,2
1028,3,1
1029,6,4
102X,9,E
102E,2,24
1030,2,2
1031,16,2
1032,2,3
1033,4,2
1034,7,3
1035,2,6
1036,2,2
1037,6,2
1038,5,6
1039,2,X
103X,3,2
103E,6,X
1040,1,4
1041,4,10
1042,2,1
1043,2,2
1044,4,2
1045,6,16
1046,1,4
1047,10,30
1048,9,1
1049,2,6
104X,1,2
104E,6,14
1050,1,1
1051,X,6
1052,2,1
1053,2,2
1054,6,2
1055,10,X
1056,4,3
1057,6,16
1058,2,3
1059,X,2
105X,4,3
105E,10,X
1060,1,3
1061,10,8
1062,3,1
1063,2,4
1064,3,2
1065,6,4
1066,2,3
1067,4,2
1068,2,6
1069,4,2
106X,1,5
106E,2,4
1070,3,1
1071,4,8
1072,3,3
1073,2,6
1074,3,2
1075,6,X
1076,2,8
1077,X,2
1078,8,7
1079,2,4
107X,1,2
107E,6,6
1080,4,1
1081,X,6
1082,3,3
1083,4,4
1084,9,3
1085,2,6
1086,1,2
1087,6,12
1088,5,1
1089,4,4
108X,3,3
108E,2,16
1090,2,2
1091,4,2
1092,2,4
1093,8,2
1094,3,3
1095,6,10
1096,3,5
1097,6,6
1098,5,3
1099,2,6
109X,1,2
109E,6,30
10X0,2,1
10X1,10,2
10X2,2,9
10X3,18,2
10X4,3,13
10X5,6,4
10X6,2,8
10X7,6,2
10X8,3,9
10X9,12,10
10XX,4,3
10XE,2,10
10E0,1,2
10E1,34,8
10E2,5,1
10E3,2,4
10E4,4,2
10E5,10,4
10E6,1,10
10E7,X,2
10E8,5,1
10E9,2,6
10EX,1,2
10EE,8,1X
1100,1,1
1101,6,8
1102,3,1
1103,6,4
1104,1,9
1105,8,4
1106,1,1
1107,4,6
1108,2,1
1109,6,2
110X,3,9
110E,2,16
1110,2,2
1111,4,2
1112,3,3
1113,4,4
1114,1,5
1115,2,14
1116,4,1
1117,X,10
1118,5,6
1119,4,12
111X,3,10
111E,8,6
1120,2,4
1121,4,2
1122,2,3
1123,8,2
1124,1,6
1125,2,4
1126,5,1
1127,X,12
1128,5,3
1129,4,10
112X,1,3
112E,6,X
1130,X,1
1131,1X,8
1132,2,4
1133,2,2
1134,1,2
1135,12,26
1136,3,1
1137,6,6
1138,2,7
1139,4,2
113X,4,19
113E,10,10
1140,4,6
1141,6,12
1142,8,4
1143,2,4
1144,7,2
1145,2,4
1146,2,2
1147,16,2
1148,12,3
1149,4,X
114X,1,5
114E,2,4
1150,1,1
1151,10,6
1152,8,1
1153,4,18
1154,6,3
1155,8,6
1156,2,3
1157,4,2
1158,2,4
1159,10,2
115X,3,9
115E,18,6
1160,2,5
1161,14,2
1162,3,16
1163,4,6
1164,1,3
1165,16,X
1166,1,1
1167,1X,8
1168,3,1
1169,2,6
116X,4,2
116E,2,10
1170,3,2
1171,4,12
1172,2,11
1173,2,2
1174,3,2
1175,2,X
1176,5,2
1177,4,6
1178,2,6
1179,2,2
117X,7,2
117E,8,4
1180,4,3
1181,4,6
1182,5,4
1183,2,4
1184,1,2
1185,2,14
1186,3,1
1187,4,18
1188,8,3
1189,6,4
118X,1,6
118E,18,10
1190,5,1
1191,6,12
1192,9,4
1193,2,6
1194,3,2
1195,8,6
1196,1,5
1197,4,12
1198,5,1
1199,8,6
119X,6,5
119E,10,4
11X0,1,X
11X1,6,12
11X2,2,1
11X3,6,2
11X4,1,3
11X5,38,6
11X6,1,1
11X7,X,8
11X8,2,1
11X9,2,2
11XX,1,2
11XE,2,4
11E0,4,1
11E1,X,12
11E2,2,10
11E3,6,2
11E4,6,5
11E5,2,X
11E6,1,2
11E7,10,2
11E8,3,1
11E9,2,8
11EX,3,2
11EE,10,4
1200,1,3
1201,4,6
1202,5,1
1203,10,6
1204,4,5
1205,26,10
1206,3,4
1207,4,8
1208,2,6
1209,2,2
120X,1,2
120E,6,6
1210,1,1
1211,4,2
1212,3,1
1213,8,4
1214,9,5
1215,12,6
1216,8,3
1217,6,10
1218,2,7
1219,20,2
121X,1,3
121E,2,X
1220,3,1
1221,X,12
1222,5,4
1223,X,4
1224,3,3
1225,2,4
1226,2,2
1227,16,2
1228,6,3
1229,2,14
122X,3,2
122E,16,X
1230,1,5
1231,3X,22
1232,3,1
1233,2,4
1234,11,2
1235,6,10
1236,4,3
1237,4,16
1238,5,7
1239,X,4
123X,1,12
123E,2,6
1240,2,1
1241,6,2
1242,2,3
1243,4,2
1244,1,3
1245,2,6
1246,3,1
1247,26,8
1248,3,4
1249,4,4
124X,4,3
124E,6,X
1250,2,8
1251,X,2
1252,2,4
1253,2,2
1254,1,2
1255,6,X
1256,1,1
1257,14,6
1258,8,1
1259,6,X
125X,1,3
125E,16,14
1260,1,1
1261,1X,2
1262,3,1
1263,6,4
1264,3,5
1265,10,X
1266,4,7
1267,14,6
1268,6,3
1269,4,4
126X,1,13
126E,10,16
1270,2,1
1271,X,2
1272,6,6
1273,6,8
1274,20,3
1275,2,4
1276,5,2
1277,4,6
1278,2,3
1279,2,2
127X,1,2
127E,8,4
1280,1,1
1281,10,8
1282,2,1
1283,2,2
1284,6,2
1285,6,4
1286,7,3
1287,X,6
1288,2,3
1289,2,2
128X,3,2
128E,6,14
1290,3,6
1291,4,18
1292,2,1X
1293,6,2
1294,1,5
1295,2,16
1296,1,1
1297,24,2
1298,3,1
1299,6,14
129X,4,E
129E,2,4
12X0,1,2
12X1,6,2
12X2,5,1
12X3,X,10
12X4,1,9
12X5,2,4
12X6,1,1
12X7,4,18
12X8,2,1
12X9,4,2
12XX,13,5
12XE,12,10
12E0,2,5
12E1,4,2
12E2,3,3
12E3,6,8
12E4,1,6
12E5,6,6
12E6,5,1
12E7,16,8
12E8,3,4
12E9,4,4
12EX,7,3
12EE,20,6
1300,1,5
1301,6,10
1302,6,1
1303,2,14
1304,7,2
1305,8,X
1306,5,4
1307,4,6
1308,2,6
1309,2,2
130X,4,2
130E,10,20
1310,4,5
1311,4,6
1312,2,3
1313,8,2
1314,3,9
1315,6,4
1316,1,5
1317,1X,2
1318,E,1
1319,2,10
131X,3,2
131E,6,4
1320,3,3
1321,4,6
1322,2,X
1323,8,2
1324,4,3
1325,18,10
1326,3,3
1327,6,20
1328,3,6
1329,6,X
132X,7,3
132E,2,4
1330,6,2
1331,6,12
1332,2,6
1333,X,2
1334,7,3
1335,8,4
1336,1,4
1337,6,6
1338,2,1
1339,4,2
133X,1,9
133E,8,6
1340,6,1
1341,4,16
1342,2,4
1343,2,2
1344,1,2
1345,10,X
1346,5,1
1347,4,16
1348,6,4
1349,8,4
134X,6,3
134E,18,6
1350,1,3
1351,6,2
1352,E,1
1353,2,6
1354,3,2
1355,2,10
1356,3,2
1357,X,10
1358,2,6
1359,X,2
135X,3,3
135E,2,4
1360,4,2
1361,4,6
1362,3,3
1363,4,X
1364,1,9
1365,12,6
1366,1,1
1367,X,8
1368,2,1
1369,2,2
136X,1,2
136E,28,4
1370,3,1
1371,1X,6
1372,2,3
1373,8,2
1374,7,5
1375,16,10
1376,1,4
1377,X,10
1378,5,1
1379,2,4
137X,3,2
137E,8,X
1380,2,5
1381,4,2
1382,2,17
1383,2,2
1384,3,2
1385,2,4
1386,4,2
1387,14,6
1388,3,3
1389,6,4
138X,1,5
138E,18,4
1390,1,1
1391,X,6
1392,5,1
1393,6,X
1394,1,18
1395,2,4
1396,2,1
1397,X,2
1398,3,3
1399,4,X
139X,6,3
139E,8,34
13X0,1,5
13X1,6,2
13X2,5,1
13X3,2,6
13X4,4,2
13X5,6,6
13X6,1,3
13X7,6,6
13X8,6,1
13X9,4,8
13XX,3,3
13XE,2,20
13E0,1,2
13E1,4,6
13E2,3,1
13E3,2,10
13E4,1,2
13E5,12,4
13E6,2,1
13E7,24,2
13E8,8,3
13E9,2,4
13EX,3,2
13EE,18,X
1400,8,3
1401,4,6
1402,E,3
1403,8,4
1404,1,9
1405,12,14
1406,1,1
1407,10,2
1408,6,1
1409,6,6
140X,4,6
140E,8,10
1410,3,3
1411,6,6
1412,2,6
1413,2,2
1414,3,2
1415,2,4
1416,3,2
1417,4,8
1418,2,3
1419,2,2
141X,14,2
141E,6,X
1420,2,3
1421,X,2
1422,3,4
1423,2,4
1424,1,2
1425,6,6
1426,4,1
1427,4,6
1428,2,4
1429,4,2
142X,1,3
142E,2,6
1430,1,1
1431,16,18
1432,3,1
1433,X,4
1434,4,5
1435,2,16
1436,1,2
1437,6,6
1438,13,1
1439,4,16
143X,1,9
143E,2,4
1440,3,1
1441,4,12
1442,9,7
1443,4,4
1444,1,5
1445,6,10
1446,4,1
1447,4,6
1448,2,3
1449,2,2
144X,6,2
144E,12,6
1450,2,7
1451,4,2
1452,2,4
1453,X,2
1454,4,3
1455,10,X
1456,1,3
1457,1X,16
1458,16,1
1459,10,4
145X,4,3
145E,2,6
1460,1,2
1461,16,20
1462,10,1
1463,2,8
1464,1,2
1465,10,10
1466,1,1
1467,4,18
1468,8,1
1469,8,4
146X,3,8
146E,6,4
1470,1,4
1471,10,18
1472,6,1
1473,2,X
1474,1,2
1475,2,X
1476,2,1
1477,14,2
1478,2,3
1479,X,2
147X,1,3
147E,2,34
1480,2,1
1481,6,2
1482,3,6
1483,4,X
1484,3,3
1485,6,4
1486,2,4
1487,4,2
1488,2,4
1489,8,2
148X,1,3
148E,8,4
1490,3,1
1491,6,18
1492,3,13
1493,2,6
1494,1,2
1495,6,X
1496,7,1
1497,4,10
1498,5,4
1499,14,12
149X,1,5
149E,10,6
14X0,4,1
14X1,6,6
14X2,6,7
14X3,6,6
14X4,X,3
14X5,8,10
14X6,2,4
14X7,10,2
14X8,3,6
14X9,4,8
14XX,10,8
14XE,2,4
14E0,1,2
14E1,4,6
14E2,2,1
14E3,X,2
14E4,1,6
14E5,18,40
14E6,4,1
14E7,14,6
14E8,2,3
14E9,4,2
14EX,1,9
14EE,6,4
1500,5,1
1501,10,10
1502,3,3
1503,2,4
1504,6,2
1505,10,4
1506,2,5
1507,6,2
1508,3,7
1509,4,6
150X,1,5
150E,2,6
1510,5,1
1511,6,8
1512,8,6
1513,6,4
1514,3,6
1515,2,4
1516,1,2
1517,X,2
1518,2,1
1519,8,2
151X,3,8
151E,2,4
1520,1,2
1521,14,18
1522,8,1
1523,2,X
1524,1,2
1525,12,4
1526,2,1
1527,16,2
1528,5,6
1529,6,4
152X,4,5
152E,2,4
1530,2,2
1531,4,2
1532,2,3
1533,4,2
1534,6,9
1535,8,X
1536,5,6
1537,6,8
1538,3,4
1539,2,6
153X,9,2
153E,8,6
1540,2,3
1541,6,2
1542,5,9
1543,2,8
1544,9,2
1545,2,10
1546,1,2
1547,X,6
1548,2,1
1549,2,2
154X,11,2
154E,12,14
1550,5,3
1551,4,6
1552,2,3
1553,2,2
1554,3,2
1555,18,6
1556,7,3
1557,4,32
1558,3,3
1559,4,4
155X,7,5
155E,2,X
1560,1,2
1561,10,16
1562,5,1
1563,4,4
1564,3,5
1565,2,4
1566,7,2
1567,14,6
1568,5,3
1569,2,6
156X,1,2
156E,6,X
1570,6,1
1571,4,12
1572,3,7
1573,4,4
1574,6,3
1575,8,14
1576,1,4
1577,X,2
1578,2,1
1579,X,2
157X,1,9
157E,2,20
1580,4,1
1581,4,6
1582,3,13
1583,X,X
1584,1,3
1585,2,36
1586,1,1
1587,6,2
1588,6,1
1589,2,4
158X,X,2
158E,6,6
1590,1,4
1591,16,2
1592,5,1
1593,2,X
1594,3,2
1595,16,4
1596,3,4
1597,4,6
1598,5,3
1599,6,4
159X,3,5
159E,18,4
15X0,4,3
15X1,10,6
15X2,9,7
15X3,6,10
15X4,3,12
15X5,2,20
15X6,3,2
15X7,4,8
15X8,2,3
15X9,X,2
15XX,1,5
15XE,10,6
15E0,3,1
15E1,1X,10
15E2,5,X
15E3,2,4
15E4,3,2
15E5,2,X
15E6,3,2
15E7,16,12
15E8,5,6
15E9,2,X
15EX,1,2
15EE,16,10
1600,1,1
1601,6,8
1602,2,1
1603,X,2
1604,3,5
1605,6,6
1606,2,3
1607,10,2
1608,5,4
1609,6,8
160X,X,5
160E,6,X
1610,2,E
1611,14,2
1612,8,3
1613,4,4
1614,1,3
1615,8,10
1616,6,1
1617,6,8
1618,8,6
1619,2,8
161X,4,2
161E,2,4
1620,1,2
1621,X,2
1622,2,1
1623,4,2
1624,1,5
1625,6,X
1626,3,1
1627,6,6
1628,3,7
1629,4,4
162X,3,3
162E,8,6
1630,4,3
1631,1X,6
1632,2,9
1633,6,2
1634,1,5
1635,30,4
1636,5,1
1637,16,6
1638,2,3
1639,6,2
163X,9,9
163E,2,10
1640,2,2
1641,14,2
1642,3,4
1643,6,8
1644,3,5
1645,10,X
1646,1,3
1647,4,6
1648,2,1
1649,4,2
164X,3,3
164E,2,16
1650,6,2
1651,4,20
1652,2,6
1653,12,2
1654,1,8
1655,12,4
1656,1,1
1657,X,10
1658,13,1
1659,2,12
165X,1,2
165E,10,4
1660,3,1
1661,6,8
1662,2,4
1663,12,2
1664,X,5
1665,10,10
1666,1,3
1667,X,10
1668,3,1
1669,2,4
166X,7,2
166E,2,10
1670,1,2
1671,4,6
1672,6,1
1673,8,6
1674,9,3
1675,6,4
1676,1,6
1677,4,6
1678,3,1
1679,6,4
167X,1,8
167E,12,1X
1680,1,1
1681,X,26
1682,2,1
1683,8,2
1684,1,E
1685,2,4
1686,7,1
1687,4,8
1688,2,3
1689,4,2
168X,1,3
168E,2,6
1690,3,1
1691,X,10
1692,8,7
1693,2,6
1694,9,2
1695,6,6
1696,1,3
1697,14,2
1698,2,1
1699,2,2
169X,1,2
169E,6,X
16X0,1,1
16X1,4,20
16X2,8,1
16X3,2,4
16X4,7,2
16X5,8,4
16X6,1,X
16X7,X,2
16X8,2,1
16X9,2,2
16XX,3,2
16XE,6,4
16E0,2,3
16E1,1X,2
16E2,3,4
16E3,4,6
16E4,1,9
16E5,10,16
16E6,1,1
16E7,1X,10
16E8,16,1
16E9,10,8
16EX,4,5
16EE,2,4
1700,3,2
1701,4,6
1702,2,6
1703,2,2
1704,1,2
1705,2,X
1706,5,1
1707,4,8
1708,3,3
1709,8,4
170X,6,3
170E,8,4
1710,1,3
1711,26,6
1712,2,1
1713,2,2
1714,1,2
1715,2,X
1716,3,1
1717,X,6
1718,3,10
1719,16,4
171X,X,3
171E,2,6
1720,2,2
1721,6,2
1722,3,4
1723,2,14
1724,3,2
1725,2,4
1726,1,2
1727,4,10
1728,5,1
1729,8,X
172X,3,6
172E,22,4
1730,3,4
1731,4,12
1732,8,7
1733,6,6
1734,1,5
1735,18,6
1736,2,1
1737,4,2
1738,5,4
1739,2,8
173X,6,2
173E,6,4
1740,2,6
1741,X,2
1742,2,7
1743,4,2
1744,1,3
1745,10,14
1746,1,1
1747,6,2
1748,3,1
1749,4,4
174X,4,6
174E,2,20
1750,1,2
1751,14,10
1752,9,1
1753,4,8
1754,1,5
1755,8,16
1756,1,1
1757,4,12
1758,8,1
1759,6,6
175X,3,5
175E,6,X
1760,X,3
1761,24,18
1762,3,3
1763,2,4
1764,9,2
1765,6,4
1766,3,6
1767,4,6
1768,5,3
1769,6,6
176X,1,8
176E,2,10
1770,2,1
1771,6,2
1772,3,4
1773,2,6
1774,10,2
1775,2,4
1776,2,2
1777,6,2
1778,2,4
1779,2,2
177X,4,2
177E,6,X
1780,1,5
1781,10,16
1782,2,1
1783,6,2
1784,1,9
1785,8,6
1786,4,1
1787,1X,6
1788,3,11
1789,2,8
178X,1,2
178E,28,X
1790,2,1
1791,10,2
1792,2,3
1793,8,2
1794,4,3
1795,12,6
1796,1,4
1797,6,2
1798,8,1
1799,20,4
179X,3,6
179E,2,X
17X0,1,2
17X1,X,10
17X2,2,1
17X3,4,2
17X4,1,6
17X5,6,4
17X6,9,1
17X7,X,18
17X8,5,6
17X9,6,6
17XX,3,3
17XE,6,4
17E0,2,4
17E1,10,2
17E2,2,3
17E3,2,2
17E4,4,2
17E5,6,4
17E6,2,5
17E7,X,2
17E8,3,3
17E9,8,12
17EX,1,5
17EE,10,X
1800,3,1
1801,16,20
1802,3,4
1803,6,8
1804,11,5
1805,8,16
1806,1,7
1807,4,6
1808,E,1
1809,2,6
180X,6,2
180E,2,X
1810,3,2
1811,6,8
1812,10,3
1813,2,4
1814,1,2
1815,6,4
1816,4,1
1817,4,6
1818,2,3
1819,8,2
181X,1,12
181E,2,6
1820,3,1
1821,4,16
1822,2,7
1823,6,2
1824,1,9
1825,16,16
1826,2,1
1827,6,2
1828,3,6
1829,2,6
182X,4,2
182E,6,6
1830,1,3
1831,20,26
1832,5,1
1833,2,10
1834,3,2
1835,2,X
1836,4,2
1837,6,22
1838,2,11
1839,2,2
183X,1,2
183E,8,X
1840,2,1
1841,4,2
1842,2,4
1843,X,2
1844,26,9
1845,2,4
1846,2,2
1847,10,2
1848,E,3
1849,6,12
184X,1,6
184E,2,X
1850,2,1
1851,X,2
1852,8,7
1853,6,6
1854,4,3
1855,8,4
1856,3,3
1857,4,6
1858,2,21
1859,8,2
185X,4,3
185E,2,16
1860,1,2
1861,4,8
1862,3,1
1863,4,6
1864,1,3
1865,12,4
1866,4,1
1867,10,8
1868,6,4
1869,2,8
186X,1,2
186E,2,X
1870,3,1
1871,6,6
1872,5,4
1873,X,4
1874,1,6
1875,2,16
1876,1,1
1877,6,8
1878,E,1
1879,6,6
187X,3,5
187E,6,14
1880,2,4
1881,4,2
1882,5,3
1883,8,8
1884,3,E
1885,18,4
1886,8,4
1887,4,12
1888,8,3
1889,4,4
188X,7,5
188E,6,6
1890,4,3
1891,10,8
1892,2,3
1893,8,2
1894,4,9
1895,2,4
1896,7,2
1897,4,20
1898,6,X
1899,8,4
189X,1,6
189E,8,X
18X0,1,1
18X1,X,8
18X2,3,1
18X3,2,4
18X4,3,2
18X5,2,14
18X6,5,2
18X7,6,6
18X8,6,6
18X9,4,8
18XX,1,3
18XE,28,4
18E0,4,1
18E1,20,6
18E2,2,3
18E3,8,2
18E4,3,9
18E5,8,X
18E6,1,4
18E7,10,2
18E8,5,1
18E9,2,10
18EX,1,2
18EE,2,16
1900,4,1
1901,4,6
1902,2,X
1903,4,2
1904,4,5
1905,12,14
1906,3,4
1907,10,8
1908,5,6
1909,2,12
190X,3,2
190E,6,16
1910,1,4
1911,4,2
1912,6,1
1913,2,6
1914,1,2
1915,8,4
1916,3,1
1917,X,6
1918,2,10
1919,2,2
191X,7,2
191E,26,X
1920,1,6
1921,4,8
1922,2,1
1923,6,2
1924,3,5
1925,10,4
1926,5,3
1927,1X,6
1928,2,7
1929,18,2
192X,7,3
192E,8,6
1930,1,4
1931,6,2
1932,3,1
1933,4,4
1934,17,5
1935,2,X
1936,1,2
1937,4,2
1938,E,1
1939,4,6
193X,4,3
193E,2,34
1940,4,2
1941,6,16
1942,8,3
1943,2,10
1944,6,2
1945,20,6
1946,1,8
1947,20,8
1948,3,1
1949,2,4
194X,1,2
194E,10,X
1950,7,1
1951,X,10
1952,2,3
1953,6,2
1954,1,5
1955,16,1X
1956,5,1
1957,X,18
1958,3,9
1959,4,16
195X,3,3
195E,12,4
1960,7,8
1961,6,28
1962,2,3
1963,2,2
1964,4,2
1965,2,16
1966,4,2
1967,4,6
1968,12,3
1969,2,16
196X,3,2
196E,12,X
1970,1,3
1971,4,2
1972,2,1
1973,8,2
1974,3,5
1975,6,4
1976,2,3
1977,6,2
1978,3,X
1979,22,6
197X,1,8
197E,8,6
1980,1,1
1981,14,8
1982,8,1
1983,2,4
1984,4,2
1985,10,6
1986,6,3
1987,X,12
1988,2,4
1989,4,2
198X,3,5
198E,2,10
1990,3,2
1991,14,6
1992,2,6
1993,2,2
1994,1,2
1995,8,4
1996,2,1
1997,X,2
1998,3,3
1999,10,8
199X,4,9
199E,2,14
19X0,3,2
19X1,14,6
19X2,3,3
19X3,4,X
19X4,7,5
19X5,2,X
19X6,2,2
19X7,X,2
19X8,5,6
19X9,4,4
19XX,3,3
19XE,2,4
19E0,7,2
19E1,14,20
19E2,2,3
19E3,4,2
19E4,4,3
19E5,2,16
19E6,1,2
19E7,4,8
19E8,2,1
19E9,8,2
19EX,1,3
19EE,30,6
1X00,1,1
1X01,26,2
1X02,3,1
1X03,2,8
1X04,4,2
1X05,22,6
1X06,4,3
1X07,6,12
1X08,2,4
1X09,X,2
1X0X,4,3
1X0E,2,6
1X10,1,2
1X11,6,2
1X12,3,1
1X13,2,8
1X14,9,2
1X15,16,4
1X16,1,4
1X17,14,2
1X18,E,1
1X19,2,1X
1X1X,1,2
1X1E,26,4
1X20,8,1
1X21,10,6
1X22,2,6
1X23,4,2
1X24,11,3
1X25,6,6
1X26,2,4
1X27,X,2
1X28,3,4
1X29,6,X
1X2X,1,6
1X2E,6,X
1X30,3,1
1X31,4,8
1X32,3,4
1X33,4,X
1X34,1,3
1X35,8,X
1X36,2,1
1X37,6,2
1X38,5,7
1X39,2,8
1X3X,3,2
1X3E,18,6
1X40,1,7
1X41,14,6
1X42,5,1
1X43,X,X
1X44,1,6
1X45,10,10
1X46,4,1
1X47,4,12
1X48,2,7
1X49,2,2
1X4X,3,2
1X4E,12,4
1X50,1,4
1X51,4,6
1X52,6,1
1X53,6,4
1X54,3,6
1X55,12,16
1X56,2,6
1X57,4,2
1X58,2,7
1X59,6,2
1X5X,4,5
1X5E,8,6
1X60,2,3
1X61,6,2
1X62,9,4
1X63,4,6
1X64,3,6
1X65,2,4
1X66,3,2
1X67,6,22
1X68,6,3
1X69,X,16
1X6X,1,3
1X6E,6,4
1X70,1,1
1X71,X,12
1X72,9,1
1X73,6,12
1X74,1,3
1X75,6,6
1X76,1,1
1X77,4,6
1X78,2,1
1X79,X,2
1X7X,3,6
1X7E,10,6
1X80,2,3
1X81,10,2
1X82,6,4
1X83,6,12
1X84,6,3
1X85,8,10
1X86,1,5
1X87,1X,10
1X88,3,1
1X89,2,8
1X8X,17,2
1X8E,2,4
1X90,2,2
1X91,4,2
1X92,12,3
1X93,16,X
1X94,4,3
1X95,2,10
1X96,5,2
1X97,6,6
1X98,2,3
1X99,2,2
1X9X,3,2
1X9E,8,4
1XX0,2,4
1XX1,2X,2
1XX2,2,4
1XX3,X,2
1XX4,6,6
1XX5,6,4
1XX6,3,6
1XX7,10,18
1XX8,5,3
1XX9,X,4
1XXX,1,E
1XXE,2,6
1XE0,1,1
1XE1,14,8
1XE2,3,1
1XE3,2,8
1XE4,4,2
1XE5,12,4
1XE6,1,5
1XE7,4,6
1XE8,E,1
1XE9,2,6
1XEX,3,2
1XEE,6,24
1E00,1,X
1E01,26,12
1E02,8,1
1E03,6,4
1E04,3,10
1E05,12,4
1E06,1,X
1E07,X,2
1E08,8,1
1E09,6,1X
1E0X,1,E
1E0E,10,4
1E10,3,1
1E11,10,6
1E12,2,11
1E13,4,2
1E14,1,E
1E15,2,6
1E16,1,1
1E17,X,2
1E18,5,1
1E19,X,4
1E1X,4,23
1E1E,6,4
1E20,2,3
1E21,6,2
1E22,5,13
1E23,2,8
1E24,13,2
1E25,6,X
1E26,1,4
1E27,1X,20
1E28,2,1
1E29,2,2
1E2X,1,2
1E2E,8,X
1E30,5,1
1E31,4,26
1E32,2,4
1E33,2,2
1E34,6,2
1E35,10,4
1E36,2,3
1E37,4,2
1E38,3,3
1E39,6,X
1E3X,1,6
1E3E,2,X
1E40,1,1
1E41,14,16
1E42,5,1
1E43,10,4
1E44,3,3
1E45,8,24
1E46,2,4
1E47,4,2
1E48,2,3
1E49,4,2
1E4X,1,6
1E4E,16,1X
1E50,1,1
1E51,20,12
1E52,5,1
1E53,X,4
1E54,7,5
1E55,8,6
1E56,4,3
1E57,X,8
1E58,2,3
1E59,2,2
1E5X,19,2
1E5E,10,6
1E60,4,3
1E61,X,12
1E62,3,11
1E63,6,12
1E64,1,3
1E65,2,6
1E66,1,1
1E67,6,2
1E68,3,1
1E69,6,6
1E6X,4,3
1E6E,2,6
1E70,2,2
1E71,2X,2
1E72,6,3
1E73,4,6
1E74,7,6
1E75,2,1X
1E76,5,2
1E77,4,16
1E78,5,3
1E79,6,4
1E7X,1,5
1E7E,6,4
1E80,4,1
1E81,16,8
1E82,8,7
1E83,2,18
1E84,1,2
1E85,2,6
1E86,2,1
1E87,16,2
1E88,2,3
1E89,4,2
1E8X,6,3
1E8E,16,1X
1E90,2,3
1E91,X,2
1E92,3,4
1E93,4,4
1E94,3,3
1E95,6,6
1E96,8,7
1E97,4,12
1E98,2,4
1E99,10,2
1E9X,4,3
1E9E,2,4
1EX0,1,2
1EX1,6,18
1EX2,2,1
1EX3,2,2
1EX4,X,2
1EX5,12,X
1EX6,5,3
1EX7,4,22
1EX8,3,4
1EX9,2,4
1EXX,X,2
1EXE,20,X
1EE0,3,3
1EE1,4,18
1EE2,5,3
1EE3,4,6
1EE4,1,3
1EE5,2,6
1EE6,7,1
1EE7,6,10
1EE8,3,4
1EE9,2,6
1EEX,7,2
1EEE,2,X
2000,1,2
2001,4,12
2002,2,1
2003,8,2
2004,1,5
2005,8,16
2006,1,1
2007,X,12
2008,5,1
2009,X,4
200X,1,9
200E,8,10
2010,1,1
2011,4,8
2012,5,1
2013,22,4
2014,9,5
2015,2,X
2016,2,2
2017,4,2
2018,3,3
2019,8,4
201X,4,3
201E,2,6
2020,2,2
2021,6,2
2022,E,7
2023,2,4
2024,3,2
2025,2,X
2026,3,2
2027,X,6
2028,2,3
2029,12,2
202X,1,5
202E,2,4
2030,3,1
2031,6,8
2032,5,6
2033,2,X
2034,7,2
2035,6,6
2036,1,5
2037,4,2
2038,2,1
2039,10,2
203X,4,5
203E,6,4
2040,3,5
2041,6,12
2042,2,X
2043,4,2
2044,4,5
2045,2,X
2046,1,2
2047,6,8
2048,8,1
2049,2,4
204X,4,2
204E,10,6
2050,1,5
2051,X,6
2052,9,1
2053,2,8
2054,4,2
2055,2,4
2056,3,2
2057,6,8
2058,13,6
2059,8,6
205X,1,12
205E,6,4
2060,1,1
2061,X,2
2062,9,1
2063,6,12
2064,1,5
2065,10,14
2066,2,1
2067,6,2
2068,5,3
2069,4,6
206X,1,3
206E,2,10
2070,1,1
2071,6,10
2072,3,1
2073,4,14
2074,4,3
2075,18,6
2076,1,5
2077,6,22
2078,10,1
2079,4,14
207X,3,5
207E,2,X
2080,3,2
2081,6,6
2082,2,6
2083,4,2
2084,1,3
2085,20,6
2086,1,1
2087,X,32
2088,2,1
2089,24,2
208X,3,9
208E,2,4
2090,2,2
2091,6,2
2092,6,16
2093,8,6
2094,7,5
2095,10,1X
2096,1,3
2097,10,12
2098,6,1
2099,4,X
209X,3,8
209E,2,10
20X0,3,2
20X1,X,10
20X2,5,3
20X3,2,8
20X4,1,2
20X5,6,4
20X6,1,1
20X7,6,8
20X8,3,1
20X9,4,10
20XX,6,5
20XE,6,4
20E0,2,5
20E1,20,2
20E2,3,9
20E3,8,12
20E4,1,5
20E5,2,6
20E6,5,1
20E7,X,6
20E8,2,7
20E9,4,2
20EX,6,5
20EE,8,16
2100,4,3
2101,X,8
2102,6,4
2103,2,4
2104,7,2
2105,2,4
2106,1,2
2107,14,2
2108,5,1
2109,2,8
210X,3,2
210E,18,X
2110,1,4
2111,X,12
2112,2,1
2113,4,2
2114,1,3
2115,18,6
2116,2,1
2117,X,2
2118,3,3
2119,2,X
211X,1,2
211E,2,6
2120,5,1
2121,6,10
2122,2,4
2123,8,2
2124,9,3
2125,8,6
2126,1,3
2127,6,12
2128,E,1
2129,4,8
212X,3,5
212E,12,26
2130,1,4
2131,4,6
2132,5,1
2133,4,X
2134,4,5
2135,2,4
2136,1,2
2137,6,12
2138,8,1
2139,6,16
213X,3,3
213E,12,6
2140,2,4
2141,10,2
2142,5,3
2143,8,8
2144,3,6
2145,2,X
2146,2,2
2147,4,2
2148,6,X
2149,4,4
214X,1,3
214E,18,14
2150,2,1
2151,10,2
2152,3,7
2153,4,6
2154,3,8
2155,2,1X
2156,2,2
2157,4,2
2158,5,3
2159,X,6
215X,1,9
215E,6,4
2160,1,1
2161,6,6
2162,2,1
2163,2,2
2164,1,2
2165,6,10
2166,4,1
2167,4,6
2168,5,6
2169,14,4
216X,3,6
216E,12,4
2170,2,10
2171,4,2
2172,3,3
2173,6,4
2174,4,5
2175,10,6
2176,1,3
2177,6,8
2178,5,1
2179,6,4
217X,3,16
217E,6,4
2180,1,3
2181,20,2
2182,6,1
2183,4,6
2184,1,8
2185,18,16
2186,X,1
2187,4,16
2188,3,X
2189,2,6
218X,3,2
218E,12,4
2190,1,4
2191,16,2
2192,3,1
2193,10,4
2194,6,6
2195,6,4
2196,7,6
2197,6,10
2198,2,X
2199,4,2
219X,1,6
219E,8,X
21X0,3,1
21X1,3X,10
21X2,18,4
21X3,22,4
21X4,3,3
21X5,2,6
21X6,1,2
21X7,20,12
21X8,2,1
21X9,2,2
21XX,6,2
21XE,10,4
21E0,1,6
21E1,10,6
21E2,5,1
21E3,8,4
21E4,7,5
21E5,20,4
21E6,1,3
21E7,4,2
21E8,2,1
21E9,6,2
21EX,4,E
21EE,2,14
2200,2,2
2201,14,2
2202,3,4
2203,6,6
2204,7,3
2205,2,X
2206,3,2
2207,X,20
2208,3,6
2209,2,X
220X,4,2
220E,6,X
2210,7,8
2211,6,6
2212,2,3
2213,X,2
2214,1,3
2215,2,10
2216,3,1
2217,4,8
2218,2,7
2219,4,2
221X,1,9
221E,8,14
2220,1,1
2221,4,2
2222,2,1
2223,8,2
2224,3,5
2225,2,4
2226,2,2
2227,4,2
2228,3,7
2229,12,4
222X,1,8
222E,2,1X
2230,2,1
2231,X,2
2232,5,6
2233,6,4
2234,3,3
2235,20,4
2236,2,7
2237,4,2
2238,2,6
2239,8,2
223X,4,3
223E,2,10
2240,1,2
2241,4,12
2242,2,1
2243,2,2
2244,1,2
2245,6,4
2246,4,1
2247,X,8
2248,5,3
2249,2,1X
224X,1,2
224E,2,6
2250,4,1
2251,16,10
2252,5,7
2253,12,4
2254,4,3
2255,12,6
2256,2,6
2257,1X,2
2258,3,6
2259,10,6
225X,3,5
225E,12,4
2260,5,3
2261,4,6
2262,E,4
2263,2,X
2264,1,2
2265,2,16
2266,1,1
2267,X,6
2268,2,1
2269,12,2
226X,7,13
226E,6,4
2270,4,3
2271,10,6
2272,3,3
2273,8,10
2274,1,9
2275,50,4
2276,2,1
2277,6,2
2278,2,17
2279,4,2
227X,6,6
227E,8,1X
2280,2,3
2281,10,2
2282,3,7
2283,2,6
2284,4,2
2285,2,X
2286,1,2
2287,14,6
2288,18,1
2289,2,10
228X,1,2
228E,2,16
2290,1,1
2291,4,6
2292,9,1
2293,6,8
2294,7,9
2295,6,4
2296,2,5
2297,10,2
2298,5,3
2299,2,4
229X,1,2
229E,2,4
22X0,3,1
22X1,4,6
22X2,6,3
22X3,6,4
22X4,4,12
22X5,12,40
22X6,2,X
22X7,6,2
22X8,3,7
22X9,4,8
22XX,4,3
22XE,6,X
22E0,1,5
22E1,24,2
22E2,2,1
22E3,2,2
22E4,1,2
22E5,10,16
22E6,6,1
22E7,14,6
22E8,5,X
22E9,4,8
22EX,X,3
22EE,12,6
2300,1,4
2301,X,6
2302,8,1
2303,16,10
2304,3,9
2305,12,6
2306,2,3
2307,4,2
2308,2,4
2309,8,2
230X,9,5
230E,8,14
2310,3,3
2311,14,10
2312,E,4
2313,28,6
2314,7,8
2315,6,4
2316,1,3
2317,4,18
2318,2,1
2319,12,2
231X,1,6
231E,2,4
2320,4,1
2321,10,18
2322,2,7
2323,4,2
2324,1,8
2325,8,4
2326,1,1
2327,X,28
2328,2,1
2329,1X,2
232X,1,5
232E,6,6
2330,8,1
2331,X,6
2332,2,3
2333,6,2
2334,1,3
2335,10,10
2336,1,1
2337,14,20
2338,5,1
2339,2,4
233X,4,2
233E,8,4
2340,2,3
2341,4,2
2342,2,3
2343,2,2
2344,3,2
2345,2,X
2346,1,2
2347,4,8
2348,3,1
2349,6,6
234X,1,8
234E,12,4
2350,6,1
2351,4,10
2352,2,X
2353,X,2
2354,4,5
2355,2,14
2356,3,2
2357,X,10
2358,8,3
2359,6,6
235X,X,6
235E,2,6
2360,5,2
2361,6,8
2362,3,7
2363,2,16
2364,7,2
2365,8,4
2366,1,3
2367,X,2
2368,2,1
2369,4,2
236X,4,3
236E,6,X
2370,4,4
2371,1X,12
2372,2,7
2373,2,2
2374,6,2
2375,8,4
2376,4,3
2377,X,6
2378,3,3
2379,2,4
237X,6,2
237E,6,X
2380,3,5
2381,6,6
2382,3,7
2383,12,X
2384,1,E
2385,10,14
2386,3,1
2387,14,16
2388,5,7
2389,4,4
238X,1X,3
238E,6,10
2390,2,3
2391,X,2
2392,5,4
2393,12,6
2394,1,9
2395,6,X
2396,1,1
2397,6,12
2398,2,1
2399,2,2
239X,1,2
239E,6,20
23X0,2,1
23X1,10,2
23X2,5,7
23X3,8,10
23X4,1,6
23X5,10,6
23X6,3,1
23X7,4,8
23X8,3,4
23X9,4,4
23XX,1,5
23XE,2,6
23E0,1,1
23E1,16,38
23E2,6,1
23E3,X,4
23E4,3,3
23E5,6,10
23E6,1,4
23E7,14,2
23E8,6,1
23E9,2,X
23EX,6,2
23EE,16,10
2400,3,4
2401,10,6
2402,2,3
2403,4,2
2404,3,3
2405,6,14
2406,6,3
2407,24,16
2408,2,3
2409,6,2
240X,13,6
240E,2,X
2410,2,2
2411,10,2
2412,2,4
2413,4,2
2414,1,3
2415,10,14
2416,1,1
2417,14,2
2418,3,1
2419,X,6
241X,3,3
241E,2,6
2420,1,2
2421,4,20
2422,2,1
2423,X,2
2424,9,6
2425,2,X
2426,4,2
2427,4,8
2428,12,7
2429,6,10
242X,7,3
242E,8,4
2430,4,3
2431,16,6
2432,3,6
2433,8,X
2434,1,5
2435,2,14
2436,10,1
2437,4,28
2438,8,3
2439,X,12
243X,1,5
243E,8,6
2440,2,1
2441,10,2
2442,5,7
2443,2,X
2444,3,2
2445,2,4
2446,5,2
2447,4,10
2448,5,3
2449,2,6
244X,1,2
244E,6,4
2450,1,1
2451,10,12
2452,9,1
2453,2,X
2454,3,2
2455,40,14
2456,1,8
2457,16,6
2458,3,1
2459,X,10
245X,9,5
245E,20,4
2460,2,6
2461,4,2
2462,1E,11
2463,14,4
2464,4,3
2465,2,10
2466,1,2
2467,10,2
2468,E,1
2469,4,4
246X,3,6
246E,2,X
2470,2,2
2471,20,2
2472,2,9
2473,4,2
2474,4,5
2475,2,10
2476,5,2
2477,4,8
2478,3,7
2479,12,6
247X,1,3
247E,6,X
2480,1,1
2481,10,10
2482,3,1
2483,2,16
2484,1,2
2485,6,20
2486,2,1
2487,X,2
2488,2,9
2489,20,2
248X,1,3
248E,8,X
2490,3,1
2491,6,12
2492,13,4
2493,2,16
2494,3,2
2495,2,10
2496,2,2
2497,20,2
2498,2,X
2499,X,2
249X,3,5
249E,6,4
24X0,1,4
24X1,6,6
24X2,5,1
24X3,2,4
24X4,1,2
24X5,6,1X
24X6,1,1
24X7,1X,2
24X8,9,1
24X9,6,8
24XX,3,5
24XE,6,4
24E0,2,3
24E1,4,2
24E2,8,3
24E3,18,X
24E4,4,3
24E5,8,6
24E6,3,5
24E7,10,10
24E8,3,6
24E9,4,4
24EX,9,8
24EE,10,4
2500,1,3
2501,X,2
2502,E,1
2503,16,6
2504,3,3
2505,2,X
2506,3,2
2507,20,6
2508,2,7
2509,4,2
250X,6,5
250E,16,4
2510,2,5
2511,16,2
2512,8,3
2513,6,4
2514,3,5
2515,2,26
2516,2,2
2517,6,2
2518,3,X
2519,6,4
251X,6,9
251E,12,10
2520,1,7
2521,14,10
2522,5,1
2523,6,4
2524,3,3
2525,8,6
2526,3,4
2527,4,12
2528,10,4
2529,2,6
252X,1,2
252E,2,4
2530,3,1
2531,X,8
2532,2,3
2533,2,2
2534,1,2
2535,6,6
2536,1,1
2537,34,8
2538,5,1
2539,2,4
253X,4,2
253E,2,14
2540,5,2
2541,4,6
2542,6,4
2543,20,10
2544,1,5
2545,12,6
2546,1,1
2547,10,2
2548,3,1
2549,2,4
254X,3,2
254E,6,6
2550,8,4
2551,6,22
2552,5,3
2553,X,8
2554,1,6
2555,6,4
2556,1,1
2557,20,6
2558,5,1
2559,4,4
255X,3,8
255E,20,4
2560,4,3
2561,X,16
2562,2,X
2563,16,2
2564,1,E
2565,18,4
2566,3,1
2567,4,8
2568,2,9
2569,4,2
256X,1,9
256E,10,X
2570,1,1
2571,X,2
2572,12,1
2573,2,6
2574,9,2
2575,16,6
2576,3,8
2577,6,6
2578,2,13
2579,2,2
257X,1,2
257E,2,X
2580,1,1
2581,4,8
2582,3,1
2583,X,4
2584,3,5
2585,8,4
2586,5,6
2587,4,6
2588,3,6
2589,2,4
258X,1,2
258E,18,X
2590,3,1
2591,10,10
2592,2,X
2593,8,2
2594,1,8
2595,8,6
2596,2,1
2597,6,2
2598,8,4
2599,6,X
259X,7,6
259E,6,10
25X0,1,4
25X1,4,10
25X2,2,1
25X3,2,2
25X4,6,2
25X5,10,4
25X6,3,4
25X7,6,26
25X8,2,3
25X9,X,2
25XX,3,3
25XE,8,6
25E0,6,3
25E1,16,8
25E2,9,4
25E3,2,8
25E4,6,2
25E5,2,20
25E6,2,2
25E7,X,2
25E8,16,7
25E9,6,10
25EX,10,3
25EE,10,6
2600,2,3
2601,10,2
2602,3,6
2603,2,4
2604,3,2
2605,6,4
2606,1,8
2607,X,18
2608,6,1
2609,4,8
260X,4,5
260E,2,10
2610,5,2
2611,4,6
2612,2,3
2613,4,2
2614,1,3
2615,12,6
2616,1,1
2617,X,2
2618,2,1
2619,8,2
261X,6,10
261E,18,16
2620,2,10
2621,X,2
2622,2,3
2623,4,2
2624,1,3
2625,2,26
2626,4,1
2627,6,8
2628,6,6
2629,2,20
262X,3,2
262E,8,4
2630,1,7
2631,16,2
2632,E,1
2633,2,6
2634,6,2
2635,18,4
2636,1,6
2637,14,6
2638,3,1
2639,2,6
263X,3,2
263E,6,4
2640,2,3
2641,4,2
2642,2,3
2643,6,2
2644,1,5
2645,2,4
2646,4,1
2647,6,6
2648,2,3
2649,4,2
264X,X,6
264E,16,X
2650,2,4
2651,26,2
2652,3,10
2653,12,6
2654,7,3
2655,8,4
2656,3,5
2657,26,6
2658,15,3
2659,2,8
265X,1,2
265E,2,10
2660,3,1
2661,4,6
2662,3,7
2663,4,4
2664,1,3
2665,12,X
2666,5,1
2667,4,6
2668,8,4
2669,2,12
266X,4,2
266E,2,6
2670,7,2
2671,6,10
2672,3,3
2673,8,4
2674,1,5
2675,2,X
2676,2,1
2677,X,2
2678,9,X
2679,6,X
267X,4,3
267E,2,4
2680,3,2
2681,4,6
2682,2,9
2683,2,2
2684,1,2
2685,16,4
2686,1,1
2687,6,16
2688,2,1
2689,8,2
268X,6,5
268E,12,4
2690,4,8
2691,10,6
2692,2,9
2693,2,2
2694,3,2
2695,2,6
2696,4,2
2697,X,16
2698,3,7
2699,4,4
269X,X,3
269E,10,6
26X0,1,7
26X1,6,8
26X2,3,1
26X3,2,8
26X4,11,2
26X5,20,6
26X6,1,3
26X7,4,2
26X8,10,1
26X9,8,6
26XX,1,6
26XE,18,10
26E0,6,1
26E1,X,6
26E2,5,6
26E3,6,6
26E4,1,3
26E5,22,4
26E6,5,1
26E7,4,8
26E8,3,4
26E9,2,24
26EX,1,2
26EE,12,4
2700,2,1
2701,X,2
2702,2,3
2703,12,2
2704,7,19
2705,8,6
2706,2,5
2707,X,2
2708,3,13
2709,6,4
270X,7,3
270E,2,6
2710,5,2
2711,4,6
2712,5,4
2713,26,8
2714,1,6
2715,2,4
2716,1,1
2717,1X,8
2718,2,1
2719,2,2
271X,14,2
271E,8,6
2720,5,3
2721,4,8
2722,E,3
2723,6,X
2724,1,6
2725,6,4
2726,4,1
2727,4,10
2728,5,3
2729,4,4
272X,9,6
272E,2,6
2730,2,2
2731,10,2
2732,5,6
2733,2,6
2734,3,2
2735,2,10
2736,1,2
2737,6,2
2738,5,1
2739,8,32
273X,4,5
273E,6,4
2740,1,4
2741,X,6
2742,2,1
2743,4,2
2744,1,15
2745,6,14
2746,1,1
2747,4,8
2748,2,1
2749,2,2
274X,1,2
274E,10,14
2750,2,1
2751,1X,2
2752,8,3
2753,8,10
2754,X,5
2755,2,X
2756,3,2
2757,14,10
2758,3,4
2759,2,4
275X,X,2
275E,6,10
2760,X,4
2761,4,10
2762,5,3
2763,8,X
2764,6,3
2765,10,16
2766,3,5
2767,6,8
2768,3,X
2769,2,10
276X,1,2
276E,6,6
2770,1,1
2771,X,22
2772,5,1
2773,2,18
2774,13,2
2775,12,4
2776,2,5
2777,20,2
2778,3,4
2779,4,X
277X,4,18
277E,8,X
2780,1,3
2781,6,12
2782,3,1
2783,2,4
2784,3,2
2785,16,10
2786,1,3
2787,4,2
2788,2,1
2789,X,2
278X,3,3
278E,6,10
2790,4,4
2791,10,6
2792,3,3
2793,2,6
2794,3,2
2795,16,4
2796,2,4
2797,10,2
2798,2,6
2799,6,2
279X,1,10
279E,22,14
27X0,5,1
27X1,4,6
27X2,2,3
27X3,8,2
27X4,4,3
27X5,8,16
27X6,1,6
27X7,24,2
27X8,5,1
27X9,2,4
27XX,7,2
27XE,8,4
27E0,1,8
27E1,6,6
27E2,12,1
27E3,2,8
27E4,4,2
27E5,2,1X
27E6,1,2
27E7,4,6
27E8,2,1
27E9,6,2
27EX,X,5
27EE,8,4
2800,4,5
2801,X,6
2802,2,3
2803,10,2
2804,6,5
2805,2,4
2806,4,2
2807,4,6
2808,5,9
2809,X,6
280X,7,8
280E,2,26
2810,1,2
2811,1X,2
2812,6,1
2813,4,6
2814,3,6
2815,6,6
2816,3,3
2817,6,28
2818,2,3
2819,4,2
281X,4,6
281E,8,4
2820,6,5
2821,6,20
2822,3,3
2823,4,4
2824,1,3
2825,6,1X
2826,1,1
2827,1X,2
2828,2,1
2829,2,2
282X,1,2
282E,10,14
2830,3,1
2831,X,8
2832,2,4
2833,6,2
2834,1,12
2835,20,6
2836,1,1
2837,X,16
2838,8,1
2839,6,6
283X,3,5
283E,2,X
2840,1,2
2841,6,6
2842,5,1
2843,2,6
2844,6,2
2845,2,10
2846,1,2
2847,14,16
2848,5,1
2849,4,X
284X,3,3
284E,8,6
2850,2,4
2851,X,2
2852,2,3
2853,2,2
2854,1,2
2855,12,4
2856,2,1
2857,4,2
2858,3,9
2859,X,X
285X,1,3
285E,10,16
2860,6,1
2861,6,8
2862,9,X
2863,6,4
2864,7,3
2865,2,6
2866,5,2
2867,4,12
2868,2,11
2869,4,2
286X,1,9
286E,8,16
2870,8,1
2871,4,12
2872,3,3
2873,2,12
2874,24,2
2875,6,4
2876,2,9
2877,4,2
2878,6,9
2879,2,4
287X,1,2
287E,6,16
2880,8,1
2881,X,6
2882,2,7
2883,8,2
2884,7,5
2885,2,16
2886,2,2
2887,X,2
2888,5,7
2889,6,6
288X,3,6
288E,2,4
2890,2,2
2891,4,2
2892,2,3
2893,2,2
2894,1,2
2895,16,16
2896,1,1
2897,2X,8
2898,3,1
2899,6,4
289X,7,3
289E,12,X
28X0,1,4
28X1,4,8
28X2,2,1
28X3,2,2
28X4,1,2
28X5,2,16
28X6,5,1
28X7,6,6
28X8,2,3
28X9,8,2
28XX,6,5
28XE,2,6
28E0,3,2
28E1,6,10
28E2,E,9
28E3,4,32
28E4,9,5
28E5,2,4
28E6,6,2
28E7,16,10
28E8,2,3
28E9,8,2
28EX,1,3
28EE,18,16
2900,4,1
2901,4,6
2902,9,10
2903,2,8
2904,6,2
2905,16,6
2906,1,4
2907,4,10
2908,2,1
2909,1X,2
290X,6,6
290E,6,4
2910,3,5
2911,6,8
2912,2,X
2913,4,2
2914,4,3
2915,2,14
2916,4,2
2917,6,8
2918,8,4
2919,2,8
291X,3,2
291E,2,6
2920,6,2
2921,6,6
2922,6,X
2923,X,8
2924,3,5
2925,6,X
2926,1,5
2927,10,6
2928,8,1
2929,4,4
292X,1,5
292E,6,X
2930,1,1
2931,4,10
2932,8,1
2933,8,4
2934,1,6
2935,2,40
2936,5,1
2937,4,12
2938,3,3
2939,8,X
293X,1,18
293E,8,6
2940,1,1
2941,6,2
2942,3,1
2943,4,4
2944,7,3
2945,12,4
2946,2,5
2947,6,2
2948,E,3
2949,2,14
294X,3,2
294E,2,X
2950,1,2
2951,6,18
2952,2,1
2953,2,2
2954,1,2
2955,22,4
2956,4,1
2957,10,26
2958,3,7
2959,2,8
295X,4,2
295E,12,14
2960,2,7
2961,4,2
2962,3,X
2963,4,6
2964,7,9
2965,12,10
2966,1,3
2967,X,2
2968,13,1
2969,4,16
296X,3,5
296E,20,6
2970,5,5
2971,6,6
2972,2,6
2973,2,2
2974,11,2
2975,8,X
2976,8,7
2977,4,12
2978,2,6
2979,4,2
297X,6,3
297E,20,4
2980,2,3
2981,X,2
2982,3,3
2983,14,4
2984,3,12
2985,10,14
2986,3,3
2987,4,6
2988,5,4
2989,4,4
298X,4,6
298E,2,6
2990,1,2
2991,6,2
2992,6,1
2993,6,8
2994,3,3
2995,6,X
2996,2,4
2997,4,2
2998,6,4
2999,2,10
299X,1,2
299E,2,4
29X0,4,1
29X1,X,18
29X2,2,3
29X3,4,2
29X4,1,3
29X5,12,4
29X6,5,1
29X7,10,18
29X8,8,3
29X9,6,8
29XX,X,20
29XE,2,4
29E0,2,2
29E1,4,2
29E2,8,3
29E3,8,X
29E4,1,5
29E5,8,6
29E6,2,1
29E7,6,2
29E8,9,9
29E9,2,4
29EX,3,2
29EE,2,26
2X00,5,2
2X01,6,10
2X02,6,6
2X03,4,8
2X04,6,3
2X05,2,4
2X06,1,2
2X07,X,20
2X08,3,1
2X09,2,6
2X0X,6,2
2X0E,6,X
2X10,1,3
2X11,10,2
2X12,3,1
2X13,14,X
2X14,3,9
2X15,22,14
2X16,2,3
2X17,4,2
2X18,2,3
2X19,X,2
2X1X,1,3
2X1E,2,1X
2X20,4,1
2X21,6,8
2X22,3,4
2X23,10,6
2X24,4,3
2X25,2,4
2X26,3,2
2X27,4,10
2X28,2,3
2X29,2,2
2X2X,1,2
2X2E,6,20
2X30,1,1
2X31,6,12
2X32,5,1
2X33,2,4
2X34,1,2
2X35,12,X
2X36,4,1
2X37,X,6
2X38,3,4
2X39,2,4
2X3X,1,2
2X3E,2,X
2X40,4,1
2X41,6,6
2X42,8,X
2X43,6,12
2X44,4,3
2X45,16,10
2X46,1,5
2X47,16,2
2X48,16,1
2X49,2,6
2X4X,7,2
2X4E,12,4
2X50,1,3
2X51,16,6
2X52,9,1
2X53,10,6
2X54,4,3
2X55,2,4
2X56,3,2
2X57,4,8
2X58,2,3
2X59,2,2
2X5X,1,2
2X5E,6,4
2X60,1,1
2X61,10,10
2X62,2,1
2X63,8,2
2X64,1,5
2X65,12,4
2X66,2,1
2X67,6,2
2X68,3,16
2X69,6,10
2X6X,4,5
2X6E,18,6
2X70,6,3
2X71,X,8
2X72,3,4
2X73,2,8
2X74,4,2
2X75,26,2X
2X76,1,3
2X77,4,2
2X78,9,1
2X79,X,14
2X7X,4,3
2X7E,6,4
2X80,1,9
2X81,4,18
2X82,3,1
2X83,12,4
2X84,13,5
2X85,6,26
2X86,1,4
2X87,4,26
2X88,E,1
2X89,8,16
2X8X,1,6
2X8E,2,4
2X90,2,1
2X91,4,2
2X92,5,3
2X93,4,X
2X94,1,6
2X95,16,10
2X96,1,1
2X97,X,8
2X98,13,1
2X99,X,4
2X9X,7,8
2X9E,6,6
2XX0,6,4
2XX1,6,12
2XX2,2,3
2XX3,2,2
2XX4,1,2
2XX5,8,10
2XX6,1,1
2XX7,6,6
2XX8,3,1
2XX9,4,22
2XXX,X,3
2XXE,12,4
2XE0,4,3
2XE1,4,8
2XE2,2,17
2XE3,6,2
2XE4,4,E
2XE5,2,6
2XE6,2,2
2XE7,6,2
2XE8,8,3
2XE9,4,4
2XEX,1,5
2XEE,2,26
2E00,3,1
2E01,X,12
2E02,6,9
2E03,4,8
2E04,4,3
2E05,2,6
2E06,2,2
2E07,16,2
2E08,9,16
2E09,2,6
2E0X,1,2
2E0E,2,10
2E10,5,1
2E11,6,8
2E12,8,3
2E13,2,4
2E14,7,2
2E15,18,6
2E16,1,3
2E17,X,8
2E18,5,1
2E19,6,8
2E1X,3,5
2E1E,10,34
2E20,3,7
2E21,4,6
2E22,2,7
2E23,4,2
2E24,9,5
2E25,2,24
2E26,2,2
2E27,6,2
2E28,3,4
2E29,12,8
2E2X,4,8
2E2E,2,6
2E30,1,2
2E31,14,10
2E32,5,1
2E33,2,X
2E34,1,2
2E35,2,4
2E36,5,1
2E37,4,6
2E38,2,X
2E39,4,2
2E3X,1,10
2E3E,8,4
2E40,2,1
2E41,4,2
2E42,2,3
2E43,14,2
2E44,3,9
2E45,6,6
2E46,5,5
2E47,X,8
2E48,2,3
2E49,4,2
2E4X,1,19
2E4E,12,6
2E50,1,1
2E51,1X,10
2E52,3,1
2E53,X,4
2E54,3,15
2E55,2,24
2E56,1,2
2E57,6,10
2E58,5,1
2E59,12,16
2E5X,3,3
2E5E,2,4
2E60,1,2
2E61,X,6
2E62,9,1
2E63,X,6
2E64,3,5
2E65,6,X
2E66,1,5
2E67,4,6
2E68,3,1
2E69,2,4
2E6X,9,2
2E6E,2,X
2E70,3,2
2E71,16,18
2E72,2,3
2E73,4,2
2E74,7,3
2E75,2,6
2E76,3,2
2E77,24,8
2E78,8,7
2E79,2,X
2E7X,X,2
2E7E,2,6
2E80,2,2
2E81,4,2
2E82,6,3
2E83,8,10
2E84,6,6
2E85,28,4
2E86,3,6
2E87,6,8
2E88,2,7
2E89,6,2
2E8X,1,10
2E8E,8,6
2E90,4,1
2E91,16,6
2E92,2,4
2E93,2,2
2E94,1,2
2E95,10,4
2E96,5,1
2E97,6,12
2E98,2,3
2E99,8,2
2E9X,6,3
2E9E,10,16
2EX0,2,4
2EX1,10,2
2EX2,E,6
2EX3,X,6
2EX4,3,5
2EX5,2,10
2EX6,1,2
2EX7,30,2
2EX8,2,1
2EX9,X,2
2EXX,1,5
2EXE,2,16
2EE0,6,1
2EE1,4,12
2EE2,9,7
2EE3,6,8
2EE4,11,3
2EE5,6,4
2EE6,1,5
2EE7,4,2
2EE8,3,1
2EE9,1X,10
2EEX,9,6
2EEE,28,4
3000,2,3
3001,34,2
3002,3,4
3003,4,4
3004,1,5
3005,8,14
3006,5,1
3007,6,12
3008,6,6
3009,4,4
300X,3,3
300E,2,X
3010,1,2
3011,4,6
3012,6,1
3013,2,6
3014,3,2
3015,8,X
3016,3,4
3017,6,18
3018,5,6
3019,6,10
301X,3,5
301E,70,X
3020,1,6
3021,16,6
3022,8,1
3023,6,8
3024,4,6
3025,2,6
3026,2,2
3027,10,2
3028,2,3
3029,8,2
302X,4,6
302E,18,X
3030,3,4
3031,6,20
3032,3,4
3033,20,6
3034,4,3
3035,8,4
3036,1,4
3037,64,2
3038,2,1
3039,2,2
303X,1,2
303E,2,40
3040,1,1
3041,1X,6
3042,5,1
3043,12,4
3044,1,8
3045,8,4
3046,2,1
3047,X,2
3048,9,4
3049,14,4
304X,3,5
304E,2,2X
3050,3,2
3051,4,6
3052,3,3
3053,12,6
3054,6,8
3055,2,X
3056,2,2
3057,X,2
3058,5,6
3059,4,4
305X,4,3
305E,6,4
3060,2,3
3061,6,2
3062,E,3
3063,8,8
3064,1,9
3065,6,X
3066,3,1
3067,X,12
3068,2,3
3069,2,2
306X,16,2
306E,18,4
3070,7,3
3071,X,16
3072,9,3
3073,6,X
3074,1,E
3075,10,20
3076,3,1
3077,4,6
3078,6,7
3079,6,4
307X,1,6
307E,2,10
3080,1,1
3081,6,18
3082,8,1
3083,2,12
3084,10,2
3085,8,4
3086,3,4
3087,4,6
3088,6,6
3089,4,X
308X,6,5
308E,10,4
3090,3,5
3091,1X,12
3092,2,3
3093,6,2
3094,1,3
3095,12,4
3096,2,1
3097,10,2
3098,2,6
3099,8,2
309X,1,9
309E,2,4
30X0,3,1
30X1,4,10
30X2,2,10
30X3,8,2
30X4,1,3
30X5,8,X
30X6,7,1
30X7,14,8
30X8,3,4
30X9,2,X
30XX,7,2
30XE,2,X
30E0,X,2
30E1,4,10
30E2,5,6
30E3,2,X
30E4,9,2
30E5,8,4
30E6,1,7
30E7,X,12
30E8,3,1
30E9,2,14
30EX,6,2
30EE,6,X
3100,2,9
3101,4,2
3102,3,4
3103,2,4
3104,1,2
3105,2,24
3106,7,1
3107,4,6
3108,5,3
3109,8,4
310X,6,6
310E,12,10
3110,5,5
3111,X,8
3112,5,6
3113,2,6
3114,3,2
3115,2,4
3116,1,2
3117,6,12
3118,6,1
3119,4,10
311X,1,6
311E,18,1X
3120,3,1
3121,6,6
3122,2,3
3123,2,2
3124,3,2
3125,6,6
3126,4,3
3127,X,16
3128,5,6
3129,2,X
312X,3,2
312E,12,X
3130,2,3
3131,6,2
3132,2,3
3133,6,2
3134,9,3
3135,2,6
3136,3,2
3137,10,8
3138,5,4
3139,4,4
313X,7,E
313E,6,4
3140,2,3
3141,16,2
3142,5,13
3143,4,16
3144,1,3
3145,8,4
3146,4,1
3147,6,6
3148,5,6
3149,2,6
314X,1,2
314E,6,6
3150,7,1
3151,4,10
3152,2,4
3153,10,2
3154,1,5
3155,6,14
3156,2,1
3157,6,2
3158,3,3
3159,4,4
315X,1,3
315E,2,24
3160,4,1
3161,X,8
3162,5,6
3163,4,4
3164,4,6
3165,30,6
3166,1,3
3167,6,6
3168,9,1
3169,X,8
316X,3,3
316E,6,16
3170,1,4
3171,6,12
3172,8,1
3173,2,8
3174,1,2
3175,6,10
3176,1,1
3177,10,2
3178,9,1
3179,10,4
317X,3,5
317E,2,6
3180,3,2
3181,4,8
3182,2,10
3183,6,2
3184,4,E
3185,2,6
3186,1,2
3187,6,2
3188,8,1
3189,2,14
318X,4,2
318E,6,4
3190,1,5
3191,X,6
3192,5,1
3193,4,6
3194,1,3
3195,2,X
3196,1,1
3197,4,8
3198,2,1
3199,2,2
319X,3,2
319E,8,4
31X0,1,5
31X1,2X,6
31X2,E,1
31X3,2,4
31X4,6,2
31X5,6,6
31X6,2,3
31X7,4,2
31X8,3,9
31X9,14,18
31XX,6,9
31XE,26,1X
31E0,3,4
31E1,16,16
31E2,E,6
31E3,6,4
31E4,9,6
31E5,8,4
31E6,6,4
31E7,6,6
31E8,2,4
31E9,2,2
31EX,1,2
31EE,16,X
3200,3,1
3201,4,8
3202,2,3
3203,8,2
3204,1,3
3205,12,14
3206,1,1
3207,1X,2
3208,10,1
3209,6,12
320X,1,5
320E,18,X
3210,3,1
3211,6,6
3212,2,4
3213,12,2
3214,9,9
3215,2,6
3216,4,2
3217,24,12
3218,3,X
3219,2,6
321X,4,2
321E,6,6
3220,2,3
3221,6,2
3222,13,3
3223,4,6
3224,1,6
3225,2,4
3226,1,1
3227,4,12
3228,9,1
3229,8,6
322X,1,5
322E,20,4
3230,5,1
3231,4,6
3232,5,3
3233,8,8
3234,6,6
3235,2,4
3236,9,2
3237,6,8
3238,5,3
3239,X,4
323X,1,3
323E,12,6
3240,1,1
3241,14,16
3242,3,1
3243,2,4
3244,3,2
3245,6,6
3246,1,8
3247,4,6
3248,2,1
3249,2,2
324X,1,2
324E,8,4
3250,4,1
3251,4,8
3252,2,6
3253,2,2
3254,19,2
3255,6,4
3256,4,5
3257,4,10
3258,5,3
3259,2,10
325X,11,2
325E,2,4
3260,3,2
3261,10,16
3262,2,7
3263,4,2
3264,4,5
3265,12,10
3266,3,3
3267,X,12
3268,3,6
3269,12,6
326X,X,3
326E,6,6
3270,1,5
3271,4,2
3272,2,1
3273,2,2
3274,7,2
3275,10,X
3276,1,4
3277,X,6
3278,3,1
3279,2,4
327X,3,2
327E,6,14
3280,1,3
3281,4,6
3282,5,1
3283,6,4
3284,1,9
3285,10,4
3286,2,1
3287,1X,2
3288,3,4
3289,8,4
328X,6,8
328E,2,10
3290,1,2
3291,6,2
3292,3,1
3293,12,X
3294,7,5
3295,2,X
3296,2,2
3297,4,2
3298,2,3
3299,18,2
329X,1,10
329E,6,1X
32X0,4,1
32X1,X,12
32X2,8,6
32X3,4,6
32X4,6,3
32X5,8,6
32X6,2,4
32X7,4,2
32X8,5,6
32X9,8,X
32XX,4,9
32XE,6,6
32E0,7,3
32E1,10,6
32E2,2,7
32E3,16,2
32E4,4,3
32E5,18,10
32E6,3,3
32E7,16,8
32E8,12,4
32E9,4,24
32EX,3,5
32EE,22,X
3300,5,8
3301,4,18
3302,12,X
3303,2,6
3304,4,2
3305,2,4
3306,1,2
3307,6,8
3308,10,1
3309,2,6
330X,3,2
330E,12,X
3310,2,3
3311,16,2
3312,2,3
3313,X,2
3314,13,6
3315,20,4
3316,3,3
3317,4,6
3318,2,4
3319,4,2
331X,1,6
331E,2,16
3320,1,1
3321,4X,8
3322,3,1
3323,2,4
3324,7,2
3325,6,20
3326,1,3
3327,14,10
3328,6,1
3329,2,6
332X,1,2
332E,16,X
3330,1,1
3331,4,20
3332,3,1
3333,2,4
3334,1,2
3335,22,6
3336,1,1
3337,4,2
3338,2,1
3339,6,2
333X,3,5
333E,10,4
3340,2,5
3341,14,2
3342,6,9
3343,4,12
3344,1,8
3345,12,14
3346,3,1
3347,X,12
3348,6,6
3349,6,4
334X,4,3
334E,2,4
3350,2,2
3351,4,2
3352,E,3
3353,4,10
3354,3,8
3355,16,X
3356,1,4
3357,20,12
3358,2,1
3359,4,2
335X,14,5
335E,6,1X
3360,1,4
3361,X,18
3362,6,1
3363,2,X
3364,1,2
3365,6,6
3366,4,1
3367,6,18
3368,2,4
3369,6,2
336X,7,3
336E,2,X
3370,1,2
3371,1X,12
3372,3,1
3373,10,4
3374,4,8
3375,2,1X
3376,10,2
3377,30,10
3378,5,3
3379,8,6
337X,1,5
337E,2,10
3380,3,1
3381,4,18
3382,5,6
3383,4,4
3384,1,5
3385,6,6
3386,2,1
3387,4,2
3388,9,3
3389,2,8
338X,3,2
338E,2,6
3390,5,2
3391,4,10
3392,5,X
3393,8,4
3394,6,3
3395,8,1X
3396,3,3
3397,44,10
3398,5,7
3399,2,8
339X,3,2
339E,2,X
33X0,1,2
33X1,24,6
33X2,6,1
33X3,12,X
33X4,1,6
33X5,2,4
33X6,1,1
33X7,4,6
33X8,2,1
33X9,2,2
33XX,3,2
33XE,6,10
33E0,1,6
33E1,16,2
33E2,5,1
33E3,2,4
33E4,3,2
33E5,6,4
33E6,4,7
33E7,4,18
33E8,6,9
33E9,4,4
33EX,6,5
33EE,2,14
3400,4,2
3401,14,26
3402,9,10
3403,2,8
3404,3,2
3405,6,4
3406,3,4
3407,6,10
3408,9,4
3409,8,6
340X,4,9
340E,18,X
3410,3,4
3411,X,8
3412,2,3
3413,2,2
3414,7,2
3415,22,14
3416,1,3
3417,4,6
3418,3,1
3419,6,X
341X,1,5
341E,12,4
3420,5,1
3421,1X,8
3422,3,4
3423,12,6
3424,6,E
3425,2,10
3426,1,2
3427,6,8
3428,3,1
3429,2,6
342X,3,2
342E,12,10
3430,2,3
3431,4,2
3432,2,3
3433,4,2
3434,1,8
3435,6,4
3436,4,1
3437,6,30
3438,5,7
3439,8,8
343X,1,3
343E,6,4
3440,2,1
3441,10,2
3442,2,9
3443,8,2
3444,1,5
3445,30,4
3446,3,1
3447,X,10
3448,2,17
3449,4,2
344X,9,9
344E,10,6
3450,1,4
3451,X,8
3452,3,1
3453,4,4
3454,4,3
3455,8,6
3456,1,3
3457,6,6
3458,2,1
3459,8,2
345X,3,3
345E,8,X
3460,3,4
3461,4,8
3462,10,13
3463,8,4
3464,3,5
3465,6,X
3466,1,6
3467,4,2
3468,2,1
3469,X,2
346X,1,5
346E,6,4
3470,2,1
3471,X,2
3472,3,11
3473,6,6
3474,1,9
3475,2,1X
3476,1,1
3477,6,2
3478,8,1
3479,10,6
347X,4,5
347E,12,6
3480,1,10
3481,24,6
3482,2,1
3483,2,2
3484,1,2
3485,8,1X
3486,5,1
3487,X,16
3488,13,7
3489,2,4
348X,1,2
348E,12,6
3490,1,1
3491,10,30
3492,6,1
3493,2,10
3494,20,2
3495,12,14
3496,3,7
3497,6,18
3498,6,3
3499,4,18
349X,1,5
349E,10,X
34X0,1,1
34X1,10,10
34X2,5,1
34X3,X,4
34X4,4,10
34X5,6,4
34X6,3,3
34X7,4,26
34X8,2,6
34X9,2,2
34XX,4,2
34XE,2,4
34E0,6,2
34E1,10,8
34E2,2,3
34E3,4,2
34E4,1,1E
34E5,12,6
34E6,4,1
34E7,X,6
34E8,2,4
34E9,6,2
34EX,1,9
34EE,2,X
3500,3,1
3501,X,20
3502,2,4
3503,4,2
3504,4,6
3505,12,14
3506,2,3
3507,1X,2
3508,3,X
3509,2,8
350X,7,2
350E,2,X
3510,2,2
3511,4,2
3512,6,4
3513,2,8
3514,3,2
3515,6,X
3516,1,4
3517,1X,6
3518,10,1
3519,24,16
351X,1,5
351E,8,2X
3520,5,1
3521,1X,6
3522,3,3
3523,2,10
3524,6,2
3525,2,6
3526,5,2
3527,4,12
3528,6,3
3529,8,4
352X,1,9
352E,8,1X
3530,4,1
3531,10,8
3532,3,4
3533,2,8
3534,7,2
3535,6,10
3536,3,3
3537,4,10
3538,2,11
3539,10,2
353X,3,8
353E,2,X
3540,1,2
3541,4,8
3542,2,1
3543,6,2
3544,X,10
3545,8,4
3546,4,4
3547,24,6
3548,3,6
3549,2,20
354X,X,2
354E,2,X
3550,4,2
3551,X,18
3552,2,7
3553,4,2
3554,4,3
3555,2,16
3556,2,2
3557,1X,2
3558,8,4
3559,4,6
355X,3,3
355E,6,4
3560,2,5
3561,4,2
3562,6,4
3563,2,16
3564,1,2
3565,30,X
3566,4,1
3567,6,6
3568,2,7
3569,2,2
356X,1,2
356E,6,10
3570,12,1
3571,4,6
3572,2,10
3573,14,2
3574,3,5
3575,2,4
3576,4,2
3577,4,6
3578,3,3
3579,6,10
357X,4,5
357E,12,6
3580,4,6
3581,6,46
3582,5,4
3583,2,6
3584,3,2
3585,2,4
3586,1,2
3587,4,20
3588,E,1
3589,8,X
358X,1,8
358E,6,4
3590,4,1
3591,1X,12
3592,3,3
3593,4,8
3594,3,3
3595,12,X
3596,2,4
3597,4,2
3598,2,3
3599,2,2
359X,14,2
359E,10,4
35X0,2,5
35X1,6,2
35X2,10,3
35X3,4,4
35X4,1,5
35X5,12,X
35X6,4,1
35X7,6,8
35X8,3,6
35X9,4,14
35XX,4,5
35XE,2,6
35E0,1,2
35E1,20,2
35E2,6,1
35E3,8,8
35E4,3,3
35E5,10,20
35E6,1,6
35E7,1X,20
35E8,3,1
35E9,4,4
35EX,1,9
35EE,12,1X
3600,2,1
3601,4,2
3602,2,3
3603,6,2
3604,1,5
3605,2,14
3606,2,1
3607,10,2
3608,2,4
3609,4,2
360X,7,8
360E,2,6
3610,3,2
3611,X,8
3612,6,4
3613,X,4
3614,9,3
3615,16,6
3616,1,7
3617,14,26
3618,5,1
3619,12,X
361X,3,9
361E,2,20
3620,1,2
3621,14,12
3622,2,1
3623,6,2
3624,3,10
3625,16,10
3626,1,3
3627,4,2
3628,2,1
3629,2,2
362X,4,2
362E,10,6
3630,3,3
3631,34,8
3632,5,3
3633,6,X
3634,1,6
3635,12,X
3636,1,1
3637,16,10
3638,9,1
3639,4,4
363X,13,5
363E,6,4
3640,3,3
3641,6,28
3642,2,4
3643,10,2
3644,1,6
3645,2,20
3646,3,1
3647,4,8
3648,3,3
3649,2,4
364X,6,2
364E,6,14
3650,9,5
3651,X,6
3652,E,3
3653,8,4
3654,1,5
3655,2,6
3656,X,1
3657,6,10
3658,6,21
3659,4,X
365X,4,3
365E,2,6
3660,1,2
3661,X,2
3662,3,1
3663,6,14
3664,9,3
3665,2,4
3666,2,2
3667,4,2
3668,E,6
3669,4,8
366X,1,5
366E,2,10
3670,1,1
3671,4,22
3672,2,1
3673,8,2
3674,7,12
3675,18,4
3676,2,3
3677,16,2
3678,2,7
3679,6,2
367X,1,18
367E,18,4
3680,2,1
3681,6,2
3682,3,9
3683,8,X
3684,4,3
3685,8,16
3686,1,6
3687,X,2
3688,3,1
3689,6,4
368X,10,3
368E,6,6
3690,5,4
3691,6,10
3692,10,4
3693,16,10
3694,3,8
3695,2,X
3696,1,2
3697,6,16
3698,2,1
3699,X,2
369X,6,5
369E,6,30
36X0,5,3
36X1,4,6
36X2,5,6
36X3,2,4
36X4,1,2
36X5,2,4
36X6,3,1
36X7,X,6
36X8,5,11
36X9,4,6
36XX,9,E
36XE,8,1X
36E0,3,3
36E1,6,12
36E2,5,X
36E3,4,6
36E4,3,E
36E5,8,10
36E6,2,9
36E7,4,2
36E8,2,9
36E9,2,2
36EX,7,2
36EE,8,4
3700,8,4
3701,6,22
3702,3,14
3703,2,8
3704,1,2
3705,18,6
3706,1,1
3707,X,16
3708,2,1
3709,X,2
370X,1,9
370E,12,6
3710,2,1
3711,4,2
3712,2,3
3713,6,2
3714,7,5
3715,10,6
3716,1,9
3717,14,2
3718,3,1
3719,X,4
371X,7,5
371E,12,4
3720,1,5
3721,X,2
3722,2,1
3723,4,2
3724,1,16
3725,10,16
3726,4,1
3727,6,6
3728,5,3
3729,2,10
372X,3,2
372E,6,4
3730,1,5
3731,4,2
3732,3,1
3733,X,4
3734,11,5
3735,10,6
3736,11,3
3737,X,6
3738,2,4
3739,6,2
373X,4,3
373E,2,14
3740,6,2
3741,6,8
3742,8,4
3743,2,4
3744,4,2
3745,2,4
3746,1,2
3747,4,26
3748,2,1
3749,8,2
374X,6,3
374E,2,10
3750,3,2
3751,4,6
3752,5,7
3753,2,6
3754,1,2
3755,18,10
3756,2,1
3757,4,2
3758,6,20
3759,6,8
375X,1,6
375E,2,14
3760,3,1
3761,6,6
3762,8,3
3763,12,14
3764,1,3
3765,2,10
3766,1,1
3767,10,2
3768,6,1
3769,2,16
376X,4,2
376E,16,6
3770,1,5
3771,6,2
3772,5,1
3773,4,8
3774,4,3
3775,18,1X
3776,6,4
3777,6,8
3778,2,7
3779,X,2
377X,1,8
377E,12,4
3780,2,1
3781,2X,2
3782,8,3
3783,2,4
3784,4,2
3785,26,4
3786,2,5
3787,10,2
3788,5,4
3789,4,6
378X,1,5
378E,16,X
3790,1,1
3791,36,2
3792,5,1
3793,X,8
3794,3,3
3795,2,4
3796,2,2
3797,4,2
3798,5,6
3799,2,6
379X,1,2
379E,28,4
37X0,8,1
37X1,4,8
37X2,8,10
37X3,4,6
37X4,1,3
37X5,18,20
37X6,2,1
37X7,24,2
37X8,2,3
37X9,X,2
37XX,1,9
37XE,2,24
37E0,3,1
37E1,4,8
37E2,2,4
37E3,4,2
37E4,1,6
37E5,2,16
37E6,4,1
37E7,6,8
37E8,6,6
37E9,X,6
37EX,16,3
37EE,2,4
3800,1,2
3801,4,18
3802,13,1
3803,4,X
3804,7,5
3805,6,X
3806,1,4
3807,4,12
3808,2,1
3809,1X,2
380X,11,3
380E,6,10
3810,2,4
3811,20,2
3812,3,7
3813,2,1X
3814,1,2
3815,6,4
3816,5,1
3817,10,8
3818,2,4
3819,8,2
381X,1,3
381E,8,6
3820,1,1
3821,6,2
3822,3,1
3823,4,6
3824,4,6
3825,16,6
3826,1,4
3827,4,6
3828,12,1
3829,2,8
382X,9,2
382E,2,X
3830,1,2
3831,6,6
3832,8,1
3833,8,14
3834,7,9
3835,18,6
3836,1,E
3837,1X,2
3838,3,1
3839,2,4
383X,13,2
383E,6,20
3840,4,6
3841,4,28
3842,6,3
3843,16,6
3844,1,3
3845,18,6
3846,2,1
3847,1X,2
3848,8,6
3849,10,X
384X,3,3
384E,2,4
3850,1,2
3851,4,30
3852,5,1
3853,2,6
3854,4,2
3855,18,4
3856,3,5
3857,10,30
3858,2,3
3859,4,2
385X,3,5
385E,8,10
3860,4,6
3861,X,6
3862,2,4
3863,2,2
3864,3,2
3865,12,14
3866,2,5
3867,X,2
3868,3,10
3869,X,4
386X,4,5
386E,10,X
3870,1,3
3871,1X,2
3872,3,1
3873,4,8
3874,3,5
3875,10,24
3876,1,4
3877,X,2
3878,5,1
3879,4,8
387X,X,3
387E,8,10
3880,6,5
3881,4,16
3882,8,3
3883,4,6
3884,3,8
3885,42,4
3886,5,5
3887,10,8
3888,8,3
3889,30,4
388X,6,6
388E,10,4
3890,2,8
3891,6,2
3892,2,7
3893,8,2
3894,1,9
3895,2,6
3896,1,1
3897,6,8
3898,5,1
3899,2,20
389X,7,2
389E,2,4
38X0,6,2
38X1,24,12
38X2,2,3
38X3,2,2
38X4,3,2
38X5,2,X
38X6,3,2
38X7,10,12
38X8,5,3
38X9,6,8
38XX,7,9
38XE,6,4
38E0,1,3
38E1,16,18
38E2,2,1
38E3,8,2
38E4,1,5
38E5,6,14
38E6,3,1
38E7,6,10
38E8,2,3
38E9,8,2
38EX,4,3
38EE,2,6
3900,1,2
3901,X,16
3902,3,1
3903,2,4
3904,7,2
3905,16,4
3906,2,3
3907,6,2
3908,5,3
3909,2,6
390X,1,2
390E,2,20
3910,3,1
3911,6,12
3912,3,11
3913,4,14
3914,3,5
3915,8,X
3916,5,9
3917,4,6
3918,2,4
3919,2,2
391X,3,2
391E,2,X
3920,2,2
3921,4,2
3922,5,7
3923,4,6
3924,7,6
3925,12,X
3926,3,7
3927,X,12
3928,5,X
3929,4,8
392X,3,3
392E,8,6
3930,2,5
3931,6,2
3932,2,3
3933,8,2
3934,1,3
3935,2,4
3936,5,1
3937,6,8
3938,2,3
3939,8,2
393X,6,3
393E,6,4
3940,1,3
3941,24,10
3942,6,1
3943,2,X
3944,3,2
3945,6,14
3946,3,7
3947,4,6
3948,3,7
3949,X,1X
394X,4,6
394E,8,6
3950,4,6
3951,34,12
3952,E,6
3953,10,4
3954,4,5
3955,8,X
3956,1,4
3957,4,2
3958,10,1
3959,2,6
395X,1,2
395E,2,4
3960,1,1
3961,14,6
3962,2,1
3963,X,2
3964,7,5
3965,6,4
3966,9,5
3967,4,10
3968,2,6
3969,6,2
396X,1,6
396E,2,4
3970,7,1
3971,4,10
3972,3,3
3973,12,4
3974,1,5
3975,8,36
3976,1,1
3977,10,8
3978,3,1
3979,2,8
397X,4,2
397E,2,14
3980,1,2
3981,4,6
3982,15,1
3983,2,8
3984,1,2
3985,2,X
3986,5,1
3987,6,16
3988,3,3
3989,2,4
398X,3,2
398E,8,4
3990,2,3
3991,4,2
3992,6,X
3993,2,8
3994,3,2
3995,2,4
3996,5,2
3997,X,6
3998,8,7
3999,16,4
399X,1,3
399E,12,10
39X0,3,1
39X1,6,8
39X2,8,4
39X3,6,X
39X4,3,6
39X5,6,10
39X6,1,4
39X7,X,10
39X8,2,1
39X9,2,2
39XX,7,2
39XE,6,X
39E0,4,6
39E1,6,8
39E2,2,3
39E3,1X,2
39E4,X,12
39E5,6,X
39E6,1,3
39E7,X,8
39E8,2,1
39E9,6,2
39EX,3,12
39EE,12,14
3X00,2,5
3X01,4,2
3X02,13,7
3X03,8,6
3X04,4,9
3X05,2,16
3X06,3,2
3X07,16,8
3X08,5,6
3X09,2,12
3X0X,7,2
3X0E,10,4
3X10,1,5
3X11,54,6
3X12,5,1
3X13,4,1X
3X14,4,3
3X15,6,10
3X16,3,E
3X17,4,6
3X18,9,6
3X19,2,6
3X1X,6,2
3X1E,6,36
3X20,2,4
3X21,4,2
3X22,6,3
3X23,10,X
3X24,1,10
3X25,20,X
3X26,2,1
3X27,10,2
3X28,2,7
3X29,X,2
3X2X,1,3
3X2E,36,6
3X30,1,1
3X31,1X,12
3X32,5,1
3X33,2,X
3X34,3,2
3X35,2,6
3X36,5,2
3X37,4,12
3X38,2,13
3X39,2,2
3X3X,3,2
3X3E,16,4
3X40,1,4
3X41,4,6
3X42,3,1
3X43,4,4
3X44,3,8
3X45,6,1X
3X46,1,4
3X47,4,10
3X48,8,1
3X49,6,4
3X4X,3,5
3X4E,2,4
3X50,4,2
3X51,6,8
3X52,E,10
3X53,6,22
3X54,1,3
3X55,18,X
3X56,1,1
3X57,14,2
3X58,5,1
3X59,X,12
3X5X,4,5
3X5E,10,6
3X60,3,4
3X61,2X,10
3X62,2,13
3X63,2,2
3X64,1,2
3X65,8,40
3X66,1,1
3X67,4,8
3X68,3,1
3X69,2,8
3X6X,6,2
3X6E,8,6
3X70,1,3
3X71,16,2
3X72,2,1
3X73,14,2
3X74,4,12
3X75,10,6
3X76,3,5
3X77,4,6
3X78,3,3
3X79,14,X
3X7X,1,5
3X7E,10,X
3X80,2,1
3X81,X,2
3X82,8,9
3X83,4,4
3X84,3,5
3X85,2,14
3X86,6,2
3X87,X,6
3X88,2,3
3X89,10,2
3X8X,4,12
3X8E,2,16
3X90,1,2
3X91,2X,12
3X92,2,1
3X93,8,2
3X94,1,5
3X95,6,4
3X96,2,1
3X97,X,2
3X98,9,3
3X99,X,8
3X9X,9,E
3X9E,2,X
3XX0,3,2
3XX1,4,8
3XX2,10,7
3XX3,6,4
3XX4,4,5
3XX5,2,6
3XX6,5,2
3XX7,6,12
3XX8,12,10
3XX9,6,4
3XXX,4,3
3XXE,6,6
3XE0,2,X
3XE1,6,2
3XE2,5,4
3XE3,18,X
3XE4,1,6
3XE5,2,4
3XE6,1,1
3XE7,X,6
3XE8,18,1
3XE9,4,4
3XEX,6,3
3XEE,26,4
3E00,2,X
3E01,4,2
3E02,5,7
3E03,6,8
3E04,11,15
3E05,6,4
3E06,3,7
3E07,X,10
3E08,2,3
3E09,4,2
3E0X,1,3
3E0E,10,X
3E10,1,1
3E11,10,10
3E12,3,1
3E13,2,6
3E14,3,2
3E15,10,6
3E16,3,3
3E17,16,22
3E18,2,9
3E19,X,2
3E1X,1,3
3E1E,28,24
3E20,1,1
3E21,6,12
3E22,15,1
3E23,2,4
3E24,3,2
3E25,8,10
3E26,2,3
3E27,4,2
3E28,6,3
3E29,8,10
3E2X,1,E
3E2E,6,4
3E30,7,1
3E31,14,6
3E32,2,9
3E33,X,2
3E34,6,5
3E35,2,6
3E36,3,2
3E37,6,16
3E38,5,14
3E39,2,8
3E3X,3,2
3E3E,8,4
3E40,2,7
3E41,6,2
3E42,9,4
3E43,4,14
3E44,4,8
3E45,6,4
3E46,1,X
3E47,6,8
3E48,2,1
3E49,8,2
3E4X,1,3
3E4E,8,6
3E50,1,1
3E51,1X,6
3E52,9,1
3E53,X,8
3E54,1,5
3E55,20,X
3E56,2,1
3E57,6,2
3E58,3,3
3E59,6,12
3E5X,9,E
3E5E,2,X
3E60,1,2
3E61,6,2
3E62,5,1
3E63,2,6
3E64,3,2
3E65,2,X
3E66,2,2
3E67,24,2
3E68,2,3
3E69,4,2
3E6X,3,3
3E6E,22,1X
3E70,4,4
3E71,X,6
3E72,2,7
3E73,2,2
3E74,1,2
3E75,6,4
3E76,6,1
3E77,4,10
3E78,2,16
3E79,2,2
3E7X,1,2
3E7E,6,6
3E80,2,1
3E81,14,2
3E82,3,X
3E83,6,6
3E84,1,18
3E85,12,6
3E86,1,1
3E87,6,16
3E88,5,1
3E89,12,8
3E8X,7,5
3E8E,2,X
3E90,5,2
3E91,4,20
3E92,2,11
3E93,2,2
3E94,3,2
3E95,2,10
3E96,1,2
3E97,6,18
3E98,5,1
3E99,4,4
3E9X,10,5
3E9E,12,20
3EX0,X,3
3EX1,X,6
3EX2,2,X
3EX3,1X,2
3EX4,11,6
3EX5,38,6
3EX6,2,3
3EX7,4,2
3EX8,19,4
3EX9,16,6
3EXX,1,3
3EXE,2,10
3EE0,5,1
3EE1,X,8
3EE2,3,6
3EE3,2,4
3EE4,4,2
3EE5,12,14
3EE6,1,3
3EE7,6,10
3EE8,E,1
3EE9,16,6
3EEX,1,5
3EEE,6,X
4000,12,1
