4,1
6,7
8,0
9,8
X,E
10,0
12,13
13,4
14,0
16,0
18,0
19,18
1X,1E
20,0
21,16
22,23
23,0
24,0
26,0
28,0
29,X2
2X,403
2E,6
30,0
32,33
33,32
34,0
36,0
38,0
39,0
3X,3E
40,0
41,26
42,0
43,44
44,0
46,0
47,46
48,0
49,4X
4X,E83
50,0
52,53
53,0
54,0
55,10
56,0
58,0
59,5X
5X,0
60,0
62,63
63,0
64,0
65,66
66,0
68,0
69,0
6X,2293
70,0
71,60
72,73
73,74
74,0
76,0
77,3
78,0
79,7E8
7X,339E
7E,1320
80,0
82,0
83,0
84,0
86,0
88,0
89,0
8X,3753
90,0
92,0
93,92
94,0
96,0
97,990
98,0
99,0
9X,4X23
9E,1EE6
X0,0
X1,XX
X2,4893
X3,102X
X4,0
X5,0
X6,0
X8,0
X9,36E
XX,0
E0,0
E1,86
E2,E3
E3,0
E4,0
E6,0
E8,0
E9,E8
EX,8963
EE,3X80
100,0
101,116
102,103
103,0
104,0
106,0
108,0
109,0
10X,0
10E,110
110,0
112,770E
113,112
114,0
115,8E3
116,0
118,0
119,0
11X,1260E
120,0
121,106
122,0
123,0
124,0
126,0
127,0
128,0
129,2844
12X,X73E
130,0
132,0
133,347E
134,0
135,170
136,0
137,47X0
138,0
139,0
13X,0
140,0
142,E693
143,0
144,0
146,0
148,0
149,148
14X,17633
14E,4670
150,0
151,36
152,1591E
153,0
154,0
155,156
156,0
158,0
159,4294
15X,16553
15E,8406
160,0
161,130
162,15653
163,3102
164,0
165,1073
166,0
168,0
169,0
16X,2203E
170,0
172,0
173,0
174,0
176,0
177,2213
178,0
179,17X
17X,0
180,0
182,0
183,0
184,0
185,0
186,0
187,410
188,0
189,47XX
18X,0
190,0
191,6366
192,16803
193,0
194,0
196,0
197,216
198,0
199,0
19X,18933
1X0,0
1X1,906
1X2,0
1X3,X2EX
1X4,0
1X6,0
1X8,0
1X9,0
1XX,2484E
1XE,0
1E0,0
1E2,20363
1E3,0
1E4,0
1E6,0
1E8,0
1E9,0
1EX,5353
1EE,8976
200,0
201,2E0
202,0
203,141E
204,0
206,0
207,110E0
208,0
209,0
20X,39433
20E,12E46
210,0
211,242
212,27773
213,602X
214,0
215,17X0
216,0
218,0
219,218
21X,0
220,0
222,32413
223,0
224,0
226,0
227,4620
228,0
229,X114
22X,0
22E,2X910
230,0
231,0
232,4059E
233,607E
234,0
235,E746
236,0
238,0
239,0
23X,46393
23E,3550
240,0
242,0
243,837X
244,0
245,2
246,0
247,0
248,0
249,0
24X,45X43
250,0
252,0
253,0
254,0
256,0
257,9X3
258,0
259,0
25X,3X24E
260,0
261,XX0
262,4X043
263,0
264,0
265,1833
266,0
268,0
269,0
26X,0
26E,132E0
270,0
272,0
273,0
274,0
275,5X0
276,0
278,0
279,12228
27X,27E
280,0
281,460
282,123943
283,0
284,0
286,0
287,34E56
288,0
289,116X2
28X,67153
28E,19E3
290,0
292,53973
293,0
294,0
296,0
297,34X
298,0
299,0
29X,0
29E,1X73
2X0,0
2X2,0
2X3,20994
2X4,0
2X5,7793
2X6,0
2X7,22216
2X8,0
2X9,1E1E
2XX,0
2E0,0
2E2,X729E
2E3,0
2E4,0
2E5,0
2E6,0
2E7,693
2E8,0
2E9,0
2EX,0
300,0
302,0
303,0
304,0
305,2796
306,0
308,0
309,0
30X,0
310,0
311,5973
312,61063
313,314
314,0
316,0
317,500
318,0
319,847E
31X,51273
31E,0
320,0
322,5190E
323,0
324,0
326,0
328,0
329,0
32X,80993
330,0
331,14E6
332,0
333,41848
334,0
335,24240
336,0
337,0
338,0
339,0
33X,72043
340,0
341,446
342,7X003
343,0
344,0
345,8666
346,0
348,0
349,347X4
34X,0
350,0
351,5933
352,0
353,0
354,0
355,80E16
356,0
358,0
359,19674
35X,6857E
360,0
361,E990
362,0
363,0
364,0
366,0
367,5236
368,0
369,0
36X,1074X3
36E,26846
370,0
371,112E6
372,0
373,1727E
374,0
376,0
378,0
379,0
37X,68083
37E,68260
380,0
381,1472
382,0
383,0
384,0
385,3426
386,0
387,103X6
388,0
389,62592
38X,134763
38E,0
390,0
392,EE413
393,E725X
394,0
395,396
396,0
398,0
399,0
39X,0
39E,187E0
3X0,0
3X1,920
3X2,E2E83
3X3,0
3X4,0
3X6,0
3X7,7360
3X8,0
3X9,4X4
3XX,85193
3E0,0
3E1,473
3E2,2365E3
3E3,0
3E4,0
3E6,0
3E8,0
3E9,3E8
3EX,0
3EE,0
400,0
402,0
403,X8942
404,0
405,44836
406,0
407,1X730
408,0
409,0
40X,1839E3
410,0
411,228X
412,0
413,78828
414,0
416,0
417,0
418,0
419,115414
41X,0
420,0
422,0
423,0
424,0
425,0
426,0
428,0
429,0
42X,0
42E,162X56
430,0
432,125063
433,0
434,0
436,0
438,0
439,0
43X,115753
43E,116E63
440,0
441,0
442,1XX2X3
443,0
444,0
445,1X150
446,0
448,0
449,1435XX
44X,2179E3
44E,90140
450,0
451,0
452,0
453,0
454,0
456,0
458,0
459,902
45X,0
460,0
461,23756
462,0
463,0
464,0
466,0
467,186XE6
468,0
469,0
46X,0
470,0
472,174663
473,0
474,0
475,0
476,0
477,48X60
478,0
479,135542
47X,0
47E,E46
480,0
482,157023
483,0
484,0
486,0
487,12X90
488,0
489,4X242
48X,0
490,0
491,8200
492,0
493,2E794
494,0
495,12856
496,0
498,0
499,0
49X,135193
49E,10X53
4X0,0
4X1,1E16
4X2,6E0613
4X3,106744
4X4,0
4X6,0
4X7,710
4X8,0
4X9,0
4XX,57799E
4XE,3108X6
4E0,0
4E2,0
4E3,0
4E4,0
4E5,444X0
4E6,0
4E7,0
4E8,0
4E9,60088
4EX,3432X3
500,0
501,9832
502,0
503,78232
504,0
505,0
506,0
508,0
509,0
50X,0
50E,104476
510,0
512,312523
513,0
514,0
515,400350
516,0
518,0
519,0
51X,X79X3
520,0
521,26X16
522,88E383
523,0
524,0
525,107336
526,0
528,0
529,67EEX4
52X,0
52E,X2936
530,0
532,171503
533,0
534,0
536,0
537,25683
538,0
539,0
53X,26EE03
53E,1832X3
540,0
542,0
543,X0034
544,0
546,0
547,0
548,0
549,0
54X,436203
54E,0
550,0
551,5780
552,0
553,0
554,0
555,8E06
556,0
558,0
559,66884X
55X,0
55E,3EE26
560,0
561,890
562,4X7593
563,0
564,0
566,0
567,2X9EE3
568,0
569,0
56X,512853
56E,895X0
570,0
571,11880
572,0
573,48E678
574,0
576,0
578,0
579,3EE874
57X,0
57E,76100
580,0
581,1E7E3
582,4X6033
583,0
584,0
586,0
588,0
589,0
58X,0
590,0
592,0
593,88814
594,0
595,0
596,0
597,30766
598,0
599,0
59X,224813
5X0,0
5X1,1746
5X2,345983
5X3,2X137X
5X4,0
5X5,0
5X6,0
5X7,0
5X8,0
5X9,280462
5XX,0
5XE,0
5E0,0
5E2,0
5E3,0
5E4,0
5E6,0
5E8,0
5E9,0
5EX,4320XE
600,0
601,153X0
602,8X0533
603,0
604,0
605,169970
606,0
607,59330
608,0
609,0
60X,0
60E,0
610,0
612,279703
613,E67X8X
614,0
616,0
618,0
619,0
61X,695943
620,0
621,14480
622,0
623,0
624,0
625,45290
626,0
627,119520
628,0
629,0
62X,295863
62E,906873
630,0
631,8413
632,0
633,0
634,0
635,51080
636,0
638,0
639,0
63X,0
640,0
641,E7196
642,8E716E
643,0
644,0
645,311X10
646,0
648,0
649,5X648
64X,49X203
64E,0
650,0
651,0
652,954723
653,0
654,0
656,0
657,0
658,0
659,0
65X,X213X3
65E,0
660,0
662,0
663,805EXX
664,0
666,0
667,0
668,0
669,0
66X,11X3
670,0
671,326
672,0
673,58244X
674,0
676,0
677,675690
678,0
679,0
67X,535233
67E,83410
680,0
681,4306
682,0
683,0
684,0
685,39E50
686,0
688,0
689,0
68X,0
690,0
691,1X310
692,520713
693,0
694,0
696,0
697,2573E6
698,0
699,0
69X,497733
6X0,0
6X1,2X530
6X2,0
6X3,0
6X4,0
6X5,151X50
6X6,0
6X8,0
6X9,E9X842
6XX,0
6XE,30066
6E0,0
6E2,X22483
6E3,0
6E4,0
6E5,475X0
6E6,0
6E7,121066
6E8,0
6E9,0
6EX,584353
6EE,5X0736
700,0
702,0
703,704
704,0
706,0
707,0
708,0
709,0
70X,9EX063
710,0
712,0
713,0
714,0
715,0
716,0
717,E7776
718,0
719,0
71X,0
720,0
722,0
723,0
724,0
725,41E683
726,0
728,0
729,72494X
72X,386X53
72E,637X70
730,0
731,37E76
732,0
733,E19534
734,0
736,0
738,0
739,0
73X,0
73E,17653
740,0
741,27850
742,0
743,4X947X
744,0
746,0
748,0
749,X7E8
74X,523183
74E,205E86
750,0
752,0
753,0
754,0
755,X61E6
756,0
757,0
758,0
759,714532
75X,0
75E,0
760,0
761,168700
762,E467X3
763,0
764,0
765,0
766,0
768,0
769,0
76X,0
770,0
772,0
773,0
774,0
776,0
777,39X6
778,0
779,0
77X,0
780,0
781,10X0
782,0
783,0
784,0
786,0
787,3003
788,0
789,0
78X,0
78E,539E00
790,0
792,0
793,0
794,0
795,0
796,0
798,0
799,0
79X,0
79E,0
7X0,0
7X2,0
7X3,0
7X4,0
7X5,565E50
7X6,0
7X7,713260
7X8,0
7X9,0
7XX,0
7XE,0
7E0,0
7E1,1X9706
7E2,723723
7E3,0
7E4,0
7E5,171643
7E6,0
7E7,X73X73
7E8,0
7E9,0
7EX,0
800,0
802,3E97E3
803,0
804,0
805,8572
806,0
807,731X50
808,0
809,0
80X,0
810,0
811,X0993
812,0
813,569778
814,0
815,31020
816,0
818,0
819,0
81X,0
81E,0
820,0
821,819716
822,0
823,0
824,0
826,0
827,0
828,0
829,0
82X,E87873
830,0
831,350E0
832,0
833,0
834,0
836,0
837,X29840
838,0
839,0
83X,2E7913
83E,6E2580
840,0
842,0
843,243058
844,0
845,E00E0
846,0
847,0
848,0
849,0
84X,0
84E,0
850,0
852,586823
853,0
854,0
856,0
857,510E50
858,0
859,3X5748
85X,0
860,0
861,0
862,532543
863,580414
864,0
866,0
868,0
869,0
86X,0
86E,0
870,0
872,5180E3
873,0
874,0
875,15466
876,0
877,455783
878,0
879,0
87X,0
87E,5680
880,0
882,0
883,0
884,0
885,616570
886,0
887,0
888,0
889,8X3228
88X,0
890,0
891,8703
892,0
893,0
894,0
895,0
896,0
897,E9616
898,0
899,0
89X,0
89E,EE00
8X0,0
8X1,X7E76
8X2,0
8X3,0
8X4,0
8X6,0
8X8,0
8X9,0
8XX,0
8E0,0
8E1,409EE0
8E2,0
8E3,0
8E4,0
8E6,0
8E8,0
8E9,785814
8EX,0
8EE,0
900,0
902,0
903,24X674
904,0
906,0
908,0
909,0
90X,0
910,0
911,20620
912,0
913,0
914,0
915,209600
916,0
917,50X860
918,0
919,59X758
91X,0
920,0
922,0
923,0
924,0
925,0
926,0
928,0
929,0
92X,0
92E,0
930,0
931,369400
932,0
933,0
934,0
935,X839E0
936,0
937,175333
938,0
939,0
93X,0
93E,0
940,0
941,1XX916
942,0
943,229504
944,0
945,0
946,0
947,46X80
948,0
949,0
94X,0
94E,858163
950,0
951,947036
952,0
953,0
954,0
956,0
957,E35286
958,0
959,0
95X,0
960,0
961,35690
962,0
963,0
964,0
966,0
967,0
968,0
969,0
96X,0
96E,0
970,0
972,0
973,0
974,0
975,57E790
976,0
977,15EX0
978,0
979,0
97X,0
97E,0
980,0
981,83960
982,0
983,0
984,0
985,4X1836
986,0
988,0
989,0
98X,0
98E,0
990,0
991,844206
992,0
993,0
994,0
996,0
997,3E02X0
998,0
999,0
99X,0
99E,0
9X0,0
9X1,8320
9X2,0
9X3,0
9X4,0
9X5,0
9X6,0
9X8,0
9X9,0
9XX,0
9E0,0
9E2,0
9E3,0
9E4,0
9E6,0
9E7,0
9E8,0
9E9,0
9EX,0
X00,0
X01,1850
X02,0
X03,0
X04,0
X05,0
X06,0
X08,0
X09,0
X0X,0
X10,0
X12,62491E
X13,0
X14,0
X15,0
X16,0
X18,0
X19,629088
X1X,0
X1E,0
X20,0
X21,E0X160
X22,0
X23,0
X24,0
X25,171X4X
X26,0
X28,0
X29,0
X2X,0
X2E,0
X30,0
X31,338116
X32,0
X33,0
X34,0
X36,0
X38,0
X39,0
X3X,XX7843
X40,0
X42,0
X43,0
X44,0
X46,0
X47,0
X48,0
X49,2E13X2
X4X,0
X50,0
X51,46233
X52,0
X53,0
X54,0
X55,0
X56,0
X57,247080
X58,0
X59,0
X5X,0
X60,0
X61,92303
X62,0
X63,0
X64,0
X65,0
X66,0
X67,0
X68,0
X69,0
X6X,0
X70,0
X71,0
X72,0
X73,0
X74,0
X75,0
X76,0
X78,0
X79,0
X7X,0
X7E,64XE56
X80,0
X81,145X20
X82,0
X83,0
X84,0
X85,9E20
X86,0
X88,0
X89,0
X8X,0
X8E,0
X90,0
X92,0
X93,0
X94,0
X96,0
X97,930890
X98,0
X99,0
X9X,0
XX0,0
XX1,411460
XX2,0
XX3,0
XX4,0
XX5,520366
XX6,0
XX8,0
XX9,0
XXX,0
XE0,0
XE1,0
XE2,0
XE3,0
XE4,0
XE5,613750
XE6,0
XE8,0
XE9,0
XEX,0
E00,0
E01,461716
E02,0
E03,0
E04,0
E05,0
E06,0
E07,526526
E08,0
E09,0
E0X,0
E0E,0
E10,0
E12,0
E13,0
E14,0
E16,0
E17,27E6E0
E18,0
E19,0
E1X,0
E20,0
E22,0
E23,0
E24,0
E26,0
E27,0
E28,0
E29,0
E2X,0
E30,0
E32,5XE443
E33,0
E34,0
E35,0
E36,0
E38,0
E39,0
E3X,0
E3E,0
E40,0
E41,0
E42,0
E43,0
E44,0
E46,0
E47,1E450
E48,0
E49,0
E4X,0
E4E,0
E50,0
E51,648X66
E52,0
E53,0
E54,0
E55,20XE6
E56,0
E57,7707X6
E58,0
E59,0
E5X,0
E5E,57750
E60,0
E62,0
E63,0
E64,0
E65,133766
E66,0
E68,0
E69,0
E6X,0
E70,0
E72,0
E73,0
E74,0
E75,612170
E76,0
E77,0
E78,0
E79,0
E7X,0
E7E,0
E80,0
E81,X7030
E82,0
E83,0
E84,0
E85,107083
E86,0
E87,490276
E88,0
E89,0
E8X,0
E8E,0
E90,0
E92,0
E93,0
E94,0
E96,0
E98,0
E99,0
E9X,0
E9E,0
EX0,0
EX1,0
EX2,0
EX3,0
EX4,0
EX6,0
EX7,0
EX8,0
EX9,0
EXX,0
EXE,0
EE0,0
EE1,X6X10
EE2,0
EE3,0
EE4,0
EE6,0
EE8,0
EE9,0
EEX,0
EEE,0
1000,0
