1,1
2,1
3,1
4,1
5,1
6,1
7,1
8,1
9,1
10,1
11,1
12,1
13,2
14,1
15,1
16,1
17,2
18,1
19,1
20,1
21,1
22,1
23,1
24,1
25,2
26,1
27,1
28,2
29,1
30,1
31,1
32,2
33,1
34,1
35,1
36,1
37,1
38,2
39,1
40,1
41,1
42,1
43,2
44,1
45,1
46,3
47,4
48,1
49,1
50,1
51,1
52,1
53,1
54,1
55,1
56,1
57,1
58,2
59,5
60,2
61,3
62,4
63,1
64,1
65,1
66,1
67,2
68,1
69,1
70,1
71,2
72,3
73,2
74,1
75,1
76,1
77,2
78,1
79,1
80,3
81,1
82,1
83,1
84,1
85,4
86,1
87,1
88,2
89,1
90,1
91,1
92,2
93,2
94,3
95,1
96,1
97,1
98,1
99,1
100,1
101,3
102,2
103,3
104,4
105,1
106,1
107,3
108,2
109,6
110,2
111,1
112,1
113,1
114,1
115,1
116,1
117,1
118,4
119,1
120,1
121,1
122,2
123,2
124,3
125,1
126,1
127,2
128,1
129,1
130,2
131,1
132,1
133,3
134,1
135,1
136,1
137,2
138,1
139,1
140,1
141,1
142,1
143,2
144,2
145,5
146,1
147,1
148,2
149,3
150,2
151,4
152,2
153,1
154,1
155,1
156,1
157,1
158,1
159,1
160,2
161,2
162,2
163,2
164,8
165,1
166,1
167,4
168,1
169,1
170,3
171,2
172,4
173,1
174,1
175,1
176,1
177,1
178,3
179,1
180,1
181,3
182,2
183,1
184,1
185,2
186,1
187,1
188,2
189,1
190,1
191,1
192,1
193,2
194,1
195,1
196,3
197,2
198,1
199,1
200,1
201,1
202,2
203,2
204,1
205,1
206,2
207,2
208,3
209,1
210,1
211,1
212,3
213,2
214,2
215,1
216,1
217,1
218,5
219,1
220,1
221,1
222,1
223,3
224,1
225,1
226,4
227,2
228,1
229,1
230,1
231,1
232,1
233,1
234,1
235,2
236,3
237,2
238,2
239,1
240,1
241,11
242,2
243,1
244,1
245,1
246,1
247,6
248,2
249,1
250,1
251,1
252,1
253,2
254,1
255,1
256,5
257,4
258,2
259,5
260,1
261,1
262,1
263,2
264,3
265,2
266,2
267,2
268,3
269,3
270,1
271,1
272,2
273,1
274,1
275,6
276,2
277,2
278,1
279,1
280,3
281,1
282,1
283,11
284,1
285,1
286,1
287,3
288,1
289,1
290,4
291,2
292,4
293,1
294,1
295,2
296,1
297,1
298,2
299,1
300,1
301,1
302,3
303,1
304,1
305,3
306,1
307,1
308,1
309,1
310,1
311,9
312,2
313,3
314,4
315,1
316,1
317,6
318,3
319,2
320,1
321,1
322,1
323,1
324,1
325,2
326,1
327,1
328,7
329,1
330,1
331,1
332,2
333,3
334,3
335,18
336,1
337,1
338,1
339,1
340,2
341,1
342,1
343,2
344,3
345,1
346,1
347,3
348,4
349,3
350,1
351,1
352,2
353,4
354,1
355,1
356,2
357,2
358,2
359,1
360,1
361,3
362,2
363,1
364,1
365,2
366,1
367,1
368,2
369,1
370,1
371,1
372,1
373,2
374,5
375,1
376,1
377,10
378,1
379,1
380,1
381,1
382,4
383,2
384,1
385,1
386,1
387,1
388,2
389,11
390,2
391,4
392,2
393,1
394,1
395,2
396,2
397,4
398,1
399,1
400,2
401,3
402,2
403,2
404,1
405,1
406,1
407,2
408,4
409,2
410,1
411,1
412,1
413,1
414,1
415,1
416,2
417,2
418,3
419,1
420,1
421,4
422,12
423,2
424,2
425,2
426,1
427,1
428,1
429,1
430,1
431,1
432,1
433,2
434,8
435,2
436,4
437,2
438,1
439,1
440,1
441,1
442,1
443,1
444,1
445,3
446,2
447,2
448,3
449,3
450,2
451,3
452,3
453,1
454,1
455,1
456,1
457,8
458,2
459,1
460,1
461,5
462,2
463,6
464,1
465,1
466,3
467,2
468,1
469,1
470,1
471,1
472,2
473,1
474,1
475,2
476,1
477,1
478,2
479,3
480,4
481,3
482,10
483,1
484,1
485,1
486,1
487,2
488,1
489,1
490,3
491,1
492,1
493,2
494,5
495,1
496,1
497,2
498,1
499,1
500,2
501,2
502,5
503,2
504,1
505,1
506,1
507,1
508,10
509,1
510,1
511,1
512,4
513,2
514,3
515,1
516,1
517,1
518,4
519,1
520,1
521,2
522,2
523,4
524,1
525,1
526,1
527,3
528,2
529,3
530,1
531,1
532,1
533,2
534,1
535,1
536,2
537,3
538,2
539,4
540,2
541,3
542,3
543,1
544,1
545,1
546,1
547,1
548,1
549,1
550,5
551,1
552,1
553,2
554,1
555,1
556,3
557,3
558,1
559,1
560,2
561,1
562,1
563,2
564,1
565,1
566,10
567,2
568,2
569,4
570,2
571,3
572,2
573,2
574,2
575,1
576,1
577,1
578,2
579,6
580,3
581,1
582,1
583,2
584,3
585,1
586,1
587,2
588,2
589,2
590,1
591,1
592,4
593,1
594,1
595,2
596,1
597,1
598,2
599,3
600,1
601,1
602,3
603,2
604,2
605,4
606,1
607,1
608,1
609,1
610,2
611,1
612,1
613,3
614,1
615,1
616,1
617,2
618,1
619,1
620,5
621,3
622,8
623,4
624,1
625,1
626,2
627,5
628,3
629,1
630,1
631,17
632,4
633,2
634,5
635,2
636,2
637,2
638,1
639,1
640,1
641,1
642,1
643,4
644,1
645,1
646,1
647,10
648,1
649,1
650,1
651,1
652,1
653,1
654,1
655,2
656,6
657,4
658,2
659,1
660,1
661,1
662,2
663,1
664,1
665,2
666,2
667,6
668,2
669,2
670,17
671,2
672,2
673,2
674,3
675,2
676,3
677,2
678,2
679,3
680,1
681,1
682,2
683,1
684,1
685,2
686,1
687,1
688,2
689,8
690,1
691,1
692,2
693,4
694,2
695,4
696,3
697,2
698,2
699,1
700,1
701,2
702,6
703,3
704,1
705,1
706,3
707,3
708,2
709,2
710,5
711,1
712,1
713,1
714,1
715,1
716,1
717,1
718,3
719,1
720,1
721,5
722,2
723,1
724,1
725,1
726,1
727,1
728,5
729,1
730,1
731,3
732,2
733,12
734,4
735,1
736,1
737,3
738,2
739,2
740,1
741,1
742,1
743,1
744,1
745,1
746,1
747,1
748,4
749,1
750,1
751,3
752,10
753,2
754,9
755,1
756,1
757,4
758,12
759,2
760,2
761,1
762,1
763,8
764,3
765,1
766,1
767,2
768,3
769,3
770,2
771,1
772,1
773,8
774,1
775,1
776,1
777,1
778,10
779,1
780,1
781,3
782,3
783,1
784,1
785,1
786,1
787,5
788,13
789,1
790,1
791,1
792,1
793,3
794,3
795,2
796,3
797,2
798,1
799,1
800,1
801,1
802,2
803,1
804,1
805,1
806,1
807,1
808,6
809,1
810,1
811,1
812,11
813,1
814,1
815,2
816,3
817,6
818,1
819,1
820,4
821,3
822,3
823,6
824,4
825,2
826,3
827,2
828,1
829,1
830,2
831,1
832,1
833,1
834,1
835,1
836,2
837,2
838,3
839,5
840,2
841,4
842,3
843,2
844,11
845,3
846,1
847,1
848,1
849,1
850,1
851,7
852,2
853,2
854,1
855,1
856,4
857,3
858,2
859,3
860,1
861,1
862,1
863,4
864,2
865,2
866,1
867,1
868,7
869,4
870,1
871,1
872,3
873,1
874,1
875,2
876,1
877,1
878,2
879,1
880,1
881,6
882,2
883,2
884,4
885,2
886,4
887,2
888,1
889,1
890,2
891,1
892,1
893,1
894,1
895,1
896,2
897,3
898,2
899,3
900,1
901,1
902,2
903,2
904,2
905,1
906,1
907,5
908,2
909,2
910,4
911,1
912,1
913,11
914,7
915,1
916,1
917,6
918,2
919,2
920,8
921,3
922,4
923,1
924,1
925,2
926,5
927,2
928,6
929,3
930,1
931,1
932,2
933,1
934,1
935,1
936,1
937,1
938,1
939,1
940,1
941,3
942,2
943,6
944,1
945,1
946,4
947,3
948,2
949,2
950,1
951,1
952,4
953,1
954,1
955,2
956,1
957,1
958,2
959,3
960,3
961,3
962,2
963,2
964,9
965,1
966,1
967,1
968,5
969,2
970,2
971,6
972,2
973,4
974,1
975,1
976,1
977,2
978,2
979,2
980,2
981,2
982,2
983,2
984,3
985,3
986,1
987,1
988,4
989,1
990,1
991,3
992,2
993,1
994,1
995,4
996,1
997,1
998,1
999,1
1000,1
1001,1
1002,1
1003,2
1004,4
1005,1
1006,1
1007,2
1008,1
1009,1
1010,3
1011,3
1012,2
1013,1
1014,1
1015,1
1016,9
1017,4
1018,2
1019,1
1020,1
1021,3
1022,6
1023,2
1024,3
1025,2
1026,1
1027,1
1028,2
1029,3
1030,4
1031,1
1032,1
1033,2
1034,1
1035,1
1036,3
1037,3
1038,2
1039,2
1040,1
1041,1
1042,1
1043,1
1044,1
1045,1
1046,3
1047,3
1048,6
1049,1
1050,1
1051,8
1052,4
1053,2
1054,2
1055,1
1056,1
1057,1
1058,2
1059,4
1060,2
1061,2
1062,4
1063,2
1064,1
1065,1
1066,1
1067,3
1068,1
1069,1
1070,1
1071,1
1072,1
1073,4
1074,2
1075,3
1076,1
1077,1
1078,3
1079,7
1080,1
1081,1
1082,2
1083,3
1084,2
1085,2
1086,3
1087,2
1088,9
1089,1
1090,1
1091,2
1092,3
1093,2
1094,3
1095,3
1096,15
1097,4
1098,2
1099,2
1100,4
1101,1
1102,1
1103,1
1104,1
1105,2
1106,1
1107,1
1108,3
1109,20
1110,1
1111,1
1112,2
1113,2
1114,2
1115,4
1116,2
1117,8
1118,1
1119,1
1120,1
1121,1
1122,1
1123,2
1124,5
1125,1
1126,1
1127,2
1128,2
1129,2
1130,2
1131,2
1132,9
1133,1
1134,1
1135,1
1136,1
1137,1
1138,3
1139,4
1140,1
1141,1
1142,2
1143,1
1144,1
1145,3
1146,1
1147,1
1148,1
1149,1
1150,3
1151,2
1152,4
1153,7
1154,1
1155,1
1156,1
1157,3
1158,5
1159,2
1160,2
1161,2
1162,2
1163,2
1164,2
1165,3
1166,1
1167,1
1168,2
1169,1
1170,1
1171,1
1172,3
1173,1
1174,1
1175,1
1176,1
1177,5
1178,1
1179,1
1180,2
1181,2
1182,2
1183,2
1184,3
1185,1
1186,1
1187,3
1188,1
1189,1
1190,1
1191,1
1192,1
1193,4
1194,1
1195,1
1196,1
1197,1
1198,2
1199,1
1200,1
1201,5
1202,4
1203,2
1204,2
1205,1
1206,1
1207,6
1208,1
1209,1
1210,3
1211,1
1212,1
1213,19
1214,4
1215,2
1216,4
1217,4
1218,1
1219,1
1220,1
1221,1
1222,2
1223,1
1224,1
1225,5
1226,2
1227,2
1228,6
1229,1
1230,1
1231,4
1232,3
1233,1
1234,1
1235,4
1236,1
1237,1
1238,1
1239,1
1240,4
1241,3
1242,2
1243,2
1244,7
1245,4
1246,3
1247,2
1248,2
1249,7
1250,2
1251,1
1252,1
1253,2
1254,4
1255,2
1256,2
1257,4
1258,4
1259,4
1260,1
1261,1
1262,16
1263,2
1264,3
1265,1
1266,1
1267,5
1268,4
1269,1
1270,1
1271,1
1272,1
1273,4
1274,1
1275,1
1276,1
1277,2
1278,1
1279,1
1280,2
1281,3
1282,5
1283,5
1284,3
1285,6
1286,3
1287,2
1288,2
1289,1
1290,1
1291,7
1292,2
1293,2
1294,9
1295,1
1296,1
1297,1
1298,6
1299,2
1300,3
1301,11
1302,2
1303,4
1304,1
1305,1
1306,4
1307,2
1308,1
1309,1
1310,1
1311,1
1312,5
1313,5
1314,3
1315,2
1316,1
1317,1
1318,2
1319,5
1320,2
1321,3
1322,7
1323,1
1324,1
1325,3
1326,2
1327,2
1328,1
1329,1
1330,1
1331,1
1332,1
1333,2
1334,5
1335,1
1336,1
1337,2
1338,1
1339,1
1340,16
1341,1
1342,1
1343,1
1344,1
1345,1
1346,1
1347,1
1348,2
1349,1
1350,1
1351,4
1352,2
1353,1
1354,1
1355,1
1356,1
1357,1
1358,2
1359,1
1360,1
1361,2
1362,2
1363,3
1364,1
1365,1
1366,1
1367,3
1368,2
1369,2
1370,1
1371,1
1372,18
1373,28
1374,1
1375,1
1376,1
1377,1
1378,7
1379,4
1380,2
1381,3
1382,2
1383,1
1384,1
1385,4
1386,3
1387,4
1388,1
1389,1
1390,3
1391,2
1392,2
1393,2
1394,1
1395,1
1396,1
1397,3
1398,1
1399,1
1400,1
1401,1
1402,1
1403,4
1404,5
1405,3
1406,2
1407,3
1408,12
1409,1
1410,1
1411,3
1412,2
1413,2
1414,2
1415,2
1416,1
1417,1
1418,1
1419,1
1420,4
1421,1
1422,1
1423,2
1424,3
1425,1
1426,1
1427,7
1428,1
1429,1
1430,1
1431,1
1432,5
1433,6
1434,2
1435,2
1436,2
1437,2
1438,3
1439,1
1440,1
1441,3
1442,4
1443,1
1444,1
1445,2
1446,2
1447,70
1448,1
1449,1
1450,2
1451,1
1452,1
1453,2
1454,1
1455,1
1456,4
1457,2
1458,1
1459,1
1460,2
1461,2
1462,2
1463,1
1464,1
1465,2
1466,11
1467,2
1468,3
1469,1
1470,1
1471,4
1472,3
1473,3
1474,2
1475,3
1476,1
1477,1
1478,1
1479,1
1480,3
1481,1
1482,1
1483,3
1484,1
1485,1
1486,1
1487,3
1488,2
1489,7
1490,5
1491,3
1492,4
1493,4
1494,3
1495,2
1496,3
1497,2
1498,6
1499,1
1500,1
1501,1
1502,2
1503,2
1504,9
1505,1
1506,1
1507,2
1508,8
1509,1
1510,1
1511,1
1512,1
1513,2
1514,3
1515,3
1516,11
1517,2
1518,1
1519,1
1520,1
1521,1
1522,2
1523,2
1524,1
1525,1
1526,7
1527,6
1528,2
1529,9
1530,1
1531,1
1532,6
1533,1
1534,1
1535,3
1536,2
1537,4
1538,2
1539,1
1540,1
1541,1
1542,1
1543,2
1544,1
1545,1
1546,7
1547,3
1548,4
1549,2
1550,2
1551,2
1552,5
1553,2
1554,1
1555,1
1556,9
1557,2
1558,6
1559,1
1560,1
1561,1
1562,2
1563,3
1564,2
1565,13
1566,2
1567,2
1568,1
1569,1
1570,4
1571,3
1572,2
1573,3
1574,4
1575,2
1576,12
1577,6
1578,2
1579,2
1580,3
1581,1
1582,1
1583,1
1584,1
1585,1
1586,2
1587,3
1588,2
1589,3
1590,1
1591,1
1592,2
1593,1
1594,1
1595,1
1596,1
1597,2
1598,5
1599,2
1600,3
1601,1
1602,1
1603,3
1604,1
1605,1
1606,11
1607,2
1608,1
1609,1
1610,1
1611,1
1612,2
1613,2
1614,1
1615,1
1616,5
1617,2
1618,2
1619,3
1620,2
1621,3
1622,4
1623,2
1624,10
1625,1
1626,1
1627,1
1628,1
1629,1
1630,1
1631,3
1632,2
1633,3
1634,5
1635,1
1636,1
1637,2
1638,2
1639,10
1640,3
1641,2
1642,2
1643,2
1644,2
1645,2
1646,5
1647,3
1648,3
1649,1
1650,1
1651,1
1652,2
1653,1
1654,1
1655,2
1656,1
1657,1
1658,17
1659,1
1660,1
1661,1
1662,1
1663,2
1664,1
1665,1
1666,1
1667,3
1668,2
1669,5
1670,2
1671,1
1672,1
1673,1
1674,1
1675,2
1676,2
1677,2
1678,4
1679,1
1680,1
1681,1
1682,3
1683,2
1684,2
1685,1
1686,1
1687,1
1688,10
1689,3
1690,2
1691,2
1692,3
1693,7
1694,1
1695,1
1696,1
1697,3
1698,2
1699,3
1700,5
1701,2
1702,6
1703,1
1704,1
1705,4
1706,1
1707,1
1708,2
1709,11
1710,2
1711,3
1712,3
1713,4
1714,2
1715,3
1716,1
1717,1
1718,2
1719,3
1720,3
1721,2
1722,4
1723,6
1724,1
1725,1
1726,3
1727,2
1728,1
1729,1
1730,1
1731,1
1732,1
1733,1
1734,1
1735,1
1736,6
1737,2
1738,3
1739,3
1740,2
1741,5
1742,2
1743,2
1744,2
1745,1
1746,1
1747,4
1748,2
1749,1
1750,1
1751,3
1752,4
1753,2
1754,3
1755,1
1756,1
1757,2
1758,1
1759,1
1760,2
1761,2
1762,5
1763,1
1764,1
1765,1
1766,1
1767,1
1768,3
1769,1
1770,1
1771,1
1772,3
1773,1
1774,1
1775,11
1776,2
1777,2
1778,1
1779,1
1780,1
1781,3
1782,2
1783,6
1784,5
1785,1
1786,1
1787,4
1788,2
1789,15
1790,1
1791,1
1792,1
1793,4
1794,2
1795,7
1796,1
1797,1
1798,2
1799,7
1800,3
1801,3
1802,2
1803,1
1804,1
1805,2
1806,1
1807,1
1808,1
1809,1
1810,3
1811,1
1812,1
1813,2
1814,4
1815,1
1816,1
1817,3
1818,1
1819,1
1820,3
1821,1
1822,1
1823,4
1824,2
1825,4
1826,10
1827,2
1828,6
1829,1
1830,1
1831,4
1832,3
1833,2
1834,5
1835,1
1836,1
1837,1
1838,1
1839,1
1840,7
1841,5
1842,2
1843,12
1844,3
1845,1
1846,1
1847,8
1848,1
1849,1
1850,1
1851,1
1852,4
1853,2
1854,1
1855,1
1856,5
1857,9
1858,2
1859,1
1860,1
1861,3
1862,3
1863,1
1864,1
1865,2
1866,1
1867,1
1868,6
1869,1
1870,1
1871,3
1872,2
1873,3
1874,4
1875,2
1876,49
1877,2
1878,4
1879,2
1880,1
1881,1
1882,2
1883,1
1884,1
1885,1
1886,5
1887,2
1888,6
1889,1
1890,1
1891,11
1892,3
1893,2
1894,2
1895,3
1896,1
1897,1
1898,1
1899,1
1900,3
1901,1
1902,1
1903,4
1904,3
1905,2
1906,4
1907,10
1908,3
1909,3
1910,1
1911,1
1912,1
1913,9
1914,3
1915,3
1916,1
1917,1
1918,2
1919,4
1920,2
1921,5
1922,2
1923,1
1924,1
1925,1
1926,1
1927,1
1928,8
1929,2
1930,3
1931,1
1932,1
1933,8
1934,3
1935,2
1936,4
1937,3
1938,1
1939,1
1940,1
1941,1
1942,5
1943,6
1944,1
1945,1
1946,3
1947,2
1948,2
1949,4
1950,3
1951,3
1952,4
1953,1
1954,1
1955,1
1956,1
1957,2
1958,1
1959,1
1960,1
1961,1
1962,1
1963,2
1964,1
1965,1
1966,1
1967,2
1968,2
1969,2
1970,2
1971,1
1972,1
1973,1
1974,1
1975,2
1976,3
1977,2
1978,3
1979,4
1980,2
1981,5
1982,2
1983,1
1984,1
1985,3
1986,3
1987,2
1988,2
1989,3
1990,3
1991,2
1992,3
1993,12
1994,1
1995,1
1996,7
1997,6
1998,2
1999,3
2000,1
2001,1
2002,1
2003,1
2004,1
2005,6
2006,1
2007,1
2008,3
2009,1
2010,1
2011,1
2012,3
2013,1
2014,1
2015,2
2016,3
2017,2
2018,5
2019,4
2020,2
2021,10
2022,2
2023,2
2024,1
2025,1
2026,1
2027,3
2028,1
2029,1
2030,4
2031,2
2032,8
2033,8
2034,3
2035,4
2036,1
2037,1
2038,4
2039,1
2040,1
2041,8
2042,2
2043,2
2044,5
2045,1
2046,1
2047,1
2048,2
2049,1
2050,1
2051,5
2052,2
2053,7
2054,3
2055,1
2056,1
2057,4
2058,2
2059,2
2060,3
2061,2
2062,4
2063,1
2064,1
2065,1
2066,1
2067,1
2068,2
2069,1
2070,1
2071,3
2072,2
2073,2
2074,2
2075,4
2076,1
2077,1
2078,1
2079,1
2080,1
2081,3
2082,2
2083,4
2084,3
2085,4
2086,4
2087,4
2088,1
2089,1
2090,7
2091,2
2092,2
2093,4
2094,2
2095,3
2096,5
2097,2
2098,4
2099,5
2100,1
2101,1
2102,7
2103,3
2104,3
2105,1
2106,1
2107,2
2108,1
2109,1
2110,1
2111,2
2112,2
2113,3
2114,1
2115,1
2116,1
2117,2
2118,3
2119,5
2120,1
2121,1
2122,1
2123,4
2124,3
2125,2
2126,1
2127,1
2128,2
2129,1
2130,1
2131,1
2132,2
2133,4
2134,2
2135,1
2136,1
2137,1
2138,9
2139,5
2140,7
2141,1
2142,1
2143,2
2144,1
2145,1
2146,3
2147,4
2148,1
2149,1
2150,2
2151,3
2152,2
2153,5
2154,3
2155,3
2156,2
2157,2
2158,6
2159,4
2160,2
2161,5
2162,2
2163,1
2164,1
2165,3
2166,2
2167,2
2168,1
2169,1
2170,1
2171,5
2172,2
2173,2
2174,1
2175,1
2176,8
2177,2
2178,1
2179,1
2180,2
2181,1
2182,1
2183,2
2184,2
2185,2
2186,1
2187,1
2188,2
2189,4
2190,2
2191,5
2192,14
2193,4
2194,3
2195,1
2196,1
2197,4
2198,1
2199,1
2200,3
2201,2
2202,2
2203,3
2204,1
2205,1
2206,12
2207,3
2208,2
2209,2
2210,1
2211,1
2212,1
2213,4
2214,3
2215,2
2216,2
2217,2
2218,19
2219,9
2220,1
2221,1
2222,2
2223,1
2224,1
2225,1
2226,1
2227,5
2228,1
2229,1
2230,3
2231,1
2232,1
2233,2
2234,7
2235,2
2236,5
2237,19
2238,2
2239,3
2240,1
2241,1
2242,1
2243,2
2244,5
2245,3
2246,1
2247,1
2248,4
2249,4
2250,2
2251,4
2252,2
2253,1
2254,1
2255,3
2256,1
2257,1
2258,1
2259,1
2260,1
2261,1
2262,1
2263,4
2264,8
2265,2
2266,3
2267,2
2268,3
2269,10
2270,4
2271,3
2272,4
2273,1
2274,1
2275,1
2276,2
2277,2
2278,3
2279,3
2280,1
2281,1
2282,2
2283,1
2284,1
2285,4
2286,3
2287,6
2288,2
2289,2
2290,2
2291,1
2292,1
2293,2
2294,3
2295,1
2296,1
2297,2
2298,1
2299,1
2300,2
2301,1
2302,1
2303,4
2304,3
2305,2
2306,6
2307,2
2308,4
2309,4
2310,1
2311,1
2312,7
2313,3
2314,2
2315,3
2316,4
2317,5
2318,1
2319,1
2320,1
2321,1
2322,1
2323,2
2324,1
2325,1
2326,1
2327,3
2328,1
2329,1
2330,2
2331,1
2332,1
2333,21
2334,2
2335,2
2336,1
2337,1
2338,4
2339,1
2340,1
2341,12
2342,7
2343,2
2344,2
2345,1
2346,1
2347,6
2348,2
2349,2
2350,6
2351,1
2352,1
2353,2
2354,4
2355,2
2356,5
2357,6
2358,2
2359,2
2360,1
2361,1
2362,1
2363,5
2364,1
2365,1
2366,1
2367,1
2368,2
2369,21
2370,2
2371,9
2372,4
2373,2
2374,2
2375,1
2376,1
2377,9
2378,2
2379,1
2380,1
2381,15
2382,4
2383,2
2384,3
2385,2
2386,3
2387,2
2388,2
2389,6
2390,3
2391,1
2392,1
2393,1
2394,1
2395,1
2396,1
2397,1
2398,3
2399,1
2400,1
2401,1
2402,4
2403,2
2404,3
2405,2
2406,1
2407,1
2408,1
2409,1
2410,4
2411,2
2412,2
2413,4
2414,5
2415,1
2416,1
2417,4
2418,5
2419,2
2420,2
2421,4
2422,2
2423,4
2424,2
2425,6
2426,18
2427,3
2428,3
2429,3
2430,1
2431,1
2432,3
2433,2
2434,3
2435,1
2436,1
2437,2
2438,1
2439,1
2440,4
2441,15
2442,2
2443,3
2444,1
2445,1
2446,7
2447,2
2448,2
2449,5
2450,4
2451,1
2452,1
2453,2
2454,1
2455,1
2456,5
2457,2
2458,2
2459,1
2460,1
2461,3
2462,3
2463,2
2464,2
2465,1
2466,1
2467,1
2468,1
2469,1
2470,3
2471,1
2472,1
2473,4
2474,3
2475,1
2476,1
2477,2
2478,1
2479,1
2480,3
2481,2
2482,2
2483,1
2484,1
2485,1
2486,1
2487,1
2488,6
2489,3
2490,3
2491,3
2492,2
2493,1
2494,1
2495,3
2496,1
2497,1
2498,6
2499,1
2500,1
2501,1
2502,1
2503,3
2504,1
2505,1
2506,1
2507,4
2508,3
2509,2
2510,1
2511,1
2512,1
2513,9
2514,3
2515,2
2516,3
2517,2
2518,3
2519,1
2520,1
2521,5
2522,3
2523,2
2524,15
2525,1
2526,1
2527,4
2528,2
2529,1
2530,1
2531,3
2532,5
2533,2
2534,4
2535,2
2536,3
2537,3
2538,1
2539,1
2540,1
2541,1
2542,2
2543,1
2544,1
2545,2
2546,3
2547,4
2548,2
2549,1
2550,1
2551,1
2552,6
2553,1
2554,1
2555,3
2556,1
2557,1
2558,4
2559,1
2560,1
2561,2
2562,2
2563,2
2564,4
2565,2
2566,4
2567,2
2568,2
2569,3
2570,5
2571,7
2572,2
2573,1
2574,1
2575,2
2576,1
2577,1
2578,2
2579,4
2580,2
2581,5
2582,6
2583,1
2584,1
2585,1
2586,1
2587,6
2588,8
2589,1
2590,1
2591,5
2592,2
2593,3
2594,1
2595,1
2596,5
2597,6
2598,1
2599,1
2600,2
2601,3
2602,10
2603,4
2604,1
2605,1
2606,3
2607,2
2608,2
2609,3
2610,3
2611,3
2612,3
2613,1
2614,1
2615,1
2616,1
2617,1
2618,1
2619,1
2620,3
2621,5
2622,2
2623,3
2624,4
2625,2
2626,4
2627,3
2628,2
2629,3
2630,1
2631,1
2632,2
2633,2
2634,7
2635,5
2636,1
2637,1
2638,4
2639,1
2640,1
2641,1
2642,2
2643,3
2644,6
2645,8
2646,3
2647,2
2648,1
2649,1
2650,2
2651,1
2652,1
2653,2
2654,1
2655,1
2656,3
2657,2
2658,2
2659,5
2660,2
2661,1
2662,1
2663,2
2664,2
2665,3
2666,1
2667,1
2668,4
2669,4
2670,4
2671,4
2672,2
2673,1
2674,1
2675,1
2676,1
2677,2
2678,2
2679,3
2680,15
2681,2
2682,2
2683,2
2684,4
2685,2
2686,3
2687,14
2688,2
2689,6
2690,1
2691,1
2692,5
2693,1
2694,1
2695,2
2696,1
2697,1
2698,6
2699,1
2700,1
2701,7
2702,3
2703,1
2704,1
2705,5
2706,1
2707,1
2708,1
2709,1
2710,1
2711,5
2712,2
2713,2
2714,3
2715,1
2716,1
2717,2
2718,1
2719,1
2720,1
2721,1
2722,1
2723,2
2724,1
2725,1
2726,2
2727,2
2728,4
2729,7
2730,3
2731,7
2732,4
2733,3
2734,2
2735,1
2736,1
2737,2
2738,1
2739,1
2740,1
2741,1
2742,1
2743,2
2744,17
2745,2
2746,27
2747,2
2748,2
2749,3
2750,1
2751,1
2752,1
2753,1
2754,1
2755,3
2756,6
2757,2
2758,3
2759,1
2760,1
2761,1
2762,2
2763,1
2764,1
2765,1
2766,1
2767,2
2768,2
2769,3
2770,3
2771,2
2772,2
2773,2
2774,3
2775,5
2776,4
2777,7
2778,1
2779,1
2780,2
2781,1
2782,1
2783,2
2784,1
2785,1
2786,1
2787,1
2788,3
2789,4
2790,1
2791,1
2792,7
2793,2
2794,2
2795,1
2796,1
2797,4
2798,9
2799,2
2800,5
2801,3
2802,6
2803,2
2804,3
2805,3
2806,3
2807,7
2808,4
2809,9
2810,2
2811,1
2812,1
2813,2
2814,2
2815,2
2816,11
2817,6
2818,2
2819,1
2820,1
2821,1
2822,2
2823,1
2824,1
2825,1
2826,1
2827,1
2828,1
2829,1
2830,1
2831,6
2832,2
2833,4
2834,1
2835,1
2836,4
2837,3
2838,2
2839,5
2840,3
2841,1
2842,1
2843,5
2844,1
2845,1
2846,1
2847,1
2848,2
2849,12
2850,1
2851,1
2852,3
2853,2
2854,6
2855,1
2856,1
2857,5
2858,1
2859,1
2860,6
2861,2
2862,2
2863,7
2864,4
2865,3
2866,5
2867,2
2868,1
2869,1
2870,1
2871,1
2872,1
2873,2
2874,1
2875,1
2876,2
2877,3
2878,4
2879,7
2880,2
2881,8
2882,2
2883,3
2884,3
2885,3
2886,3
2887,2
2888,2
2889,1
2890,1
2891,1
2892,1
2893,3
2894,69
2895,1
2896,1
2897,2
2898,2
2899,2
2900,1
2901,1
2902,5
2903,1
2904,1
2905,2
2906,1
2907,1
2908,2
2909,5
2910,1
2911,1
2912,3
2913,1
2914,1
2915,3
2916,3
2917,6
2918,4
2919,1
2920,1
2921,1
2922,1
2923,4
2924,1
2925,1
2926,1
2927,3
2928,1
2929,1
2930,1
2931,1
2932,10
2933,1
2934,1
2935,1
2936,2
2937,3
2938,7
2939,1
2940,1
2941,1
2942,3
2943,4
2944,2
2945,2
2946,2
2947,2
2948,1
2949,1
2950,2
2951,1
2952,1
2953,2
2954,3
2955,2
2956,4
2957,2
2958,2
2959,3
2960,2
2961,1
2962,1
2963,1
2964,1
2965,3
2966,2
2967,2
2968,3
2969,1
2970,1
2971,3
2972,2
2973,4
2974,2
2975,3
2976,1
2977,1
2978,6
2979,3
2980,4
2981,2
2982,2
2983,2
2984,3
2985,2
2986,3
2987,4
2988,2
2989,3
2990,1
2991,1
2992,2
2993,1
2994,1
2995,2
2996,5
2997,2
2998,4
2999,3
3000,3
3001,3
3002,2
3003,1
3004,1
3005,1
3006,1
3007,5
3008,8
3009,2
3010,2
3011,2
3012,2
3013,3
3014,1
3015,1
3016,7
3017,3
3018,1
3019,1
3020,9
3021,1
3022,1
3023,1
3024,1
3025,2
3026,1
3027,1
3028,2
3029,4
3030,2
3031,3
3032,10
3033,1
3034,1
3035,3
3036,1
3037,1
3038,6
3039,1
3040,1
3041,2
3042,3
3043,10
3044,1
3045,1
3046,1
3047,4
3048,4
3049,2
3050,1
3051,1
3052,6
3053,2
3054,5
3055,3
3056,1
3057,1
3058,8
3059,3
3060,1
3061,1
3062,4
3063,2
3064,5
3065,1
3066,1
3067,1
3068,16
3069,2
3070,2
3071,1
3072,1
3073,4
3074,3
3075,1
3076,1
3077,6
3078,3
3079,3
3080,4
3081,1
3082,1
3083,6
3084,3
3085,6
3086,1
3087,1
3088,4
3089,5
3090,6
3091,5
3092,6
3093,2
3094,2
3095,2
3096,3
3097,5
3098,1
3099,1
3100,1
3101,1
3102,1
3103,2
3104,4
3105,1
3106,1
3107,4
3108,1
3109,1
3110,1
3111,1
3112,8
3113,2
3114,1
3115,1
3116,5
3117,4
3118,2
3119,3
3120,2
3121,3
3122,2
3123,1
3124,1
3125,4
3126,2
3127,4
3128,1
3129,1
3130,12
3131,1
3132,1
3133,4
3134,1
3135,1
3136,1
3137,2
3138,1
3139,1
3140,3
3141,3
3142,2
3143,1
3144,1
3145,4
3146,2
3147,2
3148,3
3149,1
3150,1
3151,1
3152,11
3153,2
3154,5
3155,1
3156,1
3157,4
3158,1
3159,1
3160,2
3161,1
3162,1
3163,2
3164,1
3165,1
3166,7
3167,4
3168,1
3169,1
3170,6
3171,1
3172,1
3173,4
3174,2
3175,5
3176,1
3177,1
3178,2
3179,1
3180,1
3181,1
3182,3
3183,1
3184,1
3185,2
3186,1
3187,1
3188,16
3189,1
3190,1
3191,2
3192,3
3193,6
3194,1
3195,1
3196,4
3197,3
3198,1
3199,1
3200,2
3201,3
3202,2
3203,5
3204,3
3205,2
3206,2
3207,2
3208,4
3209,3
3210,1
3211,1
3212,10
3213,1
3214,1
3215,4
3216,5
3217,4
3218,4
3219,4
3220,3
3221,7
3222,2
3223,2
3224,1
3225,1
3226,1
3227,2
3228,2
3229,2
3230,2
3231,2
3232,4
3233,5
3234,1
3235,1
3236,1
3237,1
3238,2
3239,3
3240,1
3241,1
3242,2
3243,2
3244,3
3245,1
3246,1
3247,5
3248,9
3249,5
3250,2
3251,2
3252,2
3253,30
3254,7
3255,3
3256,8
3257,12
3258,2
3259,2
3260,1
3261,1
3262,2
3263,5
3264,1
3265,1
3266,2
3267,5
3268,4
3269,3
3270,3
3271,8
3272,3
3273,1
3274,1
3275,1
3276,1
3277,1
3278,9
3279,6
3280,2
3281,1
3282,1
3283,3
3284,1
3285,1
3286,1
3287,2
3288,1
3289,1
3290,1
3291,1
3292,4
3293,2
3294,2
3295,4
3296,2
3297,2
3298,4
3299,1
3300,1
3301,3
3302,3
3303,1
3304,1
3305,2
3306,3
3307,2
3308,6
3309,1
3310,1
3311,3
3312,2
3313,12
3314,3
3315,2
3316,16
3317,2
3318,1
3319,1
3320,3
3321,5
3322,5
3323,2
3324,2
3325,4
3326,1
3327,1
3328,2
3329,1
3330,1
3331,1
3332,2
3333,2
3334,2
3335,2
3336,1
3337,1
3338,4
3339,1
3340,1
3341,3
3342,2
3343,6
3344,1
3345,1
3346,1
3347,3
3348,3
3349,2
3350,1
3351,1
3352,1
3353,2
3354,1
3355,1
3356,3
3357,6
3358,3
3359,1
3360,1
3361,4
3362,4
3363,2
3364,2
3365,3
3366,1
3367,1
3368,1
3369,1
3370,3
3371,5
3372,2
3373,15
3374,3
3375,2
3376,9
3377,3
3378,2
3379,3
3380,1
3381,1
3382,1
3383,13
3384,2
3385,6
3386,6
3387,4
3388,2
3389,1
3390,1
3391,1
3392,2
3393,3
3394,2
3395,1
3396,1
3397,1
3398,2
3399,2
3400,4
3401,1
3402,1
3403,2
3404,5
3405,2
3406,4
3407,2
3408,2
3409,3
3410,3
3411,1
3412,1
3413,1
3414,1
3415,1
3416,1
3417,1
3418,10
3419,8
3420,1
3421,1
3422,2
3423,2
3424,2
3425,4
3426,3
3427,2
3428,1
3429,1
3430,2
3431,1
3432,1
3433,11
3434,1
3435,1
3436,1
3437,10
3438,2
3439,2
3440,2
3441,1
3442,1
3443,6
3444,3
3445,2
3446,5
3447,2
3448,3
3449,1
3450,1
3451,4
3452,2
3453,1
3454,1
3455,1
3456,1
3457,2
3458,1
3459,1
3460,2
3461,3
3462,3
3463,7
3464,5
3465,2
3466,4
3467,3
3468,2
3469,2
3470,2
3471,2
3472,5
3473,1
3474,1
3475,1
3476,2
3477,2
3478,2
3479,1
3480,1
3481,1
3482,4
3483,1
3484,1
3485,1
3486,1
3487,4
3488,1
3489,1
3490,3
3491,1
3492,1
3493,3
3494,3
3495,1
3496,1
3497,7
3498,1
3499,1
3500,1
3501,1
3502,2
3503,2
3504,3
3505,4
3506,1
3507,1
3508,2
3509,1
3510,1
3511,3
3512,3
3513,1
3514,1
3515,4
3516,6
3517,5
3518,2
3519,1
3520,1
3521,1
3522,1
3523,3
3524,4
3525,3
3526,4
3527,2
3528,1
3529,1
3530,4
3531,6
3532,5
3533,4
3534,1
3535,1
3536,2
3537,2
3538,2
3539,1
3540,1
3541,7
3542,4
3543,2
3544,2
3545,20
3546,4
3547,9
3548,4
3549,2
3550,10
3551,1
3552,1
3553,6
3554,1
3555,1
3556,3
3557,4
3558,3
3559,9
3560,1
3561,1
3562,2
3563,1
3564,1
3565,1
3566,5
3567,3
3568,4
3569,17
3570,2
3571,7
3572,18
3573,2
3574,3
3575,1
3576,1
3577,6
3578,14
3579,1
3580,1
3581,2
3582,2
3583,3
3584,5
3585,2
3586,3
3587,2
3588,1
3589,1
3590,6
3591,3
3592,2
3593,1
3594,1
3595,3
3596,1
3597,1
3598,6
3599,3
3600,2
3601,3
3602,2
3603,1
3604,1
3605,1
3606,1
3607,1
3608,2
3609,1
3610,1
3611,5
3612,2
3613,4
3614,1
3615,1
3616,3
3617,31
3618,1
3619,1
3620,2
3621,1
3622,1
3623,1
3624,1
3625,8
3626,1
3627,1
3628,3
3629,3
3630,2
3631,5
3632,4
3633,2
3634,2
3635,7
3636,2
3637,2
3638,2
3639,2
3640,2
3641,1
3642,1
3643,7
3644,3
3645,4
3646,3
3647,6
3648,1
3649,1
3650,3
3651,3
3652,9
3653,1
3654,1
3655,1
3656,5
3657,2
3658,2
3659,4
3660,1
3661,1
3662,3
3663,2
3664,2
3665,1
3666,1
3667,1
3668,4
3669,7
3670,30
3671,2
3672,5
3673,3
3674,1
3675,1
3676,1
3677,4
3678,2
3679,2
3680,6
3681,2
3682,4
3683,2
3684,1
3685,1
3686,11
3687,2
3688,2
3689,4
3690,2
3691,3
3692,2
3693,2
3694,7
3695,2
3696,1
3697,1
3698,4
3699,2
3700,3
3701,7
3702,4
3703,2
3704,3
3705,1
3706,1
3707,2
3708,1
3709,1
3710,4
3711,2
3712,4
3713,2
3714,8
3715,4
3716,1
3717,1
3718,7
3719,3
3720,2
3721,57
3722,2
3723,2
3724,2
3725,1
3726,1
3727,6
3728,1
3729,1
3730,1
3731,2
3732,2
3733,3
3734,3
3735,2
3736,5
3737,2
3738,1
3739,1
3740,1
3741,1
3742,2
3743,1
3744,1
3745,1
3746,2
3747,4
3748,3
3749,1
3750,1
3751,4
3752,48
3753,1
3754,1
3755,6
3756,3
3757,5
3758,1
3759,1
3760,4
3761,1
3762,1
3763,2
3764,1
3765,1
3766,4
3767,3
3768,1
3769,1
3770,1
3771,1
3772,4
3773,1
3774,1
3775,1
3776,5
3777,2
3778,3
3779,1
3780,1
3781,1
3782,10
3783,2
3784,2
3785,2
3786,1
3787,1
3788,1
3789,1
3790,2
3791,1
3792,1
3793,2
3794,1
3795,1
3796,1
3797,2
3798,2
3799,3
3800,2
3801,1
3802,1
3803,1
3804,1
3805,6
3806,3
3807,2
3808,2
3809,4
3810,1
3811,1
3812,3
3813,4
3814,9
3815,2
3816,2
3817,2
3818,2
3819,1
3820,1
3821,1
3822,1
3823,4
3824,1
3825,1
3826,8
3827,2
3828,2
3829,3
3830,2
3831,3
3832,2
3833,2
3834,1
3835,1
3836,1
3837,1
3838,3
3839,3
3840,1
3841,1
3842,4
3843,1
3844,1
3845,1
3846,1
3847,4
3848,2
3849,1
3850,1
3851,1
3852,1
3853,2
3854,7
3855,3
3856,7
3857,2
3858,1
3859,1
3860,2
3861,1
3862,1
3863,1
3864,1
3865,2
3866,7
3867,2
3868,2
3869,8
3870,1
3871,1
3872,3
3873,2
3874,2
3875,5
3876,1
3877,1
3878,1
3879,1
3880,1
3881,5
3882,2
3883,3
3884,4
3885,2
3886,5
3887,4
3888,2
3889,5
3890,2
3891,5
3892,2
3893,5
3894,1
3895,1
3896,1
3897,1
3898,3
3899,3
3900,2
3901,4
3902,2
3903,3
3904,3
3905,2
3906,3
3907,2
3908,1
3909,1
3910,2
3911,1
3912,1
3913,6
3914,1
3915,1
3916,3
3917,2
3918,2
3919,5
3920,1
3921,1
3922,4
3923,6
3924,3
3925,4
3926,1
3927,1
3928,6
3929,12
3930,6
3931,4
3932,2
3933,1
3934,1
3935,2
3936,1
3937,1
3938,1
3939,1
3940,1
3941,1
3942,1
3943,2
3944,4
3945,5
3946,3
3947,2
3948,2
3949,2
3950,1
3951,1
3952,2
3953,1
3954,1
3955,4
3956,2
3957,3
3958,3
3959,1
3960,1
3961,3
3962,4
3963,1
3964,1
3965,2
3966,1
3967,1
3968,1
3969,1
3970,2
3971,3
3972,2
3973,10
3974,1
3975,1
3976,1
3977,2
3978,2
3979,9
3980,2
3981,1
3982,1
3983,4
3984,2
3985,4
3986,11
3987,4
3988,4
3989,4
3990,2
3991,4
3992,6
3993,2
3994,5
3995,6
3996,1
3997,1
3998,2
3999,3
4000,2
4001,3
4002,2
4003,28
4004,1
4005,1
4006,1
4007,3
4008,1
4009,1
4010,5
4011,3
4012,13
4013,6
4014,2
4015,2
4016,2
4017,2
4018,2
4019,1
4020,1
4021,24
4022,2
4023,2
4024,2
4025,4
4026,1
4027,1
4028,2
4029,1
4030,1
4031,5
4032,2
4033,6
4034,1
4035,1
4036,4
4037,3
4038,3
4039,7
4040,1
4041,1
4042,9
4043,1
4044,1
4045,1
4046,1
4047,1
4048,2
4049,4
4050,1
4051,1
4052,7
4053,3
4054,2
4055,1
4056,1
4057,2
4058,1
4059,1
4060,3
4061,1
4062,1
4063,2
4064,7
4065,5
4066,7
4067,2
4068,2
4069,6
4070,3
4071,3
4072,5
4073,1
4074,1
4075,2
4076,3
4077,10
4078,8
4079,3
4080,1
4081,1
4082,7
4083,1
4084,1
4085,1
4086,1
4087,2
4088,4
4089,1
4090,1
4091,2
4092,2
4093,7
4094,5
4095,1
4096,1
