1,1
2,1
3,1
4,1
5,1
6,1
7,1
8,1
9,1
X,1
E,1
10,1
11,11
12,1
13,4
14,1
15,3
16,1
17,2
18,1
19,2
1X,1
1E,2
21,1
22,1E
23,1
24,3
25,1
26,2
27,1
28,2
29,1
2X,2
2E,1
30,1
31,11
32,1
33,5
34,1
35,3
36,1
37,2
38,1
39,2
3X,1
3E,2
41,1
42,6
43,1
44,15
45,1
46,2
47,1
48,2
49,1
4X,2
4E,1
50,1
51,11
52,1
53,6
54,1
55,3
56,1
57,2
58,1
59,2
5X,1
5E,2
61,1
62,8
63,1
64,4
65,1
66,13
67,1
68,5
69,1
6X,4
6E,1
70,1
71,11
72,1
73,4
74,1
75,3
76,1
77,3
78,1
79,4
7X,1
7E,4
81,1
82,6
83,1
84,3
85,1
86,3
87,1
88,12
89,1
8X,4
8E,1
90,1
91,11
92,1
93,5
94,1
95,8
96,1
97,6
98,1
99,7
9X,1
9E,6
X1,1
X2,8
X3,1
X4,3
X5,1
X6,3
X7,1
X8,5
X9,1
XX,7
XE,1
E0,1
E1,12
E2,1
E3,18
E4,1
E5,1X
E6,1
E7,29
E8,1
E9,45
EX,1
EE,111
101,1
102,6
103,1
104,4
105,1
106,2
107,1
108,2
109,1
10X,2
10E,1
110,11
111,1E
112,6
113,4
114,4
115,3
116,2
117,2
118,2
119,2
11X,2
11E,2
121,1
122,7
123,1
124,4
125,1
126,2
127,1
128,2
129,1
12X,2
12E,1
130,5
131,14
132,5
133,1E
134,7
135,3
136,2
137,2
138,2
139,2
13X,2
13E,2
141,1
142,6
143,1
144,3
145,1
146,2
147,1
148,2
149,1
14X,2
14E,1
150,3
151,14
152,3
153,5
154,7
155,12
156,2
157,2
158,2
159,2
15X,2
15E,2
161,1
162,7
163,1
164,3
165,1
166,3
167,1
168,8
169,1
16X,4
16E,1
170,3
171,12
172,3
173,4
174,4
175,4
176,5
177,X
178,3
179,4
17X,3
17E,4
181,1
182,6
183,1
184,4
185,1
186,6
187,1
188,5
189,1
18X,4
18E,1
190,5
191,15
192,5
193,6
194,7
195,3
196,5
197,3
198,7
199,5
19X,6
19E,6
1X1,1
1X2,7
1X3,1
1X4,9
1X5,1
1X6,X
1X7,1
1X8,E
1X9,1
1XX,E
1XE,1
1E0,17
1E1,11
1E2,18
1E3,5
1E4,17
1E5,3
1E6,29
1E7,3
1E8,37
1E9,5
1EX,161
1EE,11
201,16
202,6
203,4
204,3
205,4
206,2
207,2
208,2
209,2
20X,2
20E,2
210,1
211,11
212,1
213,4
214,1
215,4
216,1
217,2
218,1
219,2
21X,1
21E,2
221,34
222,E6
223,4
224,3
225,4
226,2
227,2
228,2
229,2
22X,2
22E,2
230,1
231,11
232,1
233,5
234,1
235,8
236,1
237,2
238,1
239,2
23X,1
23E,2
241,3
242,6
243,3
244,15
245,5
246,2
247,2
248,2
249,2
24X,2
24E,2
250,1
251,11
252,1
253,6
254,1
255,3
256,1
257,2
258,1
259,2
25X,1
25E,2
261,3
262,8
263,3
264,4
265,4
266,13
267,14
268,5
269,3
26X,4
26E,3
270,1
271,11
272,1
273,4
274,1
275,3
276,1
277,3
278,1
279,4
27X,1
27E,4
281,E
282,6
283,4
284,3
285,4
286,3
287,6
288,12
289,4
28X,4
28E,4
290,1
291,11
292,1
293,6
294,1
295,8
296,1
297,6
298,1
299,19
29X,1
29E,6
2X1,9
2X2,8
2X3,9
2X4,3
2X5,8
2X6,3
2X7,E
2X8,5
2X9,E
2XX,7
2XE,2E
2E0,1
2E1,12
2E2,1
2E3,1X
2E4,1
2E5,1X
2E6,1
2E7,26
2E8,1
2E9,105
2EX,1
2EE,115
301,1
302,6
303,1
304,4
305,1
306,2
307,1
308,2
309,1
30X,2
30E,1
310,11
311,3X
312,6
313,4
314,4
315,3
316,2
317,2
318,2
319,2
31X,2
31E,2
321,1
322,7
323,1
324,4
325,1
326,2
327,1
328,2
329,1
32X,2
32E,1
330,5
331,15
332,5
333,13
334,7
335,3
336,2
337,2
338,2
339,2
33X,2
33E,2
341,1
342,6
343,1
344,3
345,1
346,2
347,1
348,2
349,1
34X,2
34E,1
350,3
351,13
352,3
353,6
354,11
355,9
356,2
357,2
358,2
359,2
35X,2
35E,2
361,1
362,E
363,1
364,3
365,1
366,3
367,1
368,15
369,1
36X,4
36E,1
370,3
371,13
372,3
373,4
374,4
375,4
376,5
377,X
378,3
379,4
37X,3
37E,4
381,1
382,6
383,1
384,4
385,1
386,6
387,1
388,5
389,1
38X,4
38E,1
390,5
391,14
392,5
393,6
394,14
395,3
396,5
397,3
398,31
399,X
39X,6
39E,6
3X1,1
3X2,X
3X3,1
3X4,X
3X5,1
3X6,X
3X7,1
3X8,E
3X9,1
3XX,E
3XE,1
3E0,15
3E1,11
3E2,15
3E3,7
3E4,1X
3E5,3
3E6,25
3E7,3
3E8,131
3E9,7
3EX,64
3EE,11
401,14
402,9
403,4
404,3
405,4
406,2
407,2
408,2
409,2
40X,2
40E,2
410,1
411,11
412,1
413,4
414,1
415,4
416,1
417,2
418,1
419,2
41X,1
41E,2
421,7
422,2X
423,4
424,3
425,4
426,2
427,2
428,2
429,2
42X,2
42E,2
430,1
431,11
432,1
433,7
434,1
435,11
436,1
437,2
438,1
439,2
43X,1
43E,2
441,12
442,18
443,12
444,59
445,53
446,2
447,2
448,2
449,2
44X,2
44E,2
450,1
451,11
452,1
453,7
454,1
455,11
456,1
457,2
458,1
459,2
45X,1
45E,2
461,7
462,8
463,4
464,4
465,4
466,13
467,7
468,5
469,4
46X,4
46E,4
470,1
471,11
472,1
473,4
474,1
475,4
476,1
477,X
478,1
479,4
47X,1
47E,4
481,E
482,9
483,4
484,3
485,4
486,3
487,7
488,12
489,4
48X,4
48E,4
490,1
491,12
492,1
493,7
494,1
495,8
496,1
497,15
498,1
499,7
49X,1
49E,8
4X1,7
4X2,8
4X3,E
4X4,3
4X5,8
4X6,3
4X7,E
4X8,12
4X9,E
4XX,9
4XE,2E
4E0,1
4E1,12
4E2,1
4E3,19
4E4,1
4E5,1X
4E6,1
4E7,35
4E8,1
4E9,47
4EX,1
4EE,113
501,1
502,8
503,1
504,4
505,1
506,2
507,1
508,2
509,1
50X,2
50E,1
510,11
511,5X
512,8
513,4
514,4
515,4
516,2
517,2
518,2
519,2
51X,2
51E,2
521,1
522,7
523,1
524,4
525,1
526,2
527,1
528,2
529,1
52X,2
52E,1
530,7
531,14
532,8
533,13
534,7
535,8
536,2
537,2
538,2
539,2
53X,2
53E,2
541,1
542,8
543,1
544,3
545,1
546,2
547,1
548,2
549,1
54X,2
54E,1
550,3
551,13
552,3
553,5
554,7
555,9
556,2
557,2
558,2
559,2
55X,2
55E,2
561,1
562,7
563,1
564,3
565,1
566,3
567,1
568,8
569,1
56X,4
56E,1
570,3
571,13
572,3
573,4
574,4
575,4
576,19
577,11
578,3
579,4
57X,3
57E,4
581,1
582,E
583,1
584,4
585,1
586,E
587,1
588,E
589,1
58X,4
58E,1
590,7
591,14
592,8
593,11
594,7
595,8
596,45
597,11
598,7
599,5
59X,44
59E,8
5X1,1
5X2,7
5X3,1
5X4,E
5X5,1
5X6,E
5X7,1
5X8,E
5X9,1
5XX,E
5XE,1
5E0,13
5E1,11
5E2,13
5E3,5
5E4,17
5E5,9
5E6,121
5E7,9
5E8,43
5E9,5
5EX,83
5EE,11
601,12
602,6
603,6
604,3
605,12
606,2
607,2
608,2
609,2
60X,2
60E,2
610,1
611,11
612,1
613,6
614,1
615,9
616,1
617,2
618,1
619,2
61X,1
61E,2
621,9
622,1E
623,9
624,3
625,5
626,2
627,2
628,2
629,2
62X,2
62E,2
630,1
631,11
632,1
633,5
634,1
635,11
636,1
637,2
638,1
639,2
63X,1
63E,2
641,5
642,6
643,6
644,15
645,5
646,2
647,2
648,2
649,2
64X,2
64E,2
650,1
651,11
652,1
653,6
654,1
655,11
656,1
657,2
658,1
659,2
65X,1
65E,2
661,23
662,19
663,17
664,15
665,3X
666,3X
667,27
668,3E
669,9
66X,16
66E,9
670,1
671,12
672,1
673,5
674,1
675,9
676,1
677,9
678,1
679,5
67X,1
67E,X
681,5
682,6
683,6
684,3
685,5
686,3
687,5
688,12
689,17
68X,6
68E,5
690,1
691,12
692,1
693,5
694,1
695,12
696,1
697,6
698,1
699,X
69X,1
69E,6
6X1,E
6X2,X
6X3,E
6X4,3
6X5,E
6X6,3
6X7,X
6X8,4E
6X9,X
6XX,9
6XE,2E
6E0,1
6E1,13
6E2,1
6E3,18
6E4,1
6E5,52
6E6,1
6E7,38
6E8,1
6E9,42
6EX,1
6EE,113
701,1
702,6
703,1
704,X
705,1
706,2
707,1
708,2
709,1
70X,2
70E,1
710,11
711,3X
712,6
713,5
714,11
715,15
716,2
717,2
718,2
719,2
71X,2
71E,2
721,1
722,9
723,1
724,9
725,1
726,2
727,1
728,2
729,1
72X,2
72E,1
730,5
731,14
732,5
733,27
734,11
735,15
736,2
737,2
738,2
739,2
73X,2
73E,2
741,1
742,6
743,1
744,3
745,1
746,2
747,1
748,2
749,1
74X,2
74E,1
750,3
751,14
752,3
753,6
754,67
755,16
756,2
757,2
758,2
759,2
75X,2
75E,2
761,1
762,8
763,1
764,3
765,1
766,3
767,1
768,8
769,1
76X,9
76E,1
770,3
771,15
772,3
773,7
774,34
775,8
776,5
777,11
778,3
779,7
77X,3
77E,11
781,1
782,6
783,1
784,5
785,1
786,6
787,1
788,5
789,1
78X,6
78E,1
790,5
791,12
792,5
793,6
794,37
795,8
796,5
797,6
798,8
799,11
79X,6
79E,6
7X1,1
7X2,8
7X3,1
7X4,9
7X5,1
7X6,E
7X7,1
7X8,E
7X9,1
7XX,E
7XE,1
7E0,13
7E1,11
7E2,13
7E3,7
7E4,117
7E5,11
7E6,32
7E7,11
7E8,32
7E9,7
7EX,62
7EE,11
801,12
802,8
803,12
804,5
805,8
806,2
807,2
808,2
809,2
80X,2
80E,2
810,1
811,11
812,1
813,11
814,1
815,8
816,1
817,2
818,1
819,2
81X,1
81E,2
821,7
822,3X
823,9
824,5
825,7
826,2
827,2
828,2
829,2
82X,2
82E,2
830,1
831,11
832,1
833,7
834,1
835,8
836,1
837,2
838,1
839,2
83X,1
83E,2
841,3
842,8
843,3
844,15
845,8
846,2
847,2
848,2
849,2
84X,2
84E,2
850,1
851,14
852,1
853,7
854,1
855,3
856,1
857,2
858,1
859,2
85X,1
85E,2
861,3
862,8
863,3
864,5
865,7
866,32
867,7
868,5
869,3
86X,E
86E,3
870,1
871,1E
872,1
873,13
874,1
875,3
876,1
877,3
878,1
879,X
87X,1
87E,X
881,14
882,7
883,15
884,X
885,21
886,7
887,21
888,85
889,4E
88X,5E
88E,27
890,1
891,13
892,1
893,13
894,1
895,8
896,1
897,9
898,1
899,X
89X,1
89E,8
8X1,9
8X2,8
8X3,9
8X4,5
8X5,8
8X6,7
8X7,X
8X8,5
8X9,X
8XX,7
8XE,2X
8E0,1
8E1,14
8E2,1
8E3,47
8E4,1
8E5,23
8E6,1
8E7,2X
8E8,1
8E9,56
8EX,1
8EE,122
901,1
902,X
903,1
904,4
905,1
906,2
907,1
908,2
909,1
90X,2
90E,1
910,11
911,58
912,X
913,4
914,4
915,3
916,2
917,2
918,2
919,2
91X,2
91E,2
921,1
922,7
923,1
924,4
925,1
926,2
927,1
928,2
929,1
92X,2
92E,1
930,5
931,17
932,5
933,32
934,7
935,3
936,2
937,2
938,2
939,2
93X,2
93E,2
941,1
942,9
943,1
944,5
945,1
946,2
947,1
948,2
949,1
94X,2
94E,1
950,9
951,17
952,X
953,12
954,7
955,12
956,2
957,2
958,2
959,2
95X,2
95E,2
961,1
962,7
963,1
964,4
965,1
966,7
967,1
968,2E
969,1
96X,4
96E,1
970,9
971,12
972,2X
973,4
974,4
975,4
976,9
977,11
978,9
979,4
97X,4
97E,4
981,1
982,27
983,1
984,4
985,1
986,27
987,1
988,12
989,1
98X,4
98E,1
990,7
991,12
992,33
993,11
994,7
995,3
996,9
997,3
998,7
999,5
99X,33
99E,11
9X1,1
9X2,7
9X3,1
9X4,9
9X5,1
9X6,E
9X7,1
9X8,E
9X9,1
9XX,E
9XE,1
9E0,35
9E1,11
9E2,85
9E3,5
9E4,27
9E5,3
9E6,29
9E7,3
9E8,32
9E9,5
9EX,74
9EE,11
X01,12
X02,6
X03,4
X04,4
X05,4
X06,2
X07,2
X08,2
X09,2
X0X,2
X0E,2
X10,1
X11,11
X12,1
X13,4
X14,1
X15,4
X16,1
X17,2
X18,1
X19,2
X1X,1
X1E,2
X21,12
X22,2E
X23,4
X24,4
X25,4
X26,2
X27,2
X28,2
X29,2
X2X,2
X2E,2
X30,1
X31,13
X32,1
X33,5
X34,1
X35,17
X36,1
X37,2
X38,1
X39,2
X3X,1
X3E,2
X41,3
X42,6
X43,3
X44,25
X45,5
X46,2
X47,2
X48,2
X49,2
X4X,2
X4E,2
X50,1
X51,15
X52,1
X53,6
X54,1
X55,3
X56,1
X57,2
X58,1
X59,2
X5X,1
X5E,2
X61,3
X62,8
X63,3
X64,4
X65,4
X66,27
X67,7
X68,8
X69,3
X6X,4
X6E,3
X70,1
X71,17
X72,1
X73,4
X74,1
X75,3
X76,1
X77,3
X78,1
X79,4
X7X,1
X7E,4
X81,5
X82,6
X83,4
X84,4
X85,4
X86,6
X87,5
X88,25
X89,4
X8X,4
X8E,4
X90,1
X91,19
X92,1
X93,5
X94,1
X95,8
X96,1
X97,6
X98,1
X99,7
X9X,1
X9E,6
XX1,7
XX2,8
XX3,9
XX4,X
XX5,8
XX6,X
XX7,X
XX8,28
XX9,X
XXX,46
XXE,10E
XE0,1
XE1,1E
XE2,1
XE3,1E
XE4,1
XE5,1E
XE6,1
XE7,26
XE8,1
XE9,4X
XEX,1
XEE,122
E01,1
E02,6
E03,1
E04,4
E05,1
E06,2
E07,1
E08,2
E09,1
E0X,2
E0E,1
E10,111
E11,76
E12,6
E13,4
E14,4
E15,3
E16,2
E17,2
E18,2
E19,2
E1X,2
E1E,2
E21,1
E22,2X
E23,1
E24,4
E25,1
E26,2
E27,1
E28,2
E29,1
E2X,2
E2E,1
E30,25
E31,33
E32,8
E33,13
E34,X
E35,3
E36,2
E37,2
E38,2
E39,2
E3X,2
E3E,2
E41,1
E42,6
E43,1
E44,23
E45,1
E46,2
E47,1
E48,2
E49,1
E4X,2
E4E,1
E50,23
E51,13
E52,6
E53,5
E54,X
E55,9
E56,2
E57,2
E58,2
E59,2
E5X,2
E5E,2
E61,1
E62,8
E63,1
E64,4
E65,1
E66,22
E67,1
E68,8
E69,1
E6X,4
E6E,1
E70,29
E71,13
E72,8
E73,4
E74,4
E75,4
E76,X
E77,X
E78,22
E79,4
E7X,4
E7E,4
E81,1
E82,6
E83,1
E84,4
E85,1
E86,6
E87,1
E88,22
E89,1
E8X,4
E8E,1
E90,45
E91,15
E92,6
E93,6
E94,2X
E95,3
E96,6
E97,3
E98,8
E99,5
E9X,6
E9E,6
EX1,1
EX2,8
EX3,1
EX4,X
EX5,1
EX6,X
EX7,1
EX8,28
EX9,1
EXX,44
EXE,1
EE0,111
EE1,11
EE2,46
EE3,5
EE4,24
EE5,3
EE6,22
EE7,3
EE8,42
EE9,5
EEX,62
EEE,11
