1,4181
2,169
3,649
4,9
5,9
6,481
7,25
8,33
9,9
10,1541
11,1111
12,49
13,9
14,9
15,15
16,129
17,145
18,9
19,33
20,49
21,21
22,9
23,9
24,49
25,25
26,91
27,9
28,385
29,49
30,15
31,9
32,9
33,33
34,793
35,35
36,9
37,38
38,85
39,39
40,9
41,9
42,21
43,25
44,57
45,9
46,497
47,33
48,341
49,9
50,9
51,51
52,33
53,161
54,9
55,55
56,301
57,25
58,9
59,9
60,15
61,49
62,161
63,9
64,841
65,65
66,33
67,9
68,9
69,49
70,35
71,1261
72,9
73,49
74,33
75,15
76,9
77,9
78,39
79,361
80,33
81,9
82,25
83,265
84,21
85,9
86,9
87,87
88,161
89,57
90,9
91,33
92,249
93,25
94,9
95,9
96,703
97,121
98,49
99,9
100,25
101,57
102,51
103,9
104,9
105,15
106,533
107,25
108,9
109,451
110,49
111,111
112,9
113,9
114,57
115,115
116,121
117,9
118,25
119,119
120,15
121,9
122,9
123,49
124,33
125,25
126,9
127,49
128,145
129,129
130,9
131,9
132,25
133,133
134,161
135,9
136,2431
137,247
138,69
139,9
140,9
141,141
142,301
143,25
144,9
145,121
146,33
147,21
148,9
149,9
150,15
151,33
152,133
153,9
154,77
155,155
156,39
157,9
158,9
159,49
160,385
161,161
162,9
163,91
164,121
165,15
166,9
167,9
168,21
169,169
170,85
171,9
172,49
173,33
174,87
175,9
176,9
177,177
178,721
179,33
180,9
181,201
182,25
183,85
184,9
185,9
186,93
187,187
188,129
189,9
190,33
191,451
192,505
193,9
194,9
195,15
196,49
197,2047
198,9
199,121
200,25
201,91
202,9
203,9
204,51
205,133
206,33
207,9
208,49
209,209
210,15
211,9
212,9
213,213
214,161
215,57
216,9
217,33
218,25
219,219
220,9
221,9
222,111
223,33
224,121
225,9
226,289
227,38
228,57
229,9
230,9
231,21
232,25
233,49
234,9
235,235
236,511
237,121
238,9
239,9
240,15
241,57
242,85
243,9
244,1271
245,33
246,123
247,9
248,9
249,161
250,25
251,169
252,9
253,57
254,91
255,15
256,9
257,9
258,129
259,177
260,57
261,9
262,1261
263,4181
264,33
265,9
266,9
267,267
268,25
269,49
270,9
271,301
272,33
273,21
274,9
275,9
276,69
277,278
278,33
279,9
280,35
281,529
282,25
283,9
284,9
285,15
286,143
287,287
288,9
289,33
290,145
291,291
292,9
293,9
294,21
295,161
296,259
297,9
298,57
299,91
300,15
301,9
302,9
303,38
304,633
305,33
306,9
307,25
308,77
309,62
310,9
311,9
312,39
313,289
314,49
315,9
316,33
317,57
318,25
319,9
320,9
321,321
322,33
323,49
324,9
325,25
326,161
327,85
328,9
329,9
330,15
331,49
332,25
333,9
334,1513
335,335
336,21
337,9
338,9
339,121
340,85
341,38
342,9
343,25
344,33
345,15
346,9
347,9
348,87
349,33
350,25
351,9
352,169
353,85
354,177
355,9
356,9
357,21
358,121
359,2641
360,9
361,161
362,679
363,33
364,9
365,9
366,183
367,49
368,25
369,9
370,185
371,33
372,49
373,9
374,9
375,15
376,133
377,33
378,9
379,38
380,49
381,121
382,9
383,9
384,161
385,35
386,57
387,9
388,33
389,341
390,15
391,9
392,9
393,25
394,289
395,161
396,9
397,91
398,161
399,21
400,9
401,9
402,201
403,129
404,33
405,9
406,121
407,25
408,51
409,9
410,9
411,411
412,49
413,385
414,9
415,33
416,49
417,38
418,9
419,9
420,15
421,33
422,91
423,9
424,57
425,25
426,213
427,9
428,9
429,33
430,161
431,57
432,9
433,62
434,217
435,15
436,9
437,9
438,85
439,681
440,55
441,9
442,205
443,25
444,111
445,9
446,9
447,145
448,33
449,177
450,9
451,341
452,145
453,49
454,9
455,9
456,57
457,25
458,1121
459,9
460,115
461,49
462,21
463,9
464,9
465,15
466,49
467,385
468,9
469,57
470,33
471,133
472,9
473,9
474,91
475,25
476,33
477,9
478,49
479,121
480,15
481,9
482,9
483,21
484,121
485,217
486,9
487,33
488,57
489,121
490,9
491,9
492,123
493,25
494,247
495,9
496,341
497,85
498,249
499,9
500,9
501,501
502,49
503,33
504,9
505,169
506,253
507,25
508,9
509,9
510,15
511,361
512,481
513,9
514,33
515,49
516,129
517,9
518,9
519,49
520,33
521,169
522,9
523,85
524,671
525,15
526,9
527,9
528,33
529,529
530,265
531,9
532,25
533,161
534,259
535,9
536,9
537,385
538,57
539,49
540,9
541,361
542,33
543,25
544,9
545,9
546,21
547,33
548,85
549,9
550,25
551,49
552,69
553,9
554,9
555,15
556,161
557,25
558,9
559,49
560,35
561,33
562,9
563,9
564,49
565,91
566,247
567,9
568,25
569,33
570,15
571,9
572,9
573,573
574,133
575,25
576,9
577,169
578,289
579,91
580,9
581,9
582,25
583,57
584,961
585,9
586,33
587,121
588,21
589,9
590,9
591,161
592,145
593,25
594,9
595,35
596,1121
597,145
598,9
599,9
600,15
601,451
602,33
603,9
604,91
605,55
606,169
607,9
608,9
609,21
610,121
611,91
612,9
613,33
614,57
615,15
616,9
617,9
618,25
619,33
620,155
621,9
622,361
623,121
624,39
625,9
626,9
627,33
628,721
629,121
630,9
631,158
632,25
633,85
634,9
635,9
636,159
637,49
638,319
639,9
640,57
641,33
642,85
643,9
644,9
645,15
646,33
647,205
648,9
649,49
650,25
651,21
652,9
653,9
654,327
655,249
656,91
657,9
658,301
659,57
660,15
661,9
662,9
663,39
664,497
665,35
666,9
667,85
668,25
669,247
670,9
671,9
672,21
673,249
674,33
675,9
676,169
677,385
678,169
679,9
680,9
681,62
682,25
683,38
684,9
685,33
686,49
687,687
688,9
689,9
690,15
691,361
692,1387
693,9
694,161
695,91
696,87
697,9
698,9
699,699
700,25
701,33
702,9
703,703
704,129
705,15
706,9
707,9
708,121
709,57
710,49
711,9
712,33
713,145
714,21
715,9
716,9
717,161
718,25
719,259
720,9
721,38
722,247
723,49
724,9
725,9
726,33
727,85
728,57
729,9
730,341
731,121
732,25
733,9
734,9
735,15
736,451
737,133
738,9
739,6441
740,33
741,39
742,9
743,9
744,93
745,33
746,169
747,9
748,187
749,703
750,15
751,9
752,9
753,361
754,57
755,49
756,9
757,25
758,129
759,33
760,9
761,9
762,289
763,169
764,49
765,9
766,57
767,33
768,25
769,9
770,9
771,341
772,49
773,33
774,9
775,25
776,533
777,21
778,9
779,9
780,15
781,451
782,25
783,9
784,33
785,57
786,91
787,9
788,9
789,158
790,129
791,791
792,9
793,25
794,537
795,15
796,9
797,9
798,21
799,703
800,25
801,9
802,341
803,85
804,49
805,9
806,9
807,25
808,49
809,49
810,9
811,33
812,85
813,49
814,9
815,9
816,51
817,33
818,25
819,9
820,205
821,49
822,361
823,9
824,9
825,15
826,91
827,289
828,9
829,121
830,57
831,169
832,9
833,9
834,417
835,38
836,209
837,9
838,91
839,33
840,15
841,9
842,9
843,25
844,33
845,49
846,9
847,77
848,4187
849,649
850,9
851,9
852,91
853,49
854,341
855,9
856,533
857,25
858,33
859,9
860,9
861,21
862,49
863,85
864,9
865,121
866,33
867,51
868,9
869,9
870,15
871,121
872,33
873,9
874,437
875,25
876,219
877,9
878,9
879,671
880,55
881,161
882,9
883,33
884,91
885,15
886,9
887,9
888,85
889,133
890,121
891,9
892,671
893,25
894,49
895,9
896,9
897,39
898,1111
899,33
900,9
901,553
902,49
903,21
904,9
905,9
906,49
907,25
908,133
909,9
910,33
911,38
912,57
913,9
914,9
915,15
916,33
917,91
918,9
919,49
920,115
921,649
922,9
923,9
924,21
925,25
926,2581
927,9
928,609
929,62
930,15
931,9
932,9
933,301
934,341
935,55
936,9
937,57
938,33
939,161
940,9
941,9
942,471
943,25
944,57
945,9
946,361
947,158
948,85
949,9
950,9
951,49
952,119
953,671
954,9
955,49
956,49
957,25
958,9
959,9
960,15
961,217
962,129
963,9
964,901
965,33
966,21
967,9
968,9
969,51
970,161
971,33
972,9
973,85
974,6533
975,15
976,9
977,9
978,259
979,529
980,35
981,9
982,25
983,361
984,123
985,9
986,9
987,21
988,247
989,301
990,9
991,62
992,49
993,25
994,9
995,9
996,249
997,901
998,33
999,9
1000,25
1001,57
1002,501
1003,9
1004,9
1005,15
1006,649
1007,25
1008,9
1009,33
1010,427
1011,121
1012,9
1013,9
1014,39
1015,33
1016,129
1017,9
1018,25
1019,161
1020,15
1021,9
1022,9
1023,33
1024,1141
1025,25
1026,9
1027,91
1028,161
1029,21
1030,9
1031,9
1032,25
1033,85
1034,91
1035,9
1036,259
1037,33
1038,519
1039,9
1040,9
1041,49
1042,33
1043,25
1044,9
1045,55
1046,121
1047,1047
1048,9
1049,9
1050,15
1051,57
1052,201
1053,9
1054,49
1055,889
1056,33
1057,9
1058,9
1059,91
1060,247
1061,1393
1062,9
1063,38
1064,33
1065,15
1066,9
1067,9
1068,25
1069,5461
1070,33
1071,9
1072,871
1073,91
1074,161
1075,9
1076,9
1077,161
1078,49
1079,247
1080,9
1081,33
1082,25
1083,57
1084,9
1085,9
1086,543
1087,133
1088,161
1089,9
1090,49
1091,129
1092,21
1093,9
1094,9
1095,15
1096,57
1097,33
1098,9
1099,91
1100,25
1101,38
1102,9
1103,9
1104,69
1105,65
1106,133
1107,9
1108,33
1109,901
1110,15
1111,9
1112,9
1113,21
1114,33
1115,49
1116,9
1117,901
1118,25
1119,737
1120,9
1121,9
1122,33
1123,161
1124,649
1125,9
1126,481
1127,49
1128,141
1129,9
1130,9
1131,39
1132,25
1133,341
1134,9
1135,385
1136,33
1137,529
1138,9
1139,9
1140,15
1141,33
1142,913
1143,9
1144,143
1145,129
1146,361
1147,9
1148,9
1149,1149
1150,25
1151,49
1152,9
1153,57
1154,161
1155,15
1156,9
1157,9
1158,579
1159,201
1160,145
1161,9
1162,361
1163,33
1164,49
1165,9
1166,9
1167,121
1168,25
1169,33
1170,9
1171,249
1172,57
1173,51
1174,9
1175,9
1176,21
1177,38
1178,133
1179,9
1180,33
1181,169
1182,25
1183,9
1184,9
1185,15
1186,121
1187,451
1188,9
1189,161
1190,35
1191,121
1192,9
1193,9
1194,289
1195,341
1196,33
1197,9
1198,205
1199,763
1200,15
1201,9
1202,9
1203,85
1204,301
1205,49
1206,9
1207,25
1208,321
1209,39
1210,9
1211,9
1212,161
1213,33
1214,949
1215,9
1216,91
1217,1417
1218,21
1219,9
1220,9
1221,33
1222,57
1223,385
1224,9
1225,25
1226,161
1227,361
1228,9
1229,9
1230,15
1231,129
1232,25
1233,9
1234,121
1235,33
1236,309
1237,9
1238,9
1239,21
1240,33
1241,57
1242,9
1243,25
1244,341
1245,15
1246,9
1247,9
1248,39
1249,49
1250,25
1251,9
1252,1121
1253,38
1254,33
1255,9
1256,9
1257,25
1258,133
1259,289
1260,9
1261,161
1262,33
1263,158
1264,9
1265,9
1266,633
1267,57
1268,25
1269,9
1270,169
1271,1271
1272,159
1273,9
1274,9
1275,15
1276,319
1277,817
1278,9
1279,33
1280,705
1281,21
1282,9
1283,9
1284,161
1285,385
1286,49
1287,9
1288,85
1289,2641
1290,15
1291,9
1292,9
1293,25
1294,49
1295,33
1296,9
1297,511
1298,49
1299,49
1300,9
1301,9
1302,21
1303,49
1304,1121
1305,9
1306,33
1307,25
1308,327
1309,9
1310,9
1311,49
1312,33
1313,85
1314,9
1315,161
1316,259
1317,145
1318,9
1319,9
1320,15
1321,177
1322,85
1323,9
1324,57
1325,25
1326,39
1327,9
1328,9
1329,38
1330,35
1331,121
1332,9
1333,403
1334,33
1335,15
1336,9
1337,9
1338,161
1339,33
1340,289
1341,9
1342,289
1343,25
1344,21
1345,9
1346,9
1347,49
1348,49
1349,121
1350,9
1351,1121
1352,49
1353,33
1354,9
1355,9
1356,339
1357,25
1358,91
1359,9
1360,49
1361,33
1362,205
1363,9
1364,9
1365,15
1366,169
1367,33
1368,9
1369,703
1370,511
1371,1121
1372,9
1373,9
1374,121
1375,25
1376,161
1377,9
1378,33
1379,1379
1380,15
1381,9
1382,9
1383,1383
1384,49
1385,481
1386,9
1387,161
1388,385
1389,278
1390,9
1391,9
1392,49
1393,25
1394,33
1395,9
1396,49
1397,49
1398,85
1399,9
1400,9
1401,49
1402,133
1403,129
1404,9
1405,33
1406,589
1407,21
1408,9
1409,9
1410,15
1411,33
1412,57
1413,9
1414,707
1415,703
1416,177
1417,9
1418,9
1419,33
1420,249
1421,49
1422,9
1423,91
1424,1717
1425,15
1426,9
1427,9
1428,21
1429,497
1430,55
1431,9
1432,25
1433,33
1434,121
1435,9
1436,9
1437,91
1438,33
1439,169
1440,9
1441,49
1442,721
1443,25
1444,9
1445,9
1446,49
1447,121
1448,721
1449,9
1450,25
1451,169
1452,33
1453,9
1454,9
1455,15
1456,91
1457,25
1458,9
1459,703
1460,33
1461,901
1462,9
1463,9
1464,183
1465,913
1466,33
1467,9
1468,25
1469,57
1470,15
1471,9
1472,9
1473,533
1474,341
1475,25
1476,9
1477,33
1478,129
1479,51
1480,9
1481,9
1482,25
1483,85
1484,341
1485,9
1486,133
1487,62
1488,93
1489,9
1490,9
1491,21
1492,85
1493,25
1494,9
1495,49
1496,187
1497,1497
1498,9
1499,9
1500,15
1501,247
1502,161
1503,9
1504,33
1505,35
1506,561
1507,9
1508,9
1509,302
1510,33
1511,161
1512,9
1513,1513
1514,57
1515,15
1516,9
1517,9
1518,25
1519,38
1520,95
1521,9
1522,161
1523,169
1524,133
1525,9
1526,9
1527,1527
1528,91
1529,321
1530,9
1531,49
1532,25
1533,21
1534,9
1535,9
1536,341
1537,33
1538,259
1539,9
1540,35
1541,871
1542,385
1543,9
1544,9
1545,15
1546,1681
1547,91
1548,9
1549,62
1550,25
1551,33
1552,9
1553,9
1554,21
1555,121
1556,49
1557,9
1558,451
1559,33
1560,15
1561,9
1562,9
1563,671
1564,57
1565,33
1566,9
1567,205
1568,25
1569,703
1570,9
1571,9
1572,393
1573,91
1574,321
1575,9
1576,33
1577,85
1578,121
1579,9
1580,9
1581,51
1582,25
1583,57
1584,9
1585,122
1586,249
1587,69
1588,9
1589,9
1590,15
1591,121
1592,33
1593,9
1594,361
1595,38
1596,21
1597,9
1598,9
1599,39
1600,25
1601,217
1602,9
1603,33
1604,681
1605,15
1606,9
1607,9
1608,169
1609,33
1610,35
1611,9
1612,91
1613,265
1614,161
1615,9
1616,9
1617,21
1618,25
1619,91
1620,9
1621,57
1622,385
1623,533
1624,9
1625,9
1626,813
1627,529
1628,57
1629,9
1630,385
1631,33
1632,25
1633,9
1634,9
1635,15
1636,33
1637,49
1638,9
1639,341
1640,57
1641,49
1642,9
1643,9
1644,411
1645,35
1646,49
1647,9
1648,489
1649,161
1650,15
1651,9
1652,9
1653,57
1654,49
1655,201
1656,9
1657,25
1658,33
1659,21
1660,9
1661,9
1662,85
1663,161
1664,33
1665,9
1666,49
1667,278
1668,25
1669,9
1670,9
1671,38
1672,161
1673,62
1674,9
1675,25
1676,121
1677,39
1678,9
1679,9
1680,15
1681,321
1682,25
1683,9
1684,4181
1685,57
1686,49
1687,9
1688,9
1689,121
1690,49
1691,33
1692,9
1693,25
1694,77
1695,15
1696,9
1697,9
1698,161
1699,121
1700,25
1701,9
1702,33
1703,49
1704,169
1705,9
1706,9
1707,25
1708,33
1709,38
1710,9
1711,609
1712,121
1713,85
1714,9
1715,9
1716,33
1717,533
1718,25
1719,9
1720,215
1721,161
1722,21
1723,9
1724,9
1725,15
1726,361
1727,49
1728,9
1729,91
1730,33
1731,561
1732,9
1733,9
1734,51
1735,33
1736,91
1737,9
1738,85
1739,49
1740,15
1741,9
1742,9
1743,21
1744,49
1745,901
1746,9
1747,38
1748,91
1749,33
1750,9
1751,9
1752,49
1753,341
1754,57
1755,9
1756,781
1757,25
1758,289
1759,9
1760,9
1761,451
1762,91
1763,33
1764,9
1765,385
1766,533
1767,57
1768,9
1769,9
1770,15
1771,77
1772,85
1773,9
1774,33
1775,25
1776,49
1777,9
1778,9
1779,473
1780,57
1781,273
1782,9
1783,1121
1784,49
1785,15
1786,9
1787,9
1788,49
1789,49
1790,33
1791,9
1792,57
1793,25
1794,39
1795,9
1796,9
1797,62
1798,85
1799,57
1800,9
1801,33
1802,901
1803,1541
1804,9
1805,9
1806,21
1807,25
1808,505
1809,9
1810,121
1811,57
1812,453
1813,9
1814,9
1815,15
1816,1681
1817,249
1818,9
1819,1541
1820,35
1821,161
1822,9
1823,9
1824,57
1825,25
1826,721
1827,9
1828,505
1829,33
1830,15
1831,9
1832,9
1833,39
1834,33
1835,249
1836,9
1837,49
1838,49
1839,91
1840,9
1841,9
1842,49
1843,25
1844,161
1845,9
1846,91
1847,161
1848,21
1849,9
1850,9
1851,1393
1852,177
1853,91
1854,9
1855,35
1856,33
1857,25
1858,9
1859,9
1860,15
1861,38
1862,33
1863,9
1864,427
1865,129
1866,247
1867,9
1868,9
1869,21
1870,55
1871,217
1872,9
1873,33
1874,49
1875,15
1876,9
1877,9
1878,91
1879,161
1880,235
1881,9
1882,25
1883,85
1884,361
1885,9
1886,9
1887,49
1888,451
1889,33
1890,9
1891,49
1892,91
1893,25
1894,9
1895,9
1896,237
1897,145
1898,273
1899,9
1900,25
1901,961
1902,145
1903,9
1904,9
1905,15
1906,33
1907,25
1908,9
1909,703
1910,533
1911,21
1912,9
1913,9
1914,33
1915,703
1916,1891
1917,9
1918,25
1919,129
1920,15
1921,9
1922,9
1923,49
1924,177
1925,25
1926,9
1927,385
1928,33
1929,169
1930,9
1931,9
1932,21
1933,33
1934,133
1935,9
1936,49
1937,38
1938,51
1939,9
1940,9
1941,121
1942,85
1943,25
1944,9
1945,278
1946,169
1947,33
1948,9
1949,9
1950,15
1951,57
1952,1281
1953,9
1954,121
1955,33
1956,489
1957,9
1958,9
1959,161
1960,35
1961,33
1962,9
1963,57
1964,7813
1965,15
1966,9
1967,9
1968,25
1969,91
1970,57
1971,9
1972,33
1973,2059
1974,21
1975,9
1976,9
1977,205
1978,897
1979,121
1980,9
1981,1681
1982,25
1983,62
1984,9
1985,9
1986,361
1987,1387
1988,33
1989,9
1990,201
1991,817
1992,249
1993,9
1994,9
1995,15
1996,417
1997,49
1998,9
1999,33
2000,25
2001,69
2002,9
2003,9
2004,217
2005,33
2006,533
2007,9
2008,57
2009,49
2010,15
2011,9
2012,9
2013,33
2014,121
2015,65
2016,9
2017,161
2018,25
2019,961
2020,9
2021,9
2022,361
2023,119
2024,253
2025,9
2026,169
2027,33
2028,39
2029,9
2030,9
2031,161
2032,25
2033,49
2034,9
2035,55
2036,451
2037,21
2038,9
2039,9
2040,15
2041,273
2042,145
2043,9
2044,511
2045,62
2046,33
2047,9
2048,9
2049,1057
2050,25
2051,38
2052,9
2053,85
2054,33
2055,15
2056,9
2057,9
2058,21
2059,609
2060,33
2061,9
2062,121
2063,289
2064,129
2065,9
2066,9
2067,39
2068,25
2069,1261
2070,9
2071,33
2072,259
2073,122
2074,9
2075,9
2076,121
2077,57
2078,49
2079,9
2080,65
2081,121
2082,25
2083,9
2084,9
2085,15
2086,91
2087,33
2088,9
2089,38
2090,55
2091,51
2092,9
2093,9
2094,341
2095,49
2096,57
2097,9
2098,33
2099,753
2100,15
2101,9
2102,9
2103,361
2104,33
2105,133
2106,9
2107,25
2108,341
2109,57
2110,9
2111,9
2112,33
2113,247
2114,1057
2115,9
2116,529
2117,609
2118,25
2119,9
2120,9
2121,21
2122,57
2123,129
2124,9
2125,25
2126,33
2127,38
2128,9
2129,9
2130,15
2131,33
2132,25
2133,9
2134,57
2135,35
2136,49
2137,9
2138,9
2139,69
2140,481
2141,57
2142,9
2143,25
2144,49
2145,15
2146,9
2147,9
2148,537
2149,249
2150,25
2151,9
2152,169
2153,33
2154,121
2155,9
2156,9
2157,25
2158,91
2159,33
2160,9
2161,6441
2162,565
2163,21
2164,9
2165,9
2166,57
2167,249
2168,25
2169,9
2170,33
2171,273
2172,85
2173,9
2174,9
2175,15
2176,49
2177,91
2178,9
2179,57
2180,49
2181,49
2182,9
2183,9
2184,21
2185,49
2186,33
2187,9
2188,1513
2189,133
2190,15
2191,9
2192,9
2193,25
2194,1329
2195,122
2196,9
2197,33
2198,57
2199,169
2200,9
2201,9
2202,121
2203,33
2204,161
2205,9
2206,177
2207,25
2208,69
2209,9
2210,9
2211,33
2212,217
2213,2581
2214,9
2215,161
2216,321
2217,49
2218,9
2219,9
2220,15
2221,121
2222,385
2223,9
2224,973
2225,25
2226,21
2227,9
2228,9
2229,49
2230,33
2231,62
2232,9
2233,77
2234,49
2235,15
2236,9
2237,9
2238,133
2239,649
2240,35
2241,9
2242,49
2243,25
2244,33
2245,9
2246,9
2247,21
2248,57
2249,91
2250,9
2251,1241
2252,33
2253,2253
2254,9
2255,9
2256,91
2257,25
2258,33
2259,9
2260,385
2261,119
2262,39
2263,9
2264,9
2265,15
2266,49
2267,57
2268,9
2269,33
2270,469
2271,1681
2272,9
2273,9
2274,49
2275,25
2276,1661
2277,9
2278,49
2279,38
2280,15
2281,9
2282,9
2283,49
2284,133
2285,33
2286,9
2287,205
2288,143
2289,21
2290,9
2291,9
2292,561
2293,25
2294,91
2295,9
2296,33
2297,497
2298,341
2299,9
2300,9
2301,39
2302,33
2303,49
2304,9
2305,57
2306,129
2307,25
2308,9
2309,9
2310,15
2311,341
2312,57
2313,9
2314,247
2315,49
2316,161
2317,9
2318,9
2319,511
2320,145
2321,169
2322,9
2323,49
2324,33
2325,15
2326,9
2327,9
2328,49
2329,33
2330,161
2331,9
2332,25
2333,85
2334,497
2335,9
2336,9
2337,57
2338,129
2339,161
2340,9
2341,721
2342,85
2343,25
2344,9
2345,9
2346,51
2347,91
2348,445
2349,9
2350,25
2351,33
2352,21
2353,9
2354,9
2355,15
2356,589
2357,25
2358,9
2359,91
2360,247
2361,561
2362,9
2363,9
2364,49
2365,55
2366,91
2367,9
2368,25
2369,57
2370,15
2371,9
2372,9
2373,21
2374,481
2375,25
2376,9
2377,49
2378,301
2379,39
2380,9
2381,9
2382,25
2383,177
2384,33
2385,9
2386,393
2387,77
2388,161
2389,9
2390,9
2391,341
2392,91
2393,25
2394,9
2395,33
2396,121
2397,51
2398,9
2399,9
2400,15
2401,33
2402,121
2403,9
2404,1281
2405,65
2406,427
2407,9
2408,9
2409,33
2410,697
2411,161
2412,9
2413,49
2414,533
2415,15
2416,9
2417,9
2418,25
2419,57
2420,55
2421,9
2422,385
2423,33
2424,91
2425,9
2426,9
2427,85
2428,33
2429,217
2430,9
2431,38
2432,25
2433,703
2434,9
2435,9
2436,21
2437,445
2438,49
2439,9
2440,305
2441,1687
2442,33
2443,9
2444,9
2445,15
2446,451
2447,529
2448,9
2449,341
2450,25
2451,57
2452,9
2453,9
2454,161
2455,133
2456,33
2457,9
2458,445
2459,201
2460,15
2461,9
2462,9
2463,121
2464,57
2465,85
2466,9
2467,33
2468,25
2469,38
2470,9
2471,9
2472,309
2473,385
2474,49
2475,9
2476,57
2477,145
2478,21
2479,9
2480,9
2481,649
2482,25
2483,33
2484,9
2485,35
2486,1243
2487,49
2488,9
2489,9
2490,15
2491,161
2492,205
2493,9
2494,33
2495,57
2496,39
2497,9
2498,9
2499,21
2500,25
2501,177
2502,9
2503,85
2504,133
2505,15
2506,9
2507,9
2508,33
2509,273
2510,129
2511,9
2512,85
2513,385
2514,161
2515,9
2516,9
2517,121
2518,25
2519,49
2520,9
2521,57
2522,33
2523,49
2524,9
2525,9
2526,161
2527,33
2528,49
2529,9
2530,55
2531,422
2532,25
2533,9
2534,9
2535,15
2536,49
2537,85
2538,9
2539,533
2540,57
2541,21
2542,9
2543,9
2544,159
2545,38
2546,121
2547,9
2548,49
2549,33
2550,15
2551,9
2552,9
2553,69
2554,871
2555,33
2556,9
2557,25
2558,361
2559,121
2560,9
2561,9
2562,21
2563,85
2564,129
2565,9
2566,33
2567,91
2568,25
2569,9
2570,9
2571,209
2572,49
2573,49
2574,9
2575,25
2576,161
2577,49
2578,9
2579,9
2580,15
2581,91
2582,25
2583,9
2584,121
2585,49
2586,533
2587,9
2588,9
2589,2289
2590,35
2591,417
2592,9
2593,25
2594,697
2595,15
2596,9
2597,9
2598,145
2599,33
2600,25
2601,9
2602,385
2603,62
2604,21
2605,9
2606,9
2607,25
2608,341
2609,49
2610,9
2611,259
2612,703
2613,39
2614,9
2615,9
2616,327
2617,49
2618,25
2619,9
2620,91
2621,33
2622,49
2623,9
2624,9
2625,15
2626,33
2627,145
2628,9
2629,161
2630,1315
2631,1169
2632,9
2633,9
2634,49
2635,57
2636,497
2637,9
2638,121
2639,91
2640,15
2641,9
2642,9
2643,25
2644,121
2645,115
2646,9
2647,57
2648,33
2649,161
2650,9
2651,9
2652,39
2653,301
2654,33
2655,9
2656,493
2657,25
2658,49
2659,9
2660,9
2661,161
2662,121
2663,451
2664,9
2665,33
2666,49
2667,21
2668,9
2669,9
2670,15
2671,49
2672,91
2673,9
2674,849
2675,25
2676,669
2677,9
2678,9
2679,57
2680,121
2681,33
2682,9
2683,49
2684,161
2685,15
2686,9
2687,9
2688,21
2689,497
2690,169
2691,9
2692,33
2693,25
2694,1347
2695,9
2696,9
2697,38
2698,33
2699,901
2700,9
2701,1121
2702,133
2703,51
2704,9
2705,9
2706,33
2707,25
2708,361
2709,9
2710,161
2711,57
2712,339
2713,9
2714,9
2715,15
2716,679
2717,143
2718,9
2719,49
2720,33
2721,133
2722,9
2723,9
2724,49
2725,25
2726,609
2727,9
2728,217
2729,1661
2730,15
2731,9
2732,9
2733,85
2734,529
2735,38
2736,9
2737,91
2738,145
2739,33
2740,9
2741,9
2742,209
2743,25
2744,49
2745,9
2746,5461
2747,33
2748,687
2749,9
2750,9
2751,21
2752,533
2753,33
2754,9
2755,95
2756,49
2757,25
2758,9
2759,9
2760,15
2761,57
2762,1369
2763,9
2764,33
2765,35
2766,703
2767,9
2768,9
2769,39
2770,133
2771,533
2772,9
2773,38
2774,133
2775,15
2776,9
2777,9
2778,121
2779,129
2780,33
2781,9
2782,25
2783,121
2784,87
2785,9
2786,9
2787,161
2788,91
2789,62
2790,9
2791,33
2792,85
2793,21
2794,9
2795,9
2796,649
2797,33
2798,781
2799,9
2800,25
2801,121
2802,91
2803,9
2804,9
2805,15
2806,57
2807,25
2808,9
2809,177
2810,161
2811,38
2812,9
2813,9
2814,21
2815,451
2816,133
2817,9
2818,25
2819,33
2820,15
2821,9
2822,9
2823,901
2824,33
2825,25
2826,9
2827,247
2828,91
2829,69
2830,9
2831,9
2832,25
2833,218
2834,201
2835,9
2836,161
2837,57
2838,33
2839,9
2840,9
2841,403
2842,49
2843,25
2844,9
2845,161
2846,33
2847,39
2848,9
2849,9
2850,15
2851,62
2852,33
2853,9
2854,49
2855,177
2856,21
2857,9
2858,9
2859,161
2860,55
2861,121
2862,9
2863,33
2864,1661
2865,15
2866,9
2867,9
2868,25
2869,417
2870,35
2871,9
2872,217
2873,169
2874,1437
2875,9
2876,9
2877,21
2878,721
2879,33
2880,9
2881,961
2882,25
2883,93
2884,9
2885,9
2886,39
2887,38
2888,145
2889,9
2890,33
2891,49
2892,247
2893,9
2894,9
2895,15
2896,33
2897,129
2898,9
2899,121
2900,25
2901,209
2902,9
2903,9
2904,33
2905,35
2906,5473
2907,9
2908,129
2909,121
2910,15
2911,9
2912,9
2913,62
2914,177
2915,49
2916,9
2917,145
2918,25
2919,21
2920,9
2921,9
2922,121
2923,33
2924,301
2925,9
2926,77
2927,122
2928,49
2929,9
2930,9
2931,91
2932,25
2933,2191
2934,9
2935,2935
2936,497
2937,33
2938,9
2939,9
2940,15
2941,341
2942,385
2943,9
2944,481
2945,33
2946,1473
2947,9
2948,9
2949,133
2950,25
2951,33
2952,9
2953,289
2954,301
2955,15
2956,9
2957,9
2958,51
2959,341
2960,49
2961,9
2962,33
2963,38
2964,39
2965,9
2966,9
2967,69
2968,25
2969,49
2970,9
2971,161
2972,169
2973,289
2974,9
2975,9
2976,93
2977,49
2978,33
2979,9
2980,301
2981,721
2982,21
2983,9
2984,9
2985,15
2986,161
2987,133
2988,9
2989,33
2990,65
2991,451
2992,9
2993,9
2994,897
2995,33
2996,57
2997,9
2998,133
2999,4187
3000,15
3001,9
3002,9
3003,21
3004,1281
3005,2737
3006,9
3007,25
3008,57
3009,49
3010,9
3011,9
3012,385
3013,49
3014,49
3015,9
3016,273
3017,33
3018,25
3019,9
3020,9
3021,57
3022,33
3023,559
3024,9
3025,25
3026,49
3027,1177
3028,9
3029,9
3030,15
3031,533
3032,25
3033,9
3034,57
3035,201
3036,33
3037,9
3038,9
3039,38
3040,95
3041,393
3042,9
3043,25
3044,33
3045,15
3046,9
3047,9
3048,381
3049,121
3050,25
3051,9
3052,385
3053,57
3054,1121
3055,9
3056,9
3057,25
3058,49
3059,133
3060,9
3061,33
3062,49
3063,49
3064,9
3065,9
3066,21
3067,49
3068,25
3069,9
3070,533
3071,259
3072,209
3073,9
3074,9
3075,15
3076,289
3077,33
3078,9
3079,489
3080,35
3081,39
3082,9
3083,9
3084,561
3085,529
3086,161
3087,9
3088,33
3089,217
3090,15
3091,9
3092,9
3093,25
3094,33
3095,529
3096,9
3097,265
3098,85
3099,49
3100,9
3101,9
3102,33
3103,57
3104,177
3105,9
3106,1057
3107,25
3108,21
3109,9
3110,9
3111,49
3112,49
3113,91
3114,9
3115,35
3116,33
3117,341
3118,9
3119,9
3120,15
3121,33
3122,57
3123,9
3124,49
3125,25
3126,559
3127,9
3128,9
3129,21
3130,385
3131,133
3132,9
3133,273
3134,321
3135,15
3136,9
3137,9
3138,385
3139,247
3140,385
3141,9
3142,1111
3143,25
3144,161
3145,9
3146,9
3147,161
3148,49
3149,33
3150,9
3151,121
3152,91
3153,38
3154,9
3155,9
3156,49
3157,25
3158,85
3159,9
3160,33
3161,49
3162,51
3163,9
3164,9
3165,15
3166,91
3167,57
3168,9
3169,133
3170,121
3171,21
3172,9
3173,9
3174,69
3175,25
3176,33
3177,9
3178,91
3179,57
3180,15
3181,9
3182,9
3183,85
3184,901
3185,35
3186,9
3187,33
3188,685
3189,121
3190,9
3191,9
3192,21
3193,25
3194,1477
3195,9
3196,201
3197,49
3198,39
3199,9
3200,9
3201,33
3202,145
3203,265
3204,9
3205,49
3206,427
3207,25
3208,9
3209,9
3210,15
3211,91
3212,361
3213,9
3214,49
3215,33
3216,161
3217,9
3218,9
3219,87
3220,33
3221,721
3222,9
3223,62
3224,57
3225,15
3226,9
3227,9
3228,807
3229,38
3230,85
3231,9
3232,25
3233,671
3234,21
3235,9
3236,9
3237,39
3238,341
3239,553
3240,9
3241,129
3242,33
3243,25
3244,9
3245,9
3246,49
3247,161
3248,33
3249,9
3250,25
3251,542
3252,813
3253,9
3254,9
3255,15
3256,169
3257,25
3258,9
3259,33
3260,427
3261,1541
3262,9
3263,9
3264,51
3265,385
3266,451
3267,9
3268,25
3269,91
3270,15
3271,9
3272,9
3273,161
3274,57
3275,25
3276,9
3277,85
3278,451
3279,561
3280,9
3281,9
3282,25
3283,49
3284,129
3285,9
3286,33
3287,2761
3288,411
3289,9
3290,9
3291,121
3292,33
3293,25
3294,9
3295,49
3296,161
3297,21
3298,9
3299,9
3300,15
3301,1633
3302,85
3303,9
3304,413
3305,38
3306,57
3307,9
3308,9
3309,91
3310,121
3311,77
3312,9
3313,385
3314,33
3315,15
3316,9
3317,9
3318,21
3319,33
3320,49
3321,9
3322,385
3323,145
3324,533
3325,9
3326,9
3327,385
3328,85
3329,249
3330,9
3331,57
3332,25
3333,33
3334,9
3335,9
3336,417
3337,217
3338,57
3339,9
3340,177
3341,33
3342,161
3343,9
3344,9
3345,15
3346,259
3347,33
3348,9
3349,361
3350,25
3351,259
3352,9
3353,9
3354,39
3355,55
3356,49
3357,9
3358,33
3359,589
3360,15
3361,9
3362,9
3363,57
3364,121
3365,289
3366,9
3367,91
3368,25
3369,49
3370,9
3371,9
3372,385
3373,481
3374,33
3375,9
3376,57
3377,161
3378,169
3379,9
3380,9
3381,21
3382,25
3383,121
3384,9
3385,33
3386,91
3387,85
3388,9
3389,9
3390,15
3391,33
3392,3445
3393,9
3394,169
3395,35
3396,849
3397,9
3398,9
3399,33
3400,25
3401,49
3402,9
3403,451
3404,259
3405,15
3406,9
3407,9
3408,161
3409,62
3410,49
3411,9
3412,121
3413,33
3414,341
3415,9
3416,9
3417,51
3418,25
3419,38
3420,9
3421,217
3422,265
3423,21
3424,9
3425,9
3426,1713
3427,721
3428,289
3429,9
3430,35
3431,121
3432,25
3433,9
3434,9
3435,15
3436,1121
3437,201
3438,9
3439,91
3440,33
3441,93
3442,9
3443,9
3444,21
3445,57
3446,33
3447,9
3448,841
3449,533
3450,15
3451,9
3452,9
3453,205
3454,49
3455,49
3456,9
3457,25
3458,91
3459,49
3460,9
3461,9
3462,169
3463,145
3464,57
3465,9
3466,121
3467,49
3468,25
3469,9
3470,9
3471,39
3472,85
3473,33
3474,9
3475,25
3476,341
3477,57
3478,9
3479,9
3480,15
3481,133
3482,25
3483,9
3484,33
3485,85
3486,21
3487,9
3488,9
3489,161
3490,33
3491,49
3492,9
3493,25
3494,633
3495,15
3496,9
3497,9
3498,33
3499,49
3500,25
3501,9
3502,57
3503,49
3504,49
3505,9
3506,9
3507,21
3508,49
3509,57
3510,9
3511,878
3512,33
3513,671
3514,9
3515,9
3516,49
3517,33
3518,25
3519,9
3520,55
3521,57
3522,1393
3523,9
3524,9
3525,15
3526,301
3527,121
3528,9
3529,1369
3530,91
3531,33
3532,9
3533,9
3534,57
3535,35
3536,221
3537,9
3538,161
3539,33
3540,15
3541,9
3542,9
3543,25
3544,1729
3545,33
3546,9
3547,57
3548,49
3549,21
3550,9
3551,9
3552,49
3553,49
3554,217
3555,9
3556,33
3557,25
3558,205
3559,9
3560,9
3561,703
3562,273
3563,169
3564,9
3565,49
3566,57
3567,87
3568,9
3569,9
3570,15
3571,38
3572,33
3573,9
3574,671
3575,25
3576,447
3577,9
3578,9
3579,341
3580,385
3581,161
3582,9
3583,33
3584,533
3585,15
3586,9
3587,9
3588,39
3589,33
3590,705
3591,9
3592,161
3593,25
3594,169
3595,9
3596,9
3597,33
3598,201
3599,721
3600,9
3601,49
3602,49
3603,385
3604,9
3605,9
3606,49
3607,25
3608,85
3609,9
3610,95
3611,33
3612,21
3613,9
3614,9
3615,15
3616,33
3617,85
3618,9
3619,77
3620,481
3621,51
3622,9
3623,9
3624,453
3625,25
3626,49
3627,9
3628,129
3629,1661
3630,15
3631,9
3632,9
3633,21
3634,901
3635,57
3636,9
3637,145
3638,33
3639,703
3640,9
3641,9
3642,85
3643,25
3644,33
3645,9
3646,49
3647,38
3648,57
3649,9
3650,9
3651,49
3652,133
3653,161
3654,9
3655,33
3656,1369
3657,25
3658,9
3659,9
3660,15
3661,57
3662,341
3663,9
3664,161
3665,201
3666,39
3667,9
3668,9
3669,1177
3670,705
3671,33
3672,9
3673,57
3674,289
3675,15
3676,9
3677,9
3678,703
3679,273
3680,57
3681,9
3682,25
3683,445
3684,259
3685,9
3686,9
3687,49
3688,33
3689,119
3690,9
3691,1351
3692,57
3693,25
3694,9
3695,9
3696,21
3697,1057
3698,91
3699,9
3700,25
3701,133
3702,85
3703,9
3704,9
3705,15
3706,341
3707,25
3708,9
3709,589
3710,33
3711,559
3712,9
3713,9
3714,533
3715,33
3716,169
3717,9
3718,25
3719,62
3720,15
3721,9
3722,9
3723,38
3724,49
3725,25
3726,9
3727,85
3728,703
3729,33
3730,9
3731,9
3732,25
3733,121
3734,2071
3735,9
3736,49
3737,33
3738,21
3739,9
3740,9
3741,87
3742,161
3743,25
3744,9
3745,35
3746,121
3747,133
3748,9
3749,9
3750,15
3751,121
3752,469
3753,9
3754,33
3755,341
3756,121
3757,9
3758,9
3759,21
3760,235
3761,38
3762,9
3763,169
3764,91
3765,15
3766,9
3767,9
3768,25
3769,121
3770,33
3771,9
3772,201
3773,49
3774,51
3775,9
3776,9
3777,247
3778,85
3779,161
3780,9
3781,33
3782,25
3783,39
3784,9
3785,9
3786,901
3787,33
3788,161
3789,9
3790,361
3791,158
3792,237
3793,9
3794,9
3795,15
3796,91
3797,49
3798,9
3799,38
3800,25
3801,21
3802,9
3803,9
3804,697
3805,169
3806,57
3807,9
3808,119
3809,33
3810,15
3811,9
3812,9
3813,93
3814,33
3815,35
3816,9
3817,169
3818,25
3819,57
3820,9
3821,9
3822,21
3823,961
3824,217
3825,9
3826,901
3827,249
3828,33
3829,9
3830,9
3831,2641
3832,25
3833,1121
3834,9
3835,65
3836,33
3837,38
3838,9
3839,9
3840,15
3841,91
3842,33
3843,9
3844,57
3845,1189
3846,49
3847,9
3848,9
3849,533
3850,25
3851,49
3852,9
3853,33
3854,121
3855,15
3856,9
3857,9
3858,649
3859,49
3860,161
3861,9
3862,289
3863,57
3864,21
3865,9
3866,9
3867,121
3868,25
3869,33
3870,9
3871,49
3872,85
3873,169
3874,9
3875,9
3876,51
3877,121
3878,385
3879,9
3880,33
3881,913
3882,25
3883,9
3884,9
3885,15
3886,33
3887,91
3888,9
3889,57
3890,121
3891,49
3892,9
3893,9
3894,33
3895,49
3896,49
3897,9
3898,145
3899,133
3900,15
3901,9
3902,9
3903,122
3904,427
3905,55
3906,9
3907,25
3908,33
3909,451
3910,9
3911,9
3912,489
3913,33
3914,161
3915,9
3916,633
3917,161
3918,25
3919,9
3920,9
3921,913
3922,259
3923,85
3924,9
3925,25
3926,161
3927,21
3928,9
3929,9
3930,15
3931,793
3932,25
3933,9
3934,361
3935,33
3936,123
3937,9
3938,9
3939,39
3940,49
3941,33
3942,9
3943,25
3944,49
3945,15
3946,9
3947,9
3948,21
3949,49
3950,25
3951,9
3952,33
3953,469
3954,1241
3955,9
3956,9
3957,25
3958,57
3959,481
3960,9
3961,1281
3962,385
3963,161
3964,9
3965,9
3966,1121
3967,62
3968,25
3969,9
3970,1849
3971,91
3972,161
3973,9
3974,9
3975,15
3976,177
3977,57
3978,9
3979,33
3980,385
3981,49
3982,9
3983,9
3984,249
3985,33
3986,161
3987,9
3988,121
3989,38
3990,15
3991,9
3992,9
3993,25
3994,49
3995,85
3996,9
3997,91
3998,49
3999,93
4000,9
4001,9
4002,69
4003,57
4004,77
4005,9
4006,49
4007,25
4008,85
4009,9
4010,9
4011,21
4012,33
4013,133
4014,9
4015,55
4016,341
4017,39
4018,9
4019,9
4020,15
4021,161
4022,57
4023,9
4024,247
4025,25
4026,33
4027,9
4028,9
4029,51
4030,49
4031,609
4032,9
4033,85
4034,33
4035,15
4036,9
4037,9
4038,49
4039,537
4040,33
4041,9
4042,49
4043,25
4044,341
4045,9
4046,9
4047,49
4048,145
4049,481
4050,9
4051,33
4052,161
4053,21
4054,9
4055,9
4056,39
4057,25
4058,129
4059,9
4060,35
4061,949
4062,91
4063,9
4064,9
4065,15
4066,781
4067,33
4068,9
4069,91
4070,55
4071,69
4072,9
4073,9
4074,21
4075,25
4076,91
4077,9
4078,33
4079,49
4080,15
4081,9
4082,9
4083,385
4084,33
4085,95
4086,9
4087,49
4088,91
4089,87
4090,9
4091,9
4092,33
4093,25
4094,177
4095,9
4096,49
