2,0
3,0
4,0
5,0
6,0
7,2
8,NA
9,0
10,0
11,1
12,0
13,0
14,1
15,1
16,0
17,2
18,0
19,1
20,1
21,0
22,0
23,2
24,1
25,0
26,1
27,NA
28,0
29,1
30,0
31,NA
32,NA
33,0
34,2
35,1
36,0
37,0
38,NA
39,1
40,0
41,4
42,0
43,3
44,4
45,0
46,0
47,3
48,2
49,1
50,NA
51,1
52,0
53,3
54,1
55,NA
56,1
57,0
58,0
59,1
60,0
61,0
62,NA
63,NA
64,NA
65,1
66,0
67,NA
68,NA
69,1
70,0
71,1
72,0
73,0
74,1
75,5
76,4
77,NA
78,0
79,1
80,2
81,0
82,0
83,NA
84,1
85,0
86,NA
87,4
88,0
89,NA
90,1
91,NA
92,NA
93,0
94,1
95,1
96,0
97,NA
98,NA
99,NA
100,0
101,1
102,0
103,2
104,NA
105,0
106,0
107,NA
108,0
109,NA
110,1
111,4
112,0
113,2
114,5
115,2
116,1
117,0
118,2
119,2
120,1
121,0
122,NA
123,NA
124,1
125,NA
126,0
127,NA
128,NA
129,2
130,0
131,1
132,2
133,0
134,1
135,NA
136,0
137,NA
138,0
139,1
140,2
141,0
142,2
143,NA
144,NA
145,0
146,1
147,NA
148,0
149,NA
150,0
151,NA
152,3
153,2
154,2
155,NA
156,0
157,0
158,4
159,1
160,1
161,NA
162,0
163,5
164,2
165,0
166,0
167,4
168,NA
169,1
170,1
171,1
172,0
173,4
174,2
175,1
176,1
177,0
178,0
179,NA
180,0
181,1
182,NA
183,NA
184,1
185,3
186,NA
187,4
188,4
189,NA
190,0
191,5
192,0
193,0
194,2
195,1
196,0
197,NA
198,0
199,1
200,NA
201,0
202,NA
203,2
204,1
205,0
206,1
207,NA
208,3
209,1
210,0
211,NA
212,NA
213,0
214,NA
215,NA
216,NA
217,0
218,NA
219,1
220,2
221,1
222,0
223,NA
224,1
225,0
226,0
227,NA
228,0
229,5
230,1
231,1
232,0
233,NA
234,7
235,NA
236,1
237,3
238,0
239,3
240,0
241,NA
242,2
243,NA
244,NA
245,1
246,NA
247,NA
248,2
249,NA
250,0
251,2
252,NA
253,0
254,2
255,NA
256,0
257,NA
258,NA
259,2
260,1
261,0
262,0
263,NA
264,1
265,NA
266,2
267,2
268,0
269,NA
270,0
271,1
272,2
273,0
274,6
275,1
276,0
277,0
278,2
279,1
280,0
281,NA
282,0
283,NA
284,1
285,NA
286,NA
287,NA
288,2
289,1
290,3
291,NA
292,0
293,NA
294,NA
295,4
296,2
297,0
298,NA
299,1
300,1
301,0
302,NA
303,NA
304,NA
305,3
306,0
307,NA
308,NA
309,1
310,0
311,NA
312,0
313,0
314,1
315,1
316,0
317,2
318,4
319,NA
320,2
321,1
322,NA
323,3
324,NA
325,0
326,1
327,NA
328,2
329,1
330,0
331,8
332,5
333,0
334,2
335,1
336,0
337,2
338,NA
339,2
340,1
341,3
342,5
343,NA
344,NA
345,0
346,0
347,NA
348,0
349,1
350,1
351,NA
352,0
353,2
354,NA
355,NA
356,NA
357,0
358,0
359,NA
360,5
361,0
362,NA
363,2
364,2
365,3
366,0
367,NA
368,NA
369,NA
370,4
371,1
372,0
373,3
374,2
375,1
376,5
377,NA
378,0
379,1
380,NA
381,0
382,0
383,NA
384,1
385,0
386,1
387,NA
388,0
389,NA
390,NA
391,1
392,3
393,0
394,NA
395,3
396,0
397,0
398,NA
399,1
400,0
401,NA
402,NA
403,2
404,NA
405,1
406,1
407,NA
408,0
409,1
410,NA
411,NA
412,6
413,NA
414,2
415,1
416,NA
417,NA
418,0
419,2
420,0
421,0
422,NA
423,NA
424,NA
425,1
426,3
427,6
428,5
429,6
430,0
431,2
432,0
433,3
434,3
435,1
436,1
437,NA
438,0
439,NA
440,1
441,1
442,0
443,NA
444,1
445,0
446,NA
447,NA
448,0
449,1
450,NA
451,1
452,4
453,0
454,NA
455,2
456,0
457,0
458,NA
459,1
460,0
461,1
462,0
463,2
464,1
465,0
466,0
467,NA
468,NA
469,NA
470,1
471,1
472,2
473,NA
474,1
475,NA
476,2
477,0
478,0
479,2
480,NA
481,0
482,NA
483,NA
484,NA
485,4
486,0
487,2
488,2
489,NA
490,0
491,3
492,2
493,NA
494,2
495,NA
496,1
497,NA
498,0
499,7
500,NA
501,0
502,0
503,2
504,2
505,2
506,7
507,8
508,0
509,NA
510,3
511,NA
512,NA
513,0
514,NA
515,NA
516,2
517,2
518,NA
519,1
520,0
521,1
522,0
523,2
524,NA
525,0
526,2
527,5
528,NA
529,1
530,NA
531,3
532,7
533,NA
534,NA
535,1
536,1
537,0
538,NA
539,2
540,0
541,0
542,3
543,2
544,1
545,1
546,0
547,NA
548,7
549,NA
550,2
551,2
552,NA
553,0
554,2
555,NA
556,0
557,3
558,NA
559,1
560,4
561,0
562,0
563,NA
564,NA
565,0
566,2
567,2
568,0
569,1
570,0
571,1
572,NA
573,2
574,NA
575,1
576,0
577,3
578,NA
579,1
580,NA
581,1
582,2
583,5
584,1
585,0
586,0
587,6
588,5
589,4
590,NA
591,NA
592,0
593,NA
594,1
595,1
596,3
597,NA
598,0
599,4
600,0
601,NA
602,NA
603,NA
604,NA
605,2
606,0
607,2
608,NA
609,1
610,3
611,NA
612,0
613,0
614,8
615,NA
616,0
617,4
618,0
619,NA
620,NA
621,0
622,NA
623,2
624,2
625,0
626,NA
627,NA
628,2
629,NA
630,0
631,1
632,NA
633,0
634,1
635,NA
636,1
637,NA
638,NA
639,1
640,0
641,1
642,0
643,2
644,1
645,NA
646,0
647,NA
648,NA
649,1
650,NA
651,NA
652,0
653,NA
654,1
655,NA
656,2
657,2
658,0
659,NA
660,0
661,0
662,NA
663,NA
664,3
665,8
666,NA
667,NA
668,NA
669,1
670,NA
671,NA
672,0
673,0
674,1
675,NA
676,0
677,2
678,NA
679,NA
680,1
681,2
682,0
683,NA
684,NA
685,1
686,1
687,NA
688,4
689,1
690,0
691,NA
692,NA
693,0
694,NA
695,1
696,1
697,0
698,NA
699,1
700,0
701,2
702,2
703,2
704,1
705,0
706,NA
707,NA
708,0
709,NA
710,2
711,1
712,NA
713,2
714,1
715,1
716,1
717,0
718,0
719,2
720,NA
721,2
722,NA
723,3
724,NA
725,2
726,0
727,6
728,6
729,NA
730,2
731,NA
732,0
733,0
734,NA
735,NA
736,4
737,NA
738,0
739,1
740,1
741,NA
742,0
743,NA
744,NA
745,0
746,NA
747,3
748,2
749,NA
750,0
751,1
752,NA
753,NA
754,NA
755,NA
756,0
757,0
758,2
759,NA
760,0
761,2
762,NA
763,5
764,1
765,0
766,NA
767,NA
768,0
769,2
770,NA
771,NA
772,0
773,NA
774,4
775,NA
776,4
777,0
778,2
779,1
780,1
781,1
782,3
783,NA
784,1
785,NA
786,0
787,NA
788,2
789,4
790,4
791,1
792,NA
793,0
794,NA
795,2
796,0
797,NA
798,2
799,1
800,2
801,0
802,NA
803,6
804,5
805,2
806,NA
807,NA
808,0
809,NA
810,0
811,2
812,NA
813,NA
814,NA
815,1
816,1
817,0
818,NA
819,1
820,0
821,1
822,0
823,NA
824,10
825,NA
826,0
827,10
828,0
829,2
830,4
831,5
832,4
833,2
834,4
835,3
836,NA
837,0
838,0
839,5
840,NA
841,0
842,NA
843,2
844,NA
845,2
846,4
847,5
848,NA
849,NA
850,5
851,NA
852,0
853,NA
854,NA
855,1
856,0
857,2
858,0
859,3
860,1
861,0
862,0
863,6
864,1
865,0
866,3
867,NA
868,NA
869,1
870,NA
871,7
872,NA
873,NA
874,2
875,1
876,0
877,0
878,NA
879,2
880,0
881,1
882,0
883,2
884,3
885,0
886,0
887,NA
888,NA
889,NA
890,1
891,2
892,3
893,NA
894,2
895,2
896,NA
897,0
898,8
899,NA
900,4
901,1
902,NA
903,NA
904,NA
905,4
906,0
907,NA
908,NA
909,1
910,0
911,NA
912,2
913,0
914,2
915,NA
916,3
917,2
918,0
919,2
920,1
921,0
922,NA
923,NA
924,NA
925,0
926,NA
927,NA
928,0
929,1
930,1
931,2
932,NA
933,0
934,3
935,1
936,0
937,NA
938,NA
939,NA
940,0
941,NA
942,NA
943,NA
944,NA
945,NA
946,0
947,NA
948,NA
949,1
950,1
951,1
952,0
953,NA
954,NA
955,1
956,3
957,0
958,NA
959,1
960,1
961,NA
962,2
963,2
964,NA
965,2
966,0
967,NA
968,NA
969,4
970,0
971,5
972,4
973,0
974,NA
975,NA
976,0
977,NA
978,NA
979,1
980,NA
981,0
982,0
983,NA
984,4
985,1
986,1
987,NA
988,NA
989,1
990,0
991,1
992,2
993,NA
994,NA
995,4
996,0
997,0
998,NA
999,NA
1000,NA
1001,1
1002,NA
1003,NA
1004,1
1005,0
1006,NA
1007,2
1008,0
1009,NA
1010,1
1011,1
1012,0
1013,2
1014,NA
1015,2
1016,NA
1017,0
1018,0
1019,2
1020,0
1021,3
1022,3
1023,4
1024,NA
1025,1
1026,NA
1027,NA
1028,3
1029,1
1030,0
1031,1
1032,0
1033,NA
1034,NA
1035,NA
1036,1
1037,3
1038,0
1039,1
1040,NA
1041,0
1042,2
1043,7
1044,4
1045,0
1046,NA
1047,2
1048,0
1049,2
1050,0
1051,1
1052,NA
1053,2
1054,1
1055,1
1056,NA
1057,2
1058,NA
1059,NA
1060,0
1061,NA
1062,0
1063,NA
1064,NA
1065,NA
1066,1
1067,NA
1068,0
1069,1
1070,1
1071,2
1072,2
1073,NA
1074,NA
1075,NA
1076,2
1077,NA
1078,4
1079,NA
1080,1
1081,0
1082,NA
1083,4
1084,6
1085,7
1086,0
1087,2
1088,2
1089,2
1090,0
1091,1
1092,0
1093,0
1094,1
1095,1
1096,0
1097,NA
1098,NA
1099,1
1100,NA
1101,2
1102,0
1103,3
1104,NA
1105,NA
1106,1
1107,NA
1108,0
1109,NA
1110,NA
1111,1
1112,NA
1113,0
1114,NA
1115,NA
1116,0
1117,NA
1118,NA
1119,2
1120,3
1121,3
1122,0
1123,2
1124,1
1125,0
1126,2
1127,5
1128,0
1129,1
1130,NA
1131,NA
1132,2
1133,NA
1134,NA
1135,2
1136,2
1137,0
1138,NA
1139,NA
1140,1
1141,0
1142,2
1143,3
1144,1
1145,NA
1146,1
1147,4
1148,NA
1149,NA
1150,0
1151,1
1152,0
1153,0
1154,NA
1155,1
1156,1
1157,NA
1158,NA
1159,NA
1160,NA
1161,1
1162,0
1163,2
1164,NA
1165,NA
1166,NA
1167,4
1168,NA
1169,NA
1170,0
1171,1
1172,NA
1173,0
1174,1
1175,NA
1176,1
1177,NA
1178,NA
1179,1
1180,0
1181,1
1182,NA
1183,2
1184,1
1185,0
1186,0
1187,NA
1188,NA
1189,NA
1190,NA
1191,NA
1192,0
1193,NA
1194,NA
1195,NA
1196,NA
1197,0
1198,5
1199,1
1200,0
1201,0
1202,2
1203,4
1204,NA
1205,1
1206,NA
1207,NA
1208,NA
1209,3
1210,1
1211,3
1212,0
1213,0
1214,4
1215,NA
1216,0
1217,6
1218,2
1219,1
1220,NA
1221,NA
1222,0
1223,NA
1224,3
1225,0
1226,NA
1227,NA
1228,0
1229,NA
1230,0
1231,NA
1232,3
1233,0
1234,NA
1235,NA
1236,0
1237,0
1238,2
1239,3
1240,NA
1241,1
1242,NA
1243,5
1244,1
1245,6
1246,1
1247,4
1248,0
1249,NA
1250,NA
1251,1
1252,2
1253,2
1254,NA
1255,1
1256,3
1257,NA
1258,0
1259,2
1260,NA
1261,0
1262,NA
1263,NA
1264,NA
1265,1
1266,NA
1267,NA
1268,NA
1269,2
1270,2
1271,NA
1272,NA
1273,5
1274,1
1275,2
1276,0
1277,NA
1278,0
1279,NA
1280,2
1281,0
1282,0
1283,NA
1284,3
1285,0
1286,NA
1287,NA
1288,0
1289,NA
1290,0
1291,NA
1292,NA
1293,0
1294,1
1295,NA
1296,0
1297,NA
1298,NA
1299,1
1300,0
1301,NA
1302,0
1303,NA
1304,NA
1305,0
1306,0
1307,3
1308,NA
1309,NA
1310,3
1311,1
1312,NA
1313,NA
1314,1
1315,1
1316,1
1317,0
1318,0
1319,NA
1320,0
1321,0
1322,2
1323,NA
1324,1
1325,NA
1326,0
1327,2
1328,NA
1329,1
1330,2
1331,NA
1332,NA
1333,2
1334,NA
1335,NA
1336,NA
1337,NA
1338,NA
1339,NA
1340,1
1341,NA
1342,9
1343,3
1344,2
1345,0
1346,NA
1347,NA
1348,8
1349,1
1350,1
1351,3
1352,NA
1353,0
1354,1
1355,2
1356,NA
1357,NA
1358,NA
1359,1
1360,0
1361,1
1362,NA
1363,NA
1364,NA
1365,0
1366,0
1367,NA
1368,NA
1369,NA
1370,NA
1371,2
1372,0
1373,NA
1374,1
1375,3
1376,1
1377,3
1378,NA
1379,3
1380,0
1381,0
1382,2
1383,2
1384,NA
1385,NA
1386,NA
1387,NA
1388,2
1389,1
1390,3
1391,1
1392,NA
1393,NA
1394,1
1395,NA
1396,NA
1397,NA
1398,0
1399,NA
1400,NA
1401,0
1402,NA
1403,3
1404,2
1405,1
1406,1
1407,4
1408,0
1409,NA
1410,1
1411,1
1412,4
1413,NA
1414,NA
1415,NA
1416,1
1417,0
1418,NA
1419,1
1420,1
1421,1
1422,0
1423,NA
1424,NA
1425,NA
1426,0
1427,NA
1428,0
1429,NA
1430,1
1431,NA
1432,0
1433,NA
1434,1
1435,NA
1436,NA
1437,0
1438,0
1439,1
1440,1
1441,2
1442,2
1443,NA
1444,NA
1445,NA
1446,0
1447,NA
1448,NA
1449,NA
1450,0
1451,NA
1452,0
1453,0
1454,NA
1455,NA
1456,1
1457,2
1458,0
1459,1
1460,1
1461,NA
1462,NA
1463,2
1464,NA
1465,0
1466,NA
1467,NA
1468,NA
1469,1
1470,0
1471,NA
1472,2
1473,NA
1474,NA
1475,3
1476,10
1477,0
1478,NA
1479,3
1480,0
1481,NA
1482,0
1483,2
1484,NA
1485,0
1486,0
1487,NA
1488,0
1489,1
1490,NA
1491,4
1492,0
1493,2
1494,1
1495,1
1496,2
1497,NA
1498,0
1499,1
1500,NA
1501,0
1502,NA
1503,NA
1504,1
1505,3
1506,NA
1507,NA
1508,NA
1509,NA
1510,0
1511,NA
1512,NA
1513,0
1514,NA
1515,1
1516,NA
1517,NA
1518,NA
1519,1
1520,NA
1521,0
1522,0
1523,NA
1524,1
1525,NA
1526,NA
1527,2
1528,4
1529,2
1530,0
1531,1
1532,NA
1533,2
1534,12
1535,1
1536,2
1537,0
1538,NA
1539,6
1540,2
1541,1
1542,0
1543,NA
1544,NA
1545,0
1546,1
1547,2
1548,0
1549,NA
1550,1
1551,NA
1552,0
1553,NA
1554,2
1555,NA
1556,1
1557,2
1558,0
1559,NA
1560,NA
1561,NA
1562,NA
1563,NA
1564,1
1565,NA
1566,0
1567,2
1568,2
1569,1
1570,0
1571,2
1572,NA
1573,0
1574,8
1575,NA
1576,1
1577,NA
1578,0
1579,NA
1580,1
1581,NA
1582,0
1583,NA
1584,NA
1585,3
1586,1
1587,NA
1588,NA
1589,1
1590,NA
1591,NA
1592,NA
1593,0
1594,2
1595,NA
1596,0
1597,NA
1598,2
1599,1
1600,0
1601,NA
1602,3
1603,NA
1604,NA
1605,1
1606,0
1607,NA
1608,0
1609,NA
1610,2
1611,NA
1612,0
1613,NA
1614,1
1615,1
1616,1
1617,0
1618,0
1619,NA
1620,0
1621,0
1622,2
1623,3
1624,NA
1625,NA
1626,0
1627,NA
1628,3
1629,1
1630,6
1631,NA
1632,10
1633,NA
1634,NA
1635,1
1636,0
1637,NA
1638,2
1639,1
1640,1
1641,0
1642,NA
1643,6
1644,1
1645,0
1646,2
1647,NA
1648,NA
1649,NA
1650,2
1651,NA
1652,2
1653,0
1654,1
1655,2
1656,0
1657,0
1658,NA
1659,NA
1660,1
1661,1
1662,0
1663,NA
1664,1
1665,NA
1666,0
1667,NA
1668,0
1669,NA
1670,NA
1671,NA
1672,NA
1673,5
1674,1
1675,NA
1676,1
1677,0
1678,5
1679,NA
1680,2
1681,3
1682,3
1683,2
1684,1
1685,4
1686,1
1687,2
1688,2
1689,1
1690,NA
1691,1
1692,0
1693,NA
1694,NA
1695,NA
1696,0
1697,NA
1698,0
1699,3
1700,1
1701,1
1702,NA
1703,NA
1704,NA
1705,0
1706,2
1707,NA
1708,0
1709,1
1710,2
1711,NA
1712,NA
1713,0
1714,5
1715,1
1716,1
1717,0
1718,2
1719,NA
1720,0
1721,NA
1722,0
1723,NA
1724,NA
1725,0
1726,NA
1727,NA
1728,NA
1729,NA
1730,NA
1731,NA
1732,0
1733,NA
1734,4
1735,NA
1736,1
1737,2
1738,2
1739,NA
1740,0
1741,1
1742,NA
1743,NA
1744,NA
1745,2
1746,0
1747,4
1748,NA
1749,1
1750,NA
1751,2
1752,0
1753,0
1754,2
1755,2
1756,1
1757,2
1758,0
1759,NA
1760,NA
1761,0
1762,NA
1763,NA
1764,NA
1765,0
1766,1
1767,NA
1768,NA
1769,NA
1770,NA
1771,1
1772,2
1773,0
1774,1
1775,NA
1776,0
1777,3
1778,NA
1779,NA
1780,NA
1781,NA
1782,0
1783,8
1784,1
1785,3
1786,0
1787,NA
1788,0
1789,2
1790,1
1791,NA
1792,NA
1793,NA
1794,1
1795,NA
1796,NA
1797,NA
1798,NA
1799,NA
1800,0
1801,5
1802,NA
1803,4
1804,6
1805,1
1806,2
1807,NA
1808,NA
1809,2
1810,0
1811,1
1812,4
1813,0
1814,NA
1815,3
1816,1
1817,NA
1818,5
1819,NA
1820,2
1821,0
1822,0
1823,2
1824,1
1825,NA
1826,NA
1827,NA
1828,NA
1829,2
1830,0
1831,1
1832,NA
1833,NA
1834,4
1835,4
1836,2
1837,0
1838,NA
1839,NA
1840,NA
1841,2
1842,NA
1843,NA
1844,NA
1845,1
1846,0
1847,5
1848,NA
1849,2
1850,1
1851,NA
1852,NA
1853,2
1854,2
1855,1
1856,4
1857,0
1858,NA
1859,1
1860,0
1861,5
1862,NA
1863,7
1864,2
1865,2
1866,0
1867,NA
1868,3
1869,1
1870,0
1871,3
1872,0
1873,0
1874,NA
1875,1
1876,0
1877,NA
1878,0
1879,NA
1880,NA
1881,0
1882,NA
1883,NA
1884,1
1885,3
1886,NA
1887,NA
1888,0
1889,NA
1890,4
1891,4
1892,2
1893,0
1894,1
1895,NA
1896,NA
1897,NA
1898,NA
1899,1
1900,0
1901,1
1902,NA
1903,NA
1904,NA
1905,0
1906,0
1907,NA
1908,NA
1909,2
1910,1
1911,NA
1912,0
1913,NA
1914,NA
1915,1
1916,2
1917,NA
1918,NA
1919,9
1920,1
1921,NA
1922,NA
1923,NA
1924,NA
1925,6
1926,2
1927,NA
1928,NA
1929,NA
1930,0
1931,NA
1932,0
1933,0
1934,2
1935,1
1936,3
1937,NA
1938,8
1939,NA
1940,1
1941,0
1942,2
1943,4
1944,2
1945,2
1946,NA
1947,3
1948,0
1949,1
1950,0
1951,NA
1952,2
1953,0
1954,NA
1955,NA
1956,2
1957,5
1958,NA
1959,NA
1960,5
1961,NA
1962,2
1963,NA
1964,1
1965,0
1966,1
1967,2
1968,NA
1969,NA
1970,1
1971,NA
1972,0
1973,NA
1974,1
1975,NA
1976,NA
1977,2
1978,0
1979,4
1980,1
1981,0
1982,NA
1983,NA
1984,4
1985,2
1986,0
1987,5
1988,NA
1989,NA
1990,1
1991,3
1992,0
1993,0
1994,2
1995,NA
1996,0
1997,NA
1998,0
1999,NA
2000,NA
2001,1
2002,0
2003,NA
2004,NA
2005,NA
2006,1
2007,2
2008,NA
2009,1
2010,0
2011,2
2012,NA
2013,2
2014,NA
2015,NA
2016,0
2017,0
2018,NA
2019,NA
2020,NA
2021,1
2022,NA
2023,NA
2024,NA
2025,0
2026,0
2027,4
2028,0
2029,6
2030,NA
2031,4
2032,NA
2033,NA
2034,1
2035,1
2036,NA
2037,0
2038,0
2039,2
2040,2
2041,0
2042,NA
2043,NA
2044,2
2045,NA
2046,2
2047,NA
2048,NA
2049,NA
2050,1
2051,1
2052,0
2053,3
2054,1
2055,1
2056,1
2057,NA
2058,2
2059,NA
2060,NA
2061,0
2062,0
2063,NA
2064,1
2065,0
2066,NA
2067,NA
2068,0
2069,2
2070,NA
2071,2
2072,4
2073,2
2074,1
2075,NA
2076,NA
2077,0
2078,3
2079,1
2080,0
2081,7
2082,0
2083,3
2084,1
2085,NA
2086,0
2087,5
2088,0
2089,NA
2090,3
2091,1
2092,NA
2093,NA
2094,1
2095,NA
2096,1
2097,0
2098,0
2099,NA
2100,3
2101,0
2102,2
2103,NA
2104,2
2105,NA
2106,1
2107,NA
2108,2
2109,5
2110,0
2111,NA
2112,0
2113,NA
2114,NA
2115,NA
2116,1
2117,3
2118,5
2119,NA
2120,1
2121,0
2122,8
2123,3
2124,NA
2125,0
2126,1
2127,NA
2128,0
2129,NA
2130,0
2131,2
2132,NA
2133,NA
2134,NA
2135,1
2136,0
2137,0
2138,NA
2139,1
2140,0
2141,2
2142,0
2143,2
2144,NA
2145,1
2146,NA
2147,NA
2148,NA
2149,2
2150,NA
2151,1
2152,0
2153,NA
2154,1
2155,NA
2156,4
2157,NA
2158,2
2159,1
2160,0
2161,1
2162,2
2163,2
2164,6
2165,1
2166,NA
2167,NA
2168,NA
2169,NA
2170,NA
2171,1
2172,NA
2173,0
2174,1
2175,1
2176,NA
2177,5
2178,0
2179,NA
2180,NA
2181,0
2182,NA
2183,NA
2184,NA
2185,0
2186,NA
2187,NA
2188,NA
2189,NA
2190,NA
2191,3
2192,2
2193,0
2194,3
2195,5
2196,NA
2197,NA
2198,NA
2199,1
2200,NA
2201,1
2202,0
2203,6
2204,2
2205,0
2206,0
2207,NA
2208,4
2209,2
2210,1
2211,NA
2212,0
2213,NA
2214,NA
2215,2
2216,NA
2217,0
2218,4
2219,NA
2220,0
2221,NA
2222,2
2223,2
2224,1
2225,NA
2226,2
2227,3
2228,NA
2229,NA
2230,4
2231,NA
2232,NA
2233,0
2234,NA
2235,NA
2236,0
2237,4
2238,0
2239,1
2240,2
2241,NA
2242,0
2243,NA
2244,NA
2245,0
2246,NA
2247,2
2248,NA
2249,NA
2250,0
2251,NA
2252,NA
2253,NA
2254,2
2255,1
2256,2
2257,0
2258,NA
2259,NA
2260,1
2261,1
2262,NA
2263,NA
2264,NA
2265,NA
2266,0
2267,NA
2268,0
2269,1
2270,NA
2271,1
2272,0
2273,NA
2274,3
2275,NA
2276,NA
2277,NA
2278,8
2279,2
2280,0
2281,1
2282,3
2283,2
2284,4
2285,1
2286,0
2287,7
2288,NA
2289,1
2290,NA
2291,3
2292,0
2293,NA
2294,1
2295,NA
2296,0
2297,3
2298,NA
2299,NA
2300,NA
2301,0
2302,NA
2303,NA
2304,1
2305,0
2306,NA
2307,NA
2308,0
2309,NA
2310,0
2311,2
2312,2
2313,NA
2314,1
2315,1
2316,NA
2317,NA
2318,4
2319,NA
2320,1
2321,1
2322,2
2323,NA
2324,NA
2325,0
2326,1
2327,NA
2328,3
2329,NA
2330,1
2331,1
2332,0
2333,2
2334,NA
2335,NA
2336,1
2337,3
2338,0
2339,NA
2340,0
2341,0
2342,NA
2343,2
2344,NA
2345,NA
2346,0
2347,NA
2348,NA
2349,1
2350,0
2351,1
2352,4
2353,NA
2354,1
2355,4
2356,0
2357,NA
2358,NA
2359,3
2360,1
2361,0
2362,3
2363,2
2364,NA
2365,NA
2366,NA
2367,NA
2368,2
2369,2
2370,0
2371,NA
2372,NA
2373,0
2374,2
2375,1
2376,0
2377,4
2378,3
2379,1
2380,0
2381,1
2382,0
2383,NA
2384,2
2385,0
2386,NA
2387,NA
2388,0
2389,1
2390,NA
2391,1
2392,0
2393,NA
2394,NA
2395,9
2396,NA
2397,2
2398,0
2399,NA
2400,2
2401,0
2402,NA
2403,2
2404,1
2405,1
2406,1
2407,4
2408,2
2409,NA
2410,0
2411,NA
2412,NA
2413,NA
2414,2
2415,4
2416,0
2417,NA
2418,5
2419,NA
2420,1
2421,2
2422,0
2423,NA
2424,NA
2425,0
2426,NA
2427,NA
2428,2
2429,3
2430,1
2431,NA
2432,2
2433,0
2434,5
2435,NA
2436,0
2437,NA
2438,2
2439,NA
2440,0
2441,2
2442,NA
2443,2
2444,NA
2445,0
2446,0
2447,2
2448,4
2449,NA
2450,NA
2451,NA
2452,NA
2453,6
2454,1
2455,NA
2456,1
2457,0
2458,0
2459,1
2460,1
2461,0
2462,4
2463,NA
2464,1
2465,2
2466,0
2467,3
2468,NA
2469,NA
2470,1
2471,NA
2472,0
2473,0
2474,NA
2475,NA
2476,0
2477,NA
2478,2
2479,2
2480,3
2481,1
2482,2
2483,NA
2484,10
2485,NA
2486,2
2487,NA
2488,2
2489,NA
2490,3
2491,NA
2492,NA
2493,2
2494,6
2495,NA
2496,1
2497,0
2498,NA
2499,NA
2500,NA
2501,NA
2502,0
2503,2
2504,NA
2505,1
2506,NA
2507,NA
2508,NA
2509,NA
2510,2
2511,2
2512,2
2513,NA
2514,NA
2515,3
2516,1
2517,0
2518,NA
2519,1
2520,0
2521,NA
2522,2
2523,5
2524,6
2525,1
2526,NA
2527,2
2528,NA
2529,NA
2530,0
2531,NA
2532,NA
2533,3
2534,1
2535,NA
2536,1
2537,6
2538,0
2539,1
2540,NA
2541,1
2542,0
2543,2
2544,NA
2545,1
2546,2
2547,2
2548,0
2549,1
2550,0
2551,NA
2552,NA
2553,0
2554,2
2555,NA
2556,0
2557,0
2558,11
2559,NA
2560,2
2561,1
2562,4
2563,2
2564,NA
2565,0
2566,3
2567,3
2568,NA
2569,4
2570,1
2571,2
2572,NA
2573,NA
2574,NA
2575,NA
2576,1
2577,0
2578,0
2579,NA
2580,NA
2581,0
2582,NA
2583,NA
2584,NA
2585,1
2586,3
2587,NA
2588,NA
2589,1
2590,0
2591,1
2592,0
2593,0
2594,1
2595,2
2596,NA
2597,NA
2598,2
2599,1
2600,1
2601,0
2602,NA
2603,NA
2604,1
2605,0
2606,NA
2607,NA
2608,0
2609,1
2610,NA
2611,1
2612,2
2613,0
2614,6
2615,NA
2616,0
2617,NA
2618,NA
2619,1
2620,0
2621,NA
2622,2
2623,NA
2624,1
2625,2
2626,NA
2627,NA
2628,NA
2629,1
2630,NA
2631,4
2632,0
2633,NA
2634,NA
2635,1
2636,NA
2637,0
2638,NA
2639,2
2640,2
2641,0
2642,2
2643,3
2644,NA
2645,1
2646,0
2647,NA
2648,3
2649,NA
2650,NA
2651,NA
2652,NA
2653,0
2654,1
2655,4
2656,0
2657,NA
2658,0
2659,1
2660,NA
2661,1
2662,0
2663,NA
2664,1
2665,2
2666,1
2667,NA
2668,5
2669,3
2670,0
2671,1
2672,NA
2673,NA
2674,2
2675,NA
2676,0
2677,NA
2678,3
2679,NA
2680,NA
2681,1
2682,0
2683,NA
2684,1
2685,2
2686,0
2687,NA
2688,0
2689,2
2690,2
2691,1
2692,0
2693,4
2694,NA
2695,NA
2696,NA
2697,2
2698,0
2699,NA
2700,1
2701,1
2702,3
2703,NA
2704,NA
2705,1
2706,0
2707,NA
2708,NA
2709,NA
2710,0
2711,1
2712,0
2713,2
2714,NA
2715,NA
2716,NA
2717,2
2718,0
2719,1
2720,NA
2721,0
2722,3
2723,NA
2724,2
2725,NA
2726,NA
2727,NA
2728,0
2729,1
2730,0
2731,1
2732,2
2733,0
2734,2
2735,3
2736,1
2737,3
2738,NA
2739,NA
2740,0
2741,NA
2742,NA
2743,2
2744,NA
2745,0
2746,1
2747,NA
2748,0
2749,NA
2750,NA
2751,2
2752,0
2753,2
2754,1
2755,1
2756,NA
2757,NA
2758,3
2759,NA
2760,1
2761,0
2762,8
2763,NA
2764,NA
2765,1
2766,0
2767,2
2768,NA
2769,3
2770,1
2771,1
2772,NA
2773,3
2774,5
2775,NA
2776,0
2777,NA
2778,NA
2779,NA
2780,1
2781,4
2782,NA
2783,NA
2784,6
2785,1
2786,5
2787,2
2788,0
2789,1
2790,0
2791,8
2792,NA
2793,5
2794,1
2795,NA
2796,0
2797,0
2798,2
2799,1
2800,0
2801,NA
2802,0
2803,NA
2804,1
2805,1
2806,NA
2807,8
2808,NA
2809,2
2810,NA
2811,NA
2812,NA
2813,NA
2814,NA
2815,1
2816,NA
2817,0
2818,0
2819,1
2820,NA
2821,1
2822,NA
2823,NA
2824,1
2825,NA
2826,NA
2827,NA
2828,NA
2829,2
2830,NA
2831,1
2832,0
2833,2
2834,1
2835,4
2836,0
2837,NA
2838,3
2839,2
2840,NA
2841,1
2842,0
2843,NA
2844,5
2845,0
2846,NA
2847,NA
2848,NA
2849,1
2850,0
2851,2
2852,NA
2853,0
2854,3
2855,2
2856,0
2857,0
2858,NA
2859,2
2860,0
2861,2
2862,NA
2863,NA
2864,1
2865,0
2866,2
2867,NA
2868,5
2869,NA
2870,NA
2871,1
2872,2
2873,NA
2874,3
2875,NA
2876,1
2877,0
2878,0
2879,NA
2880,NA
2881,NA
2882,NA
2883,NA
2884,1
2885,NA
2886,0
2887,NA
2888,NA
2889,1
2890,1
2891,NA
2892,NA
2893,0
2894,3
2895,1
2896,0
2897,NA
2898,NA
2899,NA
2900,1
2901,0
2902,0
2903,NA
2904,NA
2905,0
2906,NA
2907,2
2908,0
2909,NA
2910,NA
2911,2
2912,4
2913,2
2914,NA
2915,NA
2916,0
2917,0
2918,NA
2919,2
2920,NA
2921,NA
2922,NA
2923,2
2924,1
2925,1
2926,0
2927,2
2928,NA
2929,NA
2930,NA
2931,NA
2932,3
2933,NA
2934,1
2935,1
2936,2
2937,2
2938,0
2939,NA
2940,NA
2941,0
2942,NA
2943,NA
2944,1
2945,NA
2946,NA
2947,2
2948,NA
2949,1
2950,NA
2951,1
2952,0
2953,NA
2954,NA
2955,NA
2956,0
2957,3
2958,2
2959,2
2960,1
2961,0
2962,0
2963,NA
2964,1
2965,0
2966,NA
2967,NA
2968,0
2969,NA
2970,0
2971,NA
2972,NA
2973,0
2974,1
2975,NA
2976,NA
2977,0
2978,NA
2979,NA
2980,NA
2981,1
2982,NA
2983,NA
2984,NA
2985,0
2986,1
2987,2
2988,3
2989,NA
2990,3
2991,NA
2992,NA
2993,NA
2994,NA
2995,2
2996,NA
2997,0
2998,0
2999,2
3000,0
3001,1
3002,NA
3003,NA
3004,NA
3005,10
3006,2
3007,4
3008,NA
3009,NA
3010,0
3011,NA
3012,2
3013,3
3014,NA
3015,1
3016,1
3017,NA
3018,0
3019,NA
3020,NA
3021,0
3022,0
3023,2
3024,6
3025,NA
3026,1
3027,2
3028,NA
3029,NA
3030,2
3031,1
3032,NA
3033,NA
3034,NA
3035,1
3036,0
3037,NA
3038,NA
3039,4
3040,0
3041,NA
3042,5
3043,2
3044,5
3045,0
3046,1
3047,NA
3048,0
3049,1
3050,NA
3051,NA
3052,NA
3053,NA
3054,1
3055,NA
3056,NA
3057,NA
3058,NA
3059,1
3060,0
3061,0
3062,NA
3063,NA
3064,10
3065,NA
3066,0
3067,NA
3068,NA
3069,NA
3070,2
3071,1
3072,NA
3073,2
3074,1
3075,1
3076,NA
3077,NA
3078,0
3079,NA
3080,NA
3081,NA
3082,0
3083,NA
3084,2
3085,0
3086,NA
3087,2
3088,0
3089,NA
3090,2
3091,NA
3092,NA
3093,2
3094,1
3095,1
3096,NA
3097,0
3098,NA
3099,2
3100,2
3101,1
3102,3
3103,NA
3104,2
3105,0
3106,1
3107,NA
3108,0
3109,1
3110,1
3111,2
3112,NA
3113,3
3114,NA
3115,NA
3116,NA
3117,0
3118,0
3119,1
3120,0
3121,NA
3122,NA
3123,NA
3124,2
3125,NA
3126,NA
3127,NA
3128,2
3129,5
3130,NA
3131,1
3132,2
3133,0
3134,1
3135,NA
3136,0
3137,4
3138,NA
3139,4
3140,1
3141,0
3142,NA
3143,NA
3144,3
3145,1
3146,NA
3147,3
3148,NA
3149,3
3150,NA
3151,NA
3152,NA
3153,NA
3154,9
3155,NA
3156,1
3157,0
3158,3
3159,1
3160,1
3161,3
3162,0
3163,NA
3164,3
3165,0
3166,0
3167,NA
3168,0
3169,NA
3170,NA
3171,1
3172,NA
3173,NA
3174,1
3175,2
3176,NA
3177,4
3178,NA
3179,NA
3180,0
3181,NA
3182,NA
3183,NA
3184,1
3185,NA
3186,0
3187,NA
3188,NA
3189,2
3190,0
3191,1
3192,NA
3193,0
3194,NA
3195,1
3196,1
3197,2
3198,5
3199,2
3200,2
3201,0
3202,0
3203,2
3204,1
3205,1
3206,NA
3207,2
3208,0
3209,2
3210,NA
3211,1
3212,NA
3213,0
3214,1
3215,1
3216,0
3217,0
3218,NA
3219,5
3220,0
3221,NA
3222,NA
3223,2
3224,NA
3225,0
3226,NA
3227,2
3228,0
3229,NA
3230,NA
3231,NA
3232,NA
3233,NA
3234,NA
3235,1
3236,NA
3237,0
3238,NA
3239,NA
3240,1
3241,0
3242,NA
3243,NA
3244,2
3245,6
3246,1
3247,3
3248,NA
3249,1
3250,0
3251,3
3252,0
3253,0
3254,1
3255,NA
3256,0
3257,2
3258,0
3259,NA
3260,NA
3261,1
3262,4
3263,NA
3264,3
3265,NA
3266,1
3267,NA
3268,2
3269,NA
3270,0
3271,NA
3272,NA
3273,0
3274,1
3275,4
3276,4
3277,4
3278,6
3279,NA
3280,1
3281,NA
3282,NA
3283,3
3284,NA
3285,NA
3286,2
3287,NA
3288,2
3289,NA
3290,1
3291,1
3292,NA
3293,NA
3294,NA
3295,1
3296,NA
3297,NA
3298,0
3299,2
3300,0
3301,NA
3302,NA
3303,NA
3304,1
3305,NA
3306,0
3307,3
3308,NA
3309,2
3310,NA
3311,2
3312,0
3313,0
3314,1
3315,1
3316,NA
3317,NA
3318,0
3319,2
3320,NA
3321,1
3322,0
3323,3
3324,NA
3325,0
3326,1
3327,2
3328,0
3329,1
3330,0
3331,NA
3332,3
3333,0
3334,1
3335,NA
3336,NA
3337,0
3338,NA
3339,NA
3340,1
3341,1
3342,0
3343,2
3344,NA
3345,NA
3346,0
3347,NA
3348,NA
3349,2
3350,1
3351,NA
3352,4
3353,3
3354,NA
3355,NA
3356,1
3357,NA
3358,0
3359,NA
3360,0
3361,2
3362,NA
3363,2
3364,NA
3365,1
3366,3
3367,2
3368,NA
3369,NA
3370,0
3371,NA
3372,0
3373,NA
3374,1
3375,NA
3376,NA
3377,4
3378,2
3379,2
3380,NA
3381,3
3382,NA
3383,2
3384,NA
3385,0
3386,2
3387,4
3388,0
3389,NA
3390,0
3391,1
3392,NA
3393,0
3394,NA
3395,1
3396,4
3397,0
3398,NA
3399,1
3400,NA
3401,NA
3402,3
3403,NA
3404,3
3405,NA
3406,0
3407,2
3408,3
3409,NA
3410,2
3411,4
3412,0
3413,2
3414,NA
3415,5
3416,2
3417,0
3418,NA
3419,1
3420,4
3421,3
3422,2
3423,10
3424,NA
3425,NA
3426,3
3427,NA
3428,NA
3429,1
3430,NA
3431,1
3432,0
3433,NA
3434,8
3435,NA
3436,1
3437,NA
3438,4
3439,2
3440,NA
3441,0
3442,NA
3443,NA
3444,NA
3445,0
3446,1
3447,NA
3448,0
3449,NA
3450,2
3451,NA
3452,NA
3453,3
3454,NA
3455,NA
3456,0
3457,2
3458,NA
3459,1
3460,0
3461,NA
3462,0
3463,2
3464,2
3465,0
3466,0
3467,NA
3468,0
3469,NA
3470,NA
3471,NA
3472,2
3473,NA
3474,1
3475,NA
3476,7
3477,NA
3478,NA
3479,NA
3480,1
3481,0
3482,NA
3483,NA
3484,NA
3485,1
3486,NA
3487,3
3488,5
3489,NA
3490,0
3491,1
3492,2
3493,0
3494,NA
3495,1
3496,5
3497,NA
3498,0
3499,1
3500,NA
3501,1
3502,2
3503,NA
3504,1
3505,0
3506,NA
3507,NA
3508,NA
3509,2
3510,0
3511,3
3512,NA
3513,NA
3514,5
3515,NA
3516,0
3517,0
3518,NA
3519,1
3520,1
3521,NA
3522,2
3523,NA
3524,NA
3525,NA
3526,0
3527,NA
3528,0
3529,1
3530,1
3531,2
3532,0
3533,NA
3534,1
3535,8
3536,1
3537,NA
3538,0
3539,1
3540,0
3541,NA
3542,NA
3543,NA
3544,3
3545,NA
3546,0
3547,5
3548,NA
3549,2
3550,2
3551,NA
3552,NA
3553,0
3554,3
3555,3
3556,0
3557,2
3558,0
3559,NA
3560,4
3561,1
3562,4
3563,4
3564,NA
3565,0
3566,NA
3567,NA
3568,NA
3569,1
3570,0
3571,1
3572,NA
3573,0
3574,2
3575,1
3576,2
3577,0
3578,NA
3579,NA
3580,0
3581,NA
3582,0
3583,2
3584,NA
3585,1
3586,2
3587,NA
3588,3
3589,NA
3590,NA
3591,NA
3592,0
3593,NA
3594,NA
3595,NA
3596,NA
3597,NA
3598,NA
3599,9
3600,NA
3601,0
3602,NA
3603,NA
3604,NA
3605,1
3606,0
3607,NA
3608,NA
3609,2
3610,NA
3611,NA
3612,0
3613,3
3614,NA
3615,NA
3616,0
3617,6
3618,2
3619,NA
3620,2
3621,0
3622,0
3623,NA
3624,1
3625,NA
3626,2
3627,9
3628,6
3629,NA
3630,0
3631,9
3632,2
3633,NA
3634,NA
3635,NA
3636,0
3637,NA
3638,4
3639,NA
3640,NA
3641,NA
3642,0
3643,2
3644,1
3645,0
3646,4
3647,NA
3648,4
3649,2
3650,1
3651,NA
3652,NA
3653,3
3654,NA
3655,1
3656,NA
3657,NA
3658,0
3659,NA
3660,1
3661,0
3662,NA
3663,3
3664,NA
3665,1
3666,2
3667,2
3668,4
3669,2
3670,0
3671,2
3672,0
3673,2
3674,NA
3675,1
3676,0
3677,NA
3678,NA
3679,NA
3680,NA
3681,NA
3682,4
3683,2
3684,NA
3685,NA
3686,1
3687,NA
3688,2
3689,1
3690,0
3691,1
3692,2
3693,0
3694,6
3695,NA
3696,0
3697,5
3698,NA
3699,NA
3700,0
3701,1
3702,2
3703,2
3704,NA
3705,1
3706,NA
3707,6
3708,0
3709,1
3710,3
3711,1
3712,NA
3713,5
3714,NA
3715,1
3716,1
3717,4
3718,0
3719,NA
3720,2
3721,0
3722,NA
3723,NA
3724,NA
3725,1
3726,0
3727,NA
3728,NA
3729,NA
3730,1
3731,NA
3732,0
3733,0
3734,1
3735,NA
3736,NA
3737,2
3738,0
3739,2
3740,NA
3741,0
3742,NA
3743,NA
3744,NA
3745,0
3746,1
3747,NA
3748,NA
3749,NA
3750,6
3751,1
3752,2
3753,0
3754,1
3755,1
3756,1
3757,0
3758,4
3759,1
3760,0
3761,NA
3762,NA
3763,NA
3764,1
3765,NA
3766,0
3767,NA
3768,0
3769,4
3770,3
3771,NA
3772,3
3773,NA
3774,1
3775,NA
3776,1
3777,0
3778,0
3779,NA
3780,2
3781,2
3782,NA
3783,NA
3784,1
3785,1
3786,NA
3787,NA
3788,NA
3789,1
3790,1
3791,NA
3792,0
3793,NA
3794,1
3795,NA
3796,0
3797,NA
3798,NA
3799,NA
3800,1
3801,0
3802,0
3803,NA
3804,3
3805,NA
3806,1
3807,2
3808,5
3809,2
3810,NA
3811,NA
3812,NA
3813,0
3814,NA
3815,NA
3816,NA
3817,NA
3818,NA
3819,1
3820,0
3821,2
3822,0
3823,NA
3824,NA
3825,0
3826,1
3827,NA
3828,NA
3829,2
3830,NA
3831,6
3832,0
3833,NA
3834,NA
3835,1
3836,NA
3837,NA
3838,NA
3839,NA
3840,3
3841,3
3842,2
3843,NA
3844,NA
3845,NA
3846,0
3847,NA
3848,NA
3849,1
3850,0
3851,1
3852,0
3853,NA
3854,2
3855,3
3856,2
3857,NA
3858,3
3859,1
3860,NA
3861,0
3862,0
3863,NA
3864,NA
3865,0
3866,NA
3867,NA
3868,NA
3869,NA
3870,1
3871,2
3872,2
3873,NA
3874,NA
3875,1
3876,0
3877,NA
3878,9
3879,NA
3880,0
3881,NA
3882,2
3883,2
3884,1
3885,1
3886,NA
3887,NA
3888,0
3889,6
3890,1
3891,3
3892,4
3893,3
3894,1
3895,NA
3896,2
3897,0
3898,NA
3899,NA
3900,1
3901,0
3902,NA
3903,NA
3904,4
3905,NA
3906,0
3907,NA
3908,NA
3909,1
3910,0
3911,NA
3912,NA
3913,NA
3914,3
3915,NA
3916,0
3917,2
3918,0
3919,1
3920,NA
3921,2
3922,0
3923,2
3924,1
3925,NA
3926,2
3927,NA
3928,0
3929,NA
3930,0
3931,NA
3932,NA
3933,NA
3934,NA
3935,1
3936,NA
3937,NA
3938,NA
3939,1
3940,3
3941,NA
3942,0
3943,NA
3944,NA
3945,0
3946,0
3947,NA
3948,4
3949,NA
3950,NA
3951,1
3952,NA
3953,4
3954,2
3955,NA
3956,NA
3957,0
3958,2
3959,1
3960,2
3961,2
3962,NA
3963,NA
3964,NA
3965,NA
3966,0
3967,2
3968,NA
3969,NA
3970,NA
3971,NA
3972,2
3973,0
3974,NA
3975,NA
3976,NA
3977,2
3978,3
3979,2
3980,NA
3981,1
3982,2
3983,NA
3984,1
3985,0
3986,NA
3987,4
3988,0
3989,1
3990,NA
3991,NA
3992,2
3993,0
3994,1
3995,1
3996,NA
3997,0
3998,2
3999,NA
4000,0
4001,NA
4002,0
4003,NA
4004,NA
4005,0
4006,0
4007,NA
4008,NA
4009,8
4010,NA
4011,1
4012,0
4013,NA
4014,NA
4015,NA
4016,2
4017,NA
4018,0
4019,NA
4020,0
4021,0
4022,NA
4023,NA
4024,1
4025,3
4026,0
4027,NA
4028,NA
4029,1
4030,6
4031,1
4032,NA
4033,0
4034,1
4035,2
4036,2
4037,3
4038,NA
4039,2
4040,NA
4041,1
4042,NA
4043,6
4044,NA
4045,NA
4046,1
4047,NA
4048,0
4049,1
4050,0
4051,2
4052,NA
4053,0
4054,NA
4055,1
4056,0
4057,0
4058,6
4059,NA
4060,NA
4061,NA
4062,NA
4063,NA
4064,3
4065,1
4066,4
4067,NA
4068,NA
4069,5
4070,1
4071,NA
4072,0
4073,NA
4074,NA
4075,1
4076,2
4077,0
4078,0
4079,1
4080,1
4081,NA
4082,NA
4083,NA
4084,NA
4085,1
4086,1
4087,NA
4088,3
4089,1
4090,0
4091,4
4092,0
4093,2
4094,8
4095,NA
4096,NA
