1,1
2,1
3,1
4,1
5,1
6,1
7,1
8,1
9,1
X,1
E,1
10,0
11,1
12,21
13,25
14,31
15,1X
16,41
17,58
18,25
19,1E
1X,15
1E,E
20,0
21,12
22,1
23,15
24,1X
25,5
26,25
27,7
28,18
29,13
2X,E
2E,X
30,0
31,13
32,2X
33,1
34,14
35,5
36,19
37,14
38,12
39,E
3X,19
3E,99
40,0
41,15
42,7
43,9
44,1
45,5
46,15
47,9
48,E
49,21
4X,5
4E,9
50,0
51,18
52,13
53,9
54,X
55,1
56,13
57,E
58,17
59,7
5X,5
5E,88
60,0
61,1E
62,8
63,17
64,15
65,8
66,1
67,11
68,8
69,7
6X,5
6E,8
70,0
71,341
72,8
73,5
74,7
75,8
76,E
77,1
78,11
79,X
7X,99
7E,13
80,0
81,5E3
82,9
83,5
84,7
85,E
86,9
87,197
88,1
89,11
8X,9
8E,7
90,0
91,124X
92,9
93,5
94,E
95,12
96,77
97,207
98,5
99,1
9X,11
9E,7
X0,0
X1,123456789E
X2,X
X3,E
X4,4X1
X5,26X
X6,7
X7,2442
X8,5
X9,387
XX,1
XE,11
E0,0
E1,11
E2,E
E3,66
E4,44
E5,33
E6,7
E7,22
E8,5
E9,33
EX,44
EE,1
100,0
101,1
102,201
103,6
104,4
105,3
106,5X3
107,2
108,77
109,3
10X,4
10E,6
110,0
111,1
112,211
113,6
114,4
115,3
116,55
117,2
118,77
119,3
11X,4
11E,6
120,0
121,1
122,221
123,77
124,4
125,3
126,5
127,2
128,7
129,3
12X,4
12E,12E
130,0
131,1
132,17
133,77
134,347
135,3
136,5
137,2
138,318
139,3
13X,77
13E,55
140,0
141,1
142,362
143,7
144,334
145,155
146,5
147,2
148,30E
149,24E
14X,77
14E,5
150,0
151,1
152,197
153,231
154,2X
155,77
156,443
157,2
158,2E2
159,217
15X,7
15E,5
160,0
161,1
162,725
163,241
164,55
165,1X
166,3E1
167,259
168,278
169,20E
16X,7
16E,5
170,0
171,1
172,439
173,1E9
174,5
175,7
176,39
177,132
178,288
179,1E3
17X,18E
17E,14X
180,0
181,1
182,18293X4E607
183,205
184,5
185,7
186,37E
187,7
188,25E
189,55
18X,135
18E,9E
190,0
191,1
192,1221
193,195
194,5
195,85
196,349
197,87
198,25
199,5
19X,145
19E,288
1X0,0
1X1,1
1X2,11
1X3,175
1X4,224
1X5,44
1X6,33
1X7,152
1X8,22
1X9,5
1XX,33
1XE,44
1E0,0
1E1,1
1E2,11
1E3,179
1E4,214
1E5,44
1E6,33
1E7,189
1E8,22
1E9,5
1EX,15
1EE,44
200,0
201,102
202,1
203,1E9
204,201
205,4
206,3
207,55
208,2
209,33X
20X,3
20E,4
210,0
211,112
212,1
213,185
214,1E4
215,4
216,3
217,55
218,2
219,1X3
21X,3
21E,4
220,0
221,122
222,1
223,155
224,1X4
225,4
226,3
227,5
228,2
229,15E
22X,3
22E,4
230,0
231,12
232,1
233,15179
234,1X7
235,75
236,3
237,5
238,2
239,147
23X,3
23E,227
240,0
241,132
242,1
243,159
244,1881
245,163
246,26E
247,5
248,2
249,143
24X,2X9
24E,12X
250,0
251,173
252,1
253,15
254,181
255,221
256,27E
257,20E
258,2
259,167
25X,194
25E,11X
260,0
261,2E7
262,1
263,15X26E38049
264,17
265,805
266,255
267,67
268,18E
269,25X
26X,X5
26E,4E
270,0
271,9E2
272,1
273,11E45
274,16X
275,5
276,253
277,112
278,168
279,2376
27X,17X
27E,256
280,0
281,51
282,1
283,232
284,191
285,85
286,23
287,X2
288,178
289,133
28X,XE
28E,266
290,0
291,51
292,1
293,11
294,174
295,65
296,231
297,7
298,15E
299,22
29X,X5
29E,33
2X0,0
2X1,E2
2X2,1
2X3,11
2X4,154
2X5,45
2X6,237
2X7,33
2X8,15
2X9,22
2XX,223
2XE,33
2E0,0
2E1,61
2E2,1
2E3,11
2E4,157
2E5,113
2E6,215
2E7,33
2E8,152
2E9,13
2EX,14X
2EE,33
300,0
301,61
302,2E4
303,1
304,14161
305,EX
306,203
307,3
308,14E
309,2
30X,E
30E,3
310,0
311,113
312,168
313,1
314,13X
315,1023
316,1E5
317,3
318,138
319,2
31X,8E
31E,3
320,0
321,195
322,213
323,1
324,27E
325,75
326,1E9
327,3
328,135
329,2
32X,75
32E,3
330,0
331,82
332,77
333,1
334,144
335,171
336,1E3
337,3
338,13E
339,2
33X,85
33E,3
340,0
341,14
342,128
343,1
344,147E259036X
345,123
346,1X9
347,134
348,145
349,2
34X,258
34E,235
350,0
351,92
352,7
353,1
354,14X
355,113
356,18E
357,37
358,14E
359,2
35X,9E
35E,215
360,0
361,103
362,138
363,1
364,1177
365,7X
366,19E
367,221
368,12E
369,281
36X,85
36E,167
370,0
371,134
372,87
373,1
374,14
375,9X
376,1839
377,67
378,128
379,1XX
37X,144
37E,6X
380,0
381,175
382,193
383,1
384,11
385,5
386,175
387,X9
388,112
389,E3
38X,22
38E,8X
390,0
391,145
392,87
393,1
394,11
395,317
396,17
397,92
398,1135E
399,XE
39X,22
39E,31E
3X0,0
3X1,72
3X2,23X
3X3,1
3X4,11
3X5,6X
3X6,179
3X7,2X
3X8,108
3X9,97E
3XX,22
3XE,7X
3E0,0
3E1,E3
3E2,128
3E3,1
3E4,11
3E5,45
3E6,173
3E7,X9
3E8,12
3E9,235
3EX,22
3EE,4E
400,0
401,41
402,61
403,E9
404,1
405,108
406,163
407,82
408,102
409,E
40X,2
40E,6X
410,0
411,197
412,671
413,17X
414,1
415,X3
416,17E
417,14E
418,E755
419,93
41X,2
41E,1806
420,0
421,125
422,67
423,915
424,1
425,8388E7002X
426,171
427,37
428,E8
429,97
42X,2
42E,9
430,0
431,X3
432,112
433,217
434,1
435,7X
436,171
437,114
438,1E7
439,XE
43X,2
43E,3E
440,0
441,62
442,71
443,89
444,1
445,55
446,155
447,62
448,E2
449,97
44X,2
44E,2442
450,0
451,16
452,71
453,95
454,1
455,1221
456,159
457,146
458,195X
459,8E
45X,2
45E,156
460,0
461,135
462,7
463,151X
464,1
465,232
466,13X31
467,1661
468,1X7
469,142
46X,55
46E,213
470,0
471,93
472,153
473,9
474,1
475,11
476,147
477,47
478,1E1
479,9E
47X,143
47E,22
480,0
481,167
482,77
483,95
484,1
485,11
486,135
487,104
488,X58
489,205
48X,X7X
48E,22
490,0
491,156
492,57
493,14X
494,1
495,5
496,153
497,12E
498,18X
499,7E
49X,75
49E,22
4X0,0
4X1,52
4X2,E2
4X3,75
4X4,1
4X5,11
4X6,13
4X7,72
4X8,XE
4X9,7X3
4XX,133
4XE,22
4E0,0
4E1,E4
4E2,133
4E3,79
4E4,1
4E5,11
4E6,145
4E7,9
4E8,X8
4E9,77
4EX,6E
4EE,22
500,0
501,31
502,17X
503,1E7
504,E7
505,1
506,1357X02468E
507,62
508,E
509,132
50X,53E
50E,2
510,0
511,1X9
512,184X
513,85
514,18E
515,1
516,12E
517,27
518,98
519,7
51X,65
51E,2
520,0
521,73
522,4E7
523,12X
524,17E5
525,1
526,12133
527,1276
528,95
529,6E
52X,5
52E,2
530,0
531,E4
532,67
533,739
534,94
535,1
536,1199
537,20X
538,9E
539,73
53X,129
53E,2
540,0
541,83
542,98
543,71
544,9184
545,1
546,117
547,1X3
548,X8
549,86E
54X,5E
54E,2
550,0
551,21E
552,51
553,71
554,9X
555,1
556,1221
557,X4
558,X2
559,122
55X,133
55E,2
560,0
561,19
562,51
563,71
564,175
565,1
566,11
567,37
568,98
569,87
56X,1E1
56E,79
570,0
571,73
572,13
573,781
574,X4
575,1
576,11
577,69
578,92
579,12X
57X,96X
57E,4X
580,0
581,62
582,57
583,12
584,1595
585,1
586,11
587,27
588,88
589,73
58X,94
58E,69
590,0
591,83
592,98
593,79
594,X
595,1
596,11
597,572
598,8X2
599,67
59X,4E
59E,3E
5X0,0
5X1,21
5X2,607
5X3,106
5X4,8X
5X5,1
5X6,11
5X7,40E4833537
5X8,161
5X9,6E
5XX,113
5XE,201
5E0,0
5E1,116
5E2,154
5E3,65
5E4,87
5E5,1
5E6,11
5E7,XE
5E8,85
5E9,16X5
5EX,1927
5EE,88
600,0
601,73
602,15X
603,17E
604,158
605,1X7
606,1
607,E
608,8248
609,7E
60X,5E
60E,4X
610,0
611,52
612,4E7
613,69
614,810X
615,169
616,1
617,94
618,8
619,73
61X,84
61E,173
620,0
621,13X8
622,98
623,629
624,94
625,144
626,1
627,69
628,7E
629,7
62X,7E4
62E,2E
630,0
631,63
632,185
633,10X
634,7X
635,25
636,1
637,37
638,8E
639,607
63X,5
63E,3X
640,0
641,31
642,140X
643,EX
644,781
645,12E
646,1
647,52
648,8512
649,5E
64X,45
64E,8
650,0
651,42
652,134
653,75
654,84
655,106
656,1
657,11
658,75
659,151
65X,171
65E,4X
660,0
661,3221
662,41
663,56X1
664,145
665,78
666,1
667,11
668,82
669,73
66X,103
66E,69
670,0
671,159
672,451
673,65
674,1265
675,149
676,1
677,11
678,792
679,63
67X,7X
67E,106
680,0
681,693
682,8
683,EX
684,74
685,25
686,1
687,11
688,83E72X6195
689,583
68X,177
68E,20E
690,0
691,84
692,78
693,59
694,132
695,728
696,1
697,11
698,12X
699,5867
69X,E13
69E,88
6X0,0
6X1,138
6X2,47
6X3,13E
6X4,7
6X5,11E
6X6,1
6X7,11
6X8,85
6X9,67
6XX,1551
6XE,4X
6E0,0
6E1,149
6E2,37
6E3,X7X
6E4,125
6E5,8
6E6,1
6E7,11
6E8,78
6E9,XX
6EX,128
6EE,X6
700,0
701,21
702,72
703,61
704,7X
705,63
706,E
707,1
708,1177
709,5E
70X,3E
70E,2E
710,0
711,231
712,155
713,61
714,81
715,25
716,X8E
717,1
718,75
719,X36
71X,36X5
71E,207E
720,0
721,95
722,78
723,55
724,81
725,3X
726,E7
727,1
728,8
729,57
72X,4E
72E,162
730,0
731,53
732,12X
733,65
734,74
735,177
736,E5
737,1
738,82
739,X
73X,35
73E,4X
740,0
741,352
742,E3
743,X2
744,112
745,53
746,X03
747,1
748,11
749,X2
74X,12
74E,78
750,0
751,118
752,3367
753,519
754,67
755,63
756,X3
757,1
758,11
759,135
75X,45
75E,8
760,0
761,74
762,99
763,127
764,6X
765,25
766,96X11
767,1
768,11
769,5E4X392817
76X,3E5E
76E,X6
770,0
771,16E
772,47
773,629
774,6881
775,3X
776,9759
777,1
778,11
779,4E
77X,31E
77E,1E
780,0
781,31
782,37
783,133
784,11E
785,4707X
786,95
787,1
788,11
789,5E
78X,35
78E,87
790,0
791,85
792,15
793,495
794,64
795,583
796,937
797,1
798,11
799,4EX7
79X,3E
79E,49
7X0,0
7X1,X6
7X2,93
7X3,5
7X4,74
7X5,926
7X6,99
7X7,1
7X8,11
7X9,53
7XX,45
7XE,59
7E0,0
7E1,32
7E2,728
7E3,926
7E4,7
7E5,25
7E6,937
7E7,1
7E8,11
7E9,9X
7EX,112
7EE,68
800,0
801,1811
802,41
803,49
804,61
805,E
806,9E55
807,E1
808,1
809,115
80X,64
80E,3X
810,0
811,74
812,41
813,11E
814,61
815,81
816,9
817,E1
818,1
819,57
81X,35
81E,142
820,0
821,473
822,959
823,51
824,671
825,81
826,9E
827,15
828,1
829,X2
82X,E8
82E,926
830,0
831,21
832,2E77
833,51
834,6231
835,X8E
836,93
837,75E
838,1
839,11
83X,X03
83E,151
840,0
841,1681
842,125
843,561
844,10E
845,25
846,915
847,297
848,1
849,X
84X,41X4596015
84E,77
850,0
851,53
852,37
853,4E01
854,5X
855,41X
856,86E
857,1637
858,1
859,11
85X,9
85E,1E
860,0
861,352
862,8E3
863,55
864,67
865,53
866,8815
867,6074
868,1
869,11
86X,3E
86E,7
870,0
871,594
872,68
873,519
874,589X
875,2X
876,97
877,1375
878,1
879,11
87X,E8
87E,68
880,0
881,3E62
882,31
883,86
884,6X
885,XE
886,89
887,1997
888,1
889,11
88X,93
88E,104
890,0
891,75
892,31
893,10E
894,57
895,25
896,849
897,187
898,1
899,11
89X,1221
89E,2X
8X0,0
8X1,E8
8X2,9
8X3,45
8X4,5X
8X5,9E
8X6,8E
8X7,12X
8X8,1
8X9,11
8XX,1177
8XE,3X
8E0,0
8E1,43
8E2,83
8E3,5
8E4,X8E
8E5,109
8E6,805E
8E7,27
8E8,1
8E9,11
8EX,89
8EE,519
900,0
901,12E
902,572
903,41
904,E
905,97E
906,86E
907,E8
908,XX
909,1
90X,117
90E,14XE
910,0
911,352
912,5XX8
913,41
914,E35
915,12
916,81
917,86
918,E1
919,1
91X,1221
91E,X5
920,0
921,594
922,3X7
923,519
924,561
925,25
926,9
927,19X7
928,E1
929,1
92X,11
92E,271X87789E
930,0
931,E8
932,2777
933,45
934,561
935,58
936,81
937,54
938,E1
939,1
93X,11
93E,20E
940,0
941,473
942,X4
943,409
944,54
945,3X
946,7X3
947,187
948,58
949,1
94X,11
94E,816
950,0
951,21
952,62
953,7X
954,52X
955,1675
956,805
957,409
958,53E
959,1
95X,11
95E,618
960,0
961,86
962,89
963,EE
964,5234
965,15
966,85
967,6E
968,5185
969,1
96X,11
96E,86
970,0
971,X8
972,XX
973,103
974,X5
975,25
976,7E
977,10X
978,5265
979,1
97X,11
97E,7
980,0
981,75
982,27
983,3E89
984,57
985,X14
986,75
987,125
988,5128
989,1
98X,11
98E,2X
990,0
991,76
992,37
993,3951
994,XE
995,1965
996,7X3
997,2447
998,9X
999,1
99X,11
99E,X4
9X0,0
9X1,4E84
9X2,58
9X3,82
9X4,52X
9X5,71
9X6,79
9X7,86
9X8,508
9X9,1
9XX,11
9XE,95
9E0,0
9E1,87
9E2,X
9E3,495
9E4,54
9E5,15
9E6,83
9E7,10X
9E8,52
9E9,1
9EX,11
9EE,67
X00,0
X01,54
X02,31
X03,E
X04,9E
X05,71
X06,7383
X07,891
X08,5E
X09,X9
X0X,1
X0E,1221
X10,0
X11,473
X12,31
X13,49
X14,X2
X15,21X5
X16,77
X17,891
X18,53E
X19,E1
X1X,1
X1E,11
X20,0
X21,2E12
X22,10E
X23,72
X24,X25
X25,8E
X26,7145
X27,6E
X28,4X35
X29,E1
X2X,1
X2E,11
X30,0
X31,11E
X32,27
X33,39
X34,4X
X35,508
X36,7
X37,891
X38,X4
X39,E1
X3X,1
X3E,11
X40,0
X41,242
X42,105
X43,45
X44,49E7
X45,12X5
X46,75
X47,39
X48,4922
X49,E1
X4X,1
X4E,11
X50,0
X51,827
X52,739
X53,385
X54,95
X55,X4
X56,6E
X57,E3
X58,5
X59,E1
X5X,1
X5E,11
X60,0
X61,X9
X62,58
X63,41
X64,47
X65,363
X66,717
X67,187
X68,48
X69,3E
X6X,1
X6E,11
X70,0
X71,827
X72,105
X73,41
X74,57
X75,76
X76,71EE
X77,1437
X78,97
X79,3567
X7X,1
X7E,11
X80,0
X81,21
X82,48
X83,451
X84,4X
X85,43
X86,79
X87,54
X88,46X2
X89,X25
X8X,1
X8E,11
X90,0
X91,X9
X92,96X
X93,3615
X94,54
X95,904
X96,6969
X97,X3
X98,97
X99,3693
X9X,1
X9E,11
XX0,0
XX1,43
XX2,2791
XX3,72
XX4,8X2
XX5,2X
XX6,693
XX7,242
XX8,4E
XX9,363
XXX,1
XXE,11
XE0,0
XE1,718293X4E6
XE2,52
XE3,3611
XE4,51
XE5,48
XE6,71
XE7,39
XE8,8X
XE9,6X
XEX,1
XEE,11
E00,0
E01,X9
E02,E
E03,76
E04,51
E05,7E
E06,71
E07,32
E08,462
E09,682
E0X,E1
E0E,1
E10,0
E11,65
E12,462
E13,341
E14,4X
E15,61
E16,6E
E17,187
E18,891
E19,37
E1X,E1
E1E,1
E20,0
E21,44
E22,21E1
E23,39
E24,461
E25,61
E26,6565
E27,1X27
E28,52
E29,72
E2X,E1
E2E,1
E30,0
E31,33
E32,69
E33,66
E34,47
E35,26X
E36,75
E37,53E
E38,495
E39,3E
E3X,25
E3E,1
E40,0
E41,32
E42,31
E43,3625
E44,92
E45,75E
E46,7
E47,1367
E48,904
E49,6X
E4X,E1
E4E,1
E50,0
E51,22
E52,31
E53,X3
E54,44
E55,66
E56,6489
E57,222
E58,48
E59,31E
E5X,E1
E5E,1
E60,0
E61,EE
E62,8X
E63,3325
E64,4X
E65,2035
E66,6473
E67,X03
E68,5
E69,340E
E6X,E1
E6E,1
E70,0
E71,88
E72,297
E73,72
E74,451
E75,33
E76,67
E77,66
E78,458E
E79,333
E7X,E1
E7E,1
E80,0
E81,XX
E82,21
E83,3321
E84,4141
E85,84
E86,63
E87,44
E88,45
E89,959
E8X,25
E8E,1
E90,0
E91,99
E92,2E74XEE197
E93,39
E94,4287
E95,15
E96,629
E97,838
E98,42E
E99,66
E9X,20E
E9E,1
EX0,0
EX1,77
EX2,69
EX3,3135
EX4,88
EX5,48
EX6,65
EX7,39
EX8,87
EX9,37
EXX,215E
EXE,1
EE0,0
EE1,11
EE2,XE
EE3,385
EE4,4X
EE5,51
EE6,6X25
EE7,22
EE8,46X5
EE9,33
EEX,44
EEE,1
1000,0
1001,1
1002,84
1003,93
1004,8E
1005,51
1006,64E
1007,71
1008,8X
1009,3E
100X,629
100E,E1
1010,0
1011,1101
1012,63
1013,8E3
1014,4124
1015,7E4
1016,61
1017,781
1018,827
1019,306E
101X,25
101E,E1
1020,0
1021,1201
1022,27
1023,6
1024,8965
1025,15
1026,61
1027,838
1028,4065
1029,3163
102X,41X
102E,E1
1030,0
1031,959
1032,48
1033,63X
1034,4
1035,9E2
1036,671
1037,187
1038,42
1039,31E
103X,2135
103E,E1
1040,0
1041,9X
1042,7E4
1043,35
1044,4X
1045,3
1046,5XXE
1047,E35
1048,48
1049,95
104X,82
104E,2X
1050,0
1051,838
1052,X5
1053,31
1054,7E
1055,767E
1056,5X9
1057,93
1058,3E8
1059,682
105X,2025
105E,E1
1060,0
1061,XE
1062,63
1063,8E3
1064,3X7
1065,89
1066,65
1067,2
1068,3E
1069,915
106X,25
106E,39
1070,0
1071,1171
1072,84
1073,36X147E259
1074,4067
1075,6E
1076,607
1077,2E9
1078,39E
1079,37
107X,1E
107E,48
1080,0
1081,16E1
1082,2237
1083,39
1084,805
1085,3E8
1086,5E
1087,4E
1088,4015
1089,3
108X,21EE
108E,E1
1090,0
1091,1041
1092,27
1093,35
1094,4267
1095,48
1096,5X51
1097,39
1098,45
1099,3257
109X,4
109E,E1
10X0,0
10X1,1251
10X2,21
10X3,3589
10X4,78
10X5,X2
10X6,6257
10X7,X5
10X8,42
10X9,297
10XX,63
10XE,6
10E0,0
10E1,5E6
10E2,59
10E3,2E9
10E4,47
10E5,1EX
10E6,5X53
10E7,E97
10E8,781
10E9,3127
10EX,25
10EE,EE
1100,0
1101,1011
1102,1E01
1103,2981
1104,7E
1105,165
1106,5681
1107,9X
1108,781
1109,2E
110X,3X
110E,3329
1110,0
1111,1
1112,2111
1113,62
1114,41
1115,363
1116,5709
1117,83
1118,385
1119,62
111X,82
111E,38
1120,0
1121,1211
1122,95
1123,572
1124,451
1125,92
1126,629
1127,671
1128,3872
1129,2X27
112X,2005
112E,29
1130,0
1131,67
1132,2347
1133,6
1134,3X7
1135,6E
1136,5X5
1137,78
1138,3E
1139,2X5E
113X,63
113E,65
1140,0
1141,89
1142,2161
1143,2EX5
1144,4
1145,1035
1146,5E
1147,53E
1148,38
1149,56
114X,25
114E,1X
1150,0
1151,9X
1152,20E1
1153,2X05
1154,437530X864
1155,3
1156,583
1157,187
1158,3X22
1159,5X
115X,20E
115E,47
1160,0
1161,78
1162,42
1163,2XE1
1164,3X
1165,849
1166,57
1167,29
1168,77
1169,3053
116X,374
116E,92
1170,0
1171,9E
1172,2041
1173,28X1
1174,75
1175,3E8
1176,6103
1177,2
1178,717
1179,30X3
117X,44
117E,175E
1180,0
1181,242
1182,7X
1183,87
1184,374
1185,51
1186,5463
1187,78
1188,7
1189,85
118X,937
118E,74
1190,0
1191,1962
1192,2351
1193,31
1194,36XX
1195,51
1196,59
1197,E67
1198,3872
1199,3
119X,25
119E,3479
11X0,0
11X1,1151
11X2,3E8
11X3,29
11X4,400X
11X5,1X
11X6,53E
11X7,17
11X8,74X
11X9,2E
11XX,4
11XE,E
11E0,0
11E1,1361
11E2,1E81
11E3,28X5
11E4,3X
11E5,92
11E6,55
11E7,8X
11E8,74
11E9,79
11EX,53
11EE,6
1200,0
1201,56
1202,1E17
1203,827
1204,37
1205,15
1206,5E
1207,2939
1208,3E
1209,52X
120X,21E5
120E,25XX
1210,0
1211,1121
1212,21
1213,2899
1214,6E5
1215,451
1216,5235
1217,4E
1218,3525
1219,310E
121X,2085
121E,2E9
1220,0
1221,1
1222,231
1223,2E51
1224,3E2X
1225,33
1226,50X5
1227,242
1228,3572
1229,2727
122X,25
122E,6X4
1230,0
1231,2853
1232,211
1233,5X
1234,357X
1235,2468E1357X
1236,519
1237,374
1238,35X8
1239,805
123X,347X
123E,1X
1240,0
1241,67
1242,85
1243,271
1244,3X
1245,5E
1246,59
1247,6491
1248,352
1249,2677
124X,1E
124E,47
1250,0
1251,10X1
1252,2457
1253,7E
1254,4
1255,15
1256,57
1257,17
1258,3488
1259,56
125X,91
125E,29
1260,0
1261,8X
1262,53
1263,52
1264,75
1265,3
1266,53E
1267,1E92
1268,38
1269,33
126X,17E5
126E,213X
1270,0
1271,85X
1272,8E
1273,2989
1274,41
1275,79
1276,5
1277,56
1278,35
1279,31E
127X,25
127E,X3E
1280,0
1281,1181
1282,187
1283,275
1284,3887
1285,1275
1286,51
1287,2
1288,67
1289,2E
128X,17X5
128E,33X8
1290,0
1291,242
1292,17X7
1293,2E9
1294,34
1295,1X
1296,51
1297,29
1298,7
1299,27
129X,3X
129E,E
12X0,0
12X1,68
12X2,6X
12X3,26X9
12X4,33E4
12X5,15
12X6,519
12X7,1792
12X8,67
12X9,3
12XX,34
12XE,82
12E0,0
12E1,1491
12E2,2461
12E3,56
12E4,335X
12E5,82
12E6,4E7
12E7,85X
12E8,352
12E9,27XE
12EX,4
12EE,4X6
1300,0
1301,1031
1302,38
1303,2X21
1304,3407
1305,218X
1306,5149
1307,17
1308,35
1309,291E
130X,72
130E,13E
1310,0
1311,57
1312,1727
1313,25
1314,3384
1315,6X4
1316,5340962E85
1317,95
1318,3285
1319,2507
131X,53
131E,47
1320,0
1321,1241
1322,2087
1323,2629
1324,3344
1325,1265
1326,53E
1327,61
1328,3908
1329,75
132X,1E
132E,1EX
1330,0
1331,1
1332,17
1333,77
1334,3447
1335,165
1336,4887
1337,22
1338,31E
1339,28X3
133X,68
133E,2599
1340,0
1341,8E
1342,227
1343,2665
1344,3387
1345,E85
1346,492E
1347,34
1348,3612
1349,27
134X,2363E
134E,29
1350,0
1351,1431
1352,1X27
1353,7
1354,68
1355,79
1356,49
1357,E57
1358,35
1359,2E
135X,682
135E,38
1360,0
1361,34
1362,85
1363,25
1364,317
1365,985
1366,495
1367,E47
1368,32
1369,6E5
136X,827
136E,91
1370,0
1371,253
1372,2061
1373,2789
1374,3494
1375,3
1376,4851
1377,1397
1378,3362
1379,4X6
137X,49
137E,82
1380,0
1381,2983
1382,53
1383,6E
1384,31X4
1385,41
1386,5
1387,29
1388,38
1389,2E97
138X,473
138E,E
1390,0
1391,4X6
1392,1967
1393,52
1394,3204
1395,3X31
1396,53
1397,2
1398,31EE
1399,253
139X,166E
139E,45X7
13X0,0
13X1,22
13X2,17
13X3,2815
13X4,374
13X5,87
13X6,473
13X7,7593
13X8,315
13X9,2607
13XX,30X
13XE,108E
13E0,0
13E1,68
13E2,805
13E3,25
13E4,3891
13E5,38
13E6,4E
13E7,3000902999
13E8,67
13E9,3
13EX,34
13EE,64
1400,0
1401,57
1402,1981
1403,29
1404,3031
1405,13E5
1406,49
1407,68
1408,3092
1409,52
140X,175
140E,792
1410,0
1411,86E
1412,63X
1413,2535
1414,31
1415,1X3X
1416,4701
1417,85
1418,32
1419,75
141X,1E
141E,16X
1420,0
1421,25X3
1422,38
1423,2875
1424,341
1425,1X
1426,4545
1427,618
1428,61
1429,6E5
142X,49
142E,46
1430,0
1431,1351
1432,1897
1433,231
1434,3191
1435,64
1436,4507
1437,46
1438,61
1439,2E
143X,81
143E,693
1440,0
1441,1
1442,3668
1443,25
1444,3231
1445,53E
1446,4841
1447,22
1448,31E5
1449,2443
144X,18X5
144E,46
1450,0
1451,121
1452,17
1453,2431
1454,2EEX
1455,792
1456,51
1457,7X
1458,5X
1459,71
145X,473
145E,129E
1460,0
1461,1722
1462,21
1463,7
1464,3257
1465,69
1466,4431
1467,5841
1468,64E1
1469,71
146X,1895
146E,55
1470,0
1471,34
1472,75E
1473,24E1
1474,35X
1475,1EX
1476,45
1477,805
1478,2E0E
1479,230E
147X,1E3E
147E,E
1480,0
1481,86E
1482,2177
1483,2361
1484,64E
1485,15
1486,465E
1487,34
1488,352
1489,27
148X,1E05
148E,3X7
1490,0
1491,12E1
1492,473
1493,25
1494,5X5
1495,2323
1496,5
1497,42E
1498,3484X39275
1499,231953
149X,62
149E,72
14X0,0
14X1,7X
14X2,75
14X3,2655
14X4,6425
14X5,2263
14X6,441E
14X7,2
14X8,2E
14X9,23
14XX,20E
14XE,90E
14E0,0
14E1,57
14E2,1857
14E3,6E
14E4,2X8X
14E5,46
14E6,4419
14E7,29
14E8,2E5
14E9,43E6
14EX,1E
14EE,2X8
1500,0
1501,23
1502,187
1503,2391
1504,2X61
1505,4E4E
1506,4527
1507,1X62
1508,2X8
1509,46
150X,1525
150E,1EEX
1510,0
1511,X11
1512,3038
1513,64E
1514,2X6X
1515,1X
1516,431EE5
1517,693
1518,2E1E
1519,65
151X,7
151E,693
1520,0
1521,4E7
1522,2X8
1523,25
1524,34
1525,41
1526,4265
1527,1X92
1528,2X4E
1529,23
152X,15
152E,5
1530,0
1531,7E
1532,1871
1533,29
1534,3241
1535,827
1536,4207
1537,1X02
1538,5X
1539,27
153X,34
153E,87E
1540,0
1541,385
1542,1E91
1543,2381
1544,3197
1545,69
1546,43
1547,27E9
1548,35
1549,629
154X,19EE
154E,81
1550,0
1551,1
1552,1937
1553,67
1554,2X
1555,77
1556,4229
1557,51
1558,2E22
1559,69
155X,62
155E,37
1560,0
1561,121
1562,43
1563,21
1564,31
1565,1EEX
1566,41E1
1567,51
1568,57
1569,42
156X,71
156E,E
1570,0
1571,10E1
1572,187
1573,25
1574,2E37
1575,191X
1576,419891
1577,E57
1578,289E
1579,27XX49425E
157X,15
157E,46
1580,0
1581,629
1582,5X
1583,41X
1584,2X7
1585,594
1586,45
1587,46
1588,2E
1589,20E
158X,572
158E,4866
1590,0
1591,35
1592,75
1593,46
1594,2934
1595,4E
1596,4271
1597,34
1598,2XX2
1599,65
159X,1E
159E,594
15X0,0
15X1,7E
15X2,6E
15X3,2379
15X4,2X11
15X5,4256
15X6,413
15X7,2759
15X8,28E2
15X9,20EE
15XX,192E
15XE,9XE
15E0,0
15E1,34
15E2,18X1
15E3,2211
15E4,28X4
15E5,172X
15E6,47X1
15E7,2
15E8,2X52
15E9,629
15EX,717
15EE,495
1600,0
1601,X31
1602,409
1603,25
1604,297
1605,1X
1606,4041
1607,937
1608,292
1609,21XE
160X,1E45E
160E,183X
1610,0
1611,253
1612,5X
1613,41X
1614,55
1615,1385
1616,409
1617,5231
1618,3312
1619,42
161X,181E
161E,4795
1620,0
1621,30E4
1622,187
1623,462
1624,2E54
1625,253
1626,41
1627,58
1628,287E
1629,1EXE
162X,7
162E,37
1630,0
1631,46
1632,43
1633,2411
1634,2E44
1635,2753
1636,4039
1637,6X
1638,2945
1639,23
163X,4513
163E,5
1640,0
1641,1452
1642,2X8
1643,63
1644,27E1
1645,46
1646,4181
1647,3E
1648,293E
1649,2103
164X,43
164E,28
1650,0
1651,23
1652,1X57
1653,25
1654,2X77
1655,341
1656,3E69
1657,75
1658,28
1659,65
165X,1X8771189E
165E,EE
1660,0
1661,1
1662,5X
1663,2065
1664,2777
1665,1X
1666,3XE1
1667,3064
1668,561
1669,20E
166X,2X
166E,781
1670,0
1671,11
1672,28
1673,2079
1674,279X
1675,955
1676,3E0X5
1677,708X
1678,2808
1679,23
167X,1X85
167E,28
1680,0
1681,58
1682,52X
1683,21
1684,52
1685,77
1686,409
1687,6X
1688,28
1689,5X5
168X,1E
168E,9EE
1690,0
1691,75E
1692,187
1693,21
1694,2X
1695,197X
1696,3E3E
1697,9317
1698,2872
1699,59
169X,409
169E,196X
16X0,0
16X1,47
16X2,1957
16X3,25
16X4,31
16X5,7
16X6,3E
16X7,9977
16X8,275
16X9,2213
16XX,14685
16XE,80E
16E0,0
16E1,1081
16E2,409
16E3,607
16E4,53E
16E5,3138
16E6,39E
16E7,967
16E8,2E12
16E9,3X
16EX,30X
16EE,1X
1700,0
1701,508
1702,43
1703,583
1704,2807
1705,29X8
1706,3981
1707,1X2
1708,2718
1709,21E3
170X,67
170E,45
1710,0
1711,911
1712,52X
1713,1E25
1714,2747
1715,59
1716,39X9
1717,77
1718,27E
1719,1E2E
171X,43
171E,63
1720,0
1721,901
1722,54
1723,2225
1724,55
1725,4E
1726,3X093
1727,451
1728,2705
1729,61
172X,15E5
172E,54
1730,0
1731,385
1732,65
1733,25
1734,2X87
1735,253
1736,3947
1737,3896
1738,2E
1739,61
173X,16E
173E,754E2E41
1740,0
1741,E11
1742,187
1743,42
1744,27
1745,7X5
1746,392E
1747,75
1748,4E7
1749,1E
174X,508
174E,EE
1750,0
1751,9E1
1752,64E
1753,1E85
1754,2674
1755,1X
1756,388E
1757,1X9
1758,5107
1759,2277
175X,15
175E,E
1760,0
1761,253
1762,39
1763,2495
1764,264
1765,3X06
1766,3851
1767,583
1768,2678
1769,1E8E
176X,15EE
176E,125E
1770,0
1771,1
1772,619E
1773,2375
1774,4E
1775,23
1776,39
1777,132
1778,2888
1779,1X67
177X,52
177E,1X9
1780,0
1781,11
1782,25X2
1783,25
1784,2X
1785,765
1786,41
1787,1312
1788,275
1789,23
178X,1435
178E,2309
1790,0
1791,121
1792,43
1793,5E
1794,264
1795,XE5
1796,3797
1797,508
1798,2X88
1799,41X
179X,266X
179E,2X8
17X0,0
17X1,23
17X2,17E7
17X3,57
17X4,5
17X5,31
17X6,381E
17X7,1292
17X8,28
17X9,2093
17XX,15
17XE,158X
17E0,0
17E1,132
17E2,65
17E3,21
17E4,27
17E5,7
17E6,3955
17E7,1272
17E8,2588
17E9,42
17EX,264X
17EE,1X9
1800,0
1801,6E
1802,28
1803,231
1804,2501
1805,9X5
1806,383
1807,6E5
1808,2822
1809,55
180X,1285
180E,28
1810,0
1811,35
1812,64E
1813,2409
1814,2X07
1815,42E
1816,3781
1817,77
1818,25
1819,1X6E
181X,152E
181E,45
1820,0
1821,264
1822,1511
1823,1X9
1824,508
1825,28
1826,409
1827,817
1828,51
1829,20E
182X,142E
182E,X3E
1830,0
1831,59
1832,1867
1833,3X
1834,254X
1835,3251
1836,3687
1837,63X
1838,51
1839,1E
183X,39
183E,EE
1840,0
1841,8E1
1842,1567
1843,1995
1844,24E4
1845,885
1846,37
1847,747
1848,2522
1849,1X1E
184X,61
184E,E
1850,0
1851,132
1852,39
1853,2041
1854,2761
1855,396
1856,385
1857,737
1858,2X92
1859,1E4E
185X,1285
185E,15X
1860,0
1861,1141
1862,187
1863,1X9
1864,4E78
1865,59
1866,3631
1867,X17
1868,25
1869,1X37
186X,264
186E,45
1870,0
1871,48
1872,13X1
1873,53
1874,52
1875,24X8
1876,3E97
1877,X77
1878,2565
1879,1E3E
187X,182E
187E,18E9
1880,0
1881,1
1882,121
1883,3X
1884,2441
1885,67
1886,375E
1887,7
1888,489X
1889,55
188X,1335
188E,8EE
1890,0
1891,11
1892,5E
1893,57
1894,2471
1895,835
1896,3617
1897,451
1898,4E97
1899,1EXE
189X,2X
189E,2279
18X0,0
18X1,59
18X2,1277
18X3,1E9
18X4,495
18X5,42E
18X6,3647
18X7,877
18X8,2438
18X9,209E
18XX,52
18XE,4E14
18E0,0
18E1,23
18E2,1567
18E3,1EE5
18E4,5
18E5,6042
18E6,390E
18E7,24
18E8,25
18E9,36
18EX,508
18EE,X5E
1900,0
1901,18625454E2
1902,1597
1903,1E99
1904,2X
1905,23
1906,3541
1907,19
1908,47
1909,1X17
190X,363
190E,87E
1910,0
1911,5X
1912,2572
1913,21
1914,24
1915,16EX
1916,39
1917,1959
1918,5011
1919,1E
191X,1575
191E,E2E
1920,0
1921,6X1
1922,2712
1923,21
1924,2387
1925,31
1926,3525
1927,12
1928,242
1929,561
192X,39
192E,19
1930,0
1931,23
1932,1437
1933,36E6
1934,297
1935,341
1936,3857
1937,14X2
1938,245
1939,51
193X,1325
193E,E
1940,0
1941,519
1942,1401
1943,3X92
1944,24
1945,9E5
1946,3557
1947,1362
1948,25
1949,1E3
194X,607
194E,36
1950,0
1951,X11
1952,28
1953,352
1954,2351
1955,2368
1956,3645
1957,13E2
1958,22X5
1959,1917
195X,125
195E,28
1960,0
1961,12
1962,484
1963,1X31
1964,495
1965,484
1966,3451
1967,2E
1968,28
1969,3X
196X,462
196E,19
1970,0
1971,20E3
1972,2808
1973,1805
1974,2451
1975,28
1976,3491
1977,48
1978,2875
1979,1X3E
197X,1695
197E,45
1980,0
1981,36
1982,28
1983,1X85
1984,2804
1985,12XX
1986,37
1987,7
1988,451
1989,187
198X,15
198E,28
1990,0
1991,1
1992,121
1993,19
1994,2364
1995,67
1996,363
1997,887
1998,25
1999,1XXE
199X,2554
199E,7EE
19X0,0
19X1,11
19X2,36X147E259
19X3,3X12
19X4,27
19X5,607
19X6,35E9
19X7,53
19X8,22EE
19X9,1797
19XX,24
19XE,572
19E0,0
19E1,5X
19E2,39
19E3,36
19E4,45
19E5,10X7X5
19E6,35
19E7,7E7
19E8,2642
19E9,1E
19EX,166E
19EE,154X
1X00,0
1X01,12
1X02,1537
1X03,352
1X04,48
1X05,36
1X06,39
1X07,7X7
1X08,23X7E
1X09,1883
1X0X,160E
1X0E,484
1X10,0
1X11,E81
1X12,17
1X13,19
1X14,231
1X15,13X
1X16,341
1X17,727
1X18,444X
1X19,1787
1X1X,15
1X1E,EE
1X20,0
1X21,921
1X22,33
1X23,356X
1X24,231
1X25,36
1X26,341
1X27,41
1X28,25
1X29,1827
1X2X,561
1X2E,E
1X30,0
1X31,911
1X32,2452
1X33,17E5
1X34,23X7
1X35,825
1X36,3307
1X37,7
1X38,23X2
1X39,187
1X3X,57
1X3E,13XX
1X40,0
1X41,3X7
1X42,22
1X43,21
1X44,2401
1X45,3E
1X46,35
1X47,1027
1X48,25E
1X49,1927
1X4X,118E
1X4E,53
1X50,0
1X51,48
1X52,1327
1X53,1845
1X54,27
1X55,1045
1X56,37
1X57,36
1X58,229E
1X59,5
1X5X,5X31
1X5E,106E
1X60,0
1X61,519
1X62,1351
1X63,1X81
1X64,2654
1X65,31
1X66,33
1X67,24
1X68,220E
1X69,1X27
1X6X,135
1X6E,297
1X70,0
1X71,1041
1X72,53E
1X73,352
1X74,2367
1X75,E45
1X76,32E45
1X77,19
1X78,25
1X79,1X87
1X7X,1355
1X7E,9E
1X80,0
1X81,E01
1X82,17
1X83,21368641E9
1X84,264
1X85,519
1X86,3799
1X87,1X79
1X88,47
1X89,36
1X8X,1415
1X8E,385
1X90,0
1X91,2214
1X92,1527
1X93,4X3E
1X94,462
1X95,607
1X96,35
1X97,12
1X98,2502
1X99,20E
1X9X,48
1X9E,1X9
1XX0,0
1XX1,1
1XX2,11
1XX3,4E
1XX4,42E
1XX5,572
1XX6,325E
1XX7,5X5
1XX8,22
1XX9,17
1XXX,33
1XXE,44
1XE0,0
1XE1,2144
1XE2,111
1XE3,1E31
1XE4,24
1XE5,E05
1XE6,31E
1XE7,X57
1XE8,21E8
1XE9,51
1XEX,165
1XEE,36
1E00,0
1E01,1102
1E02,25X8
1E03,199
1E04,45
1E05,985
1E06,3201
1E07,3786
1E08,25
1E09,51
1E0X,3569
1E0E,EEE
1E10,0
1E11,49
1E12,1197
1E13,20031
1E14,217
1E15,3E
1E16,3209
1E17,2E
1E18,41X
1E19,1X8E
1E1X,1415
1E1E,E
1E20,0
1E21,6E1
1E22,44
1E23,32
1E24,22XX
1E25,85
1E26,37
1E27,1X89
1E28,451
1E29,330X
1E2X,57
1E2E,52
1E30,0
1E31,36
1E32,33
1E33,4E7
1E34,2584
1E35,49
1E36,319
1E37,7
1E38,451
1E39,495
1E3X,3703
1E3E,61
1E40,0
1E41,24
1E42,55
1E43,1X9
1E44,21
1E45,4E689
1E46,316E
1E47,87
1E48,2152
1E49,1EXE
1E4X,42
1E4E,61
1E50,0
1E51,36
1E52,22
1E53,1XX5
1E54,2121
1E55,44
1E56,30XE
1E57,1552
1E58,25
1E59,17
1E5X,264
1E5E,90E
1E60,0
1E61,275
1E62,1627
1E63,36
1E64,2468E1357X
1E65,52
1E66,31
1E67,5X5
1E68,4204
1E69,5
1E6X,1385
1E6E,72E
1E70,0
1E71,12
1E72,41X
1E73,30X
1E74,42E
1E75,885
1E76,33
1E77,10X2
1E78,225E
1E79,1947
1E7X,224
1E7E,98E
1E80,0
1E81,49
1E82,1507
1E83,19
1E84,22E4
1E85,1753
1E86,31EE
1E87,797
1E88,44
1E89,1E
1E8X,24
1E8E,375
1E90,0
1E91,5E
1E92,1081
1E93,32
1E94,20E7
1E95,36
1E96,31E1
1E97,1472
1E98,215E
1E99,30X
1E9X,115E
1E9E,61E
1EX0,0
1EX1,37
1EX2,1607
1EX3,31EX
1EX4,21EX
1EX5,3E
1EX6,3285
1EX7,77
1EX8,25
1EX9,1807
1EXX,10EE
1EXE,X4E
1EE0,0
1EE1,1
1EE2,11
1EE3,1739
1EE4,2397
1EE5,36
1EE6,332E
1EE7,2E
1EE8,22
1EE9,176E
1EEX,15
1EEE,44
2000,0
2001,841
2002,1
2003,1EE9
2004,42
2005,112X
2006,326E
2007,473
2008,22E2
2009,17
200X,51
200E,E
2010,0
2011,EX1
2012,2102
2013,165
2014,45
2015,E85
2016,3507
2017,24
2018,2215
2019,1713
201X,1465
201E,X1E
2020,0
2021,1202
2022,1101
2023,473
2024,224
2025,52
2026,3121
2027,19
2028,2072
2029,3242
202X,3E8
202E,67E
2030,0
2031,49
2032,12X7
2033,4E
2034,204X
2035,4
2036,2EX7
2037,8E7
2038,25
2039,1837
203X,2E9
203E,473
2040,0
2041,275
2042,2092
2043,32
2044,42E
2045,5471436032
2046,3
2047,12
2048,20308
2049,495
204X,15
204E,1X9
2050,0
2051,E61
2052,41X
2053,1829
2054,2247
2055,49
2056,3047
2057,152
2058,20E
2059,174E
205X,1EX
205E,27
2060,0
2061,1372
2062,10X1
2063,165
2064,24
2065,133X
2066,31E
2067,19
2068,2
2069,1E
206X,4E7
206E,1969
2070,0
2071,37
2072,2028
2073,1679
2074,21
2075,1E58
2076,2E9
2077,2E0E
2078,3E47
2079,17
207X,208X
207E,35
2080,0
2081,132
2082,4E
2083,1689
2084,3E8
2085,X85
2086,2EX3
2087,XX7
2088,25
2089,30X
208X,3
208E,19
2090,0
2091,275
2092,2042
2093,17X9
2094,24
2095,57
2096,2XE7
2097,787
2098,41
2099,2E4X
209X,15
209E,4
20X0,0
20X1,12X2
20X2,41X
20X3,1611
20X4,2194
20X5,8X5
20X6,31
20X7,7
20X8,2188
20X9,1877
20XX,1E8294
20XE,1X49
20E0,0
20E1,24
20E2,2E9
20E3,47
20E4,1EX
20E5,895
20E6,341
20E7,X77
20E8,2025
20E9,1767
20EX,EE
20EE,561
2100,0
2101,E1
2102,1071
2103,1649
2104,2037
2105,755
2106,31E3
2107,2618E
2108,2152
2109,305X
210X,122E
210E,E
2110,0
2111,711
2112,1
2113,17X9
2114,3E
2115,665
2116,2E09
2117,18E9
2118,242
2119,30X
211X,220X
211E,18X9
2120,0
2121,12
2122,1061
2123,179
2124,42
2125,815
2126,3200586703
2127,473
2128,2148
2129,187
212X,42
212E,75E
2130,0
2131,2024
2132,E77
2133,19
2134,214
2135,103X
2136,2X79
2137,2434
2138,1E
2139,3182
213X,24
213E,102X
2140,0
2141,811
2142,EX7
2143,1515
2144,1XE1
2145,4
2146,2X83
2147,1639
2148,1E52
2149,155E
214X,1EX
214E,X8E
2150,0
2151,1963
2152,1E48
2153,1769
2154,2327
2155,52
2156,3
2157,77
2158,1E28
2159,45
215X,4E7
215E,EXX
2160,0
2161,1142
2162,1041
2163,1X19
2164,2144
2165,1643
2166,2E9
2167,87
2168,22XE
2169,3006
216X,24
216E,E8X
2170,0
2171,25
2172,1447
2173,19
2174,22X4
2175,3336
2176,2EEE
2177,3E8
2178,2
2179,2X36
217X,124E
217E,62E
2180,0
2181,12
2182,1031
2183,47
2184,1X71
2185,57
2186,2X71
2187,1589
2188,3X
2189,14E
218X,51
218E,146X
2190,0
2191,2695
2192,495
2193,1X009
2194,21
2195,5297
2196,297
2197,19
2198,2108
2199,187
219X,3
219E,43
21X0,0
21X1,53E
21X2,2E9
21X3,1925
21X4,3E
21X5,X15
21X6,2X1E
21X7,341
21X8,1XX5
21X9,1883
21XX,EE
21XE,4
21E0,0
21E1,37
21E2,1191
21E3,1709
21E4,1XX4
21E5,120X
21E6,29E9
21E7,12
21E8,1XE8
21E9,1573
21EX,EE5
21EE,E
2200,0
2201,25
2202,1011
2203,1869
2204,1E9X
2205,E9X
2206,29X3
2207,14667517X2
2208,2098
2209,2X
220X,211X
220E,XEE
2210,0
2211,102
2212,4E
2213,16X9
2214,1X91
2215,905
2216,2E
2217,19
2218,1E
2219,1487
221X,1X3X
221E,1889
2220,0
2221,2334
2222,1
2223,1555
2224,3822
2225,945
2226,31
2227,E82
2228,2032
2229,1843
222X,1385
222E,2308
2230,0
2231,132
2232,1221
2233,2X
2234,2127
2235,4X52
2236,31
2237,1082
2238,41
2239,168E
223X,1X
223E,19
2240,0
2241,1432
2242,1217
2243,1829
2244,201
2245,1683
2246,297
2247,1709
2248,1X68
2249,187
224X,47
224E,27
2250,0
2251,25
2252,1051
2253,4297
2254,1X37
2255,4
2256,2929
2257,7
2258,3X74
2259,2X
225X,29
225E,X6E
2260,0
2261,53E
2262,1317
2263,14X5
2264,1EE7
2265,55985
2266,3
2267,38
2268,2022
2269,45
226X,225X
226E,43
2270,0
2271,901
2272,3X
2273,1969
2274,3E
2275,286
2276,2X5E
2277,5
2278,1X95
2279,1533
227X,129E
227E,19
2280,0
2281,37
2282,1417
2283,1535
2284,1XX7
2285,103X
2286,2EE3
2287,43
2288,2
2289,157E
228X,2X53
228E,51
2290,0
2291,12
2292,2879
2293,15
2294,1X
2295,55
2296,29
2297,E62
2298,1E12
2299,153
229X,E
229E,51
22X0,0
22X1,25
22X2,4E
22X3,43
22X4,1X41
22X5,1958
22X6,289E
22X7,E42
22X8,2198765432
22X9,1783
22XX,3
22XE,2168
22E0,0
22E1,1062
22E2,2008
22E3,1915
22E4,1E11
22E5,286
22E6,2E
22E7,485X
22E8,20E
22E9,187
22EX,EXE
22EE,4
2300,0
2301,38
2302,3X
2303,286
2304,21
2305,198
2306,2XE1
2307,77
2308,1E
2309,1517
230X,2134
230E,59E
2310,0
2311,1743
2312,29
2313,42E
2314,1E57
2315,143
2316,29X3
2317,577
2318,198
2319,1513
231X,47
231E,138X
2320,0
2321,112
2322,1071
2323,15
2324,1X7X
2325,2791
2326,27XX05
2327,341
2328,1E92
2329,281X
232X,1EX
232E,66E
2330,0
2331,12
2332,1
2333,2826
2334,1E74
2335,XX
2336,2X05
2337,31
2338,22
2339,41
233X,3XX8
233E,118X
2340,0
2341,821
2342,121
2343,149
2344,3E
2345,409
2346,2981
2347,1132
2348,198
2349,2X
234X,29
234E,35
2350,0
2351,286
2352,3X
2353,18X1
2354,197
2355,1E78
2356,2X3E
2357,43
2358,1E48
2359,409
235X,38
235E,5375E
2360,0
2361,1172
2362,X91
2363,13X1
2364,1964
2365,65
2366,2835
2367,12
2368,1955
2369,187
236X,1035
236E,113X
2370,0
2371,143
2372,E67
2373,15
2374,1X37
2375,575
2376,3
2377,587
2378,198
2379,15X3
237X,4491
237E,6EE
2380,0
2381,25
2382,1267
2383,1475
2384,1EX
2385,4E7
2386,29
2387,5
2388,2005
2389,17XX66E89E
238X,E
238E,198
2390,0
2391,1503
2392,2122
2393,1889
2394,385
2395,55
2396,2769
2397,1342
2398,2
2399,1597
239X,104E
239E,286
23X0,0
23X1,132
23X2,1301
23X3,3E
23X4,217X
23X5,374
23X6,279E
23X7,987
23X8,1E
23X9,13E
23XX,47
23XE,X1E
23E0,0
23E1,4E
23E2,45
23E3,3X7
23E4,38
23E5,795
23E6,26EE
23E7,1779
23E8,1X4E
23E9,14XE
23EX,3
23EE,XX
2400,0
2401,9E1
2402,29
2403,165
2404,1E17
2405,231
2406,29931
2407,7
2408,37
2409,143
240X,2094
240E,6E
2410,0
2411,25
2412,X527
2413,1459
2414,1917
2415,7975
2416,275
2417,E52
2418,197E
2419,1387
241X,12E5
241E,1439
2420,0
2421,38
2422,2138
2423,1819
2424,1X
2425,37444
2426,2983
2427,43
2428,3751
2429,286
242X,451
242E,198
2430,0
2431,112
2432,1121
2433,13E5
2434,191X
2435,409
2436,2885
2437,E82
2438,18X8
2439,296X
243X,451
243E,EEX
2440,0
2441,12
2442,1
2443,1449
2444,19327
2445,31E
2446,2855
2447,997
2448,1E75
2449,143
244X,38
244E,1459
2450,0
2451,1974
2452,121
2453,145
2454,1897
2455,13343
2456,2727
2457,286
2458,374
2459,135E
245X,352
245E,XX
2460,0
2461,25
2462,1E38
2463,2X
2464,19X
2465,X44X
2466,2E
2467,10E2
2468,189E
2469,1567
246X,123456789E
246E,62E
2470,0
2471,801
2472,198
2473,3E
2474,18E4
2475,95
2476,2915
2477,31
2478,183E
2479,1327
247X,E
247E,462
2480,0
2481,4E
2482,10E1
2483,3X7
2484,197X
2485,X0X
2486,271
2487,1894
2488,1E
2489,2X
248X,E85
248E,94E
2490,0
2491,3247
2492,424E
2493,27E6
2494,187
2495,55
2496,2783
2497,5
2498,37
2499,41
249X,X65
249E,34
24X0,0
24X1,12
24X2,10X1
24X3,1391
24X4,1X34
24X5,13
24X6,2687
24X7,38
24X8,2
24X9,1447
24XX,1155
24XE,5XE
24E0,0
24E1,25
24E2,3654
24E3,1645
24E4,1844
24E5,18
24E6,29
24E7,1252
24E8,182E
24E9,39
24EX,1125
24EE,1639
2500,0
2501,621
2502,45
2503,2X7X
2504,17E61
2505,26
2506,27
2507,7
2508,194E
2509,13XE
250X,293
250E,34
2510,0
2511,1292
2512,EX7
2513,1435
2514,1X
2515,31E
2516,2635
2517,6347
2518,337X
2519,1567
251X,107E
251E,10X
2520,0
2521,991
2522,42E
2523,14X5
2524,17E7
2525,5
2526,2787
2527,1X14
2528,1E5E
2529,1643
252X,1045
252E,42
2530,0
2531,1473
2532,29
2533,26
2534,35
2535,21
2536,266E
2537,495
2538,17XE
2539,25EX2
253X,1245
253E,31E5
2540,0
2541,25
2542,19X8
2543,1331
2544,187
2545,47
2546,275
2547,617
2548,1X8E
2549,4061
254X,X05
254E,122E696X3X
2550,0
2551,1663
2552,1
2553,15
2554,199X
2555,2666
2556,2667
2557,20E
2558,1X2E
2559,1577
255X,17E4
255E,1349
2560,0
2561,821
2562,121
2563,16309
2564,1777
2565,13
2566,27X1
2567,1924
2568,18
2569,147E
256X,E
256E,61E
2570,0
2571,3187
2572,1912
2573,1321
2574,1X7
2575,1413
2576,27
2577,7
2578,1E
2579,2X
257X,352
257E,1629
2580,0
2581,13
2582,34
2583,1361
2584,35
2585,X
2586,2967
2587,767
2588,17E8
2589,1567
258X,9845
258E,1369
2590,0
2591,25
2592,9X7
2593,2672
2594,1944
2595,39
2596,25E
2597,1429
2598,18
2599,133E
259X,41
259E,51E
25X0,0
25X1,26
25X2,1782
25X3,15
25X4,1841
25X5,42
25X6,29
25X7,57
25X8,178E
25X9,14E7
25XX,41
25XE,XX
25E0,0
25E1,8E1
25E2,42E
25E3,1605
25E4,187
25E5,2E
25E6,2865
25E7,31
25E8,2
25E9,1687
25EX,253
25EE,83E
2600,0
2601,13
2602,11E1
2603,1391
2604,1X
2605,34
2606,2585
2607,13X9
2608,184E
2609,147
260X,10X5
260E,26
2610,0
2611,9X2
2612,253
2613,25366
2614,35
2615,5E5
2616,2529
2617,10E2
2618,37
2619,1443
261X,10E
261E,18
2620,0
2621,1E24
2622,1091
2623,37
2624,1727
2625,5
2626,253
2627,77
2628,17X2
2629,12X7
262X,352
262E,26
2630,0
2631,X82
2632,E71
2633,165
2634,1847
2635,34
2636,2519
2637,2X51
2638,1908
2639,17
263X,253
263E,13299
2640,0
2641,13
2642,1191
2643,1349
2644,185X
2645,X6X
2646,2523
2647,45
2648,1782
2649,1367
264X,X7E
264E,X
2650,0
2651,12
2652,E27
2653,1675
2654,1X64
2655,21
2656,25X5
2657,X22
2658,1E
2659,13
265X,EE
265E,42
2660,0
2661,6E1
2662,1
2663,1329
2664,17
2665,775
2666,24E3
2667,13E9
2668,18EE
2669,2502
266X,X45
266E,2536
2670,0
2671,39
2672,11
2673,169
2674,31E
2675,E4993X
2676,2729
2677,7
2678,34
2679,26
267X,187X
267E,78E
2680,0
2681,561
2682,96281
2683,165
2684,171
2685,835
2686,2483
2687,286
2688,1965
2689,14X7
268X,X35
268E,451
2690,0
2691,41X
2692,18
2693,1251
2694,1907
2695,2E
2696,24609
2697,X82
2698,1X328
2699,13
269X,32
269E,451
26X0,0
26X1,531
26X2,E31
26X3,363
26X4,1724
26X5,1343
26X6,247
26X7,26
26X8,34
26X9,12X3
26XX,E3E
26XE,X
26E0,0
26E1,297
26E2,1077
26E3,3723
26E4,1X34
26E5,X4X
26E6,25993
26E7,E2
26E8,341
26E9,129E3
26EX,1X
26EE,E6X
2700,0
2701,3358
2702,18
2703,242
2704,1XEX
2705,47
2706,25XE
2707,26
2708,17E
2709,12XE
270X,3X61
270E,42
2710,0
2711,1X47780254
2712,1922
2713,14X1
2714,17
2715,XX
2716,2435
2717,1E1E
2718,1708
2719,13
271X,4131
271E,65E
2720,0
2721,41X
2722,253
2723,1411
2724,18X1
2725,12E3
2726,2769
2727,7
2728,1848
2729,12X3
272X,9E
272E,34
2730,0
2731,2125
2732,1902
2733,12839
2734,1791
2735,13
2736,253
2737,507
2738,30X
2739,126E33
273X,41
273E,8E
2740,0
2741,851
2742,314X
2743,1491
2744,31E
2745,18
2746,2627
2747,567
2748,16E2
2749,39
274X,32
274E,3943
2750,0
2751,5X1
2752,1868
2753,1271
2754,1X
2755,26
2756,24X5
2757,607
2758,1985
2759,1293
275X,E
275E,34
2760,0
2761,1X4
2762,253
2763,37
2764,328E
2765,2231
2766,27
2767,3468
2768,1702
2769,2396
276X,2663
276E,6XE
2770,0
2771,3X
2772,1
2773,121
2774,1767
2775,5
2776,238731
2777,932
2778,17EE
2779,35079
277X,31E8
277E,42
2780,0
2781,16544
2782,11
2783,15
2784,17
2785,21
2786,2383
2787,647
2788,198
2789,12EE
278X,10E5
278E,5EE
2790,0
2791,143
2792,413E
2793,1369
2794,181
2795,6E5
2796,242EE
2797,77
2798,165
2799,136E
279X,X55
279E,23X6
27X0,0
27X1,1944
27X2,34
27X3,26
27X4,1834
27X5,266
27X6,25XE
27X7,45
27X8,3401
27X9,2726
27XX,1X
27XE,12E9
27E0,0
27E1,42E
27E2,1X1364X302
27E3,15E81
27E4,18E1
27E5,13
27E6,239
27E7,363
27E8,18
27E9,35
27EX,32
27EE,2556
2800,0
2801,3789
2802,X81
2803,1291
2804,1984
2805,2X3E
2806,2469
2807,1E
2808,1678
2809,122E
280X,X65
280E,81E
2810,0
2811,13
2812,34
2813,15
2814,1647
2815,X
2816,27
2817,527
2818,168
2819,242
281X,3X7
281E,3863
2820,0
2821,621
2822,10X1
2823,1351
2824,31E
2825,875
2826,2333
2827,7
2828,18
2829,123
282X,E1E
282E,71E
2830,0
2831,26
2832,E11
2833,37
2834,17
2835,1968
2836,2319
2837,837
2838,31
2839,3569
283X,95
283E,XX
2840,0
2841,601
2842,1692
2843,1301
2844,1X
2845,2E
2846,2323
2847,942
2848,2E87
2849,35
284X,E
284E,41
2850,0
2851,13
2852,30X
2853,1231
2854,1644
2855,13X3
2856,25E5
2857,3X
2858,3377
2859,137E
285X,23
285E,26
2860,0
2861,X32
2862,3354
2863,15
2864,1897
2865,1533
2866,2375
2867,12E9
2868,191E
2869,143
286X,32
286E,18
2870,0
2871,338
2872,23
2873,1145
2874,16E1
2875,5
2876,231
2877,3168
2878,165
2879,2292
287X,X5E
287E,26
2880,0
2881,42E
2882,1
2883,121
2884,1934
2885,2101
2886,23
2887,363
2888,1778
2889,1333
288X,158X
288E,275
2890,0
2891,13
2892,11
2893,2468E1357X
2894,178X
2895,665
2896,2487
2897,7
2898,16X2
2899,1213
289X,23
289E,X
28X0,0
28X1,27
28X2,15X82
28X3,1339
28X4,17
28X5,21
28X6,2287
28X7,1E
28X8,15EE
28X9,13
28XX,3X7
28XE,59E
28E0,0
28E1,7X1
28E2,3E
28E3,2292
28E4,2E
28E5,75
28E6,2431
28E7,2671
28E8,1682
28E9,144E
28EX,9X5
28EE,58E
2900,0
2901,521
2902,971
2903,37
2904,1637
2905,555
2906,255
2907,1189
2908,31E7
2909,26
290X,100E
290E,363
2910,0
2911,771
2912,314X
2913,1509
2914,3268
2915,15X8
2916,2295
2917,129
2918,1692
2919,1213
291X,8XE
291E,275
2920,0
2921,1173
2922,18
2923,12E9
2924,1707
2925,795
2926,232E
2927,1974
2928,18E
2929,13
292X,EE
292E,X1X
2930,0
2931,1E15
2932,16E2
2933,22
2934,1594
2935,1X21
2936,2259
2937,26
2938,15X8
2939,11E
293X,E
293E,X
2940,0
2941,3X
2942,1097
2943,1189
2944,1874
2945,143
2946,226E
2947,77
2948,1742
2949,1317
294X,X5
294E,1409
2950,0
2951,42E
2952,18
2953,33
2954,187
2955,3X72
2956,220E
2957,26
2958,1588
2959,1193
295X,2223
295E,4E
2960,0
2961,5X1
2962,2589
2963,1385
2964,2E38
2965,XX
2966,2295
2967,2446
2968,30X
2969,13
296X,2323
296E,275
2970,0
2971,297
2972,967
2973,350E
2974,1885598X44
2975,E1X
2976,2212E9
2977,2386
2978,31
2979,10X7
297X,37
297E,95X
2980,0
2981,92
2982,3E
2983,12E1
2984,3068
2985,13
2986,2461
2987,20E
2988,16445
2989,1273
298X,2263
298E,75E
2990,0
2991,3X
2992,1
2993,11
2994,2E
2995,18
2996,23
2997,7
2998,311X
2999,22
299X,2223
299E,363
29X0,0
29X1,1443
29X2,1592
29X3,10E5
29X4,3058
29X5,445
29X6,231
29X7,577
29X8,1545
29X9,135E
29XX,23
29XE,41
29E0,0
29E1,154
29E2,1061
29E3,1371
29E4,16X
29E5,3972
29E6,21E9
29E7,3603
29E8,2X
29E9,1227
29EX,154
29EE,275
2X00,0
2X01,X52
2X02,23
2X03,1189
2X04,187
2X05,5
2X06,2225
2X07,154
2X08,1605
2X09,1273
2X0X,XX55
2X0E,1X37
2X10,0
2X11,8E2
2X12,E31
2X13,11E5
2X14,154
2X15,21
2X16,23
2X17,2601
2X18,1568
2X19,14X3
2X1X,EEE
2X1E,56E
2X20,0
2X21,27
2X22,X11
2X23,33
2X24,161X
2X25,745
2X26,2411
2X27,139
2X28,1535
2X29,1253
2X2X,E
2X2E,X1X
2X30,0
2X31,4X1
2X32,3154
2X33,10E1
2X34,2E35
2X35,3X7
2X36,2179
2X37,154
2X38,14E
2X39,35
2X3X,3148
2X3E,46E
2X40,0
2X41,XE2
2X42,2329
2X43,22
2X44,154
2X45,13
2X46,216E
2X47,7
2X48,18
2X49,216
2X4X,37
2X4E,78E
2X50,0
2X51,154
2X52,E47
2X53,31E
2X54,1691
2X55,147E2583E3
2X56,214E
2X57,872
2X58,15
2X59,1463
2X5X,154
2X5E,98X
2X60,0
2X61,13
2X62,1027
2X63,1391
2X64,188X
2X65,X
2X66,2279
2X67,33
2X68,1805
2X69,3161
2X6X,96E
2X6E,8X
2X70,0
2X71,591
2X72,E01
2X73,2386
2X74,2E
2X75,X8X
2X76,2165
2X77,1E
2X78,18
2X79,341
2X7X,2503
2X7E,43E
2X80,0
2X81,E52
2X82,385
2X83,1341
2X84,172X
2X85,815
2X86,2381
2X87,X72
2X88,1798
2X89,35
2X8X,14E4
2X8E,XX
2X90,0
2X91,27
2X92,1858
2X93,1119
2X94,14E7
2X95,100X
2X96,21E1
2X97,2E98
2X98,1732
2X99,3131
2X9X,1514
2X9E,12X9
2XX0,0
2XX1,13
2XX2,1
2XX3,11
2XX4,1664
2XX5,445
2XX6,232E
2XX7,787
2XX8,15
2XX9,22
2XXX,181X
2XXE,33
2XE0,0
2XE1,3E
2XE2,2353
2XE3,111
2XE4,1571
2XE5,7755
2XE6,21E5
2XE7,77
2XE8,31
2XE9,143
2XEX,2149
2XEE,18
2E00,0
2E01,531
2E02,17E2
2E03,1041
2E04,292
2E05,5
2E06,209E21
2E07,4X7
2E08,179E8
2E09,2116
2E0X,EEE
2E0E,7EE
2E10,0
2E11,1484
2E12,2X
2E13,31X7
2E14,150X
2E15,19X1
2E16,21
2E17,497
2E18,2931
2E19,23X2
2E1X,E
2E1E,7XE
2E20,0
2E21,13
2E22,1558
2E23,31E
2E24,149244
2E25,1E11
2E26,23
2E27,4367
2E28,2E07
2E29,23XX
2E2X,X6E
2E2E,X
2E30,0
2E31,771
2E32,2X5X
2E33,33
2E34,289E
2E35,1323
2E36,232079X1X9
2E37,67
2E38,15
2E39,13
2E3X,23
2E3E,1917
2E40,0
2E41,2X8
2E42,957
2E43,228X
2E44,2E
2E45,E5X
2E46,20E
2E47,7
2E48,155
2E49,2292
2E4X,2X8
2E4E,1977
2E50,0
2E51,1223
2E52,23
2E53,22
2E54,148X
2E55,55
2E56,2185
2E57,2X8
2E58,297
2E59,222
2E5X,2433
2E5E,1658
2E60,0
2E61,1875
2E62,2864
2E63,1021
2E64,2X8
2E65,352
2E66,23
2E67,E12
2E68,1478
2E69,11X7
2E6X,209
2E6E,76E
2E70,0
2E71,2X8
2E72,18
2E73,1335
2E74,1551
2E75,18E1
2E76,20979
2E77,33
2E78,299X
2E79,13
2E7X,2X8
2E7E,2E4
2E80,0
2E81,3E
2E82,28E2X
2E83,2292
2E84,1627
2E85,12E3
2E86,213E
2E87,X02
2E88,1665
2E89,113E
2E8X,2129
2E8E,X
2E90,0
2E91,1373
2E92,1712
2E93,1385
2E94,1457
2E95,1881
2E96,20EE
2E97,727
2E98,1608
2E99,10EE
2E9X,169X
2E9E,187
2EX0,0
2EX1,51
2EX2,18
2EX3,1161
2EX4,1714
2EX5,94X
2EX6,2375
2EX7,385
2EX8,1452
2EX9,2186
2EXX,975
2EXE,4XE
2EE0,0
2EE1,4521
2EE2,1
2EE3,11
2EE4,1527
2EE5,XX
2EE6,203E
2EE7,77
2EE8,154E
2EE9,13
2EEX,995
2EEE,33
3000,0
3001,932
3002,2EEX
3003,1
3004,1757
3005,EEX
3006,2169
3007,1594
3008,297
3009,31
300X,E
300E,71E
3010,0
3011,27
3012,EE1
3013,304E
3014,147
3015,13
3016,2061
3017,E75X42X12
3018,140085
3019,115E
301X,X1E
301E,55E
3020,0
3021,651
3022,3415
3023,1371
3024,2E
3025,133
3026,20E
3027,487
3028,2X
3029,1283
302X,X6E
302E,9EX
3030,0
3031,1404
3032,353E
3033,1101
3034,1767
3035,1083
3036,21
3037,1069
3038,1512
3039,2E9
303X,803E
303E,1827
3040,0
3041,1995
3042,1658
3043,1031
3044,2X62
3045,1183
3046,231
3047,3
3048,1588
3049,114E
304X,140X
304E,187
3050,0
3051,3E
3052,2X
3053,1169
3054,15554
3055,5
3056,2123
3057,1269
3058,15E
3059,1EX
305X,37
305E,7EX
3060,0
3061,471
3062,23
3063,EX1
3064,1667
3065,1891
3066,1EX11
3067,77
3068,1582
3069,2
306X,1414
306E,51E
3070,0
3071,2096
3072,35
3073,329E
3074,2X3E
3075,2E9
3076,23
3077,1329
3078,2X57
3079,1207
307X,7E
307E,XX
3080,0
3081,27
3082,827
3083,1061
3084,154
3085,352
3086,2031
3087,2938
3088,1428
3089,2052
308X,23
308E,3
3090,0
3091,14
3092,1408
3093,31E
3094,1567
3095,13
3096,2103
3097,3263
3098,297
3099,1157
309X,14
309E,1119
30X0,0
30X1,6X1
30X2,23
30X3,1179
30X4,1701
30X5,86X
30X6,1E9E
30X7,14
30X8,166E
30X9,105723
30XX,2948
30XE,40E
30E0,0
30E1,13
30E2,X77
30E3,1EX
30E4,14
30E5,X
30E6,20E3
30E7,7
30E8,166003X89E
30E9,EE
30EX,341
30EE,187
3100,0
3101,14
3102,35
3103,E81
3104,2E
3105,16E8
3106,1E83
3107,1734
3108,1552
3109,133E
310X,E
310E,1219
3110,0
3111,3089
3112,1632
3113,1
3114,1517X
3115,11X3
3116,1E89
3117,14
3118,15
3119,120E
311X,7XE
311E,XX
3120,0
3121,2026
3122,2049
3123,206X
3124,14
3125,2734
3126,1E93
3127,1E
3128,13XE
3129,1117
312X,1E43
312E,9EX
3130,0
3131,13
3132,3645
3133,3207
3134,1404
3135,45
3136,2093
3137,231
3138,16E5
3139,2186X
313X,14
313E,E4X
3140,0
3141,E22
3142,2X
3143,30EE
3144,275
3145,435
3146,1E7
3147,14
3148,27
3149,31
314X,1654
314E,E2X
3150,0
3151,972
3152,35
3153,2076
3154,14
3155,5
3156,1E87
3157,3
3158,1452
3159,E9E
315X,161X
315E,76E
3160,0
3161,751
3162,E21
3163,1029
3164,1421
3165,95X
3166,21
3167,77
3168,15
3169,2E9
316X,X9E
316E,187
3170,0
3171,13
3172,99327
3173,2E
3174,1437
3175,1223
3176,2047
3177,417
3178,1462
3179,2
317X,X95
317E,X
3180,0
3181,451
3182,1E03
3183,1E46
3184,144X
3185,1971
3186,1XE75
3187,1179
3188,145E
3189,13
318X,9E
318E,9XX
3190,0
3191,E52
3192,8657
3193,1171
3194,275
3195,X2X
3196,1EE1
3197,385
3198,13818
3199,123456789E
319X,945
319E,3
31X0,0
31X1,9E2
31X2,1438
31X3,1EX
31X4,1384
31X5,37
31X6,1E1E
31X7,16E4
31X8,2714
31X9,EE
31XX,167X
31XE,E2X
31E0,0
31E1,11X3
31E2,967
31E3,1E12
31E4,1567
31E5,675
31E6,1E
31E7,657
31E8,165
31E9,1197
31EX,E
31EE,7XX
3200,0
3201,E2
3202,264
3203,1E92
3204,1394
3205,615
3206,1E65
3207,3063
3208,1612
3209,13
320X,14E4
320E,1299
3210,0
3211,3E1
3212,E1
3213,1255
3214,136X
3215,8XX
3216,1EE7
3217,1289
3218,150E
3219,2XX5
321X,895
321E,X
3220,0
3221,2E9
3222,1512
3223,1
3224,275
3225,9EX
3226,2019
3227,2998
3228,15E2
3229,EX7
322X,X85
322E,9XX
3230,0
3231,11E3
3232,77
3233,1151
3234,167
3235,X2X
3236,1E2E
3237,28
3238,1412
3239,1EX
323X,341
323E,802X
3240,0
3241,872
3242,X21
3243,2E2E
3244,28
3245,XX
3246,1EE5
3247,9X2
3248,1352
3249,13
324X,341
324E,264
3250,0
3251,28
3252,767
3253,29E3
3254,1604
3255,32
3256,201
3257,231
3258,1542
3259,2E9
325X,28
325E,1987
3260,0
3261,15994
3262,X11
3263,10E9
3264,154X
3265,2E49
3266,21XE
3267,3
3268,2694
3269,11XE
326X,1594
326E,XXX
3270,0
3271,7E2
3272,1X49
3273,2196
3274,28
3275,37
3276,218E
3277,1504
3278,152
3279,E27
327X,X67EE2095
327E,264
3280,0
3281,X52
3282,831
3283,297
3284,1484
3285,88X
3286,21
3287,617
3288,27
3289,2
328X,1524
328E,17
3290,0
3291,18X5
3292,132
3293,1EX
3294,1327
3295,2E9
3296,1E
3297,747
3298,264
3299,EE
329X,14X
329E,2794
32X0,0
32X1,581
32X2,344045
32X3,E35
32X4,1307
32X5,5
32X6,1E59
32X7,5E7
32X8,1338
32X9,124E
32XX,E
32XE,3
32E0,0
32E1,571
32E2,X87
32E3,10X1
32E4,16401
32E5,X3X
32E6,1E35
32E7,517
32E8,2654
32E9,EE3
32EX,1E43
32EE,48E
3300,0
3301,1E956
3302,31E
3303,1011
3304,129E91
3305,32
3306,2095
3307,19EE
3308,132
3309,127E
330X,1E03
330E,XX
3310,0
3311,61
3312,1398
3313,1E1X
3314,133X
3315,1388
3316,2147
3317,E59
3318,1308
3319,E93
331X,7X5
331E,9EX
3320,0
3321,E83
3322,1E9
3323,2E
3324,1286E7
3325,264
3326,20EEE
3327,557
3328,2887
3329,110E
332X,775
332E,99X
3330,0
3331,661
3332,77
3333,1
3334,1444
3335,3222
3336,1E33
3337,35
3338,27
3339,202X
333X,1X9
333E,17
3340,0
3341,1544
3342,13X38
3343,121
3344,12E1
3345,X
3346,1X43
3347,36X5
3348,15
3349,29
334X,765
334E,44E
3350,0
3351,4X1
3352,767
3353,E71
3354,25XE
3355,65
3356,1X87
3357,154
3358,1275
3359,E57
335X,12E4
335E,15E0XX7X18
3360,0
3361,165
3362,1378
3363,1215
3364,154
3365,735
3366,203
3367,657
3368,132
3369,1233
336X,94E
336E,XX
3370,0
3371,154
3372,264
3373,29EE
3374,1544
3375,32
3376,20E
3377,3
3378,1335
3379,29X9
337X,154
337E,X8X
3380,0
3381,2X59
3382,1408
3383,1X1X
3384,1314
3385,29
3386,1E09
3387,35
3388,14E
3389,E
338X,31
338E,2086
3390,0
3391,8E2
3392,747
3393,10E1
3394,14
3395,1488
3396,1X91
3397,557
3398,15
3399,2
339X,8X5
339E,64E
33X0,0
33X1,14
33X2,77
33X3,1E8X
33X4,1561
33X5,5
33X6,1X07
33X7,3X7
33X8,128E
33X9,1E2X
33XX,14
33XE,17
33E0,0
33E1,165
33E2,737
33E3,1159
33E4,12X4
33E5,222E
33E6,21
33E7,14
33E8,1325
33E9,EXE
33EX,7XE
33EE,3
3400,0
3401,29
3402,931
3403,2E
3404,14
3405,1E36
3406,1X183
3407,1304
3408,1512
3409,1EE6
340X,1534
340E,X
3410,0
3411,14
3412,761
3413,XX5
3414,1411
3415,12X8
3416,1XE7
3417,7
3418,13332
3419,1992
341X,14
341E,66EE
3420,0
3421,61
3422,1478
3423,1X
3424,1504
3425,32
3426,1EE1
3427,14
3428,26697
3429,1017
342X,7853E
342E,264
3430,0
3431,27X8
3432,158
3433,1091
3434,14
3435,55
3436,1E25
3437,1444
3438,1555
3439,2851
343X,90E
343E,5EE
3440,0
3441,14
3442,132
3443,1
3444,2625
3445,3557
3446,1X9
3447,1334
3448,264
3449,1033
344X,14
344E,X33X
3450,0
3451,722
3452,1X29
3453,121
3454,12X
3455,87X
3456,1E59
3457,14
3458,1485
3459,1007
345X,X3E
345E,17
3460,0
3461,621
3462,2089
3463,EE5
3464,1497
3465,E3
3466,1E
3467,657
3468,1285
3469,2052
346X,2578
346E,X
3470,0
3471,1XE6
3472,31E
3473,297
3474,1447
3475,405
3476,199
3477,X12
3478,132
3479,E
347X,123X
347E,341
3480,0
3481,11X3
3482,12E2
3483,1019
3484,123X41
3485,75X
3486,193035
3487,124
3488,1258
3489,106E
348X,795
348E,341
3490,0
3491,461
3492,1232
3493,1071
3494,1271
3495,32
3496,1E27
3497,972
3498,12E
3499,11E7
349X,985
349E,10X9
34X0,0
34X1,17435
34X2,77
34X3,10E89
34X4,128871
34X5,1E66
34X6,2041
34X7,882
34X8,13695
34X9,2
34XX,1X9
34XE,1797
34E0,0
34E1,431
34E2,737
34E3,1035
34E4,1547
34E5,29
34E6,19E7
34E7,21
34E8,1285
34E9,E33
34EX,8E
34EE,1448
3500,0
3501,842
3502,1EX9
3503,1EE2
3504,2728
3505,264
3506,1E11
3507,30X
3508,259X
3509,2859
350X,31
350E,17
3510,0
3511,2738
3512,847
3513,1X
3514,1387
3515,2889
3516,1961
3517,7
3518,132
3519,X87
351X,1X13
351E,1548
3520,0
3521,X5XX16E72
3522,24
3523,E15
3524,13X1
3525,70X
3526,1X0E
3527,922
3528,27
3529,27885
352X,1254
352E,69E
3530,0
3531,29
3532,717
3533,2X8E
3534,1374
3535,5
3536,1939
3537,832
3538,133E
3539,E1E
353X,18E9
353E,80X
3540,0
3541,1685
3542,122
3543,18XX
3544,121
3545,E03
3546,1E
3547,2498
3548,130E
3549,107E
354X,242
354E,1199
3550,0
3551,XX3
3552,7
3553,1
3554,244E
3555,1378
3556,1967
3557,30X
3558,1532
3559,1167
355X,1254
355E,16137
3560,0
3561,852
3562,977
3563,1E2X
3564,12234
3565,17X1
3566,18E1
3567,982
3568,1465
3569,E
356X,835
356E,24
3570,0
3571,10E3
3572,817
3573,1169
3574,12881
3575,8X
3576,1919
3577,35
3578,15
3579,E57
357X,1234
357E,187
3580,0
3581,481
3582,8E7
3583,1906
3584,1277
3585,5XX5
3586,1E9
3587,1169
3588,1212
3589,10X3
358X,825
358E,1438
3590,0
3591,1033
3592,877
3593,1E52
3594,121X
3595,X
3596,1X99
3597,268
3598,27
3599,1E86
359X,2568
359E,24
35X0,0
35X1,EE3
35X2,X07
35X3,E45
35X4,2418
35X5,29
35X6,1X8E
35X7,742
35X8,122
35X9,X7E
35XX,3021
35XE,1547
35E0,0
35E1,732
35E2,12
35E3,27
35E4,242
35E5,465
35E6,19
35E7,4367
35E8,264
35E9,2
35EX,1334
35EE,6EX
3600,0
3601,E33
3602,X31282857
3603,1X
3604,1377
3605,32507
3606,1E17
3607,35
3608,15
3609,11693
360X,75
360E,341
3610,0
3611,31E
3612,1348
3613,E35
3614,131X
3615,20E
3616,1X79
3617,21
3618,2457
3619,E13
361X,1919
361E,4E
3620,0
3621,165
3622,2E
3623,2967
3624,1297
3625,E43
3626,1921
3627,231
3628,12
3629,1047
362X,95E
362E,2185
3630,0
3631,922
3632,1208
3633,10X1
3634,12661
3635,5
3636,187
3637,2191
3638,1218
3639,XE3
363X,81E
363E,37E
3640,0
3641,82
3642,871
3643,E99
3644,1367
3645,264
3646,1E31
3647,18X6
3648,1208
3649,275
364X,31
364E,87X
3650,0
3651,1785
3652,7
3653,1065
3654,121
3655,X43
3656,1X1E
3657,477
3658,123E
3659,EE
365X,19
365E,X
3660,0
3661,29
3662,2544
3663,1
3664,234E
3665,77X
3666,1959
3667,20X1
3668,1308
3669,1133
366X,790E
366E,34E
3670,0
3671,15
3672,851
3673,11
3674,144
3675,24
3676,1879
3677,752
3678,1325
3679,E3E
367X,715
367E,3311
3680,0
3681,2077
3682,901
3683,266E
3684,1217
3685,55
3686,1E47
3687,1836
3688,12
3689,X83
368X,89E
368E,1E66
3690,0
3691,1825
3692,791
3693,X99
3694,2368
3695,92X
3696,189
3697,14
3698,131E
3699,29
369X,19
369E,72X
36X0,0
36X1,31E
36X2,14918
36X3,1150107259
36X4,14
36X5,71X
36X6,187
36X7,82
36X8,118E
36X9,1922
36XX,1194
36XE,94X
36E0,0
36E1,14
36E2,7E7
36E3,E7X1
36E4,2372
36E5,20E
36E6,1933
36E7,302X
36E8,13E
36E9,1X
36EX,14
36EE,X
3700,0
3701,165
3702,7
3703,E59
3704,242
3705,5E5
3706,1885
3707,14
3708,1192
3709,113
370X,242
370E,669EE
3710,0
3711,6X2
3712,7X7
3713,2777
3714,14
3715,29
3716,1E
3717,19316
3718,231
3719,26X5
371X,124
371E,82X
3720,0
3721,14
3722,306E
3723,X69
3724,1404
3725,1053
3726,1919
3727,2211
3728,2451
3729,E53
372X,14
372E,138
3730,0
3731,2719
3732,24
3733,X31
3734,24X5
3735,1681
3736,1807
3737,14
3738,1242
3739,E4E
373X,69E
373E,51E
3740,0
3741,521
3742,19
3743,1029
3744,14
3745,1093
3746,1X85
3747,21
3748,1402
3749,EE
374X,755
374E,24
3750,0
3751,14
3752,8437
3753,1X
3754,1181
3755,EX3
3756,187
3757,21791
3758,1385
3759,E
375X,14
375E,31
3760,0
3761,15E5
3762,12
3763,X69
3764,1164
3765,72X
3766,19
3767,1294
3768,1192
3769,X8E
376X,7EE
376E,2135
3770,0
3771,842
3772,11728
3773,1
3774,121
3775,2564
3776,1825
3777,X69
3778,1288
3779,1077
377X,1933
377E,24
3780,0
3781,31E
3782,971
3783,11
3784,23E72X6195
3785,5
3786,1E07
3787,2X
3788,122E
3789,1023
378X,1294
378E,1507
3790,0
3791,481
3792,1302
3793,X59
3794,1281
3795,1X6
3796,1X73
3797,9X9
3798,12
3799,E2E
379X,297
379E,2225
37X0,0
37X1,772
37X2,2E
37X3,27
37X4,11X1
37X5,1003
37X6,19
37X7,73E2
37X8,115E
37X9,1X
37XX,8E155
37XE,86X
37E0,0
37E1,2X
37E2,1352
37E3,X591
37E4,1321
37E5,6EX
37E6,18557
37E7,57
37E8,1312
37E9,1103
37EX,885
37EE,39E
3800,0
3801,591
3802,7
3803,2653
3804,12X7
3805,1178
3806,187
3807,862
3808,24
3809,100E
380X,19
380E,1168
3810,0
3811,992
3812,1332
3813,1842
3814,12771
3815,555
3816,1883
3817,2X
3818,2381
3819,196
381X,242
381E,67X
3820,0
3821,551
3822,2224
3823,1X36
3824,2222
3825,24
3826,186E
3827,26X3
3828,11504E
3829,X0X7
382X,7E
382E,16E7
3830,0
3831,1244
3832,240X
3833,X81
3834,2225
3835,95X
3836,1767
3837,587
3838,12
3839,EE
383X,1929
383E,109
3840,0
3841,10E3
3842,931
3843,1X
3844,2212
3845,206E
3846,1895
3847,253
3848,231
3849,E
384X,19
384E,93X
3850,0
3851,15
3852,787
3853,27
3854,123X
3855,24
3856,1827
3857,952
3858,116E
3859,182X
385X,128X
385E,253
3860,0
3861,92
3862,1342
3863,19E2
3864,1227
3865,10X7879183
3866,17E5
3867,21
3868,1252
3869,X37
386X,12X4
386E,1E75
3870,0
3871,4X1
3872,7
3873,253
3874,11E1
3875,E43
3876,187
3877,1886
3878,110E
3879,X0E
387X,7E5
387E,8XX
3880,0
3881,822
3882,1152
3883,1
3884,11
3885,5
3886,1783
3887,253
3888,12XE
3889,X43
388X,242
388E,31
3890,0
3891,1254
3892,887
3893,E29
3894,11264
3895,355
3896,1737
3897,647
3898,1315
3899,1X
389X,6EE
389E,31
38X0,0
38X1,15
38X2,24
38X3,1041
38X4,1327
38X5,282
38X6,1787
38X7,902
38X8,1332
38X9,98497
38XX,2372
38XE,1826
38E0,0
38E1,176
38E2,19
38E3,E09
38E4,13X91
38E5,1561
38E6,179
38E7,160E
38E8,1098E
38E9,176
38EX,82E
38EE,1567
3900,0
3901,1405
3902,1228
3903,X95
3904,1324
3905,176
3906,1807
3907,2X
3908,1328
3909,EE77
390X,715
390E,60E
3910,0
3911,176
3912,12
3913,1031
3914,1124
3915,55
3916,1857
3917,397
3918,227
3919,176
391X,297
391E,45E
3920,0
3921,XX3
3922,10X2
3923,175X
3924,2245
3925,176
3926,187
3927,150E
3928,110805
3929,X3
392X,1X19
392E,24
3930,0
3931,15
3932,1298
3933,E09
3934,22
3935,1421
3936,1727
3937,7X2
3938,1172
3939,E
393X,134
393E,59E
3940,0
3941,2X6X
3942,1378
3943,1816
3944,1273X
3945,176
3946,191X0EX987
3947,347
3948,132
3949,E17
394X,93E
394E,282
3950,0
3951,176
3952,1328
3953,1061
3954,2205
3955,455
3956,19
3957,812
3958,2291
3959,176
395X,1284
395E,2882
3960,0
3961,371
3962,1108
3963,9X5
3964,10X7
3965,1E
3966,17875
3967,1174
3968,231
3969,X0E
396X,89E
396E,253
3970,0
3971,124
3972,7
3973,1852
3974,1261
3975,1328
3976,1731
3977,527
3978,24
3979,967
397X,2422
397E,33E
3980,0
3981,165
3982,138
3983,253
3984,1304
3985,475
3986,16EE5
3987,752
3988,10E8
3989,178X
398X,297
398E,2663
3990,0
3991,1274
3992,1142
3993,1
3994,11
3995,993
3996,17
3997,21
3998,2181
3999,XXE
399X,22
399E,9559
39X0,0
39X1,19E6
39X2,1082
39X3,EX5
39X4,107
39X5,345
39X6,17127
39X7,979
39X8,12
39X9,1716
39XX,82E
39XE,253
39E0,0
39E1,762
39E2,1072
39E3,XE5
39E4,10EX
39E5,7X
39E6,16EE
39E7,1374
39E8,1362
39E9,9E3
39EX,19
39EE,2872
3X00,0
3X01,2E
3X02,661
3X03,E69
3X04,12E4
3X05,24
3X06,16X1
3X07,12144
3X08,135E
3X09,1716
3X0X,845
3X0E,45E
3X10,0
3X11,1665
3X12,19X3
3X13,24X7
3X14,12X4
3X15,5
3X16,17X3
3X17,305
3X18,2294
3X19,EEE
3X1X,8EE
3X1E,31
3X20,0
3X21,2X
3X22,77
3X23,X15
3X24,114X
3X25,2X97
3X26,182647
3X27,10249X3959
3X28,12E
3X29,E
3X2X,2122
3X2E,15E7
3X30,0
3X31,1284
3X32,701
3X33,X89
3X34,20E
3X35,24
3X36,1805
3X37,2081
3X38,1198
3X39,9E
3X3X,63E
3X3E,24893
3X40,0
3X41,541
3X42,6E1
3X43,27
3X44,22
3X45,525
3X46,17
3X47,2X
3X48,1155
3X49,2451
3X4X,65
3X4E,92X
3X50,0
3X51,1184
3X52,1849
3X53,17X62
3X54,108X
3X55,943
3X56,1765
3X57,X99
3X58,1332
3X59,95E
3X5X,27
3X5E,167
3X60,0
3X61,381
3X62,19
3X63,9X9
3X64,12E4
3X65,55
3X66,1779
3X67,9999
3X68,12X2
3X69,101E
3X6X,104X
3X6E,14597
3X70,0
3X71,1234
3X72,275
3X73,17776
3X74,1231
3X75,11E8
3X76,1705
3X77,X19
3X78,2261
3X79,X17
3X7X,83E
3X7E,9999
3X80,0
3X81,134
3X82,12
3X83,X71
3X84,20E5
3X85,12X8
3X86,1675
3X87,822
3X88,10958
3X89,X73
3X8X,28347
3X8E,48E
3X90,0
3X91,1294
3X92,108
3X93,99
3X94,1087
3X95,1158
3X96,1795
3X97,367
3X98,21
3X99,X6E
3X9X,665
3X9E,176
3XX0,0
3XX1,2E
3XX2,19
3XX3,1
3XX4,11
3XX5,1706
3XX6,1765
3XX7,99
3XX8,2121
3XX9,957E
3XXX,22
3XXE,2523
3XE0,0
3XE1,311
3XE2,887
3XE3,176
3XE4,111
3XE5,91X
3XE6,17
3XE7,577
3XE8,132
3XE9,X9E
3XEX,1274
3XEE,99
3E00,0
3E01,451
3E02,721
3E03,E29
3E04,1031
3E05,E3
3E06,19
3E07,176
3E08,123456789E
3E09,EEE
3E0X,27
3E0E,5EE
3E10,0
3E11,15
3E12,661
3E13,99
3E14,2102
3E15,5
3E16,169
3E17,537
3E18,1068
3E19,E
3E1X,77E
3E1E,176
3E20,0
3E21,973
3E22,7
3E23,1812
3E24,20E
3E25,E03
3E26,165
3E27,99
3E28,1178
3E29,1649X
3E2X,1224
3E2E,2314
3E30,0
3E31,13E5
3E32,651
3E33,176
3E34,115X
3E35,1E
3E36,185E
3E37,2603
3E38,112
3E39,2379
3E3X,1324
3E3E,99
3E40,0
3E41,8822
3E42,6E7
3E43,1842
3E44,131X
3E45,525
3E46,19
3E47,176
3E48,1158
3E49,255
3E4X,114X
3E4E,1108
3E50,0
3E51,1435
3E52,761
3E53,99
3E54,22
3E55,X53
3E56,1669
3E57,1926
3E58,12
3E59,2621
3E5X,222
3E5E,76X
3E60,0
3E61,15
3E62,881
3E63,921
3E64,1081
3E65,55
3E66,17
3E67,99
3E68,1168
3E69,EE3
3E6X,19
3E6E,5E
3E70,0
3E71,10E4
3E72,837
3E73,259E
3E74,2145
3E75,1856
3E76,165
3E77,146E
3E78,1102
3E79,25E1
3E7X,7X5
3E7E,99
3E80,0
3E81,351
3E82,2144
3E83,248E
3E84,1264
3E85,535
3E86,16EE
3E87,612
3E88,10EE
3E89,983
3E8X,803E
3E8E,1238
3E90,0
3E91,31
3E92,77
3E93,99
3E94,1041
3E95,415
3E96,169E
3E97,1876
3E98,100E65
3E99,98027
3E9X,2202
3E9E,949
3EX0,0
3EX1,2E8E
3EX2,21X
3EX3,951
3EX4,1196X
3EX5,80X
3EX6,17X3
3EX7,99
3EX8,1255
3EX9,1000300E33
3EXX,19
3EXE,6XX
3EE0,0
3EE1,2108
3EE2,1132
3EE3,1
3EE4,11
3EE5,445
3EE6,176E
3EE7,1991
3EE8,12
3EE9,1672
3EEX,22
3EEE,99
4000,0
