1: 0,
2: 0, 1,
3: 0, 1, 2,
4: 0, 1, 3,
5: 0, 1, 2, 3, 4,
6: 0, 1, 2, 3, 4, 5,
7: 0, 1, 6,
8: 0, 1, 3, 5, 7,
9: 0, 1, 8,
X: 0, 1, 2, 3, 4, 5, 6, 7, 8, 9,
E: 0, 1, 2, 3, 4, 5, 6, 7, 8, 9, X,
10: 0, 1, 3, 4, 5, 7, 8, 9, E,
11: 0, 1, 5, 8, 10,
12: 0, 1, 6, 7, 8, 11,
13: 0, 1, 2, 3, 4, 5, 6, 7, 8, 9, X, E, 10, 11, 12,
14: 0, 1, 3, 5, 7, 8, 9, E, 11, 13,
15: 0, 1, 2, 3, 4, 5, 6, 7, 8, 9, X, E, 10, 11, 12, 13, 14,
16: 0, 1, 8, 9, X, 15,
17: 0, 1, 7, 8, E, 10, 16,
18: 0, 1, 3, 4, 5, 7, 8, 9, E, 10, 11, 13, 14, 15, 17,
19: 0, 1, 6, 7, 8, 11, 12, 13, 18,
1X: 0, 1, 2, 3, 4, 5, 6, 7, 8, 9, X, E, 10, 11, 12, 13, 14, 15, 16, 17, 18, 19,
1E: 0, 1, 2, 3, 4, 5, 6, 7, 8, 9, X, E, 10, 11, 12, 13, 14, 15, 16, 17, 18, 19, 1X,
20: 0, 1, 3, 5, 7, 8, 9, E, 11, 13, 14, 15, 17, 19, 1E,
21: 0, 1, 2, 3, 4, 6, 7, 8, 9, E, 10, 11, 12, 14, 15, 16, 17, 19, 1X, 1E, 20,
22: 0, 1, 5, 8, 10, 11, 12, 16, 19, 21,
23: 0, 1, 8, X, 15, 17, 22,
24: 0, 1, 7, 8, 11, 13, 18, 19, 23,
25: 0, 1, 2, 3, 4, 5, 6, 7, 8, 9, X, E, 10, 11, 12, 13, 14, 15, 16, 17, 18, 19, 1X, 1E, 20, 21, 22, 23, 24,
26: 0, 1, 2, 3, 4, 5, 6, 7, 8, 9, X, E, 10, 11, 12, 13, 14, 15, 16, 17, 18, 19, 1X, 1E, 20, 21, 22, 23, 24, 25,
27: 0, 1, 2, 4, 8, 13, 14, 1E, 23, 25, 26,
28: 0, 1, 3, 5, 7, 8, 9, E, 11, 13, 15, 17, 19, 1E, 20, 21, 23, 25, 27,
29: 0, 1, 2, 3, 4, 5, 6, 7, 8, 9, X, E, 10, 11, 12, 13, 14, 15, 16, 17, 18, 19, 1X, 1E, 20, 21, 22, 23, 24, 25, 26, 27, 28,
2X: 0, 1, 2, 3, 4, 5, 6, 7, 8, 9, X, E, 10, 11, 12, 13, 14, 15, 16, 17, 18, 19, 1X, 1E, 20, 21, 22, 23, 24, 25, 26, 27, 28, 29,
2E: 0, 1, 6, 7, 8, 11, 12, 13, 18, 19, 1X, 23, 24, 25, 2X,
30: 0, 1, 8, 9, 15, 17, 23, 24, 2E,
31: 0, 1, 6, 8, X, E, 12, 1E, 22, 23, 25, 27, 30,
32: 0, 1, 7, 8, E, 10, 16, 17, 18, 22, 23, 26, 27, 31,
33: 0, 1, 5, 8, 10, 11, 12, 16, 19, 21, 22, 23, 27, 2X, 32,
34: 0, 1, 3, 5, 7, 8, 9, E, 11, 13, 14, 15, 17, 19, 1E, 20, 21, 23, 25, 27, 28, 29, 2E, 31, 33,
35: 0, 1, 2, 3, 4, 5, 6, 7, 8, 9, X, E, 10, 11, 12, 13, 14, 15, 16, 17, 18, 19, 1X, 1E, 20, 21, 22, 23, 24, 25, 26, 27, 28, 29, 2X, 2E, 30, 31, 32, 33, 34, 
36: 0, 1, 6, 7, 8, 11, 12, 13, 18, 19, 1X, 23, 24, 25, 2X, 2E, 30, 35,
37: 0, 1, 2, 4, 8, E, 14, 19, 1X, 23, 28, 2E, 33, 35, 36,
38: 0, 1, 3, 4, 5, 7, 8, 9, E, 10, 11, 13, 14, 15, 17, 18, 19, 1E, 20, 21, 23, 24, 25, 27, 28, 29, 2E, 30, 31, 33, 34, 35, 37,
39: 0, 1, 8, 9, X, 15, 16, 17, 22, 23, 24, 2E, 30, 31, 38,
3X: 0, 1, 2, 3, 4, 5, 6, 7, 8, 9, X, E, 10, 11, 12, 13, 14, 15, 16, 17, 18, 19, 1X, 1E, 20, 21, 22, 23, 24, 25, 26, 27, 28, 29, 2X, 2E, 30, 31, 32, 33, 34, 35, 36, 37, 38, 39,
3E: 0, 1, 2, 3, 4, 5, 6, 7, 8, 9, X, E, 10, 11, 12, 13, 14, 15, 16, 17, 18, 19, 1X, 1E, 20, 21, 22, 23, 24, 25, 26, 27, 28, 29, 2X, 2E, 30, 31, 32, 33, 34, 35, 36, 37, 38, 39, 3X,
40: 0, 1, 3, 5, 7, 8, 9, E, 11, 13, 14, 15, 17, 19, 1E, 20, 21, 23, 25, 27, 28, 29, 2E, 31, 33, 34, 35, 37, 39, 3E,
41: 0, 1, 6, 8, 11, 13, 18, 1X, 23, 25, 2X, 30, 35, 37, 40,
42: 0, 1, 2, 3, 4, 6, 7, 8, 9, E, 10, 11, 12, 14, 15, 16, 17, 19, 1X, 1E, 20, 21, 22, 23, 24, 25, 27, 28, 29, 2X, 30, 31, 32, 33, 35, 36, 37, 38, 3X, 3E, 40, 41,
43: 0, 1, 2, 3, 4, 5, 6, 7, 8, 9, X, E, 10, 11, 12, 13, 14, 15, 16, 17, 18, 19, 1X, 1E, 20, 21, 22, 23, 24, 25, 26, 27, 28, 29, 2X, 2E, 30, 31, 32, 33, 34, 35, 36, 37, 38, 39, 3X, 3E, 40, 41, 42,
44: 0, 1, 5, 8, 10, 11, 19, 21, 23, 27, 33, 34, 38, 3E, 43,
45: 0, 1, 2, 3, 4, 5, 6, 7, 8, 9, X, E, 10, 11, 12, 13, 14, 15, 16, 17, 18, 19, 1X, 1E, 20, 21, 22, 23, 24, 25, 26, 27, 28, 29, 2X, 2E, 30, 31, 32, 33, 34, 35, 36, 37, 38, 39, 3X, 3E, 40, 41, 42, 43, 44,
46: 0, 1, 8, X, 15, 17, 22, 23, 24, 2E, 31, 38, 3X, 45,
47: 0, 1, 2, 3, 4, 5, 6, 7, 8, 9, X, E, 10, 11, 12, 13, 14, 15, 16, 17, 18, 19, 1X, 1E, 20, 21, 22, 23, 24, 25, 26, 27, 28, 29, 2X, 2E, 30, 31, 32, 33, 34, 35, 36, 37, 38, 39, 3X, 3E, 40, 41, 42, 43, 44, 45, 46,
48: 0, 1, 7, 8, 11, 13, 19, 23, 25, 2E, 35, 37, 40, 41, 47,
49: 0, 1, 7, 8, E, 10, 16, 17, 18, 22, 23, 26, 27, 31, 32, 33, 39, 3X, 41, 42, 48,
4X: 0, 1, 2, 3, 4, 5, 6, 7, 8, 9, X, E, 10, 11, 12, 13, 14, 15, 16, 17, 18, 19, 1X, 1E, 20, 21, 22, 23, 24, 25, 26, 27, 28, 29, 2X, 2E, 30, 31, 32, 33, 34, 35, 36, 37, 38, 39, 3X, 3E, 40, 41, 42, 43, 44, 45, 46, 47, 48, 49,
4E: 0, 1, 2, 3, 4, 5, 6, 7, 8, 9, X, E, 10, 11, 12, 13, 14, 15, 16, 17, 18, 19, 1X, 1E, 20, 21, 22, 23, 24, 25, 26, 27, 28, 29, 2X, 2E, 30, 31, 32, 33, 34, 35, 36, 37, 38, 39, 3X, 3E, 40, 41, 42, 43, 44, 45, 46, 47, 48, 49, 4X,
50: 0, 1, 3, 4, 5, 7, 8, 9, E, 10, 11, 13, 14, 15, 17, 18, 19, 1E, 20, 21, 23, 24, 25, 27, 28, 29, 2E, 30, 31, 33, 34, 35, 37, 38, 39, 3E, 40, 41, 43, 44, 45, 47, 48, 49, 4E,
51: 0, 1, 3, 8, 9, E, 18, 1E, 20, 23, 24, 29, 2X, 31, 32, 35, 42, 44, 45, 4X, 50,
52: 0, 1, 2, 4, 8, 13, 14, 1E, 23, 25, 26, 27, 28, 29, 2E, 33, 3X, 3E, 46, 4X, 50, 51,
53: 0, 1, 8, 23, 24, 2E, 30, 47, 52,
54: 0, 1, 3, 5, 7, 8, 9, E, 11, 13, 15, 17, 19, 1E, 20, 21, 23, 25, 27, 29, 2E, 31, 33, 34, 35, 37, 39, 3E, 41, 43, 45, 47, 48, 49, 4E, 51, 53,
55: 0, 1, 5, 8, 10, 11, 12, 16, 19, 21, 22, 23, 27, 2X, 32, 33, 34, 38, 3E, 43, 44, 45, 49, 50, 54,
56: 0, 1, 2, 3, 4, 5, 6, 7, 8, 9, X, E, 10, 11, 12, 13, 14, 15, 16, 17, 18, 19, 1X, 1E, 20, 21, 22, 23, 24, 25, 26, 27, 28, 29, 2X, 2E, 30, 31, 32, 33, 34, 35, 36, 37, 38, 39, 3X, 3E, 40, 41, 42, 43, 44, 45, 46, 47, 48, 49, 4X, 4E, 50, 51, 52, 53, 54, 55,
57: 0, 1, 3, 5, 8, 9, 12, 13, 1X, 20, 21, 23, 34, 36, 37, 39, 44, 45, 4X, 4E, 52, 54, 56,
58: 0, 1, 3, 4, 5, 7, 8, 9, E, 10, 11, 13, 14, 15, 17, 18, 19, 1E, 20, 21, 23, 24, 25, 27, 28, 29, 2E, 30, 31, 33, 34, 35, 37, 38, 39, 3E, 40, 41, 43, 44, 45, 47, 48, 49, 4E, 50, 51, 53, 54, 55, 57,
59: 0, 1, 2, 3, 4, 5, 6, 7, 8, 9, X, E, 10, 11, 12, 13, 14, 15, 16, 17, 18, 19, 1X, 1E, 20, 21, 22, 23, 24, 25, 26, 27, 28, 29, 2X, 2E, 30, 31, 32, 33, 34, 35, 36, 37, 38, 39, 3X, 3E, 40, 41, 42, 43, 44, 45, 46, 47, 48, 49, 4X, 4E, 50, 51, 52, 53, 54, 55, 56, 57, 58,
5X: 0, 1, 6, 7, 8, 11, 12, 13, 18, 19, 1X, 23, 24, 25, 2X, 2E, 30, 35, 36, 37, 40, 41, 42, 47, 48, 49, 52, 53, 54, 59,
5E: 0, 1, 2, 3, 4, 5, 6, 7, 8, 9, X, E, 10, 11, 12, 13, 14, 15, 16, 17, 18, 19, 1X, 1E, 20, 21, 22, 23, 24, 25, 26, 27, 28, 29, 2X, 2E, 30, 31, 32, 33, 34, 35, 36, 37, 38, 39, 3X, 3E, 40, 41, 42, 43, 44, 45, 46, 47, 48, 49, 4X, 4E, 50, 51, 52, 53, 54, 55, 56, 57, 58, 59, 5X,
60: 0, 1, 8, 9, 15, 17, 23, 2E, 31, 39, 45, 47, 53, 54, 5E,
61: 0, 1, 3, 7, 8, 9, X, 15, 19, 1X, 20, 23, 26, 37, 3X, 41, 43, 44, 48, 53, 54, 55, 56, 5X, 60,
62: 0, 1, 6, 8, X, E, 12, 1E, 22, 23, 25, 27, 30, 31, 32, 37, 39, 3E, 40, 43, 50, 53, 54, 56, 58, 61,
63: 0, 1, 2, 3, 4, 6, 7, 8, 9, E, 10, 11, 12, 14, 15, 16, 17, 19, 1X, 1E, 20, 21, 22, 23, 24, 25, 27, 28, 29, 2X, 30, 31, 32, 33, 35, 36, 37, 38, 3X, 3E, 40, 41, 42, 43, 44, 45, 46, 48, 49, 4X, 4E, 51, 52, 53, 54, 56, 57, 58, 59, 5E, 60, 61, 62,
64: 0, 1, 7, 8, E, 10, 17, 18, 23, 27, 31, 33, 39, 41, 48, 49, 54, 55, 58, 59, 63,
65: 0, 1, 6, 7, 8, 11, 12, 13, 18, 19, 1X, 23, 24, 25, 2X, 2E, 30, 35, 36, 37, 40, 41, 42, 47, 48, 49, 52, 53, 54, 59, 5X, 5E, 64,
66: 0, 1, 5, 8, 10, 11, 12, 16, 19, 21, 22, 23, 27, 2X, 32, 33, 34, 38, 3E, 43, 44, 45, 49, 50, 54, 55, 56, 5X, 61, 65,
67: 0, 1, 8, X, 10, 12, 13, 15, 16, 19, 1X, 23, 29, 32, 35, 3X, 44, 49, 4X, 51, 52, 54, 55, 57, 59, 5E, 66,
68: 0, 1, 3, 5, 7, 8, 9, E, 11, 13, 14, 15, 17, 19, 1E, 20, 21, 23, 25, 27, 28, 29, 2E, 31, 33, 34, 35, 37, 39, 3E, 40, 41, 43, 45, 47, 48, 49, 4E, 51, 53, 54, 55, 57, 59, 5E, 60, 61, 63, 65, 67,
69: 0, 1, 8, X, 15, 17, 22, 23, 24, 2E, 31, 38, 3X, 45, 46, 47, 52, 54, 5E, 61, 68,
6X: 0, 1, 2, 3, 4, 5, 6, 7, 8, 9, X, E, 10, 11, 12, 13, 14, 15, 16, 17, 18, 19, 1X, 1E, 20, 21, 22, 23, 24, 25, 26, 27, 28, 29, 2X, 2E, 30, 31, 32, 33, 34, 35, 36, 37, 38, 39, 3X, 3E, 40, 41, 42, 43, 44, 45, 46, 47, 48, 49, 4X, 4E, 50, 51, 52, 53, 54, 55, 56, 57, 58, 59, 5X, 5E, 60, 61, 62, 63, 64, 65, 66, 67, 68, 69,
6E: 0, 1, 2, 3, 4, 5, 6, 7, 8, 9, X, E, 10, 11, 12, 13, 14, 15, 16, 17, 18, 19, 1X, 1E, 20, 21, 22, 23, 24, 25, 26, 27, 28, 29, 2X, 2E, 30, 31, 32, 33, 34, 35, 36, 37, 38, 39, 3X, 3E, 40, 41, 42, 43, 44, 45, 46, 47, 48, 49, 4X, 4E, 50, 51, 52, 53, 54, 55, 56, 57, 58, 59, 5X, 5E, 60, 61, 62, 63, 64, 65, 66, 67, 68, 69, 6X,
70: 0, 1, 7, 8, 11, 13, 18, 19, 23, 24, 25, 2E, 30, 35, 37, 40, 41, 47, 48, 49, 53, 54, 59, 5E, 64, 65, 6E,
71: 0, 1, 2, 3, 4, 5, 6, 7, 8, 9, X, E, 10, 11, 12, 13, 14, 15, 16, 17, 18, 19, 1X, 1E, 20, 21, 22, 23, 24, 25, 26, 27, 28, 29, 2X, 2E, 30, 31, 32, 33, 34, 35, 36, 37, 38, 39, 3X, 3E, 40, 41, 42, 43, 44, 45, 46, 47, 48, 49, 4X, 4E, 50, 51, 52, 53, 54, 55, 56, 57, 58, 59, 5X, 5E, 60, 61, 62, 63, 64, 65, 66, 67, 68, 69, 6X, 6E, 70,
72: 0, 1, 2, 4, 8, E, 14, 19, 1X, 23, 28, 2E, 33, 35, 36, 37, 38, 39, 3E, 43, 46, 4E, 54, 55, 5X, 63, 66, 6X, 70, 71,
73: 0, 1, 2, 3, 4, 5, 6, 7, 8, 9, X, E, 10, 11, 12, 13, 14, 15, 16, 17, 18, 19, 1X, 1E, 20, 21, 22, 23, 24, 25, 26, 27, 28, 29, 2X, 2E, 30, 31, 32, 33, 34, 35, 36, 37, 38, 39, 3X, 3E, 40, 41, 42, 43, 44, 45, 46, 47, 48, 49, 4X, 4E, 50, 51, 52, 53, 54, 55, 56, 57, 58, 59, 5X, 5E, 60, 61, 62, 63, 64, 65, 66, 67, 68, 69, 6X, 6E, 70, 71, 72,
74: 0, 1, 3, 5, 7, 8, 9, E, 11, 13, 14, 15, 17, 19, 1E, 20, 21, 23, 25, 27, 28, 29, 2E, 31, 33, 34, 35, 37, 39, 3E, 40, 41, 43, 45, 47, 48, 49, 4E, 51, 53, 54, 55, 57, 59, 5E, 60, 61, 63, 65, 67, 68, 69, 6E, 71, 73,
75: 0, 1, 2, 3, 4, 5, 6, 7, 8, 9, X, E, 10, 11, 12, 13, 14, 15, 16, 17, 18, 19, 1X, 1E, 20, 21, 22, 23, 24, 25, 26, 27, 28, 29, 2X, 2E, 30, 31, 32, 33, 34, 35, 36, 37, 38, 39, 3X, 3E, 40, 41, 42, 43, 44, 45, 46, 47, 48, 49, 4X, 4E, 50, 51, 52, 53, 54, 55, 56, 57, 58, 59, 5X, 5E, 60, 61, 62, 63, 64, 65, 66, 67, 68, 69, 6X, 6E, 70, 71, 72, 73, 74,
76: 0, 1, 8, 9, X, 15, 16, 17, 22, 23, 24, 2E, 30, 31, 38, 39, 3X, 45, 46, 47, 52, 53, 54, 5E, 60, 61, 68, 69, 6X, 75,
77: 0, 1, 8, 11, 12, 19, 23, 2X, 49, 54, 5X, 65, 66, 6E, 76,
78: 0, 1, 3, 4, 5, 7, 8, 9, E, 10, 11, 13, 14, 15, 17, 18, 19, 1E, 20, 21, 23, 24, 25, 27, 28, 29, 2E, 30, 31, 33, 34, 35, 37, 38, 39, 3E, 40, 41, 43, 44, 45, 47, 48, 49, 4E, 50, 51, 53, 54, 55, 57, 58, 59, 5E, 60, 61, 63, 64, 65, 67, 68, 69, 6E, 70, 71, 73, 74, 75, 77,
79: 0, 1, 2, 4, 8, 13, 14, 1E, 23, 25, 26, 27, 28, 29, 2E, 33, 3X, 3E, 46, 4X, 50, 51, 52, 53, 54, 56, 5X, 65, 66, 71, 75, 77, 78,
7X: 0, 1, 2, 3, 4, 5, 6, 7, 8, 9, X, E, 10, 11, 12, 13, 14, 15, 16, 17, 18, 19, 1X, 1E, 20, 21, 22, 23, 24, 25, 26, 27, 28, 29, 2X, 2E, 30, 31, 32, 33, 34, 35, 36, 37, 38, 39, 3X, 3E, 40, 41, 42, 43, 44, 45, 46, 47, 48, 49, 4X, 4E, 50, 51, 52, 53, 54, 55, 56, 57, 58, 59, 5X, 5E, 60, 61, 62, 63, 64, 65, 66, 67, 68, 69, 6X, 6E, 70, 71, 72, 73, 74, 75, 76, 77, 78, 79,
7E: 0, 1, 7, 8, E, 10, 16, 17, 18, 22, 23, 26, 27, 31, 32, 33, 39, 3X, 41, 42, 48, 49, 4X, 54, 55, 58, 59, 63, 64, 65, 6E, 70, 73, 74, 7X,
80: 0, 1, 3, 5, 7, 8, 9, E, 11, 13, 15, 17, 19, 1E, 20, 21, 23, 25, 27, 28, 29, 2E, 31, 33, 34, 35, 37, 39, 3E, 41, 43, 45, 47, 48, 49, 4E, 51, 53, 54, 55, 57, 59, 5E, 60, 61, 63, 65, 67, 69, 6E, 71, 73, 74, 75, 77, 79, 7E,
81: 0, 1, 8, 10, 16, 17, 18, 1X, 23, 24, 26, 29, 2X, 36, 39, 3X, 3E, 42, 43, 44, 47, 53, 54, 57, 59, 5X, 63, 65, 66, 67, 71, 75, 80,
82: 0, 1, 6, 8, 11, 13, 18, 1X, 23, 25, 2X, 30, 35, 37, 40, 41, 42, 47, 49, 52, 54, 59, 5E, 64, 66, 6E, 71, 76, 78, 81,
83: 0, 1, 8, 9, X, 15, 16, 17, 22, 23, 24, 2E, 30, 31, 38, 39, 3X, 45, 46, 47, 52, 53, 54, 5E, 60, 61, 68, 69, 6X, 75, 76, 77, 82,
84: 0, 1, 3, 4, 7, 8, 9, E, 10, 11, 14, 15, 17, 19, 1E, 20, 21, 23, 24, 25, 27, 28, 29, 30, 31, 33, 35, 37, 38, 3E, 40, 41, 43, 44, 45, 48, 49, 4E, 51, 53, 54, 57, 58, 59, 5E, 60, 61, 63, 64, 65, 67, 69, 6E, 70, 73, 74, 75, 77, 78, 79, 80, 81, 83,
85: 0, 1, 2, 3, 4, 5, 6, 7, 8, 9, X, E, 10, 11, 12, 13, 14, 15, 16, 17, 18, 19, 1X, 1E, 20, 21, 22, 23, 24, 25, 26, 27, 28, 29, 2X, 2E, 30, 31, 32, 33, 34, 35, 36, 37, 38, 39, 3X, 3E, 40, 41, 42, 43, 44, 45, 46, 47, 48, 49, 4X, 4E, 50, 51, 52, 53, 54, 55, 56, 57, 58, 59, 5X, 5E, 60, 61, 62, 63, 64, 65, 66, 67, 68, 69, 6X, 6E, 70, 71, 72, 73, 74, 75, 76, 77, 78, 79, 7X, 7E, 80, 81, 82, 83, 84,
86: 0, 1, 2, 3, 4, 5, 6, 7, 8, 9, X, E, 10, 11, 12, 13, 14, 15, 16, 17, 18, 19, 1X, 1E, 20, 21, 22, 23, 24, 25, 26, 27, 28, 29, 2X, 2E, 30, 31, 32, 33, 34, 35, 36, 37, 38, 39, 3X, 3E, 40, 41, 42, 43, 44, 45, 46, 47, 48, 49, 4X, 4E, 50, 51, 52, 53, 54, 55, 56, 57, 58, 59, 5X, 5E, 60, 61, 62, 63, 64, 65, 66, 67, 68, 69, 6X, 6E, 70, 71, 72, 73, 74, 75, 76, 77, 78, 79, 7X, 7E, 80, 81, 82, 83, 84, 85,
87: 0, 1, 3, 8, 9, X, 11, 12, 1X, 1E, 20, 23, 26, 27, 2X, 31, 33, 36, 51, 54, 56, 59, 60, 61, 64, 67, 68, 69, 75, 76, 79, 7X, 7E, 84, 86,
88: 0, 1, 5, 8, 11, 19, 21, 23, 27, 33, 34, 3E, 43, 45, 49, 54, 55, 61, 65, 67, 6E, 77, 80, 83, 87,
89: 0, 1, 6, 7, 8, 11, 12, 13, 18, 19, 1X, 23, 24, 25, 2X, 2E, 30, 35, 36, 37, 40, 41, 42, 47, 48, 49, 52, 53, 54, 59, 5X, 5E, 64, 65, 66, 6E, 70, 71, 76, 77, 78, 81, 82, 83, 88,
8X: 0, 1, 2, 3, 4, 5, 6, 7, 8, 9, X, E, 10, 11, 12, 13, 14, 15, 16, 17, 18, 19, 1X, 1E, 20, 21, 22, 23, 24, 25, 26, 27, 28, 29, 2X, 2E, 30, 31, 32, 33, 34, 35, 36, 37, 38, 39, 3X, 3E, 40, 41, 42, 43, 44, 45, 46, 47, 48, 49, 4X, 4E, 50, 51, 52, 53, 54, 55, 56, 57, 58, 59, 5X, 5E, 60, 61, 62, 63, 64, 65, 66, 67, 68, 69, 6X, 6E, 70, 71, 72, 73, 74, 75, 76, 77, 78, 79, 7X, 7E, 80, 81, 82, 83, 84, 85, 86, 87, 88, 89,
8E: 0, 1, 2, 3, 4, 5, 6, 7, 8, 9, X, E, 10, 11, 12, 13, 14, 15, 16, 17, 18, 19, 1X, 1E, 20, 21, 22, 23, 24, 25, 26, 27, 28, 29, 2X, 2E, 30, 31, 32, 33, 34, 35, 36, 37, 38, 39, 3X, 3E, 40, 41, 42, 43, 44, 45, 46, 47, 48, 49, 4X, 4E, 50, 51, 52, 53, 54, 55, 56, 57, 58, 59, 5X, 5E, 60, 61, 62, 63, 64, 65, 66, 67, 68, 69, 6X, 6E, 70, 71, 72, 73, 74, 75, 76, 77, 78, 79, 7X, 7E, 80, 81, 82, 83, 84, 85, 86, 87, 88, 89, 8X,
90: 0, 1, 8, 15, 17, 23, 24, 2E, 31, 38, 45, 47, 54, 5E, 61, 68, 69, 75, 77, 84, 8E,
91: 0, 1, 2, 4, 8, 14, 15, 17, 1E, 23, 28, 29, 2X, 32, 35, 37, 39, 3X, 46, 47, 53, 54, 56, 58, 5E, 63, 64, 65, 6X, 72, 76, 78, 79, 85, 89, 8E, 90,
92: 0, 1, 2, 3, 4, 5, 6, 7, 8, 9, X, E, 10, 11, 12, 13, 14, 15, 16, 17, 18, 19, 1X, 1E, 20, 21, 22, 23, 24, 25, 26, 27, 28, 29, 2X, 2E, 30, 31, 32, 33, 34, 35, 36, 37, 38, 39, 3X, 3E, 40, 41, 42, 43, 44, 45, 46, 47, 48, 49, 4X, 4E, 50, 51, 52, 53, 54, 55, 56, 57, 58, 59, 5X, 5E, 60, 61, 62, 63, 64, 65, 66, 67, 68, 69, 6X, 6E, 70, 71, 72, 73, 74, 75, 76, 77, 78, 79, 7X, 7E, 80, 81, 82, 83, 84, 85, 86, 87, 88, 89, 8X, 8E, 90, 91,
93: 0, 1, 6, 8, X, E, 12, 1E, 22, 23, 25, 27, 30, 31, 32, 37, 39, 3E, 40, 43, 50, 53, 54, 56, 58, 61, 62, 63, 68, 6X, 70, 71, 74, 81, 84, 85, 87, 89, 92,
94: 0, 1, 7, 8, 11, 13, 19, 23, 25, 2E, 35, 37, 40, 41, 47, 48, 49, 53, 54, 59, 5E, 65, 6E, 71, 77, 81, 83, 88, 89, 93,
95: 0, 1, 2, 3, 4, 5, 6, 7, 8, 9, X, E, 10, 11, 12, 13, 14, 15, 16, 17, 18, 19, 1X, 1E, 20, 21, 22, 23, 24, 25, 26, 27, 28, 29, 2X, 2E, 30, 31, 32, 33, 34, 35, 36, 37, 38, 39, 3X, 3E, 40, 41, 42, 43, 44, 45, 46, 47, 48, 49, 4X, 4E, 50, 51, 52, 53, 54, 55, 56, 57, 58, 59, 5X, 5E, 60, 61, 62, 63, 64, 65, 66, 67, 68, 69, 6X, 6E, 70, 71, 72, 73, 74, 75, 76, 77, 78, 79, 7X, 7E, 80, 81, 82, 83, 84, 85, 86, 87, 88, 89, 8X, 8E, 90, 91, 92, 93, 94,
96: 0, 1, 7, 8, E, 10, 16, 17, 18, 22, 23, 26, 27, 31, 32, 33, 39, 3X, 41, 42, 48, 49, 4X, 54, 55, 58, 59, 63, 64, 65, 6E, 70, 73, 74, 7X, 7E, 80, 86, 87, 8X, 8E, 95,
97: 0, 1, 2, 3, 4, 5, 6, 7, 8, 9, X, E, 10, 11, 12, 13, 14, 15, 16, 17, 18, 19, 1X, 1E, 20, 21, 22, 23, 24, 25, 26, 27, 28, 29, 2X, 2E, 30, 31, 32, 33, 34, 35, 36, 37, 38, 39, 3X, 3E, 40, 41, 42, 43, 44, 45, 46, 47, 48, 49, 4X, 4E, 50, 51, 52, 53, 54, 55, 56, 57, 58, 59, 5X, 5E, 60, 61, 62, 63, 64, 65, 66, 67, 68, 69, 6X, 6E, 70, 71, 72, 73, 74, 75, 76, 77, 78, 79, 7X, 7E, 80, 81, 82, 83, 84, 85, 86, 87, 88, 89, 8X, 8E, 90, 91, 92, 93, 94, 95, 96,
98: 0, 1, 3, 4, 5, 7, 8, 9, E, 10, 11, 13, 14, 15, 17, 18, 19, 1E, 20, 21, 23, 24, 25, 27, 28, 29, 2E, 30, 31, 33, 34, 35, 37, 38, 39, 3E, 40, 41, 43, 44, 45, 47, 48, 49, 4E, 50, 51, 53, 54, 55, 57, 58, 59, 5E, 60, 61, 63, 64, 65, 67, 68, 69, 6E, 70, 71, 73, 74, 75, 77, 78, 79, 7E, 80, 81, 83, 84, 85, 87, 88, 89, 8E, 90, 91, 93, 94, 95, 97,
99: 0, 1, 8, 16, 22, 23, 38, 45, 54, 61, 76, 77, 83, 91, 98,
9X: 0, 1, 2, 3, 4, 5, 6, 7, 8, 9, X, E, 10, 11, 12, 13, 14, 15, 16, 17, 18, 19, 1X, 1E, 20, 21, 22, 23, 24, 25, 26, 27, 28, 29, 2X, 2E, 30, 31, 32, 33, 34, 35, 36, 37, 38, 39, 3X, 3E, 40, 41, 42, 43, 44, 45, 46, 47, 48, 49, 4X, 4E, 50, 51, 52, 53, 54, 55, 56, 57, 58, 59, 5X, 5E, 60, 61, 62, 63, 64, 65, 66, 67, 68, 69, 6X, 6E, 70, 71, 72, 73, 74, 75, 76, 77, 78, 79, 7X, 7E, 80, 81, 82, 83, 84, 85, 86, 87, 88, 89, 8X, 8E, 90, 91, 92, 93, 94, 95, 96, 97, 98, 99,
9E: 0, 1, 6, 7, 8, 11, 12, 13, 18, 19, 1X, 23, 24, 25, 2X, 2E, 30, 35, 36, 37, 40, 41, 42, 47, 48, 49, 52, 53, 54, 59, 5X, 5E, 64, 65, 66, 6E, 70, 71, 76, 77, 78, 81, 82, 83, 88, 89, 8X, 93, 94, 95, 9X,
X0: 0, 1, 3, 5, 7, 8, 9, E, 11, 13, 14, 15, 17, 19, 1E, 20, 21, 23, 25, 27, 28, 29, 2E, 31, 33, 34, 35, 37, 39, 3E, 40, 41, 43, 45, 47, 48, 49, 4E, 51, 53, 54, 55, 57, 59, 5E, 60, 61, 63, 65, 67, 68, 69, 6E, 71, 73, 74, 75, 77, 79, 7E, 80, 81, 83, 85, 87, 88, 89, 8E, 91, 93, 94, 95, 97, 99, 9E,
X1: 0, 1, 2, 3, 4, 5, 6, 7, 8, 9, X, 10, 11, 12, 13, 14, 15, 16, 17, 18, 19, 1E, 20, 21, 22, 23, 24, 25, 26, 27, 28, 2X, 2E, 30, 31, 32, 33, 34, 35, 36, 37, 39, 3X, 3E, 40, 41, 42, 43, 44, 45, 46, 48, 49, 4X, 4E, 50, 51, 52, 53, 54, 55, 57, 58, 59, 5X, 5E, 60, 61, 62, 63, 64, 66, 67, 68, 69, 6X, 6E, 70, 71, 72, 73, 75, 76, 77, 78, 79, 7X, 7E, 80, 81, 82, 84, 85, 86, 87, 88, 89, 8X, 8E, 90, 91, 93, 94, 95, 96, 97, 98, 99, 9X, 9E, X0,
X2: 0, 1, 3, 8, 9, E, 18, 1E, 20, 23, 24, 29, 2X, 31, 32, 35, 42, 44, 45, 4X, 50, 51, 52, 54, 59, 5X, 60, 69, 70, 71, 74, 75, 7X, 7E, 82, 83, 86, 93, 95, 96, 9E, X1,
X3: 0, 1, 2, 3, 4, 5, 6, 7, 8, 9, X, E, 10, 11, 12, 13, 14, 15, 16, 17, 18, 19, 1X, 1E, 20, 21, 22, 23, 24, 25, 26, 27, 28, 29, 2X, 2E, 30, 31, 32, 33, 34, 35, 36, 37, 38, 39, 3X, 3E, 40, 41, 42, 43, 44, 45, 46, 47, 48, 49, 4X, 4E, 50, 51, 52, 53, 54, 55, 56, 57, 58, 59, 5X, 5E, 60, 61, 62, 63, 64, 65, 66, 67, 68, 69, 6X, 6E, 70, 71, 72, 73, 74, 75, 76, 77, 78, 79, 7X, 7E, 80, 81, 82, 83, 84, 85, 86, 87, 88, 89, 8X, 8E, 90, 91, 92, 93, 94, 95, 96, 97, 98, 99, 9X, 9E, X0, X1, X2,
X4: 0, 1, 4, 8, 13, 14, 1E, 23, 25, 27, 28, 29, 2E, 33, 3E, 50, 51, 53, 54, 65, 71, 75, 77, 78, 79, 7E, 81, 85, 90, 91, 98, X0, X3,
X5: 0, 1, 2, 3, 4, 6, 7, 8, 9, E, 10, 11, 12, 14, 15, 16, 17, 19, 1X, 1E, 20, 22, 23, 24, 25, 27, 28, 29, 2X, 30, 31, 32, 33, 35, 36, 37, 38, 3X, 3E, 40, 41, 43, 44, 45, 46, 48, 49, 4X, 4E, 51, 52, 53, 54, 56, 57, 58, 59, 5E, 60, 61, 62, 64, 65, 66, 67, 69, 6X, 6E, 70, 72, 73, 74, 75, 77, 78, 79, 7X, 80, 81, 82, 83, 85, 86, 87, 88, 8X, 8E, 90, 91, 93, 94, 95, 96, 98, 99, 9X, 9E, X1, X2, X3, X4,
X6: 0, 1, 8, 23, 24, 2E, 30, 47, 52, 53, 54, 5E, 76, 77, 82, 83, 9X, X5,
X7: 0, 1, 2, 4, 5, 8, X, 14, 17, 18, 21, 23, 28, 29, 32, 34, 3E, 42, 43, 46, 51, 53, 54, 56, 61, 64, 65, 68, 73, 75, 7X, 7E, 84, 86, 8E, 90, 93, 99, 9E, X2, X3, X5, X6,
X8: 0, 1, 3, 5, 7, 8, 9, E, 11, 13, 15, 17, 19, 1E, 20, 21, 23, 25, 27, 29, 2E, 31, 33, 34, 35, 37, 39, 3E, 41, 43, 45, 47, 48, 49, 4E, 51, 53, 54, 55, 57, 59, 5E, 60, 61, 63, 65, 67, 69, 6E, 71, 73, 74, 75, 77, 79, 7E, 81, 83, 85, 87, 88, 89, 8E, 91, 93, 95, 97, 99, 9E, X0, X1, X3, X5, X7,
X9: 0, 1, 2, 4, 8, E, 14, 19, 1X, 23, 28, 2E, 33, 35, 36, 37, 38, 39, 3E, 43, 46, 4E, 54, 55, 5X, 63, 66, 6X, 70, 71, 72, 73, 74, 76, 7X, 81, 86, 8E, 90, 95, 9X, X1, X5, X7, X8,
XX: 0, 1, 5, 8, 10, 11, 12, 16, 19, 21, 22, 23, 27, 2X, 32, 33, 34, 38, 3E, 43, 44, 45, 49, 50, 54, 55, 56, 5X, 61, 65, 66, 67, 6E, 72, 76, 77, 78, 80, 83, 87, 88, 89, 91, 94, 98, 99, 9X, X2, X5, X9,
XE: 0, 1, 2, 3, 4, 5, 6, 7, 8, 9, X, E, 10, 11, 12, 13, 14, 15, 16, 17, 18, 19, 1X, 1E, 20, 21, 22, 23, 24, 25, 26, 27, 28, 29, 2X, 2E, 30, 31, 32, 33, 34, 35, 36, 37, 38, 39, 3X, 3E, 40, 41, 42, 43, 44, 45, 46, 47, 48, 49, 4X, 4E, 50, 51, 52, 53, 54, 55, 56, 57, 58, 59, 5X, 5E, 60, 61, 62, 63, 64, 65, 66, 67, 68, 69, 6X, 6E, 70, 71, 72, 73, 74, 75, 76, 77, 78, 79, 7X, 7E, 80, 81, 82, 83, 84, 85, 86, 87, 88, 89, 8X, 8E, 90, 91, 92, 93, 94, 95, 96, 97, 98, 99, 9X, 9E, X0, X1, X2, X3, X4, X5, X6, X7, X8, X9, XX,
E0: 0, 1, 3, 4, 5, 7, 8, 9, E, 10, 11, 13, 14, 15, 17, 18, 19, 1E, 20, 21, 23, 24, 25, 27, 28, 29, 2E, 30, 31, 33, 34, 35, 37, 38, 39, 3E, 40, 41, 43, 44, 45, 47, 48, 49, 4E, 50, 51, 53, 54, 55, 57, 58, 59, 5E, 60, 61, 63, 64, 65, 67, 68, 69, 6E, 70, 71, 73, 74, 75, 77, 78, 79, 7E, 80, 81, 83, 84, 85, 87, 88, 89, 8E, 90, 91, 93, 94, 95, 97, 98, 99, 9E, X0, X1, X3, X4, X5, X7, X8, X9, XE,
E1: 0, 1, 7, 8, 18, 23, 41, 42, 48, 49, 54, 59, 64, 65, 6E, 70, 8X, 95, X5, X6, E0,
E2: 0, 1, 3, 5, 8, 9, 12, 13, 1X, 20, 21, 23, 34, 36, 37, 39, 44, 45, 4X, 4E, 52, 54, 56, 57, 58, 5X, 60, 63, 64, 69, 6X, 75, 77, 78, 7X, 8E, 91, 92, 94, 9E, X0, X5, X6, X9, XE, E1,
E3: 0, 1, 8, X, 15, 17, 22, 23, 24, 2E, 31, 38, 3X, 45, 46, 47, 52, 54, 5E, 61, 68, 69, 6X, 75, 77, 82, 84, 8E, 90, 91, 98, 9X, X5, X7, E2,
E4: 0, 1, 3, 5, 7, 8, 9, E, 11, 13, 14, 15, 17, 19, 1E, 20, 21, 23, 25, 27, 28, 29, 2E, 31, 33, 34, 35, 37, 39, 3E, 40, 41, 43, 45, 47, 48, 49, 4E, 51, 53, 54, 55, 57, 59, 5E, 60, 61, 63, 65, 67, 68, 69, 6E, 71, 73, 74, 75, 77, 79, 7E, 80, 81, 83, 85, 87, 88, 89, 8E, 91, 93, 94, 95, 97, 99, 9E, X0, X1, X3, X5, X7, X8, X9, XE, E1, E3,
E5: 0, 1, 2, 3, 4, 5, 6, 7, 8, 9, X, E, 10, 11, 12, 13, 14, 15, 16, 17, 18, 19, 1X, 1E, 20, 21, 22, 23, 24, 25, 26, 27, 28, 29, 2X, 2E, 30, 31, 32, 33, 34, 35, 36, 37, 38, 39, 3X, 3E, 40, 41, 42, 43, 44, 45, 46, 47, 48, 49, 4X, 4E, 50, 51, 52, 53, 54, 55, 56, 57, 58, 59, 5X, 5E, 60, 61, 62, 63, 64, 65, 66, 67, 68, 69, 6X, 6E, 70, 71, 72, 73, 74, 75, 76, 77, 78, 79, 7X, 7E, 80, 81, 82, 83, 84, 85, 86, 87, 88, 89, 8X, 8E, 90, 91, 92, 93, 94, 95, 96, 97, 98, 99, 9X, 9E, X0, X1, X2, X3, X4, X5, X6, X7, X8, X9, XX, XE, E0, E1, E2, E3, E4,
E6: 0, 1, 2, 3, 4, 5, 6, 7, 8, 9, X, E, 10, 11, 12, 13, 14, 15, 16, 17, 18, 19, 1X, 1E, 20, 21, 22, 23, 24, 25, 26, 27, 28, 29, 2X, 2E, 30, 31, 32, 33, 34, 35, 36, 37, 38, 39, 3X, 3E, 40, 41, 42, 43, 44, 45, 46, 47, 48, 49, 4X, 4E, 50, 51, 52, 53, 54, 55, 56, 57, 58, 59, 5X, 5E, 60, 61, 62, 63, 64, 65, 66, 67, 68, 69, 6X, 6E, 70, 71, 72, 73, 74, 75, 76, 77, 78, 79, 7X, 7E, 80, 81, 82, 83, 84, 85, 86, 87, 88, 89, 8X, 8E, 90, 91, 92, 93, 94, 95, 96, 97, 98, 99, 9X, 9E, X0, X1, X2, X3, X4, X5, X6, X7, X8, X9, XX, XE, E0, E1, E2, E3, E4, E5,
E7: 0, 1, 6, 8, X, 12, 1E, 23, 29, 2X, 30, 33, 38, 39, 40, 44, 47, 49, 4E, 50, 52, 53, 54, 55, 62, 63, 64, 65, 67, 68, 6X, 70, 73, 77, 7X, 7E, 84, 87, 89, 8X, 94, 98, X5, X9, XE, E1, E6,
E8: 0, 1, 7, 8, 11, 13, 18, 19, 23, 24, 25, 2E, 30, 35, 37, 40, 41, 47, 48, 49, 53, 54, 59, 5E, 64, 65, 6E, 70, 71, 77, 78, 81, 83, 88, 89, 93, 94, 95, 9E, X0, X5, X7, E0, E1, E7,
E9: 0, 1, 2, 3, 4, 5, 6, 7, 8, 9, X, E, 10, 11, 12, 13, 14, 15, 16, 17, 18, 19, 1X, 1E, 20, 21, 22, 23, 24, 25, 26, 27, 28, 29, 2X, 2E, 30, 31, 32, 33, 34, 35, 36, 37, 38, 39, 3X, 3E, 40, 41, 42, 43, 44, 45, 46, 47, 48, 49, 4X, 4E, 50, 51, 52, 53, 54, 55, 56, 57, 58, 59, 5X, 5E, 60, 61, 62, 63, 64, 65, 66, 67, 68, 69, 6X, 6E, 70, 71, 72, 73, 74, 75, 76, 77, 78, 79, 7X, 7E, 80, 81, 82, 83, 84, 85, 86, 87, 88, 89, 8X, 8E, 90, 91, 92, 93, 94, 95, 96, 97, 98, 99, 9X, 9E, X0, X1, X2, X3, X4, X5, X6, X7, X8, X9, XX, XE, E0, E1, E2, E3, E4, E5, E6, E7, E8,
EX: 0, 1, 2, 3, 4, 5, 6, 7, 8, 9, X, E, 10, 11, 12, 13, 14, 15, 16, 17, 18, 19, 1X, 1E, 20, 21, 22, 23, 24, 25, 26, 27, 28, 29, 2X, 2E, 30, 31, 32, 33, 34, 35, 36, 37, 38, 39, 3X, 3E, 40, 41, 42, 43, 44, 45, 46, 47, 48, 49, 4X, 4E, 50, 51, 52, 53, 54, 55, 56, 57, 58, 59, 5X, 5E, 60, 61, 62, 63, 64, 65, 66, 67, 68, 69, 6X, 6E, 70, 71, 72, 73, 74, 75, 76, 77, 78, 79, 7X, 7E, 80, 81, 82, 83, 84, 85, 86, 87, 88, 89, 8X, 8E, 90, 91, 92, 93, 94, 95, 96, 97, 98, 99, 9X, 9E, X0, X1, X2, X3, X4, X5, X6, X7, X8, X9, XX, XE, E0, E1, E2, E3, E4, E5, E6, E7, E8, E9,
EE: 0, 1, 5, 8, 10, 11, 12, 16, 19, 21, 22, 23, 27, 2X, 32, 33, 34, 38, 3E, 43, 44, 45, 49, 50, 54, 55, 56, 5X, 61, 65, 66, 67, 6E, 72, 76, 77, 78, 80, 83, 87, 88, 89, 91, 94, 98, 99, 9X, X2, X5, X9, XX, XE, E3, E6, EX,
100: 0, 1, 8, 9, 15, 17, 23, 2E, 31, 39, 45, 47, 53, 54, 5E, 60, 61, 68, 69, 75, 77, 83, 8E, 91, 99, X5, X7, E3, E4, EE,
