2, 1, 2
2, 1, 3
2, 1, 5
2, 1, 7
2, 1, 13
2, 1, 17
2, 1, 19
2, 1, 31
2, 1, 61
2, 1, 89
2, 1, 107
2, 1, 127
2, 1, 521
2, 1, 607
2, 1, 1279
2, 1, 2203
2, 1, 2281
2, 1, 3217
2, 2, 1
2, 2, 2
2, 2, 4
2, 2, 8
2, 2, 16
2, 3, 1
2, 3, 2
2, 3, 3
2, 3, 4
2, 3, 6
2, 3, 7
2, 3, 11
2, 3, 18
2, 3, 34
2, 3, 38
2, 3, 43
2, 3, 55
2, 3, 64
2, 3, 76
2, 3, 94
2, 3, 103
2, 3, 143
2, 3, 206
2, 3, 216
2, 3, 306
2, 3, 324
2, 3, 391
2, 3, 458
2, 3, 470
2, 3, 827
2, 3, 1274
2, 3, 3276
2, 4, 1
2, 4, 2
2, 4, 5
2, 4, 6
2, 4, 8
2, 4, 12
2, 4, 18
2, 4, 30
2, 4, 36
2, 4, 41
2, 4, 66
2, 4, 189
2, 4, 201
2, 4, 209
2, 4, 276
2, 4, 353
2, 4, 408
2, 4, 438
2, 4, 534
2, 4, 2208
2, 4, 2816
2, 4, 3168
2, 4, 3189
2, 5, 2
2, 5, 3
2, 5, 5
2, 5, 7
2, 5, 13
2, 5, 17
2, 5, 19
2, 5, 31
2, 5, 61
2, 5, 89
2, 5, 107
2, 5, 127
2, 5, 521
2, 5, 607
2, 5, 1279
2, 5, 2203
2, 5, 2281
2, 5, 3217
2, 6, 1
2, 6, 2
2, 6, 4
2, 6, 8
2, 6, 16
2, 7, 3
2, 7, 4
2, 7, 5
2, 7, 6
2, 7, 9
2, 7, 10
2, 7, 12
2, 7, 14
2, 7, 20
2, 7, 22
2, 7, 24
2, 7, 29
2, 7, 94
2, 7, 116
2, 7, 122
2, 7, 150
2, 7, 174
2, 7, 213
2, 7, 221
2, 7, 233
2, 7, 266
2, 7, 336
2, 7, 452
2, 7, 545
2, 7, 689
2, 7, 694
2, 7, 850
2, 7, 1736
2, 7, 2321
2, 7, 3237
2, 8, 1
2, 8, 2
2, 8, 3
2, 8, 4
2, 8, 6
2, 8, 7
2, 8, 12
2, 8, 15
2, 8, 16
2, 8, 18
2, 8, 28
2, 8, 30
2, 8, 55
2, 8, 67
2, 8, 84
2, 8, 228
2, 8, 390
2, 8, 784
2, 8, 1110
2, 8, 1704
2, 8, 2008
2, 8, 2139
2, 8, 2191
2, 8, 2367
2, 8, 2370
3, 1, 1
3, 1, 2
3, 1, 3
3, 1, 7
3, 1, 8
3, 1, 12
3, 1, 20
3, 1, 23
3, 1, 27
3, 1, 35
3, 1, 56
3, 1, 62
3, 1, 68
3, 1, 131
3, 1, 222
3, 1, 384
3, 1, 387
3, 1, 579
3, 1, 644
3, 1, 1772
3, 2, 1
3, 2, 2
3, 2, 4
3, 2, 5
3, 2, 6
3, 2, 9
3, 2, 16
3, 2, 17
3, 2, 30
3, 2, 54
3, 2, 57
3, 2, 60
3, 2, 65
3, 2, 132
3, 2, 180
3, 2, 320
3, 2, 696
3, 2, 782
3, 2, 822
3, 2, 897
3, 2, 1252
3, 2, 1454
3, 3, 1
3, 3, 3
3, 3, 5
3, 3, 7
3, 3, 15
3, 3, 45
3, 3, 95
3, 3, 235
3, 3, 463
3, 3, 733
3, 3, 1437
3, 3, 1583
3, 3, 1677
3, 3, 1803
3, 4, 1
3, 4, 2
3, 4, 3
3, 4, 6
3, 4, 14
3, 4, 15
3, 4, 39
3, 4, 201
3, 4, 249
3, 4, 885
3, 4, 1005
3, 4, 1254
3, 4, 1635
3, 5, 2
3, 5, 4
3, 5, 5
3, 5, 6
3, 5, 9
3, 5, 22
3, 5, 37
3, 5, 41
3, 5, 90
3, 5, 102
3, 5, 105
3, 5, 317
3, 5, 520
3, 5, 541
3, 5, 561
3, 5, 648
3, 5, 780
3, 5, 786
3, 5, 957
3, 5, 1353
3, 5, 2224
3, 5, 2521
3, 6, 1
3, 6, 2
3, 6, 3
3, 6, 4
3, 6, 8
3, 6, 10
3, 6, 14
3, 6, 15
3, 6, 24
3, 6, 26
3, 6, 36
3, 6, 63
3, 6, 98
3, 6, 110
3, 6, 123
3, 6, 126
3, 6, 139
3, 6, 235
3, 6, 243
3, 6, 315
3, 6, 363
3, 6, 386
3, 6, 391
3, 6, 494
3, 6, 1131
3, 6, 1220
3, 6, 1503
3, 6, 1858
3, 7, 2
3, 7, 3
3, 7, 5
3, 7, 21
3, 7, 31
3, 7, 37
3, 7, 41
3, 7, 53
3, 7, 73
3, 7, 101
3, 7, 175
3, 7, 203
3, 7, 225
3, 7, 455
3, 7, 557
3, 7, 651
3, 7, 1333
3, 8, 1
3, 8, 2
3, 8, 3
3, 8, 6
3, 8, 9
3, 8, 10
3, 8, 22
3, 8, 30
3, 8, 42
3, 8, 57
3, 8, 87
3, 8, 174
3, 8, 195
3, 8, 198
3, 8, 562
3, 8, 994
3, 8, 2421
3, 8, 2487
4, 1, 1
4, 1, 2
4, 1, 3
4, 1, 9
4, 1, 17
4, 1, 19
4, 1, 32
4, 1, 38
4, 1, 47
4, 1, 103
4, 1, 108
4, 1, 153
4, 1, 162
4, 1, 229
4, 1, 235
4, 1, 637
4, 1, 1638
4, 1, 2102
4, 1, 2567
4, 2, 1
4, 2, 3
4, 2, 4
4, 2, 6
4, 2, 9
4, 2, 15
4, 2, 18
4, 2, 33
4, 2, 138
4, 2, 204
4, 2, 219
4, 2, 267
4, 2, 1104
4, 2, 1408
4, 2, 1584
4, 2, 1956
4, 3, 1
4, 3, 2
4, 3, 4
4, 3, 5
4, 3, 6
4, 3, 7
4, 3, 9
4, 3, 16
4, 3, 24
4, 3, 27
4, 3, 36
4, 3, 74
4, 3, 92
4, 3, 124
4, 3, 135
4, 3, 137
4, 3, 210
4, 3, 670
4, 3, 719
4, 3, 761
4, 3, 819
4, 3, 877
4, 3, 942
4, 3, 1007
4, 3, 1085
4, 3, 1274
4, 3, 1311
4, 3, 1326
4, 3, 1352
4, 5, 2
4, 5, 3
4, 5, 5
4, 5, 6
4, 5, 7
4, 5, 10
4, 5, 11
4, 5, 12
4, 5, 47
4, 5, 58
4, 5, 61
4, 5, 75
4, 5, 87
4, 5, 133
4, 5, 168
4, 5, 226
4, 5, 347
4, 5, 425
4, 5, 868
4, 5, 1977
4, 5, 2815
4, 6, 1
4, 6, 2
4, 6, 3
4, 6, 6
4, 6, 8
4, 6, 9
4, 6, 14
4, 6, 15
4, 6, 42
4, 6, 114
4, 6, 195
4, 6, 392
4, 6, 555
4, 6, 852
4, 6, 1004
4, 6, 1185
4, 6, 2001
4, 6, 2030
4, 6, 2031
4, 6, 2276
4, 7, 2
4, 7, 3
4, 7, 4
4, 7, 5
4, 7, 6
4, 7, 9
4, 7, 10
4, 7, 13
4, 7, 16
4, 7, 18
4, 7, 28
4, 7, 33
4, 7, 59
4, 7, 65
4, 7, 75
4, 7, 83
4, 7, 103
4, 7, 113
4, 7, 275
4, 7, 353
4, 7, 405
4, 7, 568
4, 7, 614
4, 7, 909
4, 7, 1184
4, 7, 1200
4, 7, 1564
4, 7, 2266
4, 7, 2556
5, 1, 1
5, 1, 3
5, 1, 9
5, 1, 13
5, 1, 15
5, 1, 25
5, 1, 39
5, 1, 69
5, 1, 165
5, 1, 171
5, 1, 209
5, 1, 339
5, 1, 2033
5, 2, 2
5, 2, 6
5, 2, 18
5, 2, 50
5, 2, 290
5, 2, 2582
5, 3, 1
5, 3, 2
5, 3, 5
5, 3, 11
5, 3, 28
5, 3, 65
5, 3, 72
5, 3, 361
5, 3, 479
5, 3, 494
5, 3, 599
5, 3, 1062
5, 3, 1094
5, 3, 1193
5, 3, 2827
5, 3, 3271
5, 4, 1
5, 4, 2
5, 4, 3
5, 4, 23
5, 4, 27
5, 4, 33
5, 4, 63
5, 4, 158
5, 4, 278
5, 4, 290
5, 4, 351
5, 4, 471
5, 4, 797
5, 5, 5
5, 5, 7
5, 5, 15
5, 5, 47
5, 5, 81
5, 5, 115
5, 5, 267
5, 5, 285
5, 6, 2
5, 6, 6
5, 6, 10
5, 6, 102
5, 6, 494
5, 6, 794
5, 6, 1326
5, 7, 2
5, 7, 4
5, 7, 5
5, 7, 6
5, 7, 10
5, 7, 53
5, 7, 76
5, 7, 82
5, 7, 88
5, 7, 242
5, 7, 247
5, 7, 473
5, 7, 586
5, 7, 966
5, 7, 1015
5, 7, 1297
5, 7, 1825
5, 7, 2413
5, 7, 2599
5, 7, 2833
5, 8, 1
5, 8, 2
5, 8, 3
5, 8, 4
5, 8, 13
5, 8, 88
5, 8, 177
5, 8, 184
5, 8, 297
5, 8, 304
5, 8, 310
5, 8, 562
5, 8, 892
5, 8, 1300
6, 1, 1
6, 1, 2
6, 1, 6
6, 1, 7
6, 1, 11
6, 1, 23
6, 1, 33
6, 1, 48
6, 1, 68
6, 1, 79
6, 1, 116
6, 1, 151
6, 1, 205
6, 1, 1016
6, 1, 1332
6, 1, 1448
6, 2, 1
6, 2, 2
6, 2, 4
6, 2, 17
6, 2, 136
6, 2, 147
6, 2, 203
6, 2, 590
6, 2, 754
6, 2, 964
6, 2, 970
6, 2, 1847
6, 2, 2031
6, 2, 2727
6, 2, 2871
6, 3, 1
6, 3, 2
6, 3, 3
6, 3, 13
6, 3, 21
6, 3, 28
6, 3, 30
6, 3, 32
6, 3, 36
6, 3, 48
6, 3, 52
6, 3, 76
6, 3, 734
6, 3, 2236
6, 3, 2272
6, 3, 3135
6, 4, 1
6, 4, 6
6, 4, 17
6, 4, 38
6, 4, 50
6, 4, 80
6, 4, 207
6, 4, 236
6, 4, 264
6, 4, 309
6, 4, 555
6, 4, 1128
6, 4, 1479
6, 4, 1574
6, 4, 2808
6, 5, 2
6, 5, 3
6, 5, 4
6, 5, 29
6, 5, 31
6, 5, 34
6, 5, 53
6, 5, 65
6, 5, 94
6, 5, 202
6, 5, 288
6, 5, 415
6, 5, 457
6, 5, 483
6, 5, 703
6, 5, 762
6, 5, 1285
6, 5, 1464
6, 5, 2094
6, 6, 1
6, 6, 2
6, 6, 4
6, 6, 7
6, 6, 10
6, 6, 14
6, 6, 18
6, 6, 32
6, 6, 55
6, 6, 102
6, 6, 177
6, 6, 190
6, 6, 247
6, 6, 276
6, 6, 372
6, 6, 1524
6, 6, 1545
6, 6, 2502
6, 7, 2
6, 7, 4
6, 7, 6
6, 7, 8
6, 7, 9
6, 7, 10
6, 7, 15
6, 7, 20
6, 7, 46
6, 7, 49
6, 7, 61
6, 7, 98
6, 7, 110
6, 7, 144
6, 7, 266
6, 7, 344
6, 7, 978
6, 7, 1692
6, 7, 1880
6, 7, 1924
6, 7, 3142
6, 7, 3220
6, 8, 1
6, 8, 2
6, 8, 3
6, 8, 4
6, 8, 6
6, 8, 21
6, 8, 24
6, 8, 27
6, 8, 30
6, 8, 54
6, 8, 70
6, 8, 126
6, 8, 369
6, 8, 435
6, 8, 612
6, 8, 787
6, 8, 1275
6, 8, 2155
6, 8, 2436
7, 1, 1
7, 1, 2
7, 1, 7
7, 1, 18
7, 1, 55
7, 1, 69
7, 1, 87
7, 1, 119
7, 1, 141
7, 1, 189
7, 1, 249
7, 1, 354
7, 1, 1586
7, 1, 2135
7, 1, 2865
7, 1, 2930
7, 2, 1
7, 2, 4
7, 2, 9
7, 2, 99
7, 2, 412
7, 2, 2633
7, 3, 4
7, 3, 7
7, 3, 10
7, 3, 14
7, 3, 23
7, 3, 59
7, 3, 1550
7, 3, 1835
7, 3, 2515
7, 5, 2
7, 5, 3
7, 5, 6
7, 5, 9
7, 5, 21
7, 5, 25
7, 5, 33
7, 5, 49
7, 5, 54
7, 5, 133
7, 5, 245
7, 5, 255
7, 5, 318
7, 5, 1023
7, 5, 1486
7, 6, 1
7, 6, 3
7, 6, 16
7, 6, 36
7, 6, 244
7, 6, 315
7, 6, 2577
7, 7, 2
7, 7, 4
7, 7, 8
7, 7, 10
7, 7, 50
7, 7, 106
7, 7, 182
7, 7, 293
7, 7, 964
7, 7, 1108
7, 7, 1654
7, 7, 1756
8, 1, 3
8, 1, 7
8, 1, 15
8, 1, 59
8, 2, 2
8, 2, 40
8, 2, 58
8, 2, 60
8, 2, 130
8, 2, 144
8, 2, 752
8, 3, 1
8, 3, 5
8, 3, 7
8, 3, 21
8, 3, 33
8, 3, 53
8, 3, 103
8, 3, 313
8, 3, 517
8, 3, 1863
8, 3, 2669
8, 4, 1
8, 4, 2
8, 4, 11
8, 4, 14
8, 4, 21
8, 4, 27
8, 4, 54
8, 4, 122
8, 4, 221
8, 4, 435
8, 4, 498
8, 4, 942
8, 4, 1118
8, 4, 1139
8, 4, 1230
8, 4, 1614
8, 4, 1934
8, 5, 13
8, 5, 661
8, 5, 773
8, 5, 833
8, 6, 2
8, 6, 6
8, 6, 10
8, 6, 26
8, 6, 42
8, 6, 58
8, 6, 68
8, 6, 196
8, 6, 266
8, 6, 602
8, 6, 1170
8, 6, 1288
8, 6, 1290
8, 6, 2990
8, 7, 3
8, 7, 7
8, 7, 11
8, 7, 47
8, 7, 81
8, 7, 95
8, 7, 107
8, 7, 179
8, 7, 233
8, 7, 243
8, 7, 947
8, 7, 2817
8, 7, 2859
8, 7, 3233
8, 8, 1
8, 8, 2
8, 8, 3
8, 8, 6
8, 8, 10
8, 8, 19
8, 8, 22
8, 8, 109
8, 8, 798
8, 8, 1498
8, 8, 1519
8, 8, 3109
9, 1, 1
9, 1, 2
9, 1, 5
9, 1, 25
9, 1, 85
9, 1, 92
9, 1, 97
9, 1, 649
9, 1, 2017
9, 1, 2978
9, 2, 1
9, 2, 4
9, 2, 5
9, 2, 11
9, 2, 26
9, 2, 29
9, 2, 38
9, 2, 65
9, 2, 166
9, 2, 490
9, 2, 641
9, 2, 2300
9, 3, 1
9, 3, 2
9, 3, 4
9, 3, 5
9, 3, 7
9, 3, 10
9, 3, 11
9, 3, 13
9, 3, 15
9, 3, 19
9, 3, 27
9, 3, 29
9, 3, 35
9, 3, 42
9, 3, 51
9, 3, 70
9, 3, 112
9, 3, 164
9, 3, 179
9, 3, 180
9, 3, 242
9, 3, 454
9, 3, 621
9, 3, 2312
9, 4, 2
9, 4, 6
9, 4, 9
9, 4, 11
9, 4, 51
9, 4, 56
9, 4, 81
9, 4, 941
9, 4, 1647
9, 5, 2
9, 5, 4
9, 5, 7
9, 5, 10
9, 5, 11
9, 5, 31
9, 5, 127
9, 5, 136
9, 5, 215
9, 5, 953
9, 5, 1139
9, 5, 1799
9, 6, 1
9, 6, 2
9, 6, 4
9, 6, 7
9, 6, 10
9, 6, 19
9, 6, 22
9, 6, 44
9, 6, 62
9, 6, 76
9, 6, 122
9, 6, 2191
9, 6, 3134
9, 7, 2
9, 7, 3
9, 7, 4
9, 7, 9
9, 7, 11
9, 7, 18
9, 7, 19
9, 7, 27
9, 7, 28
9, 7, 46
9, 7, 50
9, 7, 53
9, 7, 80
9, 7, 155
9, 7, 203
9, 7, 280
9, 7, 451
9, 8, 1
9, 8, 3
9, 8, 4
9, 8, 9
9, 8, 18
9, 8, 49
9, 8, 57
9, 8, 67
9, 8, 69
9, 8, 106
9, 8, 126
9, 8, 258
9, 8, 583
9, 8, 1221
9, 8, 1366
10, 1, 1
10, 1, 3
10, 1, 7
10, 1, 19
10, 1, 29
10, 1, 37
10, 1, 93
10, 1, 935
10, 2, 3
10, 2, 4
10, 2, 5
10, 2, 9
10, 2, 22
10, 2, 27
10, 2, 36
10, 2, 57
10, 2, 62
10, 2, 78
10, 2, 201
10, 2, 537
10, 2, 696
10, 2, 790
10, 2, 905
10, 2, 1038
10, 3, 1
10, 3, 9
10, 3, 11
10, 3, 17
10, 3, 22
10, 3, 29
10, 3, 36
10, 3, 37
10, 3, 52
10, 3, 166
10, 3, 448
10, 3, 2011
10, 5, 3
10, 5, 5
10, 5, 7
10, 5, 33
10, 5, 45
10, 5, 105
10, 5, 197
10, 5, 199
10, 5, 281
10, 5, 301
10, 5, 317
10, 5, 1107
10, 5, 1657
10, 6, 1
10, 6, 2
10, 6, 3
10, 6, 4
10, 6, 9
10, 6, 18
10, 6, 22
10, 6, 45
10, 6, 49
10, 6, 56
10, 6, 69
10, 6, 146
10, 6, 202
10, 6, 272
10, 6, 2730
10, 6, 2841
10, 7, 2
10, 7, 5
10, 7, 8
10, 7, 12
10, 7, 15
10, 7, 18
10, 7, 20
10, 7, 30
10, 7, 80
10, 7, 143
10, 7, 152
10, 7, 164
10, 7, 176
10, 7, 239
10, 7, 291
10, 7, 324
10, 7, 504
10, 7, 594
10, 7, 983
10, 7, 2894
11, 1, 1
11, 1, 3
11, 1, 37
11, 1, 119
11, 1, 255
11, 1, 355
11, 1, 371
11, 1, 497
11, 1, 1759
11, 2, 10
11, 2, 24
11, 2, 864
11, 2, 2440
11, 3, 1
11, 3, 2
11, 3, 3
11, 3, 4
11, 3, 11
11, 3, 13
11, 3, 22
11, 3, 27
11, 3, 48
11, 3, 51
11, 3, 103
11, 3, 147
11, 3, 280
11, 3, 908
11, 3, 1346
11, 3, 1524
11, 3, 1776
11, 3, 2173
11, 3, 2788
11, 4, 2
11, 4, 3
11, 4, 6
11, 4, 8
11, 4, 138
11, 4, 149
11, 4, 222
11, 4, 363
11, 4, 995
11, 4, 1218
11, 4, 2072
11, 4, 2559
11, 5, 3
11, 5, 17
11, 5, 23
11, 5, 79
11, 5, 273
11, 5, 2185
11, 6, 2
11, 6, 8
11, 6, 18
11, 6, 56
11, 6, 66
11, 7, 2
11, 7, 3
11, 7, 4
11, 7, 5
11, 7, 25
11, 7, 46
11, 7, 65
11, 7, 421
11, 7, 733
11, 7, 1120
11, 7, 1335
11, 7, 1353
11, 7, 2361
11, 7, 2576
11, 8, 1
11, 8, 4
11, 8, 9
11, 8, 40
11, 8, 118
11, 8, 126
11, 8, 319
11, 8, 2608
12, 1, 1
12, 1, 2
12, 1, 21
12, 1, 25
12, 1, 33
12, 1, 54
12, 1, 78
12, 1, 235
12, 1, 1566
12, 1, 2273
12, 1, 2310
12, 2, 3
12, 2, 4
12, 2, 35
12, 2, 119
12, 2, 476
12, 2, 507
12, 3, 2
12, 3, 6
12, 3, 11
12, 3, 66
12, 3, 196
12, 3, 478
12, 3, 2968
12, 4, 1
12, 4, 2
12, 4, 8
12, 4, 9
12, 4, 17
12, 4, 26
12, 4, 62
12, 4, 86
12, 4, 152
12, 4, 365
12, 4, 2540
12, 5, 5
12, 5, 6
12, 5, 18
12, 5, 33
12, 5, 63
12, 6, 1
12, 6, 4
12, 6, 15
12, 6, 157
12, 6, 432
12, 7, 2
12, 7, 6
12, 7, 16
12, 7, 17
12, 7, 18
12, 7, 34
12, 7, 44
12, 7, 64
12, 7, 76
12, 7, 128
12, 7, 166
12, 7, 186
12, 7, 462
12, 7, 632
12, 7, 902
12, 7, 1722
12, 8, 2
12, 8, 3
12, 8, 4
12, 8, 27
12, 8, 40
12, 8, 183
12, 8, 2383
13, 1, 2
13, 1, 7
13, 1, 11
13, 1, 36
13, 1, 164
13, 1, 216
13, 1, 302
13, 1, 311
13, 1, 455
13, 1, 738
13, 1, 1107
13, 1, 2244
13, 2, 1
13, 2, 2
13, 2, 4
13, 2, 21
13, 2, 34
13, 2, 48
13, 2, 53
13, 2, 160
13, 2, 198
13, 2, 417
13, 2, 773
13, 2, 1220
13, 3, 1
13, 3, 3
13, 3, 4
13, 3, 9
13, 3, 11
13, 3, 17
13, 3, 19
13, 3, 21
13, 3, 24
13, 3, 84
13, 3, 93
13, 3, 564
13, 3, 817
13, 3, 864
13, 3, 961
13, 3, 1009
13, 3, 1200
13, 5, 2
13, 5, 4
13, 5, 5
13, 5, 6
13, 5, 13
13, 5, 24
13, 5, 64
13, 5, 133
13, 5, 268
13, 5, 744
13, 5, 952
13, 5, 1261
13, 6, 2
13, 6, 4
13, 6, 10
13, 6, 39
13, 6, 43
13, 6, 80
13, 6, 928
13, 6, 1944
13, 7, 4
13, 7, 11
13, 7, 17
13, 7, 33
13, 7, 53
13, 7, 72
13, 7, 384
13, 7, 832
13, 7, 2821
14, 1, 1
14, 1, 3
14, 1, 5
14, 1, 27
14, 1, 35
14, 1, 165
14, 1, 209
14, 1, 2351
14, 2, 2
14, 2, 40
14, 2, 402
14, 2, 1070
14, 3, 2
14, 3, 8
14, 3, 172
14, 3, 357
14, 3, 918
14, 3, 1025
14, 3, 1373
14, 3, 2812
14, 4, 1
14, 4, 3
14, 4, 24
14, 4, 29
14, 4, 44
14, 4, 48
14, 4, 1350
14, 4, 1520
14, 5, 3
14, 5, 5
14, 5, 7
14, 5, 13
14, 5, 15
14, 5, 21
14, 5, 59
14, 5, 63
14, 5, 69
14, 5, 205
14, 5, 2319
14, 5, 2385
14, 6, 16
14, 6, 910
14, 6, 1106
14, 6, 2080
14, 7, 2
14, 7, 3
14, 7, 10
14, 7, 13
14, 7, 28
14, 7, 31
14, 7, 66
14, 7, 68
14, 7, 98
14, 7, 185
14, 7, 260
14, 7, 680
14, 7, 903
14, 7, 1481
14, 7, 2063
14, 8, 1
14, 8, 2
14, 8, 4
14, 8, 9
14, 8, 12
14, 8, 39
14, 8, 43
14, 8, 112
14, 8, 193
14, 8, 625
15, 1, 14
15, 1, 33
15, 1, 43
15, 2, 1
15, 2, 3
15, 2, 4
15, 2, 9
15, 2, 11
15, 2, 14
15, 2, 23
15, 2, 122
15, 2, 141
15, 2, 591
15, 2, 2115
15, 2, 2398
15, 2, 2783
15, 3, 1
15, 3, 9
15, 3, 15
15, 3, 57
15, 3, 79
15, 3, 221
15, 3, 1105
15, 3, 2265
15, 4, 1
15, 4, 3
15, 4, 5
15, 4, 21
15, 4, 35
15, 4, 101
15, 4, 860
15, 4, 2691
15, 5, 2
15, 5, 3
15, 5, 28
15, 5, 78
15, 5, 556
15, 5, 630
15, 5, 1121
15, 5, 1465
15, 6, 1
15, 6, 2
15, 6, 3
15, 6, 9
15, 6, 16
15, 6, 68
15, 6, 696
15, 6, 1411
15, 6, 2988
15, 7, 3
15, 7, 5
15, 7, 59
15, 7, 65
15, 7, 221
15, 7, 1771
15, 8, 1
15, 8, 2
15, 8, 3
15, 8, 6
15, 8, 7
15, 8, 9
15, 8, 13
15, 8, 19
15, 8, 25
15, 8, 36
15, 8, 126
15, 8, 153
15, 8, 1899
16, 1, 1
16, 1, 20
16, 1, 29
16, 1, 43
16, 1, 56
16, 1, 251
16, 2, 1
16, 2, 3
16, 2, 11
16, 2, 12
16, 2, 28
16, 2, 42
16, 2, 225
16, 2, 702
16, 2, 782
16, 2, 972
16, 2, 1701
16, 2, 1848
16, 3, 1
16, 3, 4
16, 3, 5
16, 3, 9
16, 3, 15
16, 3, 24
16, 3, 31
16, 3, 63
16, 3, 89
16, 3, 115
16, 3, 153
16, 3, 166
16, 3, 243
16, 3, 297
16, 3, 328
16, 3, 1072
16, 3, 1320
16, 3, 2275
16, 5, 2
16, 5, 4
16, 5, 19
16, 5, 25
16, 5, 49
16, 5, 155
16, 5, 2206
16, 6, 1
16, 6, 2
16, 6, 3
16, 6, 4
16, 6, 8
16, 6, 10
16, 6, 18
16, 6, 19
16, 6, 45
16, 6, 82
16, 6, 127
16, 6, 202
16, 6, 693
16, 6, 985
16, 6, 1210
16, 6, 2888
16, 7, 2
16, 7, 3
16, 7, 4
16, 7, 5
16, 7, 6
16, 7, 8
16, 7, 9
16, 7, 11
16, 7, 24
16, 7, 26
16, 7, 38
16, 7, 84
16, 7, 111
16, 7, 117
16, 7, 122
16, 7, 166
16, 7, 202
16, 7, 212
16, 7, 908
16, 7, 1476
16, 7, 1587
16, 7, 2157
16, 7, 2306
16, 7, 2479
16, 7, 3284
17, 1, 1
17, 1, 3
17, 1, 71
17, 1, 139
17, 1, 265
17, 1, 793
17, 1, 1729
17, 2, 4
17, 2, 20
17, 2, 320
17, 2, 736
17, 2, 2388
17, 3, 4
17, 3, 6
17, 3, 15
17, 3, 18
17, 3, 23
17, 3, 83
17, 3, 359
17, 3, 420
17, 3, 711
17, 3, 723
17, 3, 864
17, 3, 1103
17, 3, 2166
17, 4, 1
17, 4, 6
17, 4, 204
17, 4, 2850
17, 5, 11
17, 5, 21
17, 5, 127
17, 5, 149
17, 5, 469
17, 5, 2019
17, 6, 4
17, 6, 8
17, 6, 12
17, 6, 96
17, 6, 240
17, 6, 512
17, 6, 768
17, 7, 2
17, 7, 5
17, 7, 6
17, 7, 9
17, 7, 12
17, 7, 17
17, 7, 49
17, 7, 168
17, 7, 234
17, 8, 2
17, 8, 3
17, 8, 6
17, 8, 24
17, 8, 30
17, 8, 64
17, 8, 114
17, 8, 123
17, 8, 442
18, 1, 2
18, 1, 6
18, 1, 26
18, 1, 79
18, 1, 91
18, 1, 96
18, 1, 416
18, 1, 554
18, 1, 1910
18, 2, 1
18, 2, 6
18, 2, 9
18, 2, 12
18, 2, 22
18, 2, 30
18, 2, 102
18, 2, 154
18, 2, 600
18, 3, 3
18, 3, 4
18, 3, 5
18, 3, 7
18, 3, 476
18, 3, 572
18, 3, 684
18, 3, 865
18, 3, 1240
18, 3, 1945
18, 4, 9
18, 4, 1529
18, 4, 2477
18, 5, 2
18, 5, 4
18, 5, 5
18, 5, 6
18, 5, 12
18, 5, 13
18, 5, 16
18, 5, 41
18, 5, 213
18, 5, 232
18, 5, 258
18, 5, 905
18, 5, 928
18, 6, 3
18, 6, 6
18, 6, 48
18, 6, 66
18, 6, 68
18, 6, 96
18, 6, 116
18, 7, 3
18, 7, 13
18, 7, 15
18, 7, 25
18, 7, 68
18, 7, 73
18, 7, 147
18, 7, 216
18, 7, 456
18, 7, 2427
18, 8, 1
18, 8, 3
18, 8, 9
18, 8, 97
18, 8, 162
18, 8, 438
18, 8, 615
18, 8, 645
18, 8, 762
18, 8, 1465
18, 8, 1795
18, 8, 1803
19, 1, 6
19, 1, 9
19, 1, 20
19, 1, 43
19, 1, 174
19, 1, 273
19, 1, 428
19, 1, 1388
19, 2, 29
19, 2, 32
19, 2, 59
19, 2, 65
19, 2, 303
19, 2, 1697
19, 3, 1
19, 3, 2
19, 3, 503
19, 3, 806
19, 3, 1182
19, 5, 3
19, 5, 4
19, 5, 5
19, 5, 7
19, 5, 10
19, 5, 12
19, 5, 22
19, 5, 52
19, 5, 65
19, 5, 125
19, 5, 197
19, 5, 267
19, 5, 335
19, 5, 348
19, 5, 412
19, 5, 1666
19, 5, 1705
19, 6, 1
19, 6, 2
19, 6, 19
19, 6, 193
19, 6, 237
19, 6, 1216
19, 6, 1422
19, 7, 5
19, 7, 25
19, 7, 179
19, 7, 238
19, 7, 330
19, 7, 1120
19, 7, 1566
20, 1, 1
20, 1, 219
20, 1, 223
20, 2, 14
20, 2, 18
20, 2, 20
20, 2, 38
20, 2, 108
20, 2, 150
20, 2, 640
20, 3, 1
20, 3, 10
20, 3, 26
20, 3, 30
20, 3, 33
20, 3, 73
20, 3, 80
20, 3, 120
20, 3, 282
20, 3, 331
20, 3, 662
20, 3, 859
20, 3, 2976
20, 3, 3106
20, 4, 1
20, 4, 6
20, 4, 191
20, 4, 468
20, 4, 644
20, 4, 1583
20, 5, 17
20, 6, 2
20, 6, 4
20, 6, 32
20, 6, 772
20, 7, 2
20, 7, 4
20, 7, 5
20, 7, 6
20, 7, 22
20, 7, 41
20, 7, 63
20, 7, 184
20, 7, 938
20, 7, 949
20, 7, 1266
20, 7, 1339
20, 8, 1
20, 8, 2
20, 8, 19
20, 8, 64
20, 8, 112
20, 8, 366
20, 8, 526
21, 1, 1
21, 1, 2
21, 1, 7
21, 1, 24
21, 1, 31
21, 1, 60
21, 1, 230
21, 1, 307
21, 1, 750
21, 1, 1131
21, 1, 1665
21, 1, 1827
21, 2, 1
21, 2, 2
21, 2, 3
21, 2, 4
21, 2, 12
21, 2, 17
21, 2, 38
21, 2, 54
21, 2, 56
21, 2, 123
21, 2, 165
21, 2, 876
21, 2, 1110
21, 2, 1178
21, 2, 2465
21, 3, 1
21, 3, 8
21, 3, 13
21, 3, 26
21, 3, 355
21, 3, 985
21, 3, 1347
21, 3, 1918
21, 3, 1968
21, 3, 2802
21, 4, 1
21, 4, 5
21, 4, 26
21, 4, 206
21, 4, 350
21, 4, 1547
21, 4, 1853
21, 5, 2
21, 5, 3
21, 5, 5
21, 5, 9
21, 5, 12
21, 5, 35
21, 5, 57
21, 5, 78
21, 5, 124
21, 5, 328
21, 5, 490
21, 5, 645
21, 5, 676
21, 5, 1786
21, 6, 1
21, 6, 2
21, 6, 3
21, 6, 230
21, 6, 388
21, 6, 630
21, 6, 864
21, 6, 1216
21, 6, 2812
21, 7, 2
21, 7, 3
21, 7, 5
21, 7, 7
21, 7, 15
21, 7, 34
21, 7, 2580
21, 7, 2589
21, 8, 1
21, 8, 2
21, 8, 3
21, 8, 7
21, 8, 10
21, 8, 16
21, 8, 24
21, 8, 48
21, 8, 61
21, 8, 79
21, 8, 87
21, 8, 186
21, 8, 207
21, 8, 1861
21, 8, 1882
21, 8, 2082
22, 1, 1
22, 1, 2
22, 1, 5
22, 1, 19
22, 1, 141
22, 1, 302
22, 1, 337
22, 2, 1
22, 2, 9
22, 2, 53
22, 2, 261
22, 2, 1491
22, 2, 2120
22, 2, 2592
22, 3, 2
22, 3, 18
22, 3, 252
22, 3, 1303
22, 3, 2475
22, 5, 2
22, 5, 3
22, 5, 35
22, 5, 42
22, 5, 47
22, 5, 65
22, 5, 71
22, 5, 99
22, 5, 273
22, 5, 354
22, 5, 837
22, 6, 1
22, 6, 7
22, 6, 19
22, 6, 56
22, 6, 220
22, 6, 657
22, 6, 1248
22, 6, 2589
22, 6, 2712
22, 6, 3217
22, 7, 2
22, 7, 9
22, 7, 10
22, 7, 16
22, 7, 22
22, 7, 56
22, 7, 125
22, 7, 421
22, 7, 1205
23, 1, 55
23, 1, 103
23, 1, 115
23, 1, 131
23, 1, 535
23, 1, 1183
23, 2, 14
23, 2, 62
23, 2, 84
23, 3, 7
23, 3, 35
23, 3, 79
23, 3, 117
23, 3, 137
23, 3, 144
23, 3, 157
23, 3, 481
23, 3, 529
23, 3, 1300
23, 3, 1813
23, 4, 2
23, 4, 11
23, 4, 18
23, 4, 27
23, 4, 57
23, 4, 362
23, 4, 383
23, 4, 651
23, 5, 17
23, 5, 61
23, 5, 445
23, 6, 4
23, 6, 6
23, 6, 14
23, 6, 34
23, 6, 54
23, 6, 162
23, 6, 698
23, 6, 1390
23, 7, 3
23, 7, 4
23, 7, 11
23, 7, 16
23, 7, 451
23, 7, 2412
23, 7, 2941
23, 8, 1
23, 8, 9
23, 8, 10
23, 8, 31
23, 8, 33
23, 8, 123
23, 8, 537
23, 8, 571
23, 8, 1290
23, 8, 1914
24, 1, 12
24, 1, 18
24, 1, 63
24, 1, 153
24, 1, 221
24, 1, 1256
24, 2, 2
24, 2, 4
24, 2, 9
24, 2, 42
24, 2, 47
24, 2, 54
24, 2, 89
24, 2, 102
24, 2, 118
24, 2, 269
24, 2, 273
24, 2, 316
24, 2, 698
24, 2, 1872
24, 2, 2126
24, 3, 1
24, 3, 3
24, 3, 11
24, 3, 29
24, 3, 171
24, 3, 249
24, 3, 569
24, 3, 735
24, 3, 1019
24, 3, 2785
24, 4, 1
24, 4, 2
24, 4, 3
24, 4, 8
24, 4, 66
24, 4, 968
24, 5, 4
24, 5, 28
24, 5, 57
24, 5, 64
24, 5, 184
24, 5, 955
24, 5, 1045
24, 5, 1194
24, 5, 1404
24, 6, 1
24, 6, 2
24, 6, 10
24, 6, 12
24, 6, 30
24, 6, 31
24, 6, 566
24, 6, 584
24, 6, 914
24, 6, 1630
24, 7, 3
24, 7, 13
24, 7, 39
24, 7, 1023
24, 7, 2303
24, 7, 2337
24, 7, 2877
24, 8, 2
24, 8, 4
24, 8, 18
24, 8, 21
24, 8, 40
24, 8, 42
24, 8, 154
24, 8, 322
24, 8, 606
24, 8, 910
24, 8, 1710
24, 8, 2178
25, 1, 1
25, 1, 5
25, 1, 7
25, 1, 30
25, 1, 75
25, 1, 371
25, 1, 383
25, 1, 609
25, 1, 819
25, 1, 855
25, 2, 1
25, 2, 4
25, 2, 162
25, 2, 1359
25, 2, 2620
25, 3, 2
25, 3, 17
25, 3, 18
25, 3, 118
25, 3, 220
25, 3, 290
25, 3, 988
25, 3, 1544
25, 3, 3065
25, 5, 2
25, 5, 3
25, 5, 6
25, 5, 13
25, 5, 331
25, 5, 1860
25, 5, 2451
25, 6, 3
25, 6, 8
25, 6, 126
25, 6, 156
25, 6, 198
25, 6, 3243
25, 7, 2
25, 7, 10
25, 7, 18
25, 7, 31
25, 7, 33
25, 7, 36
25, 7, 51
25, 7, 62
25, 7, 73
25, 7, 81
26, 1, 133
26, 1, 205
26, 1, 215
26, 1, 1649
26, 2, 2
26, 2, 18
26, 2, 100
26, 2, 1178
26, 2, 1196
26, 3, 1
26, 3, 2
26, 3, 4
26, 3, 14
26, 3, 26
26, 3, 49
26, 3, 226
26, 4, 2
26, 4, 5
26, 4, 179
26, 4, 377
26, 4, 425
26, 4, 491
26, 4, 2108
26, 4, 2852
26, 5, 3
26, 5, 11
26, 5, 255
26, 5, 503
26, 5, 735
26, 5, 2131
26, 6, 2
26, 6, 4
26, 6, 10
26, 6, 12
26, 6, 44
26, 6, 358
26, 6, 2838
26, 7, 4
26, 7, 20
26, 7, 41
26, 7, 46
26, 7, 50
26, 7, 86
26, 7, 166
26, 7, 376
26, 7, 496
26, 7, 571
26, 7, 646
26, 7, 895
26, 7, 1145
26, 8, 1
26, 8, 4
26, 8, 10
26, 8, 16
26, 8, 64
26, 8, 70
26, 8, 103
26, 8, 250
26, 8, 310
26, 8, 358
26, 8, 760
26, 8, 1210
26, 8, 3196
27, 1, 1
27, 1, 3
27, 1, 5
27, 1, 13
27, 1, 15
27, 1, 31
27, 1, 55
27, 1, 151
27, 1, 259
27, 1, 479
27, 1, 734
27, 1, 1775
27, 1, 2078
27, 2, 4
27, 2, 5
27, 2, 167
27, 2, 408
27, 2, 416
27, 2, 701
27, 2, 707
27, 2, 1811
27, 2, 3268
27, 3, 2
27, 3, 4
27, 3, 6
27, 3, 8
27, 3, 46
27, 3, 56
27, 3, 79
27, 3, 571
27, 3, 1904
27, 3, 2690
27, 4, 1
27, 4, 5
27, 4, 6
27, 4, 165
27, 4, 825
27, 5, 9
27, 5, 10
27, 5, 19
27, 5, 39
27, 5, 85
27, 5, 217
27, 5, 291
27, 6, 1
27, 6, 3
27, 6, 8
27, 6, 21
27, 6, 100
27, 6, 244
27, 6, 333
27, 6, 440
27, 6, 556
27, 6, 703
27, 7, 2
27, 7, 5
27, 7, 8
27, 7, 9
27, 7, 21
27, 7, 32
27, 7, 44
27, 7, 124
27, 7, 144
27, 7, 246
27, 7, 566
27, 7, 965
27, 7, 1272
27, 7, 2196
27, 7, 2222
27, 8, 2
27, 8, 18
27, 8, 22
27, 8, 43
27, 8, 67
27, 8, 70
27, 8, 75
27, 8, 108
27, 8, 843
27, 8, 3054
28, 1, 20
28, 1, 1091
28, 2, 1
28, 2, 2
28, 2, 136
28, 2, 154
28, 2, 524
28, 2, 1234
28, 2, 2150
28, 2, 2368
28, 3, 1
28, 3, 72
28, 3, 153
28, 3, 1131
28, 3, 1175
28, 3, 2175
28, 3, 3215
28, 5, 2
28, 5, 10
28, 5, 25
28, 5, 508
28, 5, 712
28, 6, 2
28, 6, 4
28, 6, 166
28, 6, 338
28, 6, 1279
28, 7, 5
28, 7, 8
28, 7, 9
28, 7, 19
28, 7, 141
28, 7, 209
28, 7, 324
28, 7, 1407
28, 7, 2047
29, 1, 1
29, 1, 7
29, 1, 11
29, 1, 57
29, 1, 69
29, 1, 235
29, 2, 2
29, 2, 4
29, 2, 6
29, 2, 44
29, 2, 334
29, 3, 2
29, 3, 4
29, 3, 13
29, 3, 17
29, 3, 27
29, 3, 189
29, 3, 200
29, 3, 340
29, 3, 449
29, 3, 1024
29, 3, 1910
29, 4, 5
29, 4, 41
29, 4, 42
29, 4, 44
29, 4, 125
29, 4, 2013
29, 5, 33
29, 5, 89
29, 5, 101
29, 5, 2439
29, 6, 10
29, 6, 24
29, 6, 664
29, 6, 980
29, 6, 1854
29, 7, 2
29, 7, 3
29, 7, 13
29, 7, 14
29, 7, 16
29, 7, 18
29, 7, 97
29, 7, 198
29, 7, 218
29, 7, 281
29, 7, 716
29, 7, 3062
29, 8, 1
29, 8, 3
29, 8, 6
29, 8, 7
29, 8, 19
29, 8, 21
29, 8, 45
29, 8, 58
29, 8, 258
29, 8, 342
29, 8, 616
29, 8, 873
29, 8, 2239
29, 8, 2395
29, 8, 2569
30, 1, 2
30, 1, 83
30, 1, 566
30, 1, 938
30, 1, 1934
30, 1, 2323
30, 1, 3032
30, 2, 4
30, 2, 5
30, 2, 9
30, 2, 18
30, 2, 71
30, 2, 124
30, 2, 165
30, 2, 172
30, 2, 888
30, 2, 2218
30, 3, 1
30, 3, 5
30, 3, 11
30, 3, 15
30, 3, 21
30, 3, 22
30, 3, 129
30, 3, 153
30, 3, 217
30, 3, 411
30, 3, 855
30, 3, 2820
30, 3, 2900
30, 4, 2
30, 4, 36
30, 4, 282
30, 4, 425
30, 4, 918
30, 4, 2226
30, 4, 2274
30, 5, 7
30, 5, 13
30, 5, 31
30, 5, 40
30, 5, 46
30, 5, 1024
30, 5, 1684
30, 5, 3247
30, 6, 1
30, 6, 2
30, 6, 7
30, 6, 12
30, 6, 15
30, 6, 16
30, 6, 22
30, 6, 30
30, 6, 39
30, 6, 60
30, 6, 76
30, 6, 169
30, 6, 262
30, 6, 327
30, 6, 591
30, 6, 1086
30, 6, 1155
30, 7, 5
30, 7, 7
30, 7, 11
30, 7, 14
30, 7, 33
30, 7, 66
30, 7, 73
30, 7, 109
30, 7, 126
30, 7, 168
30, 7, 853
30, 7, 1800
30, 7, 2613
30, 8, 1
30, 8, 3
30, 8, 6
30, 8, 12
30, 8, 15
31, 1, 1
31, 1, 5
31, 1, 27
31, 1, 41
31, 1, 48
31, 1, 177
31, 1, 398
31, 1, 536
31, 1, 608
31, 1, 618
31, 2, 5
31, 2, 18
31, 2, 93
31, 2, 269
31, 2, 488
31, 2, 1514
31, 3, 1
31, 3, 4
31, 3, 9
31, 3, 11
31, 3, 22
31, 3, 34
31, 3, 59
31, 3, 89
31, 3, 117
31, 3, 127
31, 3, 172
31, 3, 223
31, 3, 1056
31, 5, 3
31, 5, 5
31, 5, 29
31, 5, 103
31, 5, 106
31, 5, 174
31, 5, 615
31, 5, 954
31, 5, 1378
31, 6, 1
31, 6, 2
31, 6, 4
31, 6, 6
31, 6, 10
31, 6, 30
31, 6, 1230
31, 7, 2
31, 7, 3
31, 7, 21
31, 7, 23
31, 7, 37
31, 7, 78
31, 7, 79
31, 7, 219
31, 7, 429
31, 7, 1183
31, 7, 1333
31, 7, 1807
32, 1, 1
32, 1, 7
32, 1, 23
32, 1, 41
32, 1, 47
32, 1, 693
32, 2, 12
32, 2, 28
32, 3, 2
32, 3, 7
32, 3, 38
32, 3, 66
32, 3, 72
32, 3, 163
32, 3, 371
32, 3, 1095
32, 3, 1942
32, 4, 5
32, 4, 105
32, 4, 284
32, 4, 326
32, 5, 7
32, 5, 31
32, 5, 51
32, 5, 99
32, 5, 547
32, 5, 2275
32, 6, 108
32, 7, 2
32, 7, 18
32, 7, 38
32, 7, 57
32, 7, 88
32, 7, 145
32, 7, 301
32, 7, 2429
32, 8, 3
32, 8, 4
32, 8, 6
32, 8, 12
32, 8, 15
32, 8, 27
32, 8, 42
32, 8, 82
32, 8, 1431
32, 8, 1747
33, 1, 2
33, 1, 3
33, 1, 146
33, 1, 1543
33, 1, 1592
33, 1, 2247
33, 1, 3087
33, 2, 2
33, 2, 4
33, 2, 6
33, 2, 9
33, 2, 29
33, 2, 292
33, 2, 377
33, 2, 444
33, 2, 581
33, 2, 2262
33, 3, 4
33, 3, 13
33, 3, 48
33, 3, 216
33, 3, 859
33, 3, 1036
33, 3, 1968
33, 4, 1
33, 4, 629
33, 4, 699
33, 4, 1571
33, 4, 1683
33, 5, 4
33, 5, 12
33, 5, 52
33, 5, 108
33, 5, 198
33, 5, 201
33, 5, 249
33, 5, 262
33, 5, 777
33, 5, 2556
33, 6, 3
33, 6, 4
33, 6, 16
33, 6, 68
33, 6, 112
33, 6, 126
33, 6, 882
33, 7, 7
33, 7, 205
33, 7, 700
33, 7, 1252
33, 7, 1936
33, 7, 2760
33, 7, 3031
33, 8, 1
33, 8, 2
33, 8, 10
33, 8, 19
33, 8, 82
33, 8, 189
34, 1, 15
34, 1, 25
34, 1, 99
34, 1, 188
34, 2, 1
34, 2, 2
34, 2, 4
34, 2, 9
34, 2, 32
34, 2, 33
34, 2, 50
34, 2, 56
34, 2, 168
34, 2, 315
34, 2, 1592
34, 3, 2
34, 3, 3
34, 3, 4
34, 3, 5
34, 3, 24
34, 3, 59
34, 3, 64
34, 3, 91
34, 3, 171
34, 3, 731
34, 3, 784
34, 3, 1084
34, 3, 2642
34, 5, 2
34, 5, 10
34, 5, 12
34, 5, 18
34, 5, 60
34, 5, 220
34, 5, 225
34, 5, 253
34, 5, 407
34, 5, 427
34, 5, 1174
34, 6, 1
34, 6, 6
34, 6, 27
34, 6, 108
34, 6, 345
34, 6, 351
34, 6, 798
34, 7, 5
34, 7, 16
34, 7, 29
34, 7, 40
34, 7, 68
34, 7, 96
34, 7, 127
34, 7, 336
34, 7, 456
34, 7, 2780
35, 1, 3
35, 1, 5
35, 1, 7
35, 1, 13
35, 1, 31
35, 1, 69
35, 1, 341
35, 1, 437
35, 1, 485
35, 2, 2
35, 3, 1
35, 3, 19
35, 3, 23
35, 3, 45
35, 3, 103
35, 3, 113
35, 3, 1749
35, 4, 2
35, 4, 3
35, 4, 6
35, 4, 8
35, 4, 29
35, 4, 185
35, 4, 492
35, 4, 2028
35, 5, 3
35, 5, 5
35, 5, 21
35, 5, 37
35, 5, 109
35, 5, 117
35, 5, 513
35, 5, 873
35, 6, 2
35, 6, 70
35, 6, 94
35, 7, 3
35, 7, 135
35, 7, 141
35, 7, 359
35, 7, 679
35, 7, 1365
35, 8, 1
35, 8, 15
35, 8, 24
35, 8, 66
35, 8, 1621
35, 8, 1848
36, 1, 1
36, 1, 9
36, 1, 11
36, 1, 15
36, 1, 27
36, 1, 145
36, 1, 417
36, 1, 762
36, 1, 2693
36, 2, 2
36, 2, 9
36, 2, 11
36, 2, 21
36, 2, 50
36, 2, 96
36, 2, 137
36, 2, 210
36, 2, 345
36, 2, 1282
36, 3, 2
36, 3, 5
36, 3, 7
36, 3, 9
36, 3, 13
36, 3, 23
36, 3, 35
36, 3, 110
36, 3, 137
36, 3, 345
36, 3, 712
36, 3, 927
36, 3, 2779
36, 4, 3
36, 4, 8
36, 4, 1163
36, 5, 5
36, 5, 6
36, 5, 11
36, 5, 18
36, 5, 143
36, 5, 1373
36, 5, 2404
36, 6, 1
36, 6, 3
36, 6, 6
36, 6, 13
36, 6, 38
36, 6, 103
36, 6, 218
36, 6, 273
36, 6, 289
36, 6, 933
36, 7, 2
36, 7, 3
36, 7, 5
36, 7, 7
36, 7, 32
36, 7, 35
36, 7, 88
36, 7, 137
36, 7, 147
36, 8, 1
36, 8, 4
36, 8, 10
36, 8, 24
36, 8, 64
36, 8, 1005
36, 8, 1522
36, 8, 1918
36, 8, 2217
37, 1, 7
37, 1, 325
37, 1, 439
37, 2, 9
37, 2, 16
37, 2, 36
37, 2, 72
37, 2, 299
37, 2, 532
37, 2, 681
37, 3, 2
37, 3, 22
37, 3, 92
37, 3, 172
37, 3, 712
37, 3, 2054
37, 3, 2602
37, 5, 67
37, 5, 95
37, 5, 341
37, 5, 577
37, 5, 2651
37, 6, 1
37, 6, 7
37, 6, 44
37, 6, 57
37, 6, 2623
37, 6, 2808
37, 6, 3091
37, 7, 9
37, 7, 16
37, 7, 850
37, 7, 1576
38, 2, 16
38, 2, 32
38, 2, 72
38, 3, 1
38, 3, 3
38, 3, 4
38, 3, 12
38, 3, 16
38, 3, 157
38, 3, 361
38, 3, 419
38, 3, 427
38, 3, 523
38, 3, 647
38, 4, 1
38, 4, 21
38, 4, 63
38, 4, 87
38, 4, 122
38, 4, 206
38, 5, 5
38, 5, 429
38, 6, 2
38, 6, 16
38, 6, 102
38, 6, 500
38, 6, 1568
38, 6, 2904
38, 7, 3
38, 7, 11
38, 7, 32
38, 7, 81
38, 7, 531
38, 7, 944
38, 8, 2
38, 8, 9
38, 8, 10
38, 8, 2574
38, 8, 2829
39, 1, 1
39, 1, 3
39, 1, 5
39, 1, 8
39, 1, 90
39, 1, 272
39, 1, 290
39, 1, 767
39, 1, 2775
39, 2, 1
39, 2, 4
39, 2, 45
39, 2, 2877
39, 3, 1
39, 3, 3
39, 3, 4
39, 3, 6
39, 3, 69
39, 3, 101
39, 3, 139
39, 3, 163
39, 3, 188
39, 3, 432
39, 3, 473
39, 3, 512
39, 3, 606
39, 3, 1238
39, 3, 2420
39, 3, 2852
39, 4, 3
39, 4, 9
39, 4, 44
39, 4, 89
39, 4, 356
39, 4, 1208
39, 4, 1719
39, 4, 2915
39, 5, 2
39, 5, 3
39, 5, 4
39, 5, 7
39, 5, 10
39, 5, 31
39, 5, 33
39, 5, 95
39, 5, 431
39, 5, 640
39, 5, 757
39, 5, 1187
39, 5, 1197
39, 6, 2
39, 6, 3
39, 6, 105
39, 6, 1287
39, 7, 2
39, 7, 4
39, 7, 7
39, 7, 8
39, 7, 16
39, 7, 86
39, 7, 87
39, 7, 280
39, 7, 519
39, 8, 1
39, 8, 3
39, 8, 7
39, 8, 13
39, 8, 81
39, 8, 84
39, 8, 454
39, 8, 2376
40, 1, 1
40, 1, 19
40, 1, 218
40, 1, 767
40, 1, 2607
40, 2, 2
40, 2, 4
40, 2, 11
40, 2, 17
40, 2, 60
40, 2, 69
40, 2, 96
40, 2, 159
40, 2, 310
40, 2, 330
40, 2, 994
40, 2, 1103
40, 3, 2
40, 3, 4
40, 3, 10
40, 3, 88
40, 3, 134
40, 3, 644
40, 3, 712
40, 5, 9
40, 5, 10
40, 5, 15
40, 5, 22
40, 5, 49
40, 5, 60
40, 5, 153
40, 5, 269
40, 5, 274
40, 5, 663
40, 5, 883
40, 5, 975
40, 5, 1294
40, 5, 2656
40, 6, 1
40, 6, 4
40, 6, 10
40, 6, 13
40, 6, 64
40, 6, 136
40, 6, 224
40, 6, 260
40, 7, 2
40, 7, 4
40, 7, 10
40, 7, 72
40, 7, 86
41, 1, 7
41, 1, 295
41, 1, 1573
41, 2, 80
41, 2, 120
41, 2, 170
41, 3, 1
41, 3, 5
41, 3, 7
41, 3, 49
41, 3, 100
41, 3, 134
41, 3, 167
41, 3, 542
41, 3, 1877
41, 3, 2104
41, 3, 2329
41, 4, 1
41, 4, 6
41, 4, 11
41, 4, 39
41, 4, 636
41, 4, 1637
41, 5, 3
41, 5, 5
41, 5, 55
41, 5, 161
41, 5, 197
41, 5, 1697
41, 6, 2
41, 6, 96
41, 6, 132
41, 6, 506
41, 7, 3
41, 7, 6
41, 7, 7
41, 7, 9
41, 7, 21
41, 7, 23
41, 7, 27
41, 7, 63
41, 7, 109
41, 7, 121
41, 7, 134
41, 7, 221
41, 7, 261
41, 7, 639
41, 7, 871
41, 7, 1605
41, 7, 2781
41, 7, 3217
41, 8, 1
41, 8, 2
41, 8, 3
41, 8, 73
41, 8, 138
41, 8, 669
42, 1, 1
42, 1, 3
42, 1, 6
42, 1, 9
42, 1, 11
42, 1, 47
42, 1, 61
42, 1, 105
42, 1, 263
42, 1, 517
42, 2, 1
42, 2, 4
42, 2, 5
42, 2, 15
42, 2, 20
42, 2, 39
42, 2, 3041
42, 2, 3204
42, 3, 8
42, 3, 14
42, 3, 26
42, 3, 72
42, 3, 80
42, 3, 160
42, 3, 455
42, 3, 484
42, 4, 2
42, 4, 17
42, 4, 114
42, 4, 501
42, 5, 2
42, 5, 3
42, 5, 11
42, 5, 15
42, 5, 31
42, 5, 57
42, 5, 339
42, 5, 345
42, 5, 517
42, 5, 1917
42, 5, 2553
42, 6, 1
42, 6, 16
42, 6, 19
42, 6, 96
42, 6, 177
42, 6, 235
42, 6, 2455
42, 7, 2
42, 7, 4
42, 7, 12
42, 7, 40
42, 7, 60
42, 7, 192
42, 7, 226
42, 7, 392
42, 7, 696
42, 7, 712
42, 7, 1042
42, 7, 1393
42, 8, 3
42, 8, 7
42, 8, 159
42, 8, 468
42, 8, 651
42, 8, 2838
43, 1, 7
43, 1, 39
43, 1, 71
43, 1, 639
43, 2, 2
43, 2, 9
43, 2, 14
43, 2, 40
43, 2, 81
43, 2, 156
43, 2, 221
43, 2, 252
43, 2, 569
43, 3, 3
43, 3, 4
43, 3, 24
43, 3, 67
43, 5, 4
43, 5, 6
43, 5, 42
43, 5, 64
43, 5, 65
43, 5, 1017
43, 6, 3
43, 6, 4
43, 6, 20
43, 6, 87
43, 6, 180
43, 6, 342
43, 6, 1963
43, 7, 31
43, 7, 32
43, 7, 87
43, 7, 229
43, 7, 1837
43, 7, 2271
44, 1, 7
44, 1, 17
44, 1, 43
44, 1, 731
44, 1, 1751
44, 2, 4
44, 2, 108
44, 2, 174
44, 2, 272
44, 2, 1098
44, 2, 2260
44, 3, 1
44, 3, 2
44, 3, 16
44, 3, 40
44, 3, 108
44, 3, 119
44, 3, 295
44, 3, 468
44, 3, 986
44, 3, 1803
44, 3, 2043
44, 4, 2
44, 4, 3
44, 4, 24
44, 4, 26
44, 4, 32
44, 4, 134
44, 5, 25
44, 5, 91
44, 5, 1385
44, 6, 2
44, 6, 4
44, 6, 92
44, 6, 234
44, 7, 4
44, 7, 5
44, 7, 49
44, 7, 50
44, 7, 113
44, 7, 267
44, 7, 447
44, 7, 1206
44, 8, 1
44, 8, 3
44, 8, 4
44, 8, 12
44, 8, 18
44, 8, 28
44, 8, 79
44, 8, 91
44, 8, 193
44, 8, 895
44, 8, 1048
45, 1, 1
45, 1, 13
45, 1, 72
45, 1, 83
45, 1, 132
45, 1, 144
45, 1, 1473
45, 1, 1901
45, 2, 2
45, 2, 5
45, 2, 15
45, 2, 17
45, 2, 28
45, 2, 84
45, 2, 390
45, 2, 778
45, 2, 1536
45, 3, 1
45, 3, 6
45, 3, 40
45, 3, 49
45, 3, 58
45, 3, 78
45, 3, 366
45, 3, 1009
45, 3, 2091
45, 3, 3009
45, 4, 2
45, 4, 15
45, 4, 21
45, 4, 39
45, 4, 183
45, 4, 255
45, 4, 849
45, 4, 1604
45, 4, 1983
45, 5, 3
45, 5, 4
45, 5, 6
45, 5, 12
45, 5, 18
45, 5, 64
45, 5, 424
45, 5, 1663
45, 6, 1
45, 6, 2
45, 6, 50
45, 6, 86
45, 6, 152
45, 6, 565
45, 6, 1172
45, 6, 1806
45, 7, 2
45, 7, 3
45, 7, 6
45, 7, 8
45, 7, 26
45, 7, 41
45, 7, 47
45, 7, 51
45, 7, 74
45, 7, 392
45, 7, 743
45, 7, 746
45, 7, 1872
45, 7, 2724
45, 7, 3209
45, 8, 6
45, 8, 10
45, 8, 210
45, 8, 294
45, 8, 1024
46, 1, 1
46, 1, 2
46, 1, 3
46, 1, 9
46, 1, 12
46, 1, 24
46, 1, 68
46, 1, 108
46, 1, 476
46, 1, 619
46, 1, 839
46, 1, 1561
46, 2, 3
46, 2, 18
46, 2, 27
46, 2, 28
46, 2, 66
46, 2, 129
46, 2, 189
46, 2, 399
46, 2, 550
46, 2, 714
46, 2, 2043
46, 3, 1
46, 3, 6
46, 3, 36
46, 3, 79
46, 3, 107
46, 3, 475
46, 3, 2065
46, 5, 4
46, 5, 5
46, 5, 9
46, 5, 15
46, 5, 72
46, 5, 168
46, 5, 216
46, 5, 222
46, 6, 2
46, 6, 3
46, 6, 8
46, 6, 12
46, 6, 81
46, 6, 320
46, 6, 878
46, 6, 1166
46, 6, 1640
46, 7, 2
46, 7, 7
46, 7, 29
46, 7, 71
46, 7, 145
46, 7, 459
46, 7, 504
47, 1, 1
47, 1, 9
47, 1, 15
47, 1, 45
47, 1, 211
47, 1, 1633
47, 1, 1933
47, 2, 16
47, 3, 2
47, 3, 4
47, 3, 12
47, 3, 19
47, 3, 3018
47, 4, 2
47, 4, 41
47, 4, 129
47, 5, 5
47, 5, 11
47, 5, 13
47, 5, 53
47, 5, 115
47, 5, 899
47, 5, 2287
47, 6, 20
47, 6, 904
47, 7, 2
47, 7, 10
47, 7, 12
47, 7, 16
47, 7, 18
47, 7, 205
47, 8, 4
47, 8, 16
47, 8, 67
47, 8, 70
47, 8, 543
48, 1, 2
48, 1, 3
48, 1, 14
48, 1, 48
48, 1, 215
48, 1, 324
48, 1, 518
48, 1, 2439
48, 2, 2
48, 2, 5
48, 2, 6
48, 2, 40
48, 2, 986
48, 2, 1246
48, 3, 1
48, 3, 5
48, 3, 11
48, 3, 35
48, 3, 39
48, 3, 1589
48, 4, 6
48, 4, 14
48, 4, 15
48, 4, 87
48, 4, 231
48, 4, 3125
48, 5, 5
48, 5, 37
48, 5, 162
48, 5, 281
48, 6, 2
48, 6, 86
48, 6, 182
48, 6, 224
48, 6, 279
48, 6, 1114
48, 6, 2356
48, 6, 3170
48, 7, 3
48, 7, 5
48, 7, 23
48, 7, 29
48, 7, 179
48, 7, 183
48, 7, 185
48, 7, 1941
48, 8, 1
48, 8, 3
48, 8, 6
48, 8, 19
48, 8, 66
48, 8, 73
48, 8, 106
48, 8, 199
48, 8, 246
49, 1, 1
49, 1, 5
49, 1, 18
49, 1, 21
49, 1, 35
49, 1, 84
49, 1, 121
49, 1, 189
49, 1, 2610
49, 2, 2
49, 2, 4
49, 2, 9
49, 2, 11
49, 2, 26
49, 2, 63
49, 2, 75
49, 2, 135
49, 2, 164
49, 2, 449
49, 2, 662
49, 2, 1376
49, 2, 1683
49, 3, 2
49, 3, 3
49, 3, 5
49, 3, 10
49, 3, 11
49, 3, 13
49, 3, 14
49, 3, 45
49, 3, 78
49, 3, 82
49, 3, 152
49, 3, 158
49, 3, 243
49, 3, 401
49, 3, 456
49, 3, 768
49, 3, 1763
49, 5, 24
49, 5, 36
49, 5, 1230
49, 5, 1665
49, 5, 1765
49, 5, 2957
49, 6, 1
49, 6, 7
49, 6, 9
49, 6, 24
49, 6, 26
49, 6, 42
49, 6, 139
49, 6, 656
49, 6, 878
49, 6, 1076
49, 6, 1212
49, 6, 1260
49, 6, 2934
49, 7, 2
49, 7, 7
49, 7, 9
49, 7, 13
49, 7, 35
49, 7, 46
49, 7, 64
49, 7, 130
49, 7, 378
49, 7, 402
49, 7, 455
49, 7, 601
49, 7, 866
49, 7, 1406
50, 1, 25
50, 1, 37
50, 1, 39
50, 1, 47
50, 1, 99
50, 1, 245
50, 1, 1589
50, 2, 2
50, 2, 30
50, 2, 412
50, 2, 628
50, 2, 1248
50, 3, 1
50, 3, 4
50, 3, 64
50, 3, 82
50, 3, 111
50, 3, 124
50, 3, 152
50, 3, 239
50, 3, 371
50, 3, 404
50, 3, 411
50, 4, 1
50, 4, 6
50, 4, 2987
50, 5, 3
50, 5, 7
50, 5, 11
50, 5, 23
50, 5, 105
50, 5, 159
50, 5, 175
50, 5, 221
50, 5, 317
50, 5, 577
50, 5, 1233
50, 5, 1523
50, 5, 1917
50, 5, 2097
50, 6, 2
50, 6, 6
50, 6, 8
50, 6, 30
50, 6, 54
50, 6, 116
50, 6, 192
50, 7, 4
50, 7, 5
50, 7, 8
50, 7, 9
50, 7, 10
50, 7, 15
50, 7, 27
50, 7, 65
50, 7, 108
50, 7, 117
50, 7, 207
50, 7, 345
50, 7, 787
50, 7, 840
50, 8, 1
50, 8, 2
50, 8, 13
51, 1, 1
51, 1, 31
51, 1, 170
51, 1, 557
51, 2, 1
51, 2, 2
51, 2, 10
51, 2, 41
51, 2, 125
51, 2, 137
51, 2, 2204
51, 3, 5
51, 3, 8
51, 3, 12
51, 3, 16
51, 3, 18
51, 3, 84
51, 3, 119
51, 3, 214
51, 3, 219
51, 3, 443
51, 3, 1333
51, 3, 2024
51, 4, 183
51, 4, 351
51, 4, 464
51, 4, 1175
51, 4, 1593
51, 4, 2084
51, 5, 2
51, 6, 1
51, 6, 3
51, 6, 6
51, 6, 10
51, 6, 19
51, 6, 26
51, 6, 40
51, 6, 86
51, 6, 114
51, 6, 136
51, 6, 424
51, 6, 733
51, 7, 2
51, 7, 30
51, 7, 395
51, 7, 1011
51, 7, 1161
51, 8, 1
51, 8, 9
51, 8, 10
51, 8, 45
51, 8, 142
51, 8, 457
51, 8, 840
51, 8, 2470
52, 1, 5
52, 1, 13
52, 1, 19
52, 1, 425
52, 1, 585
52, 1, 1833
52, 1, 2130
52, 2, 15
52, 2, 28
52, 2, 372
52, 2, 1000
52, 3, 3
52, 3, 7
52, 3, 46
52, 3, 52
52, 3, 90
52, 3, 359
52, 5, 3
52, 5, 6
52, 5, 15
52, 5, 25
52, 5, 41
52, 5, 106
52, 5, 318
52, 5, 431
52, 5, 655
52, 5, 2071
52, 6, 1
52, 6, 3
52, 6, 32
52, 6, 40
52, 6, 115
52, 6, 319
52, 6, 895
52, 6, 939
52, 6, 1368
52, 6, 2335
52, 7, 108
52, 7, 138
52, 7, 1254
53, 1, 3
53, 1, 251
53, 2, 960
53, 3, 1
53, 3, 8
53, 3, 21
53, 3, 1437
53, 3, 2635
53, 4, 2
53, 4, 3
53, 4, 9
53, 4, 17
53, 4, 41
53, 4, 51
53, 5, 21
53, 5, 173
53, 5, 2153
53, 6, 2
53, 6, 6
53, 6, 32
53, 6, 254
53, 6, 2910
53, 7, 4
53, 7, 7
53, 7, 11
53, 7, 25
53, 7, 49
53, 7, 75
53, 7, 155
53, 7, 1272
53, 7, 2656
53, 8, 1
53, 8, 3
53, 8, 7
53, 8, 22
53, 8, 51
53, 8, 199
54, 1, 1
54, 1, 5
54, 1, 14
54, 1, 321
54, 1, 427
54, 1, 620
54, 1, 902
54, 1, 1461
54, 1, 1555
54, 2, 15
54, 2, 65
54, 2, 98
54, 2, 120
54, 2, 124
54, 2, 168
54, 2, 188
54, 2, 1371
54, 2, 1936
54, 3, 1
54, 3, 5
54, 3, 7
54, 3, 23
54, 3, 28
54, 3, 42
54, 3, 264
54, 3, 359
54, 3, 721
54, 3, 1655
54, 4, 1
54, 4, 9
54, 4, 23
54, 4, 51
54, 4, 75
54, 4, 104
54, 4, 176
54, 4, 1233
54, 4, 3243
54, 5, 3
54, 5, 6
54, 5, 547
54, 5, 591
54, 5, 1609
54, 6, 1
54, 6, 2
54, 6, 4
54, 6, 28
54, 6, 45
54, 6, 74
54, 6, 144
54, 6, 404
54, 6, 3252
54, 7, 2
54, 7, 8
54, 7, 192
54, 7, 758
54, 8, 1
54, 8, 2
54, 8, 3
54, 8, 15
54, 8, 21
54, 8, 28
54, 8, 139
54, 8, 2872
55, 1, 1
55, 1, 15
55, 1, 44
55, 1, 71
55, 1, 98
55, 1, 147
55, 1, 225
55, 1, 242
55, 2, 1
55, 2, 2
55, 2, 3
55, 2, 5
55, 2, 28
55, 2, 29
55, 2, 98
55, 2, 291
55, 3, 1
55, 3, 2
55, 3, 7
55, 3, 22
55, 3, 37
55, 3, 40
55, 3, 62
55, 3, 231
55, 3, 266
55, 3, 352
55, 3, 372
55, 3, 537
55, 3, 2428
55, 3, 3099
55, 5, 2
55, 5, 541
55, 5, 900
55, 5, 2483
55, 6, 1
55, 6, 2
55, 6, 3
55, 6, 16
55, 6, 20
55, 6, 196
55, 6, 745
55, 6, 758
55, 6, 1527
55, 6, 2172
55, 6, 2179
55, 7, 2
55, 7, 3
55, 7, 4
55, 7, 6
55, 7, 8
55, 7, 27
55, 7, 58
55, 7, 84
55, 7, 93
55, 7, 214
55, 7, 1234
55, 7, 1617
56, 1, 1
56, 1, 25
56, 1, 77
56, 1, 297
56, 2, 4
56, 2, 8
56, 2, 34
56, 2, 36
56, 2, 458
56, 2, 496
56, 3, 1
56, 3, 7
56, 3, 10
56, 3, 28
56, 3, 76
56, 3, 87
56, 3, 103
56, 3, 256
56, 3, 410
56, 3, 626
56, 3, 851
56, 3, 885
56, 3, 3050
56, 4, 2
56, 4, 3
56, 4, 12
56, 4, 24
56, 4, 36
56, 4, 222
56, 4, 473
56, 4, 1451
56, 5, 9
56, 5, 23
56, 5, 105
56, 5, 115
56, 5, 439
56, 5, 1389
56, 6, 2
56, 6, 6
56, 6, 12
56, 6, 14
56, 6, 64
56, 6, 190
56, 6, 634
56, 6, 1002
56, 6, 1338
56, 6, 1964
56, 7, 2
56, 7, 5
56, 7, 6
56, 7, 7
56, 7, 9
56, 7, 12
56, 7, 21
56, 7, 24
56, 7, 104
56, 7, 142
56, 7, 337
56, 7, 474
56, 7, 652
56, 7, 679
56, 7, 990
56, 7, 1104
56, 7, 3096
56, 8, 1
56, 8, 3
56, 8, 13
56, 8, 21
56, 8, 34
56, 8, 183
56, 8, 351
56, 8, 367
56, 8, 502
56, 8, 1137
56, 8, 1311
56, 8, 1654
57, 1, 1
57, 1, 2
57, 1, 3
57, 1, 18
57, 1, 367
57, 2, 3
57, 2, 16
57, 2, 36
57, 2, 48
57, 3, 3
57, 3, 4
57, 3, 24
57, 3, 28
57, 3, 50
57, 3, 71
57, 3, 106
57, 3, 127
57, 3, 206
57, 3, 586
57, 3, 655
57, 4, 1
57, 4, 2
57, 4, 9
57, 4, 14
57, 4, 113
57, 4, 224
57, 4, 1545
57, 5, 3
57, 5, 5
57, 5, 51
57, 5, 61
57, 6, 1
57, 6, 9
57, 6, 68
57, 6, 157
57, 6, 609
57, 7, 2
57, 7, 4
57, 7, 6
57, 7, 10
57, 7, 36
57, 7, 196
57, 7, 864
57, 7, 2906
57, 7, 3206
57, 8, 2
57, 8, 7
57, 8, 10
57, 8, 24
58, 1, 2
58, 1, 14
58, 1, 1076
58, 2, 1
58, 2, 2
58, 2, 14
58, 2, 2514
58, 3, 3
58, 3, 15
58, 3, 72
58, 3, 99
58, 3, 133
58, 3, 669
58, 3, 2125
58, 5, 2
58, 5, 16
58, 5, 136
58, 6, 4
58, 6, 19
58, 6, 64
58, 6, 1654
58, 7, 3
58, 7, 16
58, 7, 60
58, 7, 217
59, 1, 3
59, 1, 15
59, 1, 493
59, 1, 2183
59, 2, 14
59, 2, 38
59, 2, 104
59, 2, 362
59, 2, 1256
59, 2, 3260
59, 3, 1
59, 3, 4
59, 3, 9
59, 3, 10
59, 3, 94
59, 3, 136
59, 3, 305
59, 3, 814
59, 3, 1015
59, 3, 1476
59, 4, 1
59, 4, 219
59, 5, 11
59, 5, 117
59, 6, 2
59, 6, 10
59, 6, 14
59, 6, 220
59, 7, 3
59, 7, 20
59, 7, 135
59, 7, 138
59, 7, 233
59, 7, 551
59, 8, 2
59, 8, 6
59, 8, 52
59, 8, 2397
60, 1, 1
60, 1, 5
60, 1, 13
60, 2, 1
60, 2, 21
60, 2, 51
60, 2, 117
60, 2, 178
60, 2, 292
60, 2, 579
60, 2, 624
60, 2, 718
60, 3, 1
60, 3, 2
60, 3, 7
60, 3, 11
60, 3, 52
60, 3, 84
60, 3, 1413
60, 3, 1933
60, 3, 2188
60, 4, 21
60, 4, 98
60, 4, 1421
60, 4, 3083
60, 5, 2
60, 5, 4
60, 5, 9
60, 5, 12
60, 5, 17
60, 5, 415
60, 5, 496
60, 6, 2
60, 6, 6
60, 6, 24
60, 6, 2739
60, 7, 2
60, 7, 3
60, 7, 4
60, 7, 9
60, 7, 10
60, 7, 96
60, 7, 180
60, 7, 523
60, 7, 810
60, 7, 879
60, 7, 1223
60, 7, 1874
60, 7, 1884
60, 7, 2071
60, 8, 3
60, 8, 4
60, 8, 28
60, 8, 33
60, 8, 73
60, 8, 408
60, 8, 1554
61, 1, 1
61, 1, 2
61, 1, 7
61, 1, 25
61, 1, 132
61, 1, 216
61, 1, 439
61, 1, 482
61, 1, 581
61, 1, 1081
61, 2, 6
61, 2, 8
61, 2, 27
61, 2, 47
61, 2, 54
61, 2, 184
61, 3, 5
61, 3, 11
61, 3, 25
61, 3, 26
61, 5, 5
61, 5, 13
61, 5, 24
61, 5, 42
61, 5, 81
61, 5, 112
61, 5, 2592
61, 6, 7
61, 6, 9
61, 6, 67
61, 6, 72
61, 6, 370
61, 6, 1276
61, 6, 1557
61, 6, 2962
61, 7, 2
61, 7, 4
61, 7, 25
61, 7, 28
61, 7, 41
61, 7, 187
61, 7, 217
61, 7, 508
62, 1, 899
62, 1, 2185
62, 2, 20
62, 2, 212
62, 3, 2
62, 3, 15
62, 3, 198
62, 4, 1
62, 4, 2
62, 4, 14
62, 4, 18
62, 4, 998
62, 4, 1034
62, 5, 3
62, 5, 41
62, 5, 49
62, 5, 61
62, 5, 63
62, 5, 235
62, 6, 8
62, 6, 68
62, 7, 18
62, 7, 26
62, 7, 342
62, 7, 2194
62, 8, 2
62, 8, 15
62, 8, 40
62, 8, 48
63, 1, 3
63, 1, 30
63, 1, 36
63, 1, 79
63, 1, 527
63, 1, 1002
63, 1, 2687
63, 2, 1
63, 2, 4
63, 2, 17
63, 2, 18
63, 2, 484
63, 2, 1152
63, 3, 1483
63, 4, 185
63, 4, 1751
63, 5, 2
63, 5, 4
63, 5, 30
63, 5, 36
63, 5, 186
63, 5, 393
63, 6, 3
63, 6, 6
63, 6, 20
63, 6, 67
63, 6, 147
63, 6, 3202
63, 7, 7
63, 7, 19
63, 7, 1487
63, 7, 2153
63, 8, 1
63, 8, 73
63, 8, 685
64, 1, 11
64, 1, 21
64, 1, 119
64, 1, 1677
64, 2, 3
64, 2, 10
64, 2, 38
64, 2, 128
64, 2, 215
64, 2, 404
64, 2, 413
64, 2, 504
64, 2, 826
64, 3, 1
64, 3, 2
64, 3, 13
64, 3, 27
64, 3, 29
64, 3, 32
64, 3, 34
64, 3, 155
64, 3, 162
64, 3, 296
64, 3, 428
64, 3, 732
64, 3, 788
64, 3, 1341
64, 3, 2079
64, 5, 4
64, 5, 17
64, 5, 141
64, 5, 492
64, 5, 1432
64, 5, 1554
64, 5, 3157
64, 6, 1
64, 6, 2
64, 6, 871
64, 6, 914
64, 7, 3
64, 7, 6
64, 7, 7
64, 7, 8
64, 7, 35
64, 7, 57
64, 7, 88
64, 7, 273
64, 7, 299
64, 7, 388
