2-1: 3, 5, 7, 13, 17, 19, 31, 61, 89, 107, 127, 521, 607, 1279, 2203, 2281,
2+1: 3, 5, 7, 11, 13, 17, 19, 23, 31, 43, 61, 79, 101, 127, 167, 191, 199, 313, 347, 701, 1709,
3-1: 3, 7, 13, 71, 103, 541, 1091, 1367, 1627,
3+1: 3, 5, 7, 13, 23, 43, 281, 359, 487, 577, 1579, 1663, 1741,
3-2: 3, 5, 17, 29, 31, 53, 59, 101, 277, 647, 1061, 2381,
3+2: 3, 7, 11, 83, 149, 223, 599, 647, 1373,
4-1:
4+1: 3,
4-3: 3, 7, 17, 59, 283, 311, 383, 499, 521, 541, 599, 1193, 1993,
4+3: 3, 5, 19, 37, 173, 211, 227, 619, 977, 1237, 2437,
5-1: 3, 7, 11, 13, 47, 127, 149, 181, 619, 929,
5+1: 5, 67, 101, 103, 229, 347,
5-2: 5, 7, 13, 19, 37, 59, 67, 79, 307, 331, 599, 1301,
5+2: 3, 17, 19, 47, 101, 1709,
5-3: 13, 19, 23, 31, 47, 127, 223, 281, 2083,
5+3: 3, 5, 7, 17, 19, 109, 509, 661, 709, 1231,
5-4: 3, 43, 59, 191, 223, 349, 563, 709, 743, 1663,
5+4: 5, 7, 19, 29, 61, 137, 883, 1381, 1823,
6-1: 3, 7, 29, 71, 127, 271, 509, 1049,
6+1: 3, 11, 31, 43, 47, 59, 107, 811,
6-5: 5, 11, 13, 23, 61, 83, 421, 1039, 1511,
6+5: 3, 5, 17, 397, 409, 643, 1783,
7-1: 5, 13, 131, 149, 1699,
7+1: 3, 17, 23, 29, 47, 61, 1619,
7-2: 3, 7, 19, 79, 431, 1373, 1801,
7+2: 5, 23, 73, 101, 401, 419, 457, 811, 1163, 1511,
7-3: 3, 7, 19, 109, 131, 607, 863,
7+3: 3, 13, 31, 313,
7-4: 5, 11, 61, 619,
7+4: 3, 5, 19, 41, 47,
7-5: 3, 5, 7, 113, 397, 577,
7+5: 11, 31, 173, 271, 547, 1823, 2111,
7-6: 3, 7, 29, 41, 67, 1327, 1399, 2027,
7+6: 3, 53, 83, 487, 743,
8-1: 3,
8+1:
8-3: 3, 7, 19, 31, 67, 89,
8+3: 5, 163, 191, 229, 271, 733,
8-5: 19, 1021,
8+5: 7, 19, 167, 173, 223, 281,
8-7: 7, 11, 17, 29, 31, 79, 113, 131, 139,
8+7: 7, 13, 31, 43, 269, 353, 383, 619, 829, 877,
9-1:
9+1: 3, 59, 223, 547, 773, 1009, 1823,
9-2: 3, 5, 13, 29, 37, 1021, 1399, 2137,
9+2: 3, 7, 127, 283, 883, 1523,
9-4:
9+4: 3, 5, 7, 11, 17, 19, 41, 53, 109, 167, 2207,
9-5: 3, 11, 17, 173, 839, 971,
9+5: 3, 5, 13, 17, 43, 127, 229, 277,
9-7: 3, 5, 7,
9+7: 3, 107, 197,
9-8: 7, 29, 31, 67, 149, 401,
9+8: 3, 7, 13, 19, 307, 619, 2089,
10-1: 19, 23, 317, 1031,
10+1: 5, 7, 19, 31, 53, 67, 293, 641, 2137,
10-3: 3, 5, 37, 599,
10+3: 3, 19, 31, 101, 139, 167, 1097,
10-7: 31, 103, 617,
10+7: 3, 5, 11, 19, 1259, 1399,
10-9: 3, 7, 11, 19, 29, 401, 709,
10+9: 7, 67, 73, 1091, 1483,
11-1: 17, 19, 73, 139, 907, 1907, 2029,
11+1: 5, 7, 179, 229, 439, 557,
11-2: 5, 11, 13, 331, 599,
11+2: 3, 5, 17, 67, 83, 101, 1373,
11-3: 3, 5, 19, 31, 367, 389, 431, 2179,
11+3: 3, 103, 271, 523,
11-4: 3, 5, 11, 17, 71, 89, 827,
11+4: 7, 53, 67, 71, 443,
11-5: 5, 41, 149, 229, 263, 739,
11+5: 7, 11, 181, 421, 2297,
11-6: 3, 11, 163, 191, 269, 1381, 1493,
11+6: 5, 7, 107, 383,
11-7: 5, 19, 67, 107, 593, 757, 1801, 2243, 2383,
11+7: 7, 1163,
11-8: 7, 11, 17, 37, 521, 877, 2423,
11+8: 3, 13, 31, 59, 131, 223, 227, 1523,
11-9: 5, 31, 271, 929,
11+9: 3, 17, 41, 43, 59, 83,
11-10: 3, 5, 19, 311, 317, 1129,
11+10: 53, 421, 647, 1601,
12-1: 3, 5, 19, 97, 109, 317, 353, 701,
12+1: 5, 11, 109, 193, 1483,
12-5: 3, 31, 41, 53, 101, 421, 1259,
12+5: 3, 5, 13, 347, 977, 1091,
12-7: 3, 7, 13, 47, 89, 139, 523, 1051,
12+7: 3, 7, 67, 79, 167, 953, 1493,
12-11: 3, 7, 89, 101, 293,
12+11: 47, 401, 509,
13-1: 5, 7, 137, 283, 883, 991, 1021, 1193,
13+1: 3, 11, 17, 19, 919, 1151,
13-2: 3, 5, 31, 73, 89, 521,
13+2: 7, 31, 103, 223, 503, 1171, 1973,
13-3: 7, 31, 41, 269, 283,
13+3: 3, 7, 127, 2467,
13-4: 5, 19, 109, 157,
13+4: 7, 11, 31, 59, 73, 137, 563,
13-5: 5, 19, 71, 197, 659,
13+5: 13, 19, 31, 359, 487, 757, 761, 1667,
13-6: 3, 19, 71, 127,
13+6: 3, 59, 101, 283, 647,
13-7: 7, 23, 43, 83, 167, 223, 733, 2027,
13+7: 3, 31, 223,
13-8: 3, 13, 61, 67, 313, 491, 1657,
13+8: 17, 43, 433, 587, 853, 1171,
13-9: 3, 29, 31, 61, 73, 211, 409, 541, 1979, 2423,
13+9: 1217,
13-10: 251, 457, 811, 1709,
13+10: 3, 53, 151, 571, 1483,
13-11: 3, 11, 19, 43, 239, 353, 397, 599, 1109, 2099,
13+11: 7, 71, 101, 353,
13-12: 17, 31, 41, 47, 109, 163, 643, 2459,
13+12: 3, 11, 13, 43, 67, 109,
14-1: 3, 7, 19, 31, 41,
14+1: 7, 53, 503, 1229,
14-3: 5, 13, 67,
14+3: 3, 7, 71, 251, 1429, 2131,
14-5: 151, 673, 709,
14+5: 3, 7, 17, 79,
14-9: 59, 61, 167, 1783,
14+9: 3, 5, 11, 17, 61, 479, 1619, 1997,
14-11: 5, 79,
14+11: 3, 13, 71, 103, 227,
14-13: 3, 11, 83, 461, 659, 1129,
14+13: 7, 13, 311, 1637,
15-1: 3, 43, 73, 487,
15+1: 3, 7, 29, 1091, 2423,
15-2: 5, 11, 167, 317, 337, 349,
15+2: 3, 67, 199, 479, 563, 2243,
15-4: 1097, 2243,
15+4: 3, 31, 157, 239, 1553,
15-7: 3, 5, 19, 89, 107, 109, 157, 223, 389, 967, 1669,
15+7: 5, 197, 1373,
15-8: 3, 5, 1123,
15+8: 17, 19, 53, 457, 2237,
15-11: 7, 13, 17, 37,
15+11: 3, 5, 11, 67, 79, 229, 563, 691, 1753, 1823,
15-13: 17, 383, 421, 1049,
15+13: 3, 71, 73, 197, 647,
15-14: 3, 43, 173, 193,
15+14: 3, 127, 227, 1009, 1951,
16-1:
16+1: 3, 5, 7, 23, 37, 89, 149, 173, 251, 307, 317,
16-3: 3, 31, 467, 1747,
16+3: 5, 17, 61, 673, 919, 2089,
16-5: 7, 13, 109, 139, 967,
16+5: 31, 109, 373, 409, 619, 823, 1531,
16-7: 5, 79, 241, 1187,
16+7: 3, 107, 113,
16-9:
16+9: 3, 23,
16-11: 13, 17, 47, 613, 1187, 1613,
16+11: 7, 181, 223, 521, 853,
16-13: 41, 73, 101,
16+13: 89, 157,
16-15: 43, 211, 1523, 1579, 1693,
16+15: 3, 5, 13, 1439, 1669,
17-1: 3, 5, 7, 11, 47, 71, 419,
17+1: 7, 17, 23, 47, 967,
17-2: 83, 1907,
17+2: 5, 7, 113, 193, 211, 701, 797, 907,
17-3: 3, 11, 17, 491,
17+3: 37, 641,
17-4: 3, 5, 7, 11, 31, 101, 887,
17+4: 13, 61, 67, 107, 383, 647,
17-5: 5, 7, 17, 23, 43, 71, 239, 733, 1097,
17+5: 3, 29, 151, 2153,
17-6: 29, 101,
17+6: 3, 5, 11, 19, 37, 43, 61, 109,
17-7: 3, 67, 89,
17+7: 353,
17-8: 7, 11, 29, 569,
17+8: 23, 61, 587,
17-9: 3, 5, 19, 401, 751, 1229,
17+9: 43, 167,
17-10: 23, 59, 223, 479, 719, 983, 2477,
17+10: 11, 17, 31, 71, 109, 193,
17-11: 5, 19,
17+11: 3, 79, 137, 211, 2143,
17-12: 19, 2269,
17+12: 3, 19, 647,
17-13: 487, 1163,
17+13: 7, 19,
17-14: 139, 157, 271,
17+14: 11, 17, 37, 907, 1009, 1319, 1669,
17-15: 3, 5, 47, 293,
17+15: 17, 59, 83, 223, 2089,
17-16: 5, 7, 79, 523, 571,
17+16: 41, 97, 1459,
18-1:
18+1: 3, 7, 23, 73, 733, 941, 1097, 1933,
18-5: 3, 19, 23, 31, 37, 251, 283, 977,
18+5: 61, 227, 233, 239, 613, 2213,
18-7: 3, 2011,
18+7: 7, 13,
18-11: 3, 5, 11, 41,
18+11: 79, 107, 211, 379,
18-13: 3, 7, 19, 53, 89, 191, 331, 1613, 1907,
18+13: 5, 797,
18-17: 3, 13, 71,
18+17: 3, 47, 53, 2411,
19-1: 19, 31, 47, 59, 61, 107, 337, 1061,
19+1: 17, 37, 157, 163, 631,
19-2: 11, 19, 79, 631, 1787, 2011, 2381,
19+2: 5, 13, 41, 43, 83, 139, 557, 863, 1051,
19-3: 73, 271, 421,
19+3: 3, 61, 71, 109,
19-4: 7, 11, 31, 47, 139, 263, 769,
19+4: 7, 11, 211,
19-5: 5, 17, 31, 59, 373, 643,
19+5: 11, 37, 107, 181, 449, 457,
19-6: 19, 73, 1093, 1619,
19+6: 3, 167, 1039, 2297,
19-7: 7, 229, 1789,
19+7: 3, 5, 11, 523,
19-8: 3, 13, 19, 23, 113, 151, 641,
19+8: 5, 101, 317, 337, 563, 1609, 1831,
19-9: 3, 7, 11, 17,
19+9: 3, 47, 227, 241, 347,
19-10: 17, 2273,
19+10: 3, 19, 127, 223, 859,
19-11: 3, 5, 41, 1087,
19+11: 13, 19, 139, 2311,
19-12: 3, 5, 17, 19, 47, 97, 109, 223, 337, 389, 2447,
19+12: 3, 19, 1999,
19-13: 7, 11, 137, 367, 947,
19+13: 3, 59, 71, 283, 883,
19-14: 3,
19+14: 5, 7, 103,
19-15: 5, 7, 17, 31, 79, 523,
19+15: 139, 1061, 1487,
19-16: 5, 47, 241, 1693,
19+16: 3, 13, 31, 83, 191, 379, 1231,
19-17: 163,
19+17: 11, 17, 29, 59, 199, 373, 877, 1783,
19-18: 1607, 1873,
19+18: 5, 223, 311,
20-1: 3, 11, 17, 1487,
20+1: 5, 79, 89, 709, 797, 1163,
20-3: 43, 1723,
20+3: 3, 19, 271, 577, 977, 1871,
20-7: 5, 19, 653,
20+7: 7, 13, 131, 859, 2339,
20-9: 3, 7, 17, 41, 197, 709,
20+9: 13, 31, 139, 449, 719, 1033, 1871, 1993,
20-11: 5, 31, 41, 53, 263, 311,
20+11: 5, 7, 13, 23,
20-13: 3, 239, 983, 1051,
20+13: 163, 2473,
20-17: 5, 7, 17, 569,
20+17: 3, 7, 547,
20-19: 5, 17, 109, 1979,
20+19: 11, 97, 433,
21-1: 3, 11, 17, 43, 271,
21+1: 3, 5, 7, 13, 37, 347,
21-2: 3, 353, 751,
21+2: 11, 17, 47,
21-4: 3, 19, 463,
21+4: 3, 97, 251, 421, 1303, 1637,
21-5: 3, 73, 89, 97,
21+5: 73, 971, 2309,
21-8: 3, 7, 11, 17, 41, 67, 149, 211, 1091,
21+8: 3, 5, 251,
21-10: 3, 5, 7, 19, 107, 269, 283,
21+10: 3, 67, 281,
21-11: 31, 131, 401,
21+11: 3, 5, 7, 13, 47, 449, 733, 1319, 1499,
21-13: 3, 7, 11, 17, 643,
21+13: 3, 5, 227, 383, 1283, 2113,
21-16: 3, 13, 43, 97, 197, 727, 1553,
21+16: 7, 19, 31, 163, 1217,
21-17: 3, 31, 47, 97, 401, 503, 617, 1549,
21+17: 3, 7, 31, 37, 139, 157, 167,
21-19: 3, 17, 59, 239, 743,
21+19: 7, 11, 1949,
21-20: 19, 41, 43, 337, 479,
21+20: 3, 53, 409, 859, 1787,
22-1: 5, 79, 101, 359, 857,
22+1: 3, 5, 13, 43, 79, 101, 107, 227, 353,
22-3: 5, 31, 823,
22+3:
22-5: 3, 5, 661,
22+5: 31, 307, 1873,
22-7: 43, 59, 73, 131, 1487, 2383,
22+7: 3, 7, 13, 71, 101,
22-9: 5, 47, 467, 1153, 2083, 2087,
22+9: 3, 5, 89, 389, 1523,
22-13: 17, 1627,
22+13: 3, 31, 41, 59, 61, 613, 1213,
22-15: 3, 13, 71, 157, 839, 1949,
22+15: 3, 5, 11, 17,
22-17: 587, 881,
22+17: 7, 97, 109, 307,
22-19: 7, 13, 47, 59, 2243,
22+19: 11, 1801,
22-21: 127, 877,
22+21: 3, 5, 7, 13, 17, 29, 167, 503, 1217, 1409,
23-1: 5,
23+1: 11, 13, 67, 109, 331, 587,
23-2: 5, 11, 197,
23+2: 3, 19, 61, 97, 397, 1511,
23-3: 3, 7, 31, 47, 109, 151, 223, 463, 739,
23+3: 1153,
23-4: 7, 59, 167, 173, 277,
23+4: 457,
23-5: 53, 137, 719,
23+5: 3, 5, 163, 1069, 1559, 1667,
23-6: 5, 151, 1553, 1619,
23+6: 7, 89, 131, 139, 239, 769, 1117,
23-7: 3, 19, 131, 311, 337, 709,
23+7: 7,
23-8: 7, 11, 331,
23+8: 3, 7, 13, 29, 109, 1511,
23-9: 349, 521, 1543,
23+9: 5, 19, 41, 59, 167, 179, 383, 521, 1129,
23-10: 3, 31, 107, 613, 1753,
23+10: 7, 13, 19, 23, 59, 137, 241, 907, 1153,
23-11: 7, 17, 31, 317,
23+11: 3, 7, 11, 53, 71, 167, 1489,
23-12: 5, 1201,
23+12: 3, 17, 19, 67,
23-13: 3, 7, 13, 19, 31, 353,
23+13: 127,
23-14: 31, 641,
23+14: 5, 7, 11, 29, 199, 401, 449,
23-15: 17, 31,
23+15: 3, 5, 23, 31, 173, 1999,
23-16: 3, 17, 19, 1423,
23+16: 7, 19, 211,
23-17: 491,
23+17: 7, 13, 541, 673, 1601,
23-18: 7, 17, 97,
23+18: 3, 7, 19, 37,
23-19: 3, 43, 193, 307,
23+19: 17, 19, 59, 281,
23-20: 17, 41, 67,
23+20: 5, 19, 107, 457, 1867,
23-21: 3, 5, 397,
23+21: 3, 7, 19, 1787,
23-22: 229, 241, 673,
23+22: 11,
24-1: 3, 5, 19, 53, 71, 653, 661,
24+1: 7, 11, 19, 2207, 2477,
24-5: 5, 7, 17, 47, 1549,
24+5: 163, 719, 953, 1997,
24-7: 29, 47, 131, 199, 331, 1447, 1889,
24+7: 3, 5, 37, 379,
24-11: 11, 23, 67, 157,
24+11: 3, 19, 367, 997,
24-13: 19, 109, 281, 617, 643,
24+13: 3, 5, 719,
24-17: 17,
24+17: 3, 5, 47,
24-19: 7, 11,
24+19: 7, 571, 719,
24-23: 3, 31,
24+23: 11, 199, 709, 1307, 2137,
25-1:
25+1: 3, 7, 23, 29, 59, 1249, 1709, 1823, 1931,
25-2: 11, 199, 509, 857,
25+2: 19, 109, 967, 2143,
25-3: 3, 5, 43, 709, 1151,
25+3: 83, 127, 349, 1429,
25-4:
25+4: 3, 7, 19, 137, 233,
25-6: 3, 61, 691,
25+6: 79, 431, 631, 1109, 2003,
25-7: 563, 2069,
25+7: 3, 23, 31, 157, 967, 1459,
25-8: 5, 31, 71, 439,
25+8: 5, 7,
25-9:
25+9: 11, 29, 43, 61,
25-11: 3, 5, 317,
25+11: 5, 151, 197, 311, 331, 353,
25-12: 3, 59, 79, 283,
25+12: 17, 467, 1181,
25-13: 5, 83, 181, 313, 653, 1699, 2243, 2459,
25+13: 17,
25-14: 3, 13, 457,
25+14: 479,
25-16:
25+16: 5, 71, 113, 577, 607,
25-17: 5, 11, 71, 167, 311, 487, 1187, 2477,
25+17: 19, 97, 353, 1447,
25-18: 3, 5, 53, 107, 181,
25+18: 3, 17, 109, 191, 313, 701,
25-19: 11, 109, 1571,
25+19: 7,
25-21: 179, 421, 1361,
25+21: 3, 7, 11, 109, 149, 877, 907,
25-22: 13, 37, 127, 563,
25+22: 5, 709, 787,
25-23: 109, 211,
25+23: 5,
25-24: 3, 5, 29,
25+24: 3, 23, 101,
26-1: 7, 43, 347,
26+1: 11, 109, 227, 277, 347, 857, 2297,
26-3: 31, 263, 743, 1439,
26+3: 3, 5, 137,
26-5: 79,
26+5: 3, 5, 17, 83, 223, 521, 1637,
26-7: 3, 5, 311,
26+7: 5, 479,
26-9: 3, 19, 61, 1319, 2357,
26+9: 3,
26-11: 47, 103, 563, 1831,
26+11: 67, 97, 139, 223, 1153, 1549,
26-15: 3, 5, 17, 31, 137, 1117,
26+15: 5, 29, 47, 449,
26-17: 7, 11, 43, 367, 541,
26+17: 3, 101, 1597,
26-19: 3, 293,
26+19: 13, 113, 937, 2311,
26-21: 3, 199, 569,
26+21: 3, 23, 41, 277, 563, 2467,
26-23: 11, 53, 109, 137, 1607,
26+23: 3, 19,
26-25: 3, 7, 97, 109, 401, 431,
26+25: 5, 13, 823,
27-1: 3,
27+1:
27-2: 3, 269, 401, 631, 701, 1321,
27+2: 11, 2297,
27-4: 3, 7, 61, 617,
27+4: 5, 11, 59, 173,
27-5: 5, 53,
27+5: 3, 7, 19, 71, 1217, 1231,
27-7: 3,
27+7: 157, 167, 2339,
27-8: 3,
27+8: 3,
27-10: 5, 157, 1663,
27+10: 43, 59, 367, 503,
27-11: 5, 17, 19, 269, 317, 1129,
27+11: 5, 37, 73,
27-13: 3, 23, 1429,
27+13: 3, 13, 313, 859,
27-14: 3, 7, 19, 157, 1093, 1471,
27+14: 3, 101, 1663,
27-16: 5, 7, 13, 151, 457, 691,
27+16: 7, 17, 23, 101, 137, 269,
27-17: 11, 17, 53, 67, 227,
27+17: 13, 23,
27-19: 13, 17, 1471,
27+19: 3, 47, 167,
27-20: 3, 23, 31, 83, 547,
27+20: 97, 359, 463, 1151,
27-22: 409, 619, 947,
27+22: 3, 5, 73, 241,
27-23: 3, 17, 67, 71, 79, 2357,
27+23: 7, 11, 109, 827,
27-25: 3, 17, 61,
27+25: 5, 23, 37, 53, 131, 163,
27-26: 13, 157,
27+26: 103, 313, 647, 929, 2179,
28-1: 5, 17, 457, 1423,
28+1: 3, 19, 373, 419, 491, 1031,
28-3: 3, 7, 43, 197,
28+3: 3, 17, 443,
28-5: 17, 167, 317,
28+5: 13, 197, 263, 439, 1571,
28-9: 3, 11, 13,
28+9: 3, 263, 389, 643,
28-11: 3, 7,
28+11: 281, 967,
28-13: 61, 67, 823, 877,
28+13: 31, 523,
28-15: 3, 5, 7, 907,
28+15: 37, 197,
28-17: 3, 5, 7, 13, 73, 163,
28+17: 23, 193, 349, 829,
28-19: 31, 223, 743,
28+19: 3, 5, 73, 109, 281, 2129,
28-23: 47,
28+23: 109, 199, 263, 449, 571,
28-25: 7, 71, 269, 2473,
28+25: 3, 37, 223, 821, 1217,
28-27: 3, 5, 19, 31, 257, 773,
28+27: 3, 13, 17,
29-1: 5, 151,
29+1: 7,
29-2: 7, 139, 983,
29+2: 3, 7, 11, 157, 1429,
29-3: 3, 7, 17, 1069,
29+3: 11, 181, 229, 311, 701,
29-4: 7, 23, 31, 463,
29+4: 7,
29-5: 199, 643,
29+5: 7, 29, 197, 257, 347,
29-6: 3, 31, 131, 151, 331, 353, 863, 1667,
29+6: 19, 101, 1847,
29-7: 3, 17, 167,
29+7: 5, 7, 41, 67, 337, 947, 1987,
29-8: 13, 263,
29+8: 3, 7, 83, 241, 751, 1607,
29-9: 7, 43, 47, 163,
29+9: 3, 11, 79, 89, 313, 1657,
29-10: 3, 7, 11, 17,
29+10: 5, 17,
29-11: 5, 7, 17, 593,
29+11: 3, 193, 331, 389,
29-12: 13, 79,
29+12: 13, 19, 47, 59, 1213,
29-13: 7, 17, 31, 109, 383,
29+13: 31, 37, 53, 89, 229, 1171,
29-14: 7, 11, 13, 19, 149, 163, 467, 733, 1693,
29+14: 3, 7, 13, 19, 31, 71, 227, 521,
29-15: 163, 1297, 1699,
29+15: 3, 19, 89, 157, 1493, 2383,
29-16: 5,
29+16: 83, 97, 103, 191, 193, 229, 257, 1153,
29-17: 19, 421, 457, 881, 1663,
29+17: 73, 137, 181, 853, 929,
29-18: 5, 439,
29+18: 3, 5, 167,
29-19: 3, 13, 43, 839,
29+19: 5, 7, 31, 587, 691,
29-20: 17, 43, 197, 347, 409, 2027,
29+20: 3, 23, 227, 1321,
29-21: 157,
29+21: 3, 73, 1237, 1321,
29-22: 461, 919, 1289, 1627,
29+22: 5, 31, 1637,
29-23: 11, 73, 877,
29+23: 7, 101, 109,
29-24: 3, 151, 349,
29+24: 5, 7, 11, 13, 67, 149, 283, 389, 967, 1951,
29-25: 5, 211,
29+25: 19, 53, 1091,
29-26: 5, 31, 43, 397, 1949,
29+26: 23, 643, 1867,
29-27: 13, 47, 239, 257,
29+27: 3, 11, 353, 499,
29-28: 3,
29+28: 37,
30-1: 5, 11, 163, 569, 1789,
30+1: 139, 173, 547, 829, 2087,
30-7: 373,
30+7: 3, 11, 19, 41, 293, 1163,
30-11: 5, 13, 163, 359, 691, 733, 883,
30+11: 3, 5, 7, 11, 29, 71, 683, 1279,
30-13: 3, 7, 13, 239, 1787,
30+13: 53, 73, 241, 269,
30-17: 3, 103,
30+17: 17, 379,
30-19: 3, 7, 239, 563,
30+19: 3, 19, 409,
30-23: 47, 269, 449,
30+23: 3, 17, 23, 43, 317, 457,
30-29: 149, 283, 853, 1741,
30+29: 17, 103,
31-1: 7, 17, 31,
31+1: 109, 461, 1061,
31-2: 5, 17, 541, 701, 769,
31+2: 229, 1429,
31-3: 3, 23, 53, 661,
31+3: 3, 5, 313, 677,
31-4: 7, 59, 67, 101, 251, 967, 1579, 1999,
31+4: 3, 439, 967,
31-5: 7, 11, 79, 431, 1423,
31+5: 971, 1823,
31-6:
31+6: 3, 11,
31-7: 5,
31+7: 881, 1051,
31-8: 7, 41, 547, 2129,
31+8: 809,
31-9: 3, 5, 17, 1367,
31+9: 43, 137, 349,
31-10: 139, 229, 313, 859, 1319,
31+10: 3, 31, 599, 673, 1019, 1873,
31-11: 3, 43, 71, 331, 839,
31+11: 31, 269, 613, 1303,
31-12: 7, 13, 29, 43, 419,
31+12: 3, 5, 11, 191, 547,
31-13: 227,
31+13: 3, 5, 7, 61, 97, 197, 797,
31-14: 11, 13, 23, 37, 443, 547,
31+14: 283, 691,
31-15: 13, 19, 1787,
31+15: 13,
31-16: 7, 13, 283, 317, 1523,
31+16: 7, 17, 61, 131, 1051, 2161,
31-17: 3, 17, 29, 67, 107, 281, 1669, 1877,
31+17: 7,
31-18: 5, 107, 641, 1607,
31+18: 3, 449,
31-19: 11, 43, 271, 541,
31+19: 3, 197, 461, 859,
31-20: 5, 17, 19, 41, 61, 109,
31+20: 113, 149, 1693,
31-21: 3, 19, 31, 47, 67, 251, 277,
31+21: 3, 19, 79, 2239,
31-22: 11, 59, 79, 239, 349,
31+22: 7, 197, 457, 1549,
31-23: 3, 11, 241, 419,
31+23: 5, 7, 29, 167, 349, 439, 757,
31-24: 3, 5, 313, 677,
31+24: 13, 17, 29, 431, 683,
31-25: 7, 163, 419,
31+25: 3, 5, 37, 41, 59, 103, 211,
31-26: 47, 127,
31+26: 151, 643,
31-27: 19, 23, 29, 587,
31+27: 3, 5, 17,
31-28: 7, 13, 991,
31+28: 3, 7, 19, 83, 269, 1831,
31-29: 19, 167, 1303,
31+29: 19, 271,
31-30: 3, 5, 211,
31+30: 7, 1733,
32-1:
32+1:
32-3: 3, 19, 37, 233, 283, 311, 1307, 1913,
32+3: 3, 47, 107, 157,
32-5: 5, 23, 79, 977, 1489, 1621,
32+5:
32-7: 3, 149, 1303,
32+7: 7, 83, 229, 241,
32-9: 5, 31,
32+9: 7, 11, 13, 17, 37,
32-11: 5, 41, 199,
32+11: 5, 7, 13, 1487,
32-13: 3, 523, 877, 1873,
32+13: 7, 19, 43, 157,
32-15: 5, 7, 19, 29, 2111,
32+15: 3, 19, 659, 1097,
32-17: 83,
32+17: 3, 23, 97, 173, 743,
32-19: 3, 11, 139, 313,
32+19: 5, 7, 31, 191, 227, 263, 997, 1367,
32-21: 3, 13, 17, 223,
32+21: 2269,
32-23: 17, 23, 353, 431,
32+23: 337, 353, 709,
32-25: 5, 47, 53, 107, 281, 439,
32+25: 7,
32-27: 3, 13, 71, 109, 317, 409, 971,
32+27: 11, 103,
32-29: 53, 151, 557, 577,
32+29: 3, 83, 193,
32-31: 5, 1427, 2357,
32+31: 13, 31,
33-1: 3, 197,
33+1: 5, 67, 157,
33-2: 71, 103, 1213, 2441,
33+2: 47, 269, 2287,
33-4: 3, 7, 13, 31, 211,
33+4: 5, 2161,
33-5: 3, 5, 257, 911,
33+5: 43, 47, 199, 2141,
33-7: 7, 59, 1423, 1901,
33+7: 3, 487,
33-8: 7, 11, 881, 1361, 1831,
33+8: 71, 131, 149, 947, 1181,
33-10: 5,
33+10: 3, 5, 23, 41,
33-13: 127, 283, 1231,
33+13: 3, 5, 19,
33-14: 3, 43, 257, 1213,
33+14: 3, 5, 7, 13, 1063,
33-16: 3, 67, 409,
33+16: 31, 53, 317,
33-17: 19, 43, 983, 1051, 1217,
33+17: 7, 31, 1061,
33-19: 5, 1213, 2347,
33+19: 3, 5, 157,
33-20: 17, 181,
33+20: 3, 5, 13, 107, 853,
33-23: 3, 101,
33+23: 3, 17, 1433,
33-25: 3, 5, 7, 47, 157, 337,
33+25: 53, 127, 347, 463, 691, 1087, 2161,
33-26: 5, 13, 2293,
33+26: 3, 5, 7, 29, 67, 509, 937, 1069,
33-28: 3, 151, 383, 397, 2207,
33+28: 5, 17, 79, 263,
33-29: 3, 5, 277,
33+29: 5, 13, 17, 97, 113,
33-31: 5, 199, 251, 281,
33+31: 5, 37, 41, 233, 463,
33-32: 3, 7, 547,
33+32: 37, 223, 2053,
34-1: 13, 1493,
34+1: 3,
34-3: 337, 421,
34+3: 3, 59, 79, 113, 1217,
34-5: 19, 163, 167, 1427, 2083,
34+5: 11, 61, 179,
34-7: 13, 79, 2351,
34+7: 3, 11, 1709,
34-9: 3, 59, 89, 101,
34+9: 5, 7, 101, 349,
34-11: 43, 73, 547, 971, 2447,
34+11: 11, 13, 43, 109, 131,
34-13: 149, 167, 307, 313,
34+13: 3, 109, 163, 349, 631, 1319,
34-15: 53, 1579,
34+15: 19, 43, 257, 1213, 2113,
34-19: 13, 17, 331, 2063,
34+19: 251,
34-21: 3, 139, 313,
34+21: 3, 61, 71, 79, 89,
34-23: 3, 101,
34+23: 5, 11, 13, 347,
34-25: 11, 29, 107, 991,
34+25: 17, 97,
34-27: 3, 41, 47, 617, 2203,
34+27: 3, 5, 163, 467, 571,
34-29: 853,
34+29: 37, 103, 109,
34-31: 19, 569,
34+31: 3, 7, 29, 59, 1321,
34-33: 23, 211, 797, 1181,
34+33: 3, 7, 17, 29, 163,
35-1: 313, 1297,
35+1: 11, 13, 79, 127, 503, 617, 709, 857, 1499,
35-2: 17, 53, 211,
35+2: 5, 1217, 2029,
35-3: 5, 31, 67, 73, 991, 2053,
35+3: 3, 31, 71, 941,
35-4: 3, 5, 47, 101, 103, 107, 167,
35+4: 19, 53,
35-6: 3, 7, 101, 859,
35+6: 3, 5, 31, 73, 149,
35-8: 13, 29, 37, 43, 587,
35+8: 3, 17, 73, 151, 239,
35-9: 3, 5, 41, 271, 317,
35+9: 3, 5, 7, 29, 53, 499, 2441,
35-11: 433, 2237,
35+11: 5, 13, 17, 647,
35-12: 3,
35+12: 227,
35-13: 5, 17, 19, 37, 269,
35+13: 5, 11, 73, 283, 1549,
35-16: 37, 347, 467,
35+16: 71, 79, 1009,
35-17: 11, 127, 167,
35+17: 3, 7, 17, 541, 719, 2039,
35-18: 3, 13, 29, 61, 79,
35+18: 3, 7, 11, 13, 31, 223, 307, 809,
35-19: 3, 7, 241, 1291, 1447, 1733,
35+19: 13, 41, 137, 167, 337, 631,
35-22: 61,
35+22: 17, 29, 347, 353, 773,
35-23: 13,
35+23: 11, 257, 1051,
35-24: 7, 31, 911,
35+24: 5, 401,
35-26: 19, 2267,
35+26: 3,
35-27: 19, 37, 757,
35+27: 3, 17, 19, 37,
35-29: 7, 31, 41, 47,
35+29: 3, 7, 19, 149, 487, 1297, 2467,
35-31: 3, 7, 883,
35+31: 5, 373,
35-32: 19, 23, 157, 641, 727, 2239,
35+32: 3, 79, 163,
35-33: 3, 13, 101,
35+33: 5, 7, 89, 103,
35-34: 3, 5, 11, 157,
35+34: 269, 521, 677,
36-1:
36+1: 31, 191, 257, 367,
36-5: 11, 107, 113, 409,
36+5: 5, 13, 19, 29,
36-7: 3, 7, 37, 193, 257, 1721,
36+7: 3, 151, 193, 829,
36-11: 11, 17, 71, 1097,
36+11: 3, 7, 23, 31, 107, 281, 443, 647,
36-13: 3, 5, 17, 647,
36+13: 3, 2411, 2447,
36-17: 5, 13, 277,
36+17: 13, 17, 19, 71,
36-19: 3, 7,
36+19: 13, 691, 1283, 1459,
36-23: 11, 29, 71, 563,
36+23: 3, 67, 197, 1283,
36-25:
36+25: 3, 7, 17, 1621,
36-29: 3, 5, 17, 19, 163,
36+29: 3, 17, 41,
36-31: 3, 7, 47, 463, 653,
36+31: 59, 139, 467,
36-35: 5, 7, 23,
36+35: 17, 47,
37-1: 13, 71, 181, 251, 463, 521,
37+1: 5, 7,
37-2: 3, 11, 43,
37+2: 257,
37-3: 3, 137, 197, 2113,
37+3: 557, 1097,
37-4: 7,
37+4: 3, 7, 13,
37-5: 3, 107, 1399,
37+5: 11, 17, 67, 269, 347, 619, 953, 1699,
37-6: 3, 5, 7, 17, 613,
37+6: 13, 17, 37, 89, 401, 521,
37-7: 7, 1187,
37+7: 7, 73, 149, 271,
37-8: 7, 73, 257,
37+8: 139, 1291, 1621,
37-9: 3, 11, 1777, 1901,
37+9: 3, 13, 131, 211, 421, 1237,
37-10: 127, 263, 1879,
37+10: 11, 31, 109,
37-11: 7, 569, 739, 2083,
37+11: 5, 59,
37-12: 11, 13, 97, 2251,
37+12: 3, 5, 13, 31, 37, 67, 359, 433, 449,
37-13: 37, 431, 2251, 2287,
37+13: 29, 59, 1093,
37-14: 3, 43, 353, 1019, 1091, 1523,
37+14: 13, 23, 1747, 2011,
37-15: 5, 41, 167, 317, 691, 881,
37+15: 3, 7, 17, 73, 359, 563, 907, 1213,
37-16: 13, 17, 19, 89,
37+16: 3, 5, 17, 23, 31, 71, 1231,
37-17: 3, 7, 19, 31, 103, 379, 2333,
37+17: 43, 197, 241, 977,
37-18: 17, 461, 499,
37+18: 37, 71, 103, 389,
37-19: 13, 71, 167, 1049,
37+19: 13, 67, 97, 401, 991, 2137,
37-20: 73, 227, 1297, 2003, 2267,
37+20: 11,
37-21: 5, 233, 293,
37+21: 3, 7, 43, 269, 2441,
37-22:
37+22: 3, 5, 13, 283, 337, 1163, 1229, 1973,
37-23: 3, 31, 97, 151, 1951,
37+23: 11, 19, 193, 197,
37-24: 3, 307, 631,
37+24: 227, 353, 479,
37-25:
37+25: 3, 223, 541,
37-26: 5, 2131,
37+26: 13, 43, 157,
37-27: 317, 1361,
37+27: 5, 7, 1721,
37-28: 43, 151, 521, 769,
37+28: 3, 71, 103, 2437,
37-29: 7, 17, 227,
37+29: 5, 7, 13, 17, 233, 1279, 1489,
37-30: 31, 1181,
37+30: 7, 1109,
37-31: 7, 11, 1487,
37+31: 31, 127,
37-32: 11,
37+32: 29, 79, 1091,
37-33: 17, 19, 79, 83, 283,
37+33: 3, 53, 457,
37-34:
37+34: 5, 37, 109, 179,
37-35: 3, 1543, 1721,
37+35: 59, 97, 751,
37-36: 83, 113, 1429,
37+36: 5, 67,
38-1: 3, 7, 401, 449,
38+1: 5, 167, 1063, 1597,
38-3: 3, 19, 101, 229, 1031, 2393,
38+3: 19, 151, 167,
38-5: 5, 19,
38+5: 3, 53, 167, 199, 541, 2447,
38-7: 3, 47, 79, 263, 359, 457, 617,
38+7:
38-9: 3, 47, 229,
38+9: 5, 13, 23, 317, 941, 1283,
38-11: 1249,
38+11: 5, 23, 109, 173,
38-13: 31, 59,
38+13: 31, 37, 277,
38-15: 3, 11, 13, 503,
38+15: 5, 313, 677, 1867,
38-17: 5, 43, 109, 479, 2063,
38+17: 3, 151, 1181, 1847,
38-21: 3,
38+21: 3, 1087, 1237,
38-23: 53, 113, 739, 2437,
38+23: 13, 23, 107, 307,
38-25: 3, 19, 113, 149, 389, 673, 709, 1123, 2143,
38+25: 5, 13, 17, 47, 67, 619, 937,
38-27: 79, 499,
38+27: 17, 173, 547,
38-29: 5, 7, 19, 89, 523,
38+29: 47, 109, 331,
38-31: 3, 101,
38+31: 31, 661,
38-33: 1097, 1109, 1117, 1367, 1453,
38+33: 3, 17, 29, 947,
38-35: 5, 67, 1117, 1543,
38+35: 7, 109, 157, 461, 1619,
38-37: 3, 379, 383, 1373, 1609,
38+37: 17, 59, 263, 643, 863,
39-1: 349, 631,
39+1: 3, 13, 149,
39-2: 229, 631,
39+2: 3, 5, 19,
39-4: 3, 29, 67, 73,
39+4: 3, 7, 401, 967, 2239,
39-5: 3, 7, 73, 97, 419,
39+5: 5, 103, 151, 439, 569, 743, 1303,
39-7: 7, 59, 167,
39+7: 3, 7, 47, 157, 263, 2357,
39-8: 967,
39+8: 5, 7, 1979,
39-10: 3, 7, 31, 227,
39+10: 3, 19, 23, 709,
39-11: 241, 487, 823, 1693,
39+11: 3, 17, 127, 173, 181, 449, 859, 911, 1019, 2207, 2423,
39-14: 191,
39+14: 3, 37,
39-16: 71, 619, 1213, 2129,
39+16: 3, 13, 37, 173, 181,
39-17: 3, 227, 271, 1279,
39+17: 5, 617,
39-19: 7,
39+19: 19, 47,
39-20: 11,
39+20: 31, 167, 211, 383, 1697,
39-22: 31, 53, 389,
39+22: 5, 19, 41,
39-23: 5, 17, 67, 661, 1951,
39+23: 3, 7, 643, 661,
39-25: 3, 47, 331,
39+25: 3, 47, 1021,
39-28: 5, 53, 419, 839,
39+28: 3, 5, 13, 43, 109, 167,
39-29: 17, 61, 349,
39+29: 3, 7,
39-31: 3, 59, 859, 941, 1487,
39+31: 31, 823, 983,
39-32: 3, 23, 79, 97, 1259, 2383,
39+32: 3, 1259,
39-34: 3, 23, 31,
39+34: 7, 43, 733,
39-35: 3, 17, 43, 107, 977,
39+35: 3, 11, 31, 997, 1697, 2377,
39-37: 1879, 2017,
39+37: 3, 331,
39-38: 3, 7, 13, 41,
39+38: 3, 5, 13, 367,
40-1: 5, 7, 19, 23, 29, 541, 751, 1277,
40+1: 53, 67, 1217,
40-3: 5, 1549,
40+3: 3, 17, 439, 2027, 2029,
40-7: 7, 29, 103, 691,
40+7: 439, 461, 1933, 2341,
40-9: 5, 7, 23, 557, 1889,
40+9: 3, 103, 239, 571, 773, 1237,
40-11: 3, 367, 1889,
40+11: 11, 29,
40-13: 113, 1021, 1693,
40+13: 3, 13, 19, 23, 59, 263, 983, 1277, 1409,
40-17: 317,
40+17: 5, 1697,
40-19:
40+19: 3, 13, 17, 67,
40-21: 13, 401, 569, 677, 1399,
40+21: 3, 13, 1109, 1193, 2237,
40-23: 3, 199,
40+23: 13, 373,
40-27: 907, 2341,
40+27: 3, 13, 347,
40-29: 5, 37, 107, 479,
40+29: 5, 61, 197, 1283, 1429,
40-31: 61, 199,
40+31: 3, 13, 349, 733, 863, 1291,
40-33: 5, 13, 103, 521,
40+33: 11, 13,
40-37: 31, 373, 619,
40+37: 3, 53,
40-39: 37, 61, 227, 1163, 2473,
40+39: 5, 19, 47, 463, 997, 1237,
41-1: 3, 83, 269, 409, 1759,
41+1: 17, 691,
41-2: 41, 97, 131, 2411,
41+2: 19, 61,
41-3: 401, 443,
41+3: 3, 5, 307,
41-4: 3, 5, 449,
41+4: 41, 47, 223, 587,
41-5: 79, 353, 1213, 1583, 1933, 2221,
41+5: 7, 37, 197, 677, 1511,
41-6: 19, 79, 1061, 2131,
41+6: 3, 7,
41-7: 3, 313, 881, 941, 947, 2003,
41+7: 5, 17, 29, 47, 67,
41-8: 5, 43, 101, 157,
41+8: 17, 503,
41-9: 3, 17, 19, 23, 127, 173,
41+9: 11, 79, 283, 439, 677,
41-10: 13, 2113,
41+10: 5, 7, 19,
41-11: 47, 101,
41+11: 17, 277,
41-12: 7, 271, 2309,
41+12: 7, 311, 719, 1847, 2027,
41-13: 3, 31, 47, 653, 757,
41+13: 599, 881, 1823,
41-14: 31, 193, 337, 419, 467, 1723,
41+14: 3, 19, 379, 647,
41-15: 3, 11, 19, 41, 193, 571, 643, 1051,
41+15: 3, 193,
41-16: 3, 13, 1579,
41+16: 7, 41,
41-17: 7, 11, 43, 257, 389, 509, 521, 1543,
41+17: 7, 41, 173,
41-18: 1259,
41+18: 5, 7, 17, 29, 89, 881, 1531,
41-19: 5, 7, 809,
41+19: 43, 109, 157, 241, 379, 389, 839, 1613, 1877,
41-20: 19, 41, 53, 67, 311, 1453,
41+20: 127, 227, 401, 1409, 1667,
41-21: 61,
41+21: 5, 19, 563,
41-22: 3, 5, 7, 239,
41+22: 337, 359,
41-23: 5, 13, 17, 701, 727,
41+23: 7,
41-24: 13, 19, 107, 197,
41+24: 7, 1619,
41-25: 3, 5, 19, 241, 919,
41+25: 1021,
41-26: 19, 73,
41+26: 3, 7, 43,
41-27: 3, 23, 107, 269, 307, 1123, 1607,
41+27: 3, 19, 101, 1723,
41-28: 3, 191,
41+28: 5,
41-29: 7, 61, 73, 353,
41+29: 29, 61, 157,
41-30: 5, 7, 29, 137, 149, 241, 1619,
41+30: 7, 43,
41-31: 7, 331, 607,
41+31: 11, 59, 97, 227, 739, 1831,
41-32: 19,
41+32: 5, 43,
41-33: 7, 107, 433, 1237,
41+33: 5, 47, 151,
41-34: 3, 23, 157, 317, 661,
41+34: 37, 197, 199, 229, 613, 1381,
41-35: 17, 41, 199,
41+35: 3, 5, 43, 839, 1291,
41-36: 23, 97, 401,
41+36: 5, 1163, 1283,
41-37: 3, 337, 863,
41+37: 227,
41-38: 5, 7, 17, 29, 401, 1997,
41+38: 3, 17, 157, 569, 1721,
41-39: 3, 17, 347, 1427, 1759,
41+39: 11, 13, 19, 47, 73, 191, 1367,
41-40: 7, 11, 13, 67, 1051,
41+40: 139, 317,
42-1: 1319,
42+1: 3, 709, 1637,
42-5: 3,
42+5: 3, 229, 293, 2237, 2467,
42-11: 3, 7, 13, 109,
42+11: 3, 59, 61,
42-13: 19, 67, 151, 839, 1531,
42+13: 271,
42-17: 3, 1087, 1193, 1721,
42+17: 7, 61, 227, 857,
42-19: 113, 137,
42+19: 3, 11, 307, 563, 691, 1979,
42-23: 3, 23, 41, 199, 733,
42+23: 3, 71,
42-25: 7, 59, 107,
42+25: 43, 1459,
42-29: 3, 5, 7, 11, 317,
42+29: 7, 463,
42-31: 3, 557, 1759,
42+31: 3, 7, 19,
42-37: 19, 59, 577, 631,
42+37: 3, 17, 29, 61, 113,
42-41: 3, 5, 47, 67, 103,
42+41: 3, 17, 19, 41, 43, 163, 487, 1559,
43-1: 5, 13,
43+1: 5, 7, 19, 251, 277, 383, 503,
43-2: 167, 797, 1009,
43+2: 31, 41, 61, 599, 1163, 1231, 1249,
43-3: 3, 19, 271,
43+3: 7, 19, 181, 593, 1117,
43-4: 17, 23, 967,
43+4: 3, 7, 1019, 1801,
43-5: 3, 37, 67,
43+5: 11, 41,
43-6: 3, 19, 61,
43+6: 3, 5, 13, 19,
43-7:
43+7: 3, 13, 17, 19, 1747,
43-8: 17,
43+8: 29, 109, 1279,
43-9: 37, 103, 857, 1667,
43+9: 3, 7, 37, 587,
43-10: 19, 1427,
43+10: 23, 67, 97, 521,
43-11: 617,
43+11: 5, 7,
43-12: 11, 2089,
43+12: 977,
43-13: 11, 13, 31, 73,
43+13: 3, 17, 47,
43-14: 3, 5, 31, 107, 131, 157,
43+14: 7, 79, 107,
43-15: 3, 5, 19, 29, 181, 397, 1367,
43+15: 3, 7, 79, 137, 1171, 1427,
43-16: 5, 11, 59,
43+16: 311, 521,
43-17: 73,
43+17: 7, 11, 47, 53, 787,
43-18: 67, 97, 113, 461, 2029,
43+18: 3, 5, 67,
43-19: 19, 167, 643,
43+19: 5, 107, 149, 457,
43-20: 3, 13, 109,
43+20: 17, 613, 1447,
43-21: 1873, 2297,
43+21: 13, 307, 617,
43-22: 5, 29, 31, 743,
43+22: 7, 23, 109, 233, 2083,
43-23: 41, 619,
43+23: 19, 31,
43-24: 3, 43, 83, 151, 2137,
43+24: 7, 157,
43-25: 5, 71, 2423,
43+25: 3, 571,
43-26: 3, 5, 7, 11, 41,
43+26: 11, 449, 1451, 2221,
43-27: 3, 5, 109, 1789, 2143,
43+27:
43-28: 7, 17, 43, 59, 487,
43+28: 3, 19, 43, 97, 487, 547, 1721,
43-29: 887,
43+29: 5, 1373,
43-30: 241, 1667,
43+30: 3, 151,
43-31: 11, 43, 521, 541,
43+31: 7, 73, 409,
43-32: 61, 373, 1213,
43+32: 19,
43-33: 3, 41,
43+33: 1879,
43-34: 149,
43+34: 3, 13,
43-35: 29, 151, 971, 2153, 2309,
43+35: 5, 19, 71, 257,
43-36: 19, 389, 1163,
43+36: 3, 7, 331, 661, 1061,
43-37: 37, 43, 59, 89, 149, 2267,
43+37: 3, 19, 31, 839,
43-38: 17, 47, 541, 2063,
43+38: 79, 1723,
43-39: 71, 421, 997, 1613, 2131, 2437,
43+39: 3, 5, 61, 139, 881,
43-40: 67, 137,
43+40: 421, 661, 673,
43-41: 13, 19, 109, 461,
43+41: 13, 23,
43-42: 3, 13, 43, 211,
43+42: 11, 43,
44-1: 5, 31, 167,
44+1: 7,
44-3: 5, 29, 883,
44+3: 1847,
44-5: 547,
44+5: 3, 167, 191, 307,
44-7: 3, 7, 13, 23, 31, 103, 157, 179, 263, 439, 1783,
44+7: 7, 281,
44-9: 499,
44+9: 3, 7, 107, 313, 619,
44-13: 3, 7, 17, 61, 503, 643, 967,
44+13: 5, 47, 59, 109, 181, 197, 463,
44-15: 5, 19,
44+15: 5, 7, 31, 71, 647, 827,
44-17: 7, 13, 1303, 2027,
44+17: 5, 17, 43, 199, 307,
44-19: 13, 29, 47, 131, 181,
44+19: 23, 43, 59, 67, 127, 787, 1453,
44-21: 3, 29, 757,
44+21: 3, 61, 83, 127,
44-23: 271, 433, 1151,
44+23: 3, 5, 19, 1229,
44-25: 7, 157, 269, 457, 1051,
44+25: 7, 19, 59,
44-27: 3, 5,
44+27: 5, 127, 1801,
44-29: 13, 787, 2311,
44+29: 19, 23, 59, 97, 997,
44-31: 3, 19, 577,
44+31: 61, 67, 1471, 1997,
44-35: 73, 1579,
44+35: 3, 7, 17, 977,
44-37: 3, 13, 43, 821,
44+37: 7, 1327,
44-39: 13,
44+39: 3, 5, 67,
44-41: 5, 13,
44+41: 13, 43, 71, 1789,
44-43: 37, 283,
44+43:
45-1: 19, 53, 167,
45+1: 103, 157,
45-2: 7, 89, 167,
45+2: 17, 281, 463,
45-4: 3, 7, 47, 401, 1237,
45+4: 3, 79, 2381,
45-7: 3, 17, 23, 109,
45+7: 3, 127, 137, 601, 919, 1093, 2089,
45-8: 5, 83, 859,
45+8: 73, 331, 853,
45-11: 41, 79, 331,
45+11: 859,
45-13: 5, 7, 53, 223,
45+13: 3, 7, 67, 1009,
45-14: 3, 23, 59, 97,
45+14: 137,
45-16: 3, 7, 73, 223, 587,
45+16: 13, 47, 1361, 1559,
45-17: 3, 5, 13, 19, 31, 293,
45+17: 3, 7, 1291,
45-19: 313, 1373,
45+19: 3, 23, 29, 163,
45-22: 3, 5, 11, 61, 617, 1997,
45+22: 29, 163, 1873,
45-23: 47, 157, 359,
45+23: 5, 409,
45-26: 11, 17,
45+26: 3, 5, 7, 167, 317, 331,
45-28: 137, 313, 317,
45+28: 3, 19, 31, 1741,
45-29: 5, 11, 43, 191, 227, 983,
45+29: 7, 397, 967,
45-31: 101,
45+31: 79, 101,
45-32: 17, 37, 61, 349,
45+32: 3, 563, 839, 881,
45-34: 5, 7, 37, 271, 827,
45+34: 19, 1163,
45-37: 3, 13, 43, 109,
45+37: 11, 17, 109, 599,
45-38: 3, 239, 269, 739, 859,
45+38: 3, 2293,
45-41: 5, 7, 11, 19, 71, 193,
45+41: 3, 37, 181, 1787,
45-43: 379, 1297, 1381,
45+43: 7, 97, 1753,
45-44: 5, 151, 223, 313, 1277,
45+44: 5, 43, 151, 211, 487,
46-1: 7, 19, 67, 211, 433, 2437,
46+1: 7, 23, 59, 71, 107, 223, 331, 2207,
46-3: 5, 17, 53, 2113,
46+3: 3,
46-5: 3,
46+5: 13, 67,
46-7: 37, 41, 127, 659,
46+7: 7, 181,
46-9: 7, 17, 43, 83, 431,
46+9: 3, 7,
46-11: 13, 1907,
46+11:
46-13: 7, 37, 257,
46+13: 307, 353, 2381,
46-15: 5, 17, 59, 101, 389, 2381,
46+15: 157, 383,
46-17: 3, 211, 977, 2089,
46+17: 5, 53, 59, 127, 211, 503, 541,
46-19: 151, 691,
46+19: 29, 59, 823,
46-21: 43, 127, 283, 401, 487,
46+21: 5, 7, 13, 167, 1237,
46-25: 5,
46+25: 7, 11, 379,
46-27: 7, 11, 17, 59, 103, 947, 1213,
46+27: 193,
46-29: 113, 311, 421,
46+29: 89,
46-31:
46+31: 5, 17, 491, 1291, 1487,
46-33: 3, 61, 631,
46+33: 23, 137,
46-35: 3, 5, 19, 31, 1987,
46+35: 23, 379,
46-37: 5, 197, 227, 311,
46+37: 3,
46-39: 3, 673, 1021,
46+39: 31, 89, 113, 439,
46-41: 3, 7, 13, 317,
46+41: 107, 547,
46-43: 139, 787,
46+43: 3, 7, 881,
46-45: 3, 1087, 1879,
46+45: 17, 233, 1109,
47-1: 127,
47+1: 5, 19, 23, 79, 1783,
47-2: 17, 103, 773, 2467,
47+2: 11, 13, 103,
47-3: 5, 373,
47+3: 631,
47-4: 7,
47+4: 53, 139, 853,
47-5: 29, 1019,
47+5: 3,
47-6: 5, 233, 673, 1747, 2393,
47+6: 7, 11, 79, 449,
47-7: 11, 29, 41, 53,
47+7: 919,
47-8: 139, 191, 389, 1627, 2221,
47+8: 19, 41, 71, 881,
47-9: 3, 1951, 2221,
47+9: 3, 71, 487,
47-10: 241, 307, 449, 1699,
47+10: 29, 53, 337,
47-11: 11, 157, 659, 1907,
47+11: 127, 367, 647,
47-12: 3, 47, 61, 449, 607,
47+12: 3, 7, 13, 19, 37, 409, 647,
47-13: 5, 19, 37, 229, 461,
47+13: 11, 17, 257,
47-14: 7, 37, 79, 811,
47+14: 3, 13, 29, 1153,
47-15: 373,
47+15: 983,
47-16: 3, 1231, 1283,
47+16: 5, 13, 199, 233, 1201,
47-17: 19, 29, 59,
47+17: 3, 61, 127, 283, 593,
47-18: 5, 7, 139, 257,
47+18: 7, 17, 31, 101, 2437,
47-19: 3, 11, 19, 439,
47+19: 31,
47-20: 7, 19, 67, 839, 2203,
47+20: 3, 5,
47-21: 3, 127, 439, 2273,
47+21: 3, 37,
47-22: 3, 7, 13, 31, 53, 131, 211, 631, 1327,
47+22: 499,
47-23:
47+23: 3, 43, 1109,
47-24: 5, 17, 1061, 1667,
47+24: 3, 29, 37,
47-25: 19, 31, 43,
47+25: 31, 151, 743,
47-26: 211, 2377,
47+26: 3, 7, 19, 127, 853,
47-27: 31, 67, 227,
47+27: 3, 13, 617,
47-28: 5, 7, 41, 43,
47+28: 7, 281,
47-29: 7, 31, 47, 107, 739, 1151,
47+29: 7, 11,
47-30: 3, 5, 7, 733,
47+30: 3, 13, 197, 479,
47-31: 7, 13, 31, 71, 167, 347, 613,
47+31: 5, 61, 1051, 1601,
47-32: 7, 37, 47, 67, 1049,
47+32: 41, 1777,
47-33:
47+33: 3, 251,
47-34: 19, 541,
47+34: 31, 41, 2377,
47-35: 383, 647, 941, 2029,
47+35: 3, 11, 1093,
47-36: 3, 7, 47, 277, 617, 839,
47+36: 19, 89, 569, 691,
47-37: 151, 347, 883,
47+37:
47-38: 13, 41, 271,
47+38: 3, 23, 67, 193, 311,
47-39: 3, 19, 83,
47+39: 463,
47-40: 3, 41, 821,
47+40: 227, 463,
47-41: 5, 13, 37, 181, 449, 739,
47+41: 5, 7, 73, 977, 1787,
47-42: 7, 11, 19, 293, 349,
47+42: 3, 53, 463,
47-43: 3, 5, 281,
47+43:
47-44: 5, 23, 41,
47+44: 397, 971, 1283,
47-45: 7, 13, 31, 157, 283, 1181, 1297,
47+45: 17, 19, 31, 241, 937,
47-46: 5, 17, 67, 73, 691,
47+46:
48-1: 19, 269, 349, 383, 1303,
48+1: 5, 17, 131,
48-5: 109, 353, 1447,
48+5: 3, 5, 31,
48-7: 3, 5, 61, 71, 79,
48+7: 3, 19, 31, 41,
48-11: 3, 563, 733, 941, 1039,
48+11: 7, 79, 109, 163, 439, 797,
48-13: 43,
48+13: 17, 103, 727, 1451, 2213,
48-17: 5, 13, 103,
48+17: 3, 7, 137,
48-19: 19,
48+19: 3, 7, 29, 61, 109,
48-23: 7, 13, 977,
48+23: 31, 53,
48-25: 3, 97,
48+25: 317,
48-29: 1051,
48+29: 3, 5, 43, 1889,
48-31: 53, 379, 421,
48+31: 3, 5, 19, 41, 797, 2153,
48-35: 3, 107, 149, 307, 1259, 1429,
48+35: 7, 19,
48-37: 3,
48+37:
48-41: 3, 59, 389, 751,
48+41: 3, 1777,
48-43: 3, 11, 31, 257, 397, 1069,
48+43: 3, 107, 113, 821, 839,
48-47:
48+47: 13, 31, 631,
49-1:
49+1: 7, 19, 37, 83, 1481,
49-2: 3, 5, 29, 89,
49+2: 13, 307, 1187,
49-3: 3, 19, 139,
49+3: 5, 23, 109,
49-4:
49+4: 3, 5, 31, 1913,
49-5: 3, 13, 61, 71, 197, 199, 233, 313, 2153,
49+5: 1171,
49-6: 3, 5, 71, 541,
49+6: 3, 701,
49-8: 3, 5, 7, 197, 223, 233,
49+8: 17, 43, 191, 563,
49-9:
49+9: 5, 23, 67, 239, 263, 311, 887,
49-10: 17, 101, 137,
49+10: 3, 31, 311, 373, 1979,
49-11: 3, 1999, 2467,
49+11: 7, 19, 157,
49-12: 17, 1489,
49+12: 5, 11, 199, 1109,
49-13: 5, 37, 1129, 1171, 1861,
49+13: 3, 13, 71, 269, 1087,
49-15: 3, 7, 11, 23, 311, 571,
49+15: 5, 7, 79, 467, 1907,
49-16:
49+16: 3, 41, 1399,
49-17: 5, 7, 157, 2113,
49+17: 7,
49-18: 3, 7, 167,
49+18: 7, 11, 19, 227, 229, 1753,
49-19: 7, 563, 983,
49+19: 3, 449, 719, 1381, 1549, 2351,
49-20: 11, 37, 61, 887,
49+20: 29, 47,
49-22: 313, 1657,
49+22: 59,
49-23: 3, 19, 29, 173, 397, 811, 947,
49+23: 7, 13, 101, 1327,
49-24: 3, 41, 71,
49+24: 3,
49-25:
49+25: 3, 41, 97, 251, 587,
49-26: 37,
49+26: 13, 31, 461, 467,
49-27: 409,
49+27: 13, 29, 1367,
49-29: 3, 31,
49+29: 11, 59, 113, 181, 199, 241, 1447, 1627,
49-30: 5, 11, 1429,
49+30: 3, 7, 13, 19, 1571,
49-31: 13, 31, 127, 157, 269, 1097,
49+31: 7, 13, 151,
49-32: 3, 7, 1021,
49+32: 11, 61, 67, 419, 2029,
49-33: 3, 5, 11, 17, 701, 1187,
49+33: 3, 5, 13, 181, 563,
49-34: 7, 11, 83, 229, 1093, 2411,
49+34: 5, 1291,
49-36:
49+36: 3, 1877,
49-37: 7, 13, 173, 2207,
49+37: 5, 7, 41, 199, 977, 1987,
49-38: 887,
49+38: 5, 7, 31, 37, 43, 47, 1303, 1373,
49-39: 19, 167, 607, 1471,
49+39: 3, 337,
49-40: 13, 181, 509, 809, 1657,
49+40: 7, 31, 37, 43, 53, 67, 163, 751,
49-41: 3, 7, 19, 109, 2381,
49+41: 19, 223,
49-43: 5, 13, 17, 269,
49+43: 3, 61, 1009, 1061,
49-44: 11, 109,
49+44: 5, 19, 211, 223, 379, 509,
49-45: 37, 71, 139,
49+45: 3, 5,
49-46:
49+46:
49-47: 1531,
49+47: 7, 673,
49-48: 3, 7, 379,
49+48: 491,
50-1: 3, 5, 127, 139, 347, 661, 2203,
50+1: 1153,
50-3: 3, 17, 367,
50+3: 43, 109, 179, 239,
50-7: 103, 263, 347, 2011,
50+7: 59, 109,
50-9: 17, 67,
50+9: 3, 197, 277, 1931,
50-11: 5,
50+11: 109, 2221,
50-13: 3, 7, 17, 173,
50+13: 31, 1423,
50-17: 5, 109, 227, 523, 563, 577,
50+17: 17, 109, 2179,
50-19: 59,
50+19: 5, 17, 137, 557,
50-21: 7, 41,
50+21: 5, 7,
50-23: 7, 43, 61, 67, 317, 1291,
50+23: 3, 19, 179,
50-27: 5, 11, 17, 457,
50+27: 3, 5, 13, 31, 2083,
50-29: 31, 47,
50+29: 7, 71,
50-31: 3, 5, 71, 563, 1777,
50+31: 17, 53, 1069,
50-33: 23, 47, 331,
50+33: 17, 19, 47, 1153,
50-37: 31, 41, 47, 127, 613,
50+37:
50-39: 13, 73, 563,
50+39: 5, 2113,
50-41: 7, 13, 71,
50+41: 3, 5, 11, 1129,
50-43: 19, 1279,
50+43:
50-47: 5, 13, 19,
50+47: 41, 71, 73, 701,
50-49: 3, 31, 67, 197, 2473, 2477,
50+49: 5, 1667,
51-1:
51+1: 3, 149,
51-2: 3, 47, 79, 773, 1427, 2371,
51+2: 3, 193, 311, 1021,
51-4: 11, 31, 103, 139, 491,
51+4: 13, 23, 61, 227, 1423,
51-5: 109, 1607,
51+5: 3, 1021,
51-7: 7, 17, 353, 1181,
51+7: 3, 7, 107,
51-8: 7, 47, 67, 227,
51+8: 5, 13, 17, 2371,
51-10: 13, 17, 223, 709,
51+10: 7, 109, 199, 769,
51-11: 19, 29, 107,
51+11: 3, 11, 13, 17, 71,
51-13: 3, 109,
51+13: 83,
51-14: 3, 5, 7, 17, 71, 223, 241, 571, 1811,
51+14: 3, 7, 31, 59, 71, 331, 601,
51-16: 3,
51+16: 31, 79,
51-19: 3, 43, 821, 883,
51+19: 3, 29, 67, 89, 191, 1861,
51-20: 3, 59, 2473,
51+20:
51-22: 5, 521, 1361,
51+22: 7, 13, 71, 131,
51-23: 5, 17, 47, 257, 2467,
51+23: 227, 271, 773,
51-25: 37, 127, 929,
51+25: 3, 197, 577,
51-26: 3, 13, 439,
51+26: 3, 19, 211, 269, 317, 1153,
51-28: 3, 13,
51+28: 5, 13, 41,
51-29: 13, 19, 37, 59,
51+29: 7, 449,
51-31: 7, 541, 2347,
51+31: 7, 17, 31,
51-32:
51+32: 3, 1019,
51-35: 67, 89, 101, 211, 587,
51+35: 17, 19,
51-37: 3, 59, 1009,
51+37: 3, 19, 251,
51-38: 577,
51+38:
51-40: 181,
51+40: 3, 1103,
51-41: 3,
51+41: 5, 19,
51-43: 7, 157, 863, 1231,
51+43: 5, 7, 11, 211,
51-44: 3, 337, 409, 1277,
51+44: 3, 11, 379, 2411,
51-46: 283,
51+46: 3, 17, 163, 383, 1019,
51-47: 3, 11, 1409,
51+47: 461,
51-49: 7, 503,
51+49: 3, 13, 17, 101, 191, 827,
51-50: 7, 139, 383, 1187,
51+50: 3, 5, 23, 79, 229, 1307,
52-1: 103, 257,
52+1: 7, 163, 197, 223, 467,
52-3:
52+3: 3, 421,
52-5: 7, 43, 617, 907, 1399,
52+5: 13, 31,
52-7: 89, 263,
52+7: 3, 127,
52-9: 3, 5, 1319, 1453,
52+9: 17, 397, 1823,
52-11: 17, 199, 211, 1621,
52+11: 5, 13,
52-15: 3, 5, 227,
52+15: 19, 227,
52-17: 3, 31, 71, 193,
52+17: 5, 7, 1789,
52-19: 5, 13, 19, 73, 337,
52+19: 107, 241, 283, 883,
52-21: 7, 157,
52+21: 3, 7, 977, 1051,
52-23: 7, 439,
52+23: 11, 79, 199,
52-25: 41, 311, 367, 397, 1117,
52+25: 3, 17, 47, 67, 643,
52-27: 283, 769,
52+27: 3, 7, 101, 271, 983,
52-29: 7, 19, 41,
52+29: 13, 17, 47, 53, 89, 97, 1571,
52-31: 19, 659,
52+31: 3, 7, 47,
52-33: 5, 7, 1151, 2029,
52+33: 19, 617,
52-35: 3,
52+35: 5, 47, 227, 727,
52-37: 7, 433, 1117, 1787,
52+37: 61, 263, 601, 853, 857,
52-41:
52+41: 5, 11, 1279, 2269,
52-43: 7, 17, 167, 541,
52+43: 13, 23, 79, 409, 2269,
52-45: 3, 5, 223, 367, 2467,
52+45: 3, 7, 13,
52-47: 19, 97, 257, 379, 523, 1553, 1619,
52+47: 19, 277, 1051, 1439, 1907,
52-49: 23,
52+49: 3, 7, 103, 223, 1861,
52-51: 29, 109, 179,
52+51: 31, 491, 739,
53-1: 11, 31, 41, 1571,
53+1:
53-2: 197, 859,
53+2: 3, 67, 2467,
53-3: 7, 19,
53+3: 3, 887,
53-4: 3, 101, 349, 367, 587,
53+4: 5, 29,
53-5: 7, 113, 167, 479, 571,
53+5: 61, 479,
53-6: 3, 67, 173, 2251,
53+6: 19, 43,
53-7: 3, 19, 41, 157, 163,
53+7: 7, 181,
53-8: 13, 19, 647,
53+8: 13, 313, 2389,
53-9: 5, 31, 337, 991,
53+9: 5, 17, 19, 29, 577, 797,
53-10: 19, 79, 617, 1237,
53+10: 97, 101, 907,
53-11: 73, 97, 397, 1429,
53+11: 3, 7, 139, 373,
53-12: 7, 11, 31, 389,
53+12: 23, 37, 139,
53-13: 79,
53+13: 47, 59, 691,
53-14: 163, 1481,
53+14: 5, 109, 163, 179, 227, 463,
53-15: 79, 487,
53+15: 3, 29, 797,
53-16: 17, 41, 733,
53+16: 5, 353, 1889,
53-17: 7, 17, 167,
53+17: 11, 67, 641,
53-18: 31, 139,
53+18: 3,
53-19: 3, 5, 7, 661,
53+19: 11, 17, 1049,
53-20: 13, 97, 157, 1163,
53+20: 421, 2477,
53-21: 3, 7, 331,
53+21: 3, 151,
53-22: 139,
53+22: 73, 983,
53-23: 11, 13, 17,
53+23: 5, 439,
53-24: 3, 97, 307,
53+24: 3, 151, 2153,
53-25: 3, 73, 239,
53+25: 5, 7, 47, 97, 233,
53-26: 19, 71,
53+26: 29, 37, 1783,
53-27: 3, 37, 71,
53+27: 79, 853, 1783,
53-28: 3, 47, 67, 211,
53+28: 13, 103, 347,
53-29: 5, 43, 379, 1567,
53+29: 3, 211,
53-30: 5, 373, 397, 563, 1601,
53+30: 7, 1531,
53-31: 3,
53+31: 5, 19, 71, 109, 883,
53-32: 13, 37, 797,
53+32: 3, 41, 47, 701,
53-33: 3, 13, 31, 107, 2351,
53+33: 5, 11, 47, 107, 191, 463, 983, 1009, 1361,
53-34: 61, 137, 139, 167, 683,
53+34: 7, 11,
53-35: 5, 157, 269, 337,
53+35: 3, 167, 229, 457, 2053,
53-36: 41, 383,
53+36: 7,
53-37: 17, 31, 349,
53+37: 1231, 1279,
53-38: 43, 137, 277, 1487,
53+38: 3, 257, 509,
53-39: 3, 449, 607, 1193, 1213,
53+39: 7, 17,
53-40: 3, 47, 751,
53+40: 7, 2269,
53-41: 5, 19,
53+41: 19, 97, 1103,
53-42: 163,
53+42: 3, 17, 41, 1399, 1931,
53-43: 29, 103, 157, 2131,
53+43: 2273,
53-44: 1429,
53+44: 13, 73, 127, 439, 1931,
53-45: 3, 19,
53+45: 13, 31, 79, 751,
53-46: 19, 1307, 1583,
53+46: 5, 347, 1861,
53-47: 19,
53+47: 7, 53,
53-48: 11, 19, 109,
53+48: 269, 293, 2417,
53-49: 229,
53+49:
53-50: 7, 389, 569,
53+50: 3, 41, 71, 1699,
53-51: 5, 31, 191,
53+51: 3, 11,
53-52: 3, 19, 29, 37, 1879,
53+52: 43, 397,
54-1: 3, 389,
54+1: 7, 19, 67, 197, 991,
54-5: 19, 1201,
54+5: 3, 19, 199, 281, 467,
54-7: 3, 41,
54+7: 5, 7, 109, 127, 317,
54-11: 3, 5, 7, 11, 353, 491, 701, 937, 1669,
54+11: 17, 19,
54-13: 83,
54+13: 3, 5, 19, 353, 1933, 2237,
54-17: 47,
54+17: 3, 73, 199, 331,
54-19: 17, 19, 47,
54+19: 3, 5,
54-23: 19,
54+23: 3, 5, 211, 1297,
54-25: 7, 31, 383, 571, 877,
54+25: 349,
54-29: 3, 17, 1063,
54+29: 5, 31, 139, 359,
54-31: 5, 7, 11, 13,
54+31: 3, 19,
54-35: 389, 1723,
54+35: 3, 1291,
54-37: 5, 7, 677,
54+37: 3, 17, 661,
54-41: 41,
54+41: 3, 43, 47, 757,
54-43: 19, 37, 881,
54+43: 5, 7, 151, 281,
54-47: 5,
54+47: 31, 37, 887, 1429,
54-49: 3, 59, 73, 367, 593, 1667,
54+49: 3, 7, 19, 61, 157, 1753,
54-53: 479, 1129,
54+53: 7, 53, 769,
55-1: 17, 41, 47, 151, 839, 2267,
55+1: 3, 5, 179, 229, 1129, 1321, 2251,
55-2: 149, 2143,
55+2: 5, 13, 31, 211, 331, 461,
55-3: 79, 127, 269, 347,
55+3: 239,
55-4: 1213,
55+4: 5,
55-6: 3, 1201, 1597,
55+6: 3, 5, 29,
55-7: 13, 911, 1801,
55+7: 3, 5, 127, 223, 1601,
55-8: 3, 109, 149, 919, 1997,
55+8: 41, 67, 599,
55-9: 7, 109,
55+9: 37, 179,
55-12: 13, 67,
55+12: 11, 19, 59, 61, 97, 727, 2267,
55-13: 5, 71, 73, 1051, 2267, 2377,
55+13: 7, 13, 19, 37, 269, 353,
55-14: 5, 7,
55+14: 19, 47, 307,
55-16: 7, 19, 29,
55+16: 5, 7, 11,
55-17:
55+17: 13, 17, 251,
55-18: 3, 59, 71, 971,
55+18: 11, 19,
55-19:
55+19: 3, 13, 499,
55-21: 3, 7,
55+21: 3, 17, 23, 193, 617, 1051,
55-23: 19, 31, 167,
55+23: 109, 359, 379,
55-24: 5, 7, 691, 1783,
55+24: 3,
55-26: 71, 1697,
55+26: 7, 53,
55-27: 5, 47,
55+27: 3, 191, 1511,
55-28: 43, 383, 599, 971,
55+28: 3, 7,
55-29: 5,
55+29: 5, 13, 31, 379,
55-31:
55+31: 3, 5, 37, 107, 1867,
55-32: 5, 11, 17, 211,
55+32: 5, 7, 53, 593, 641,
55-34: 311, 929, 2377,
55+34: 3, 5, 23, 109, 277, 409, 433, 2243,
55-36: 3, 5, 229,
55+36: 3, 5, 389, 1933, 1973,
55-37: 727,
55+37: 5, 17, 29, 929,
55-38: 7, 443, 467, 643,
55+38: 5, 13, 1021,
55-39: 3, 5, 61, 151, 863,
55+39: 5, 7, 17, 41, 977,
55-41: 3, 5, 239, 293, 557,
55+41: 107, 811, 2017,
55-42: 5, 19, 197, 421, 823, 2207,
55+42: 5, 19, 59, 151, 457,
55-43: 17, 31,
55+43: 97,
55-46: 31, 653, 1151,
55+46: 17, 71, 293,
55-47: 37, 103, 107, 109, 241,
55+47: 7, 19, 617,
55-48: 19, 53, 419, 1303,
55+48: 3, 11, 13, 31, 149,
55-49: 47,
55+49: 3, 11, 23, 941, 1987,
55-51: 3, 5, 17, 29, 37,
55+51: 7, 13, 19, 83, 193, 2153,
55-52: 5, 191, 821, 2341,
55+52: 139, 257,
55-53: 337, 557, 607,
55+53: 5, 17, 37, 487, 587, 919,
55-54: 5, 7, 701,
55+54: 3, 19, 29, 163, 311,
56-1: 7, 157, 2083, 2389,
56+1: 37, 107, 1063,
56-3: 3, 199, 521, 1433,
56+3: 13, 43, 433,
56-5: 59, 191, 263, 1621,
56+5: 7, 19, 107, 881, 1063,
56-9: 11, 13, 1069,
56+9: 3, 37,
56-11: 13, 677,
56+11: 1901, 2441,
56-13: 23, 1669,
56+13: 11, 179,
56-15: 3, 47, 829, 887,
56+15: 3, 11, 359, 929,
56-17: 5,
56+17: 3, 11, 13, 167, 223, 463, 1607,
56-19: 3, 31, 71, 449, 463, 1823,
56+19:
56-23: 5, 23, 1163, 1373,
56+23: 3, 7, 11, 397, 733, 1229, 1277,
56-25: 73, 769, 1151,
56+25: 5, 2089,
56-27: 17, 67, 601,
56+27: 17, 41, 349, 467, 661,
56-29: 5, 401,
56+29: 37, 97, 101,
56-31: 7, 47, 61, 293, 769,
56+31: 5, 7, 17,
56-33: 3, 5, 7,
56+33: 3, 11, 19, 79,
56-37: 3, 37, 1759,
56+37: 5, 7, 29, 199, 601, 617, 1237, 1733,
56-39: 3, 1931,
56+39: 3, 37,
56-41: 11, 19, 101, 181, 239,
56+41: 3, 19, 137, 1901,
56-43: 3, 5, 467,
56+43: 29, 31,
56-45: 3, 7, 53, 107, 1303, 2297,
56+45:
56-47:
56+47: 3, 13, 29, 97,
56-51: 31, 179, 631, 691,
56+51: 353,
56-53: 19, 269,
56+53: 41, 971,
56-55: 3, 17, 293, 1303,
56+55: 7, 17, 479,
57-1: 3, 17, 109, 151, 211, 661,
57+1: 53, 227,
57-2: 7, 239, 389, 2417,
57+2: 5, 73,
57-4: 5, 23, 31, 401,
57+4: 3, 167,
57-5: 3, 53, 281, 1861,
57+5: 13, 197, 1201,
57-7: 3, 283,
57+7: 5, 17, 157, 1009,
57-8: 3, 23, 73,
57+8: 3,
57-10: 3, 127, 347,
57+10: 7, 101, 167,
57-11: 7, 97, 739,
57+11: 107, 1571, 1997,
57-13: 3, 313, 1549, 1571,
57+13: 3, 73, 967, 1193, 1451, 1999,
57-14: 3, 31, 59, 211, 313,
57+14: 3, 19, 421,
57-16: 5, 13,
57+16: 3,
57-17: 3, 479,
57+17: 7, 29, 61, 691, 1031,
57-20: 3, 5, 7, 13, 43,
57+20: 13, 1213,
57-22: 3,
57+22: 5, 97, 863,
57-23: 11, 29,
57+23: 3, 13, 17, 509,
57-25: 37, 79, 211, 331, 613,
57+25: 2011,
57-26: 3, 7,
57+26: 547,
57-28: 7, 13, 73, 103, 199, 1997,
57+28: 3, 43, 617,
57-29: 3, 11, 17,
57+29: 3, 7, 13, 79, 139,
57-31: 53, 499,
57+31: 7, 17, 157, 269,
57-32: 7, 13, 23, 31, 53, 311, 1117, 1979,
57+32: 5, 13, 67,
57-34: 3, 5, 17, 37, 47, 67,
57+34: 3, 17, 109,
57-35: 3, 1229,
57+35: 5, 11, 17, 2087,
57-37: 7, 449,
57+37: 19, 23,
57-40: 3, 487, 643, 1493,
57+40: 7,
57-41: 31, 409,
57+41: 3, 13, 797,
57-43: 3, 61, 67, 103, 317, 379, 823,
57+43: 3, 11, 31, 349, 499, 1571,
57-44: 1093,
57+44: 3, 223, 701, 941, 2099, 2137,
57-46: 13,
57+46: 7, 11, 31, 37, 43, 317,
57-47: 13, 331, 1097,
57+47: 7, 19, 281,
57-49: 3, 5, 11, 13, 337, 2207,
57+49: 3, 83, 227,
57-50: 3, 31, 47, 229, 383,
57+50: 199, 881, 1153,
57-52: 73, 131, 173,
57+52: 5, 59, 61, 89, 433,
57-53: 13, 17,
57+53: 3, 59,
57-55: 5, 367,
57+55: 107, 109, 743,
57-56: 19, 769, 773,
57+56:
58-1: 41, 2333,
58+1: 3, 17, 1447,
58-3: 3, 127, 467,
58+3: 5,
58-5: 47, 71,
58+5: 19, 31, 263, 293,
58-7: 5, 71, 109, 349, 443, 577, 1747,
58+7: 47, 103, 257, 379, 521, 859,
58-9: 3,
58+9: 5, 1021, 1549,
58-11: 17,
58+11: 71, 83, 389, 1877,
58-13: 17, 109, 131, 733,
58+13: 7, 13, 1531,
58-15: 223,
58+15: 3, 7, 19, 601,
58-17: 3, 5, 29, 149,
58+17: 13, 19, 61, 97, 283, 499, 709, 1151,
58-19:
58+19: 5, 2269,
58-21: 3, 5, 7, 59, 1277, 1471,
58+21: 7, 13, 19, 83, 421, 757,
58-23: 3, 11, 19,
58+23: 19, 197,
58-25: 1483,
58+25: 3, 13, 193, 1571,
58-27: 3, 19, 73,
58+27: 7, 67, 331, 691,
58-31: 7, 59, 71, 79, 109,
58+31: 7, 11, 43, 103, 769,
58-33: 3, 31, 241, 659, 971, 2239,
58+33: 3, 19, 197,
58-35: 3, 5, 59, 1307, 2333,
58+35: 59, 113, 163, 401,
58-37: 17, 71, 397, 1667, 1949,
58+37: 7, 79, 479, 1301,
58-39: 13,
58+39: 7, 17, 661, 911,
58-41: 7, 47,
58+41: 1279,
58-43: 7, 193, 719,
58+43: 3, 7, 13, 31, 37, 1009,
58-45: 83, 151, 167, 1759, 2129,
58+45: 113, 173, 881,
58-47: 109, 149, 347,
58+47: 11, 13, 19, 397, 983,
58-49:
58+49: 5, 31, 43, 53,
58-51: 3, 17, 367, 811,
58+51: 7, 151, 457, 1627,
58-53: 19,
58+53: 13, 79,
58-55: 7, 389,
58+55: 5, 29, 1231,
58-57: 5,
58+57: 3, 7, 1319,
59-1: 3, 13, 479,
59+1: 17, 43, 991,
59-2: 47, 167, 397, 421, 829,
59+2: 59, 137, 157, 313, 521,
59-3: 109, 131,
59+3: 3, 5, 7, 103, 1787,
59-4: 3, 109, 197, 601, 1867,
59+4: 13, 67, 157, 389,
59-5: 7, 151, 739,
59+5: 13,
59-6: 31, 71, 127, 173, 227, 541, 631,
59+6: 3, 11,
59-7: 3, 29,
59+7: 463, 1913,
59-8: 103, 151, 641,
59+8:
59-9: 3, 53, 79,
59+9: 11, 19, 359, 1693,
59-10: 1291,
59+10: 11, 563, 2473,
59-11: 17,
59+11: 3, 67, 613, 653,
59-12: 79, 1621, 1669, 1831,
59+12: 3, 11, 13,
59-13: 5, 7, 13, 199, 2083,
59+13: 17, 151, 223, 239, 1747,
59-14: 7, 103, 113, 397, 613,
59+14: 3, 7,
59-15: 3, 5, 7,
59+15: 5, 7, 31, 151,
59-16: 19, 31, 107, 271, 541, 929, 1301,
59+16: 11, 29, 109, 421, 2027, 2281,
59-17: 5, 547,
59+17: 3, 139, 2269,
59-18: 7, 29, 1031, 1609,
59+18: 137, 439,
59-19: 7, 19, 197, 457,
59+19: 79, 347, 1831,
59-20: 1277,
59+20: 5, 271,
59-21: 47, 61, 127, 1823,
59+21: 3, 7, 47,
59-22: 13, 17, 29,
59+22: 5, 67, 449,
59-23: 167, 331,
59+23: 5, 47, 83, 829, 839,
59-24: 211, 239,
59+24: 7, 19, 43, 59, 1277,
59-25: 3, 29, 31, 37, 353, 617, 857, 1117,
59+25: 17, 47, 349, 373,
59-26: 13, 59,
59+26: 7, 139, 479,
59-27: 7, 19,
59+27: 3, 269, 283,
59-28: 67, 1409,
59+28: 179, 283,
59-29: 587, 617,
59+29: 31, 37, 283, 1021,
59-30: 3, 5, 79,
59+30: 83, 139,
59-31: 3,
59+31: 7, 17, 47, 2447,
59-32: 7, 113, 139, 2309,
59+32: 3, 19, 401,
59-33: 7, 11, 31, 83, 1471,
59+33: 5, 11, 521, 587,
59-34: 73, 197,
59+34: 5, 211,
59-35: 233, 479,
59+35: 13, 23, 43, 821,
59-36: 11, 307,
59+36: 11, 547,
59-37: 73, 1303,
59+37: 7, 1249, 1609,
59-38: 103,
59+38: 3, 5, 19, 197, 443, 613, 829, 1231,
59-39: 277, 1571, 1747,
59+39: 211, 887,
59-40: 5, 1619,
59+40: 109,
59-41: 19, 89, 197, 313,
59+41: 7, 17, 61,
59-42: 3, 41, 1163,
59+42: 3, 17, 2111,
59-43: 3,
59+43: 13, 43, 1163, 1217,
59-44: 73, 149,
59+44: 5, 17, 349,
59-45: 3, 17, 113, 139, 293,
59+45: 3,
59-46: 3, 5, 31, 47, 199, 263, 823,
59+46: 17, 47, 1511,
59-47: 17, 179,
59+47: 3, 5, 659, 1601,
59-48: 19,
59+48: 3, 7, 11, 13,
59-49: 223, 317, 449, 1039, 1129,
59+49: 227, 317, 691,
59-50: 7, 83, 929,
59+50: 11, 61, 313, 1153,
59-51: 3, 11, 13, 67, 101, 751, 1051, 1093,
59+51: 29, 223, 971,
59-52: 5, 17, 31, 223, 941, 1181,
59+52: 367, 1823, 2399,
59-53: 11, 1123,
59+53: 3, 23,
59-54: 29, 1163,
59+54: 19, 67, 1667,
59-55:
59+55: 29, 47, 53, 79,
59-56: 13, 211,
59+56: 3, 7, 67, 653,
59-57: 3, 311, 1979,
59+57: 19, 773,
59-58: 3, 7, 1123,
59+58: 7, 19, 29, 139, 1999,
60-1: 7, 11, 53, 173,
60+1: 3, 937, 1667,
60-7:
60+7: 3, 13, 79, 419,
60-11: 5, 19, 1259,
60+11: 3, 5, 151, 167, 191,
60-13: 3, 5, 23, 167,
60+13: 71, 1213,
60-17: 3, 641,
60+17: 1613, 1693,
60-19: 3, 71, 167, 199, 631,
60+19: 7, 97,
60-23: 7, 71, 547, 827, 1733,
60+23: 3, 5, 41, 839,
60-29:
60+29: 31, 59, 67, 1051,
60-31: 3, 7, 41,
60+31: 197, 457,
60-37: 7, 17, 37, 389, 653,
60+37: 3, 5, 13,
60-41: 3, 1231, 2477,
60+41: 13, 19, 547,
60-43: 47, 61, 349,
60+43: 19, 31,
60-47: 3, 691, 1489, 1913,
60+47: 61,
60-49: 3,
60+49: 3, 5, 37, 71, 421,
60-53: 23,
60+53: 3, 5, 11, 61,
60-59:
60+59: 3, 13, 853, 2027,
61-1: 7, 37, 107, 769,
61+1: 7, 41, 359,
61-2: 3, 19,
61+2: 23, 113,
61-3: 5, 11, 31,
61+3: 3, 31,
61-4: 5,
61+4: 1609,
61-5: 3, 83, 857, 1361, 1669,
61+5: 1163, 1229,
61-6: 167,
61+6: 3, 5, 17, 977,
61-7: 613, 919, 1667,
61+7: 3, 5, 7, 571,
61-8: 3, 31, 491,
61+8: 11, 19, 613, 1523,
61-9: 5, 181, 223, 263, 1307,
61+9: 3, 881, 967,
61-10: 13, 31, 139, 229, 1697,
61+10: 43, 67, 73, 109, 163, 719,
61-11: 3, 2111,
61+11: 5, 7, 61, 491, 859,
61-12: 3, 5, 353, 1933,
61+12: 173, 199,
61-13: 37, 149, 457,
61+13: 5, 13, 17, 53, 149, 719,
61-14: 5,
61+14: 13, 149,
61-15: 3, 167, 571,
61+15: 17, 37, 503, 719, 1307,
61-16: 7, 11, 13, 17, 193,
61+16: 3, 47, 103, 163, 547, 1637,
61-17: 5, 29, 1163,
61+17: 313, 673, 2089,
61-18: 907,
61+18: 47, 1873,
61-19: 271, 307, 577, 653,
61+19: 79, 1723,
61-20: 7, 17, 71,
61+20: 149,
61-21: 3, 61, 241, 521,
61+21: 17, 2269,
61-22: 5, 17, 31, 109, 521, 1973,
61+22: 11, 853,
61-23: 3,
61+23: 41,
61-24: 11, 41, 191, 997,
61+24: 3, 19, 409, 463,
61-25: 47,
61+25: 41, 103, 433, 461, 647,
61-26: 67, 619,
61+26: 569,
61-27: 37, 101, 461, 1249,
61+27: 3, 23, 1307,
61-28: 29, 31, 113,
61+28: 3, 5, 587,
61-29:
61+29: 7, 181, 761,
61-30: 3, 107, 193,
61+30: 3, 5, 191, 457,
61-31:
61+31: 3, 11, 89, 397,
61-32: 13, 59, 149,
61+32: 5, 43, 269, 823,
61-33: 3, 379, 503,
61+33: 3, 53, 79, 101, 137, 563, 599, 1223,
61-34: 179, 353, 617,
61+34: 3, 7, 17, 53, 101,
61-35: 11, 47,
61+35: 61, 461, 1787,
61-36: 3, 113, 1249,
61+36: 17, 271,
61-37: 5, 7,
61+37: 3, 103, 197,
61-38: 17, 1319,
61+38: 43, 83, 439, 677, 2377,
61-39: 3, 7, 13, 41, 193, 431,
61+39: 101,
61-40: 37, 131, 1733,
61+40: 11, 37, 419, 1709,
61-41: 7, 19, 89, 1217,
61+41: 5, 31, 1613,
61-42: 191, 211, 263, 277,
61+42: 113, 139,
61-43: 61, 433, 661, 811, 2267,
61+43: 839, 1367,
61-44: 5, 7, 37, 347, 383,
61+44: 11, 233, 251, 479, 787,
61-45: 13, 179, 547,
61+45: 3, 13, 313, 1621,
61-46: 19,
61+46: 7, 19, 53, 449, 1489, 1511, 1753,
61-47: 5, 19, 23, 277,
61+47: 23, 47, 389,
61-48: 5, 1153, 1303,
61+48: 7, 17, 181,
61-49: 5, 19, 167,
61+49:
61-50: 5, 613,
61+50: 397,
61-51: 3, 43, 163, 1571, 2081,
61+51: 5, 103,
61-52: 11,
61+52: 3, 5, 139, 521,
61-53: 43, 113, 1009,
61+53: 37,
61-54: 3, 19,
61+54: 3, 13, 19, 37,
61-55: 13, 53, 449, 853, 1913, 2213,
61+55: 3, 7, 1289,
61-56: 3, 223, 271, 887, 2011,
61+56: 127, 197, 1087,
61-57: 17, 23, 839,
61+57: 5, 11,
61-58: 23,
61+58: 3, 29, 43, 59, 523,
61-59: 61, 227, 1019, 2069,
61+59: 7,
61-60:
61+60: 5, 67, 113, 797, 1597,
62-1: 3, 5, 17, 47, 163, 173, 757,
62+1: 11, 29, 167, 313,
62-3: 5, 31, 37, 331, 439, 1733,
62+3: 617, 2309,
62-5: 97, 229, 233, 421, 617, 1231,
62+5: 3, 23,
62-7: 3, 7, 73,
62+7: 13, 37, 1373,
62-9: 3, 37, 439,
62+9: 7, 17, 379,
62-11: 11, 587,
62+11: 5, 13, 19,
62-13: 113, 173, 337, 1447,
62+13: 47, 79, 257, 757,
62-15: 3, 5, 7,
62+15: 1831,
62-17: 7, 41, 257, 811, 1613,
62+17: 3, 1163, 1367,
62-19: 227, 389, 1061,
62+19: 271, 401,
62-21: 11, 239, 1867,
62+21: 5, 7,
62-23: 5, 29, 37, 457, 1193,
62+23: 13, 229,
62-25: 5, 41, 71,
62+25: 11, 197, 557,
62-27: 3, 13, 2269,
62+27: 19, 31, 37, 73, 109, 2267,
62-29: 5, 7, 499,
62+29: 3, 31, 79, 157, 359, 683,
62-33: 5, 19, 947,
62+33: 3, 257, 607, 1787,
62-35: 43,
62+35: 23, 421,
62-37: 3,
62+37: 5, 313, 673,
62-39: 7, 59,
62+39: 5, 37, 233, 367, 599, 701,
62-41: 571, 1933,
62+41: 7, 757,
62-43: 97,
62+43: 23,
62-45: 5, 7, 11,
62+45: 3, 109, 229,
62-47: 43,
62+47: 7, 11, 103, 167,
62-49: 3, 179,
62+49: 43, 1021,
62-51: 1163,
62+51: 5, 7, 283, 383,
62-53: 11, 23, 191, 661, 1907,
62+53: 251, 887,
62-55: 19, 149, 383, 1801,
62+55: 5,
62-57: 3,
62+57: 3, 5,
62-59: 19, 157, 887, 1327,
62+59: 71,
62-61: 17, 23, 421, 1303,
62+61: 349,
63-1: 5,
63+1: 3, 37, 41, 2131,
63-2: 3, 13, 139, 1523,
63+2: 3, 19, 37, 139, 197, 1321,
63-4: 373, 631,
63+4: 3, 229, 1637,
63-5: 157, 1723,
63+5: 13, 1531, 1777,
63-8: 103,
63+8: 3, 107, 263, 1789,
63-10: 7, 2477,
63+10: 5, 137, 1217, 2143,
63-11: 3, 5, 19, 23, 67, 419,
63+11: 7, 31, 349, 2053,
63-13: 3, 17, 19, 181, 499, 587, 1151, 1801,
63+13: 3, 5, 7, 31, 59, 67, 127, 463, 1783,
63-16: 3, 17, 379,
63+16: 3, 331,
63-17: 7, 31, 349,
63+17: 3, 7, 17, 29,
63-19: 3, 41, 619, 2339,
63+19: 17, 37, 79, 1151, 1549,
63-20: 13, 19, 577,
63+20: 3, 29, 43,
63-22: 3, 13, 37,
63+22: 3, 7, 167, 227,
63-23: 7, 37, 53, 83,
63+23: 3, 383, 1657,
63-25: 5, 7, 11, 151, 773,
63+25: 3, 5, 23, 269,
63-26: 23, 1579,
63+26: 13, 317,
63-29: 3, 7,
63+29: 41, 137, 157, 179,
63-31: 3, 23, 443, 541, 2243, 2333,
63+31: 13, 31, 37, 79, 1543, 1801, 1823, 1847,
63-32: 7, 461,
63+32: 53,
63-34: 5, 7, 1637,
63+34: 7, 13, 379, 1709,
63-37: 3, 5,
63+37:
63-38: 67,
63+38: 3, 11, 41, 53, 233, 389,
63-40: 3, 13, 61, 1033,
63+40: 3, 197,
63-41: 3, 7, 13, 53, 1231,
63+41: 3,
63-43: 3, 43, 149, 1759,
63+43: 3, 1373,
63-44: 3, 131,
63+44: 5, 17, 97, 467, 2011,
63-46: 1949,
63+46: 3, 13,
63-47: 7, 11, 17, 67, 71,
63+47: 3, 19, 61, 1759,
63-50: 3, 43, 701,
63+50: 3, 5, 13, 89,
63-52: 3, 5,
63+52: 43,
63-53: 151, 571,
63+53: 23, 101, 2029,
63-55: 3, 19, 331, 1439,
63+55: 3, 7, 37, 131, 653,
63-58: 3, 19, 337, 1129, 1571,
63+58: 43,
63-59: 5, 83, 1783,
63+59: 3, 19, 73, 79,
63-61: 19, 37, 131, 347, 2137,
63+61: 3, 61, 97, 251, 607, 1373,
63-62: 3, 59,
63+62: 3, 7, 37, 61, 191, 227, 331, 541,
64-1:
64+1:
64-3: 3, 661, 2377,
64+3: 5, 37, 71, 449, 953, 1193,
64-5: 3, 599, 727, 967,
64+5: 5, 59, 419,
64-7: 5,
64+7: 3, 31, 151, 1187,
64-9:
64+9: 11, 13, 107, 157, 269,
64-11: 29, 59, 2029,
64+11: 19, 739,
64-13: 47, 2287,
64+13: 3, 5, 281, 691,
64-15: 3, 1627,
64+15: 3, 7, 37, 571,
64-17: 5, 53, 73, 79, 491,
64+17: 7, 17, 89,
64-19: 71, 263,
64+19: 227, 263,
64-21: 3, 5, 7, 229, 349,
64+21: 29, 43, 83, 227, 239, 449, 991,
64-23: 7, 569, 1381,
64+23:
64-25:
64+25: 3, 11, 19, 29, 59, 79, 971,
64-27: 3,
64+27:
64-29: 3, 71, 97,
64+29: 563,
64-31: 13, 61, 353, 797,
64+31: 241,
64-33: 3, 5, 683, 1619,
64+33: 7, 19,
64-35: 3, 31, 41, 149, 1621,
64+35: 131,
64-37: 59, 659,
64+37: 23, 31, 73, 197, 349, 769,
64-39: 421, 659,
64+39: 3,
64-41: 17, 19, 499, 829, 907, 1721,
64+41: 41, 541, 563,
64-43: 5, 11, 953, 1061,
64+43: 149, 827, 983, 1297, 1447, 1871,
64-45: 3, 149, 457, 599,
64+45: 59, 383, 739, 2129,
64-47: 1619,
64+47: 7, 83,
64-49:
64+49: 3, 5, 17, 19,
64-51: 31, 379, 503, 1667,
64+51: 3, 11, 59, 641,
64-53: 5,
64+53: 5,
64-55: 5, 109,
64+55: 5, 13, 19,
64-57: 3, 5, 17, 47, 67, 131,
64+57: 3, 29, 109, 331, 727, 1493,
64-59: 3, 17, 223,
64+59: 5, 103, 443, 857,
64-61: 5, 11, 31, 97,
64+61: 7, 2207,
64-63: 3, 11, 31, 349, 379,
64+63: 41, 67,
