1: 0,
2: 0, 1,
3: 0, 1, 2,
4: 0, 1, 3,
5: 0, 1, 2, 3, 4,
6: 0, 1, 2, 3, 4, 5,
7: 0, 1, 2, 3, 4, 5, 6,
8: 0, 1, 3, 5, 7,
9: 0, 1, 2, 4, 5, 7, 8,
X: 0, 1, 2, 3, 4, 5, 6, 7, 8, 9,
E: 0, 1, X,
10: 0, 1, 3, 4, 5, 7, 8, 9, E,
11: 0, 1, 2, 3, 4, 5, 6, 7, 8, 9, X, E, 10,
12: 0, 1, 2, 3, 4, 5, 6, 7, 8, 9, X, E, 10, 11,
13: 0, 1, 2, 3, 4, 5, 6, 7, 8, 9, X, E, 10, 11, 12,
14: 0, 1, 3, 5, 7, 9, E, 11, 13,
15: 0, 1, 2, 3, 4, 5, 6, 7, 8, 9, X, E, 10, 11, 12, 13, 14,
16: 0, 1, 2, 4, 5, 7, 8, 9, X, E, 11, 12, 14, 15,
17: 0, 1, 2, 3, 4, 5, 6, 7, 8, 9, X, E, 10, 11, 12, 13, 14, 15, 16,
18: 0, 1, 3, 4, 5, 7, 8, 9, E, 10, 11, 13, 14, 15, 17,
19: 0, 1, 2, 3, 4, 5, 6, 7, 8, 9, X, E, 10, 11, 12, 13, 14, 15, 16, 17, 18,
1X: 0, 1, X, E, 10, 19,
1E: 0, 1, 2, 3, 4, 5, 6, 7, 8, 9, X, E, 10, 11, 12, 13, 14, 15, 16, 17, 18, 19, 1X,
20: 0, 1, 3, 5, 7, 8, 9, E, 11, 13, 14, 15, 17, 19, 1E,
21: 0, 1, 7, 16, 20,
22: 0, 1, 2, 3, 4, 5, 6, 7, 8, 9, X, E, 10, 11, 12, 13, 14, 15, 16, 17, 18, 19, 1X, 1E, 20, 21,
23: 0, 1, 2, 4, 5, 7, 8, X, E, 11, 12, 14, 15, 17, 18, 1X, 1E, 21, 22,
24: 0, 1, 3, 4, 5, 7, 8, 9, E, 10, 11, 13, 14, 15, 17, 18, 19, 1E, 20, 21, 23,
25: 0, 1, 2, 3, 4, 5, 6, 7, 8, 9, X, E, 10, 11, 12, 13, 14, 15, 16, 17, 18, 19, 1X, 1E, 20, 21, 22, 23, 24,
26: 0, 1, 2, 3, 4, 5, 6, 7, 8, 9, X, E, 10, 11, 12, 13, 14, 15, 16, 17, 18, 19, 1X, 1E, 20, 21, 22, 23, 24, 25,
27: 0, 1, 5, 6, 21, 22, 26,
28: 0, 1, 3, 5, 7, 9, E, 11, 13, 15, 17, 19, 1E, 21, 23, 25, 27,
29: 0, 1, X, E, 10, 19, 1X, 1E, 28,
2X: 0, 1, 2, 3, 4, 5, 6, 7, 8, 9, X, E, 10, 11, 12, 13, 14, 15, 16, 17, 18, 19, 1X, 1E, 20, 21, 22, 23, 24, 25, 26, 27, 28, 29,
2E: 0, 1, 2, 3, 4, 5, 6, 7, 8, 9, X, E, 10, 11, 12, 13, 14, 15, 16, 17, 18, 19, 1X, 1E, 20, 21, 22, 23, 24, 25, 26, 27, 28, 29, 2X,
30: 0, 1, 4, 5, 7, 8, 9, E, 11, 14, 15, 17, 18, 1E, 21, 23, 24, 25, 27, 28, 2E,
31: 0, 1, 2, 3, 4, 5, 6, 7, 8, 9, X, E, 10, 11, 12, 13, 14, 15, 16, 17, 18, 19, 1X, 1E, 20, 21, 22, 23, 24, 25, 26, 27, 28, 29, 2X, 2E, 30,
32: 0, 1, 2, 3, 4, 5, 6, 7, 8, 9, X, E, 10, 11, 12, 13, 14, 15, 16, 17, 18, 19, 1X, 1E, 20, 21, 22, 23, 24, 25, 26, 27, 28, 29, 2X, 2E, 30, 31,
33: 0, 1, 2, 3, 4, 5, 6, 7, 8, 9, X, E, 10, 11, 12, 13, 14, 15, 16, 17, 18, 19, 1X, 1E, 20, 21, 22, 23, 24, 25, 26, 27, 28, 29, 2X, 2E, 30, 31, 32,
34: 0, 1, 3, 5, 7, 8, 9, E, 11, 13, 14, 15, 17, 19, 1E, 20, 21, 23, 25, 27, 28, 29, 2E, 31, 33,
35: 0, 1, 3, 9, 12, 23, 28, 32, 34,
36: 0, 1, 2, 3, 4, 5, 6, 7, 8, 9, X, E, 10, 11, 12, 13, 14, 15, 16, 17, 18, 19, 1X, 1E, 20, 21, 22, 23, 24, 25, 26, 27, 28, 29, 2X, 2E, 30, 31, 32, 33, 34, 35,
37: 0, 1, 2, 3, 4, 5, 6, 7, 8, 9, X, E, 10, 11, 12, 13, 14, 15, 16, 17, 18, 19, 1X, 1E, 20, 21, 22, 23, 24, 25, 26, 27, 28, 29, 2X, 2E, 30, 31, 32, 33, 34, 35, 36,
38: 0, 1, E, 10, 19, 1E, 28, 29, 37,
39: 0, 1, 2, 4, 5, 7, 8, 9, X, E, 11, 12, 14, 15, 16, 17, 18, 1X, 1E, 21, 22, 23, 24, 25, 27, 28, 2X, 2E, 30, 31, 32, 34, 35, 37, 38,
3X: 0, 1, 2, 3, 4, 5, 6, 7, 8, 9, X, E, 10, 11, 12, 13, 14, 15, 16, 17, 18, 19, 1X, 1E, 20, 21, 22, 23, 24, 25, 26, 27, 28, 29, 2X, 2E, 30, 31, 32, 33, 34, 35, 36, 37, 38, 39,
3E: 0, 1, 2, 3, 4, 5, 6, 7, 8, 9, X, E, 10, 11, 12, 13, 14, 15, 16, 17, 18, 19, 1X, 1E, 20, 21, 22, 23, 24, 25, 26, 27, 28, 29, 2X, 2E, 30, 31, 32, 33, 34, 35, 36, 37, 38, 39, 3X,
40: 0, 1, 3, 5, 7, 9, E, 11, 13, 14, 15, 17, 19, 1E, 21, 23, 25, 27, 28, 29, 2E, 31, 33, 35, 37, 39, 3E,
41: 0, 1, 2, 3, 4, 5, 6, 8, 9, X, E, 10, 11, 13, 14, 15, 16, 17, 18, 1X, 1E, 20, 21, 22, 23, 25, 26, 27, 28, 29, 2X, 30, 31, 32, 33, 34, 35, 37, 38, 39, 3X, 3E, 40,
42: 0, 1, 7, 16, 20, 21, 22, 28, 37, 41,
43: 0, 1, 2, 3, 4, 5, 6, 7, 8, 9, X, E, 10, 11, 12, 13, 14, 15, 16, 17, 18, 19, 1X, 1E, 20, 21, 22, 23, 24, 25, 26, 27, 28, 29, 2X, 2E, 30, 31, 32, 33, 34, 35, 36, 37, 38, 39, 3X, 3E, 40, 41, 42,
44: 0, 1, 3, 4, 5, 7, 8, 9, E, 10, 11, 13, 14, 15, 17, 18, 19, 1E, 20, 21, 23, 24, 25, 27, 28, 29, 2E, 30, 31, 33, 34, 35, 37, 38, 39, 3E, 40, 41, 43,
45: 0, 1, 2, 3, 4, 5, 6, 7, 8, 9, X, E, 10, 11, 12, 13, 14, 15, 16, 17, 18, 19, 1X, 1E, 20, 21, 22, 23, 24, 25, 26, 27, 28, 29, 2X, 2E, 30, 31, 32, 33, 34, 35, 36, 37, 38, 39, 3X, 3E, 40, 41, 42, 43, 44,
46: 0, 1, 2, 4, 5, 7, 8, X, E, 11, 12, 14, 15, 17, 18, 1X, 1E, 21, 22, 23, 24, 25, 27, 28, 2X, 2E, 31, 32, 34, 35, 37, 38, 3X, 3E, 41, 42, 44, 45,
47: 0, 1, X, E, 10, 19, 1X, 1E, 28, 29, 2X, 37, 38, 39, 46,
48: 0, 1, 3, 5, 7, 8, 9, E, 11, 13, 14, 15, 17, 19, 1E, 20, 21, 23, 25, 27, 28, 29, 2E, 31, 33, 34, 35, 37, 39, 3E, 40, 41, 43, 45, 47,
49: 0, 1, 2, 3, 4, 5, 6, 7, 8, 9, X, E, 10, 11, 12, 13, 14, 15, 16, 17, 18, 19, 1X, 1E, 20, 21, 22, 23, 24, 25, 26, 27, 28, 29, 2X, 2E, 30, 31, 32, 33, 34, 35, 36, 37, 38, 39, 3X, 3E, 40, 41, 42, 43, 44, 45, 46, 47, 48,
4X: 0, 1, 2, 3, 4, 5, 6, 7, 8, 9, X, E, 10, 11, 12, 13, 14, 15, 16, 17, 18, 19, 1X, 1E, 20, 21, 22, 23, 24, 25, 26, 27, 28, 29, 2X, 2E, 30, 31, 32, 33, 34, 35, 36, 37, 38, 39, 3X, 3E, 40, 41, 42, 43, 44, 45, 46, 47, 48, 49,
4E: 0, 1, 2, 3, 4, 5, 6, 7, 8, 9, X, E, 10, 11, 12, 13, 14, 15, 16, 17, 18, 19, 1X, 1E, 20, 21, 22, 23, 24, 25, 26, 27, 28, 29, 2X, 2E, 30, 31, 32, 33, 34, 35, 36, 37, 38, 39, 3X, 3E, 40, 41, 42, 43, 44, 45, 46, 47, 48, 49, 4X,
50: 0, 1, 3, 4, 5, 7, 8, 9, E, 10, 11, 13, 14, 15, 17, 18, 19, 1E, 20, 21, 23, 24, 25, 27, 28, 29, 2E, 30, 31, 33, 34, 35, 37, 38, 39, 3E, 40, 41, 43, 44, 45, 47, 48, 49, 4E,
51: 0, 1, E, 11, 12, 19, 25, 28, 34, 3E, 40, 42, 50,
52: 0, 1, 5, 6, 21, 22, 26, 27, 28, 30, 31, 48, 49, 51,
53: 0, 1, 2, 4, 5, 7, 8, 9, X, E, 11, 12, 14, 15, 16, 17, 18, 1X, 1E, 21, 22, 23, 24, 25, 27, 28, 2X, 2E, 30, 31, 32, 34, 35, 37, 38, 39, 3X, 3E, 41, 42, 44, 45, 46, 47, 48, 4X, 4E, 51, 52,
54: 0, 1, 3, 5, 7, 9, E, 11, 13, 15, 17, 19, 1E, 21, 23, 25, 27, 28, 29, 2E, 31, 33, 35, 37, 39, 3E, 41, 43, 45, 47, 49, 4E, 51, 53,
55: 0, 1, 2, 3, 4, 5, 6, 7, 8, 9, X, E, 10, 11, 12, 13, 14, 15, 16, 17, 18, 19, 1X, 1E, 20, 21, 22, 23, 24, 25, 26, 27, 28, 29, 2X, 2E, 30, 31, 32, 33, 34, 35, 36, 37, 38, 39, 3X, 3E, 40, 41, 42, 43, 44, 45, 46, 47, 48, 49, 4X, 4E, 50, 51, 52, 53, 54,
56: 0, 1, X, E, 10, 19, 1X, 1E, 28, 29, 2X, 37, 38, 39, 46, 47, 48, 55,
57: 0, 1, 2, 3, 4, 5, 6, 7, 8, 9, X, E, 10, 11, 12, 13, 14, 15, 16, 17, 18, 19, 1X, 1E, 20, 21, 22, 23, 24, 25, 26, 27, 28, 29, 2X, 2E, 30, 31, 32, 33, 34, 35, 36, 37, 38, 39, 3X, 3E, 40, 41, 42, 43, 44, 45, 46, 47, 48, 49, 4X, 4E, 50, 51, 52, 53, 54, 55, 56,
58: 0, 1, 3, 4, 5, 7, 8, 9, E, 10, 11, 13, 14, 15, 17, 18, 19, 1E, 20, 21, 23, 24, 25, 27, 28, 29, 2E, 30, 31, 33, 34, 35, 37, 38, 39, 3E, 40, 41, 43, 44, 45, 47, 48, 49, 4E, 50, 51, 53, 54, 55, 57,
59: 0, 1, 2, 3, 4, 5, 6, 7, 8, 9, X, E, 10, 11, 12, 13, 14, 15, 16, 17, 18, 19, 1X, 1E, 20, 21, 22, 23, 24, 25, 26, 27, 28, 29, 2X, 2E, 30, 31, 32, 33, 34, 35, 36, 37, 38, 39, 3X, 3E, 40, 41, 42, 43, 44, 45, 46, 47, 48, 49, 4X, 4E, 50, 51, 52, 53, 54, 55, 56, 57, 58,
5X: 0, 1, 2, 3, 4, 5, 6, 7, 8, 9, X, E, 10, 11, 12, 13, 14, 15, 16, 17, 18, 19, 1X, 1E, 20, 21, 22, 23, 24, 25, 26, 27, 28, 29, 2X, 2E, 30, 31, 32, 33, 34, 35, 36, 37, 38, 39, 3X, 3E, 40, 41, 42, 43, 44, 45, 46, 47, 48, 49, 4X, 4E, 50, 51, 52, 53, 54, 55, 56, 57, 58, 59,
5E: 0, 1, 18, 1E, 22, 26, 28, 2X, 31, 33, 35, 39, 40, 43, 5X,
60: 0, 1, 5, 7, 8, 9, E, 11, 14, 15, 17, 1E, 21, 23, 25, 27, 28, 2E, 31, 34, 35, 37, 39, 3E, 41, 45, 47, 48, 4E, 51, 53, 54, 55, 57, 5E,
61: 0, 1, 2, 3, 4, 5, 6, 7, 8, 9, X, E, 10, 11, 12, 13, 14, 15, 16, 17, 18, 19, 1X, 1E, 20, 21, 22, 23, 24, 25, 26, 27, 28, 29, 2X, 2E, 30, 31, 32, 33, 34, 35, 36, 37, 38, 39, 3X, 3E, 40, 41, 42, 43, 44, 45, 46, 47, 48, 49, 4X, 4E, 50, 51, 52, 53, 54, 55, 56, 57, 58, 59, 5X, 5E, 60,
62: 0, 1, 2, 3, 4, 5, 6, 7, 8, 9, X, E, 10, 11, 12, 13, 14, 15, 16, 17, 18, 19, 1X, 1E, 20, 21, 22, 23, 24, 25, 26, 27, 28, 29, 2X, 2E, 30, 31, 32, 33, 34, 35, 36, 37, 38, 39, 3X, 3E, 40, 41, 42, 43, 44, 45, 46, 47, 48, 49, 4X, 4E, 50, 51, 52, 53, 54, 55, 56, 57, 58, 59, 5X, 5E, 60, 61,
63: 0, 1, 7, 16, 20, 21, 22, 28, 37, 41, 42, 43, 49, 58, 62,
64: 0, 1, 3, 4, 5, 7, 8, 9, E, 10, 11, 13, 14, 15, 17, 18, 19, 1E, 20, 21, 23, 24, 25, 27, 28, 29, 2E, 30, 31, 33, 34, 35, 37, 38, 39, 3E, 40, 41, 43, 44, 45, 47, 48, 49, 4E, 50, 51, 53, 54, 55, 57, 58, 59, 5E, 60, 61, 63,
65: 0, 1, X, E, 10, 19, 1X, 1E, 28, 29, 2X, 37, 38, 39, 46, 47, 48, 55, 56, 57, 64,
66: 0, 1, 2, 3, 4, 5, 6, 7, 8, 9, X, E, 10, 11, 12, 13, 14, 15, 16, 17, 18, 19, 1X, 1E, 20, 21, 22, 23, 24, 25, 26, 27, 28, 29, 2X, 2E, 30, 31, 32, 33, 34, 35, 36, 37, 38, 39, 3X, 3E, 40, 41, 42, 43, 44, 45, 46, 47, 48, 49, 4X, 4E, 50, 51, 52, 53, 54, 55, 56, 57, 58, 59, 5X, 5E, 60, 61, 62, 63, 64, 65,
67: 0, 1, 2, 3, 4, 5, 6, 7, 8, 9, X, E, 10, 11, 12, 13, 14, 15, 16, 17, 18, 19, 1X, 1E, 20, 21, 22, 23, 24, 25, 26, 27, 28, 29, 2X, 2E, 30, 31, 32, 33, 34, 35, 36, 37, 38, 39, 3X, 3E, 40, 41, 42, 43, 44, 45, 46, 47, 48, 49, 4X, 4E, 50, 51, 52, 53, 54, 55, 56, 57, 58, 59, 5X, 5E, 60, 61, 62, 63, 64, 65, 66,
68: 0, 1, 3, 5, 7, 9, E, 11, 13, 14, 15, 17, 19, 1E, 21, 23, 25, 27, 28, 29, 2E, 31, 33, 35, 37, 39, 3E, 40, 41, 43, 45, 47, 49, 4E, 51, 53, 54, 55, 57, 59, 5E, 61, 63, 65, 67,
69: 0, 1, 2, 4, 5, 7, 8, X, E, 11, 12, 14, 15, 17, 18, 1X, 1E, 21, 22, 24, 25, 27, 28, 2X, 2E, 31, 32, 34, 35, 37, 38, 3X, 3E, 41, 42, 44, 45, 47, 48, 4X, 4E, 51, 52, 54, 55, 57, 58, 5X, 5E, 61, 62, 64, 65, 67, 68,
6X: 0, 1, 3, 9, 12, 23, 28, 32, 34, 35, 36, 38, 42, 47, 58, 61, 67, 69,
6E: 0, 1, 2, 3, 4, 5, 6, 7, 8, 9, X, E, 10, 11, 12, 13, 14, 15, 16, 17, 18, 19, 1X, 1E, 20, 21, 22, 23, 24, 25, 26, 27, 28, 29, 2X, 2E, 30, 31, 32, 33, 34, 35, 36, 37, 38, 39, 3X, 3E, 40, 41, 42, 43, 44, 45, 46, 47, 48, 49, 4X, 4E, 50, 51, 52, 53, 54, 55, 56, 57, 58, 59, 5X, 5E, 60, 61, 62, 63, 64, 65, 66, 67, 68, 69, 6X,
70: 0, 1, 3, 4, 5, 7, 8, 9, E, 10, 11, 13, 14, 15, 17, 18, 19, 1E, 20, 21, 23, 24, 25, 27, 28, 29, 2E, 30, 31, 33, 34, 35, 37, 38, 39, 3E, 40, 41, 43, 44, 45, 47, 48, 49, 4E, 50, 51, 53, 54, 55, 57, 58, 59, 5E, 60, 61, 63, 64, 65, 67, 68, 69, 6E,
71: 0, 1, 2, 3, 4, 5, 6, 7, 8, 9, X, E, 10, 11, 12, 13, 14, 15, 16, 17, 18, 19, 1X, 1E, 20, 21, 22, 23, 24, 25, 26, 27, 28, 29, 2X, 2E, 30, 31, 32, 33, 34, 35, 36, 37, 38, 39, 3X, 3E, 40, 41, 42, 43, 44, 45, 46, 47, 48, 49, 4X, 4E, 50, 51, 52, 53, 54, 55, 56, 57, 58, 59, 5X, 5E, 60, 61, 62, 63, 64, 65, 66, 67, 68, 69, 6X, 6E, 70,
72: 0, 1, 2, 3, 4, 5, 6, 7, 8, 9, X, E, 10, 11, 12, 13, 14, 15, 16, 17, 18, 19, 1X, 1E, 20, 21, 22, 23, 24, 25, 26, 27, 28, 29, 2X, 2E, 30, 31, 32, 33, 34, 35, 36, 37, 38, 39, 3X, 3E, 40, 41, 42, 43, 44, 45, 46, 47, 48, 49, 4X, 4E, 50, 51, 52, 53, 54, 55, 56, 57, 58, 59, 5X, 5E, 60, 61, 62, 63, 64, 65, 66, 67, 68, 69, 6X, 6E, 70, 71,
73: 0, 1, 2, 3, 4, 5, 6, 7, 8, 9, X, E, 10, 11, 12, 13, 14, 15, 16, 17, 18, 19, 1X, 1E, 20, 21, 22, 23, 24, 25, 26, 27, 28, 29, 2X, 2E, 30, 31, 32, 33, 34, 35, 36, 37, 38, 39, 3X, 3E, 40, 41, 42, 43, 44, 45, 46, 47, 48, 49, 4X, 4E, 50, 51, 52, 53, 54, 55, 56, 57, 58, 59, 5X, 5E, 60, 61, 62, 63, 64, 65, 66, 67, 68, 69, 6X, 6E, 70, 71, 72,
74: 0, 1, E, 19, 1E, 28, 29, 37, 39, 47, 48, 55, 57, 65, 73,
75: 0, 1, 2, 3, 4, 5, 6, 7, 8, 9, X, E, 10, 11, 12, 13, 14, 15, 16, 17, 18, 19, 1X, 1E, 20, 21, 22, 23, 24, 25, 26, 27, 28, 29, 2X, 2E, 30, 31, 32, 33, 34, 35, 36, 37, 38, 39, 3X, 3E, 40, 41, 42, 43, 44, 45, 46, 47, 48, 49, 4X, 4E, 50, 51, 52, 53, 54, 55, 56, 57, 58, 59, 5X, 5E, 60, 61, 62, 63, 64, 65, 66, 67, 68, 69, 6X, 6E, 70, 71, 72, 73, 74,
76: 0, 1, 2, 4, 5, 7, 8, 9, X, E, 11, 12, 14, 15, 16, 17, 18, 1X, 1E, 21, 22, 23, 24, 25, 27, 28, 2X, 2E, 30, 31, 32, 34, 35, 37, 38, 39, 3X, 3E, 41, 42, 44, 45, 46, 47, 48, 4X, 4E, 51, 52, 53, 54, 55, 57, 58, 5X, 5E, 60, 61, 62, 64, 65, 67, 68, 69, 6X, 6E, 71, 72, 74, 75,
77: 0, 1, 2, 3, 4, 5, 6, 7, 8, 9, X, E, 10, 11, 12, 13, 14, 15, 16, 17, 18, 19, 1X, 1E, 20, 21, 22, 23, 24, 25, 26, 27, 28, 29, 2X, 2E, 30, 31, 32, 33, 34, 35, 36, 37, 38, 39, 3X, 3E, 40, 41, 42, 43, 44, 45, 46, 47, 48, 49, 4X, 4E, 50, 51, 52, 53, 54, 55, 56, 57, 58, 59, 5X, 5E, 60, 61, 62, 63, 64, 65, 66, 67, 68, 69, 6X, 6E, 70, 71, 72, 73, 74, 75, 76,
78: 0, 1, 3, 4, 5, 7, 8, 9, E, 10, 11, 13, 14, 15, 17, 18, 19, 1E, 20, 21, 23, 24, 25, 27, 28, 29, 2E, 30, 31, 33, 34, 35, 37, 38, 39, 3E, 40, 41, 43, 44, 45, 47, 48, 49, 4E, 50, 51, 53, 54, 55, 57, 58, 59, 5E, 60, 61, 63, 64, 65, 67, 68, 69, 6E, 70, 71, 73, 74, 75, 77,
79: 0, 1, 5, 6, 21, 22, 26, 27, 28, 30, 31, 48, 49, 51, 52, 53, 57, 58, 73, 74, 78,
7X: 0, 1, 2, 3, 4, 5, 6, 7, 8, 9, X, E, 10, 11, 12, 13, 14, 15, 16, 17, 18, 19, 1X, 1E, 20, 21, 22, 23, 24, 25, 26, 27, 28, 29, 2X, 2E, 30, 31, 32, 33, 34, 35, 36, 37, 38, 39, 3X, 3E, 40, 41, 42, 43, 44, 45, 46, 47, 48, 49, 4X, 4E, 50, 51, 52, 53, 54, 55, 56, 57, 58, 59, 5X, 5E, 60, 61, 62, 63, 64, 65, 66, 67, 68, 69, 6X, 6E, 70, 71, 72, 73, 74, 75, 76, 77, 78, 79,
7E: 0, 1, 2, 3, 4, 5, 6, 7, 8, 9, X, E, 10, 11, 12, 13, 14, 15, 16, 17, 18, 19, 1X, 1E, 20, 21, 22, 23, 24, 25, 26, 27, 28, 29, 2X, 2E, 30, 31, 32, 33, 34, 35, 36, 37, 38, 39, 3X, 3E, 40, 41, 42, 43, 44, 45, 46, 47, 48, 49, 4X, 4E, 50, 51, 52, 53, 54, 55, 56, 57, 58, 59, 5X, 5E, 60, 61, 62, 63, 64, 65, 66, 67, 68, 69, 6X, 6E, 70, 71, 72, 73, 74, 75, 76, 77, 78, 79, 7X,
80: 0, 1, 3, 5, 7, 9, E, 11, 13, 15, 17, 19, 1E, 21, 23, 25, 27, 28, 29, 2E, 31, 33, 35, 37, 39, 3E, 41, 43, 45, 47, 49, 4E, 51, 53, 54, 55, 57, 59, 5E, 61, 63, 65, 67, 69, 6E, 71, 73, 75, 77, 79, 7E,
81: 0, 1, 2, 3, 4, 5, 6, 7, 8, 9, X, E, 10, 11, 12, 13, 14, 15, 16, 17, 18, 19, 1X, 1E, 20, 21, 22, 23, 24, 25, 26, 27, 28, 29, 2X, 2E, 30, 31, 32, 33, 34, 35, 36, 37, 38, 39, 3X, 3E, 40, 41, 42, 43, 44, 45, 46, 47, 48, 49, 4X, 4E, 50, 51, 52, 53, 54, 55, 56, 57, 58, 59, 5X, 5E, 60, 61, 62, 63, 64, 65, 66, 67, 68, 69, 6X, 6E, 70, 71, 72, 73, 74, 75, 76, 77, 78, 79, 7X, 7E, 80,
82: 0, 1, 2, 3, 4, 5, 6, 8, 9, X, E, 10, 11, 13, 14, 15, 16, 17, 18, 1X, 1E, 20, 21, 22, 23, 25, 26, 27, 28, 29, 2X, 30, 31, 32, 33, 34, 35, 37, 38, 39, 3X, 3E, 40, 41, 42, 43, 44, 45, 46, 47, 49, 4X, 4E, 50, 51, 52, 54, 55, 56, 57, 58, 59, 5E, 60, 61, 62, 63, 64, 66, 67, 68, 69, 6X, 6E, 71, 72, 73, 74, 75, 76, 78, 79, 7X, 7E, 80, 81,
83: 0, 1, X, E, 1X, 1E, 28, 2X, 37, 38, 39, 46, 47, 48, 55, 57, 64, 65, 74, 75, 82,
84: 0, 1, 7, 20, 21, 28, 37, 41, 43, 49, 58, 63, 64, 79, 83,
85: 0, 1, 6, X, 12, 15, 28, 30, 33, 35, 38, 49, 50, 52, 55, 59, 70, 73, 77, 7E, 84,
86: 0, 1, 2, 3, 4, 5, 6, 7, 8, 9, X, E, 10, 11, 12, 13, 14, 15, 16, 17, 18, 19, 1X, 1E, 20, 21, 22, 23, 24, 25, 26, 27, 28, 29, 2X, 2E, 30, 31, 32, 33, 34, 35, 36, 37, 38, 39, 3X, 3E, 40, 41, 42, 43, 44, 45, 46, 47, 48, 49, 4X, 4E, 50, 51, 52, 53, 54, 55, 56, 57, 58, 59, 5X, 5E, 60, 61, 62, 63, 64, 65, 66, 67, 68, 69, 6X, 6E, 70, 71, 72, 73, 74, 75, 76, 77, 78, 79, 7X, 7E, 80, 81, 82, 83, 84, 85,
87: 0, 1, 2, 3, 4, 5, 6, 7, 8, 9, X, E, 10, 11, 12, 13, 14, 15, 16, 17, 18, 19, 1X, 1E, 20, 21, 22, 23, 24, 25, 26, 27, 28, 29, 2X, 2E, 30, 31, 32, 33, 34, 35, 36, 37, 38, 39, 3X, 3E, 40, 41, 42, 43, 44, 45, 46, 47, 48, 49, 4X, 4E, 50, 51, 52, 53, 54, 55, 56, 57, 58, 59, 5X, 5E, 60, 61, 62, 63, 64, 65, 66, 67, 68, 69, 6X, 6E, 70, 71, 72, 73, 74, 75, 76, 77, 78, 79, 7X, 7E, 80, 81, 82, 83, 84, 85, 86,
88: 0, 1, 3, 5, 7, 8, 9, E, 11, 13, 14, 15, 17, 19, 1E, 20, 21, 23, 25, 27, 28, 29, 2E, 31, 33, 34, 35, 37, 39, 3E, 40, 41, 43, 45, 47, 48, 49, 4E, 51, 53, 54, 55, 57, 59, 5E, 60, 61, 63, 65, 67, 68, 69, 6E, 71, 73, 74, 75, 77, 79, 7E, 80, 81, 83, 85, 87,
89: 0, 1, 2, 3, 4, 5, 6, 7, 8, 9, X, E, 10, 11, 12, 13, 14, 15, 16, 17, 18, 19, 1X, 1E, 20, 21, 22, 23, 24, 25, 26, 27, 28, 29, 2X, 2E, 30, 31, 32, 33, 34, 35, 36, 37, 38, 39, 3X, 3E, 40, 41, 42, 43, 44, 45, 46, 47, 48, 49, 4X, 4E, 50, 51, 52, 53, 54, 55, 56, 57, 58, 59, 5X, 5E, 60, 61, 62, 63, 64, 65, 66, 67, 68, 69, 6X, 6E, 70, 71, 72, 73, 74, 75, 76, 77, 78, 79, 7X, 7E, 80, 81, 82, 83, 84, 85, 86, 87, 88,
8X: 0, 1, 2, 3, 4, 5, 6, 7, 8, 9, X, E, 10, 11, 12, 13, 14, 15, 16, 17, 18, 19, 1X, 1E, 20, 21, 22, 23, 24, 25, 26, 27, 28, 29, 2X, 2E, 30, 31, 32, 33, 34, 35, 36, 37, 38, 39, 3X, 3E, 40, 41, 42, 43, 44, 45, 46, 47, 48, 49, 4X, 4E, 50, 51, 52, 53, 54, 55, 56, 57, 58, 59, 5X, 5E, 60, 61, 62, 63, 64, 65, 66, 67, 68, 69, 6X, 6E, 70, 71, 72, 73, 74, 75, 76, 77, 78, 79, 7X, 7E, 80, 81, 82, 83, 84, 85, 86, 87, 88, 89,
8E: 0, 1, 2, 3, 4, 5, 6, 7, 8, 9, X, E, 10, 11, 12, 13, 14, 15, 16, 17, 18, 19, 1X, 1E, 20, 21, 22, 23, 24, 25, 26, 27, 28, 29, 2X, 2E, 30, 31, 32, 33, 34, 35, 36, 37, 38, 39, 3X, 3E, 40, 41, 42, 43, 44, 45, 46, 47, 48, 49, 4X, 4E, 50, 51, 52, 53, 54, 55, 56, 57, 58, 59, 5X, 5E, 60, 61, 62, 63, 64, 65, 66, 67, 68, 69, 6X, 6E, 70, 71, 72, 73, 74, 75, 76, 77, 78, 79, 7X, 7E, 80, 81, 82, 83, 84, 85, 86, 87, 88, 89, 8X,
90: 0, 1, 4, 5, 7, 8, E, 11, 14, 15, 17, 18, 1E, 21, 23, 24, 25, 27, 28, 2E, 31, 34, 35, 37, 38, 3E, 41, 44, 45, 47, 48, 4E, 51, 54, 55, 57, 58, 5E, 61, 64, 65, 67, 68, 69, 6E, 71, 74, 75, 77, 78, 7E, 81, 84, 85, 87, 88, 8E,
91: 0, 1, 2, 3, 4, 5, 6, 7, 8, 9, X, E, 10, 11, 12, 13, 14, 15, 16, 17, 18, 19, 1X, 1E, 20, 21, 22, 23, 24, 25, 26, 27, 28, 29, 2X, 2E, 30, 31, 32, 33, 34, 35, 36, 37, 38, 39, 3X, 3E, 40, 41, 42, 43, 44, 45, 46, 47, 48, 49, 4X, 4E, 50, 51, 52, 53, 54, 55, 56, 57, 58, 59, 5X, 5E, 60, 61, 62, 63, 64, 65, 66, 67, 68, 69, 6X, 6E, 70, 71, 72, 73, 74, 75, 76, 77, 78, 79, 7X, 7E, 80, 81, 82, 83, 84, 85, 86, 87, 88, 89, 8X, 8E, 90,
92: 0, 1, X, E, 10, 19, 1X, 1E, 28, 29, 2X, 37, 38, 39, 46, 47, 48, 55, 56, 57, 64, 65, 66, 73, 74, 75, 82, 83, 84, 91,
93: 0, 1, 2, 3, 4, 5, 6, 7, 8, 9, X, E, 10, 11, 12, 13, 14, 15, 16, 17, 18, 19, 1X, 1E, 20, 21, 22, 23, 24, 25, 26, 27, 28, 29, 2X, 2E, 30, 31, 32, 33, 34, 35, 36, 37, 38, 39, 3X, 3E, 40, 41, 42, 43, 44, 45, 46, 47, 48, 49, 4X, 4E, 50, 51, 52, 53, 54, 55, 56, 57, 58, 59, 5X, 5E, 60, 61, 62, 63, 64, 65, 66, 67, 68, 69, 6X, 6E, 70, 71, 72, 73, 74, 75, 76, 77, 78, 79, 7X, 7E, 80, 81, 82, 83, 84, 85, 86, 87, 88, 89, 8X, 8E, 90, 91, 92,
94: 0, 1, 3, 5, 7, 9, E, 11, 13, 14, 15, 17, 19, 1E, 21, 23, 25, 27, 28, 29, 2E, 31, 33, 35, 37, 39, 3E, 40, 41, 43, 45, 47, 49, 4E, 51, 53, 54, 55, 57, 59, 5E, 61, 63, 65, 67, 68, 69, 6E, 71, 73, 75, 77, 79, 7E, 80, 81, 83, 85, 87, 89, 8E, 91, 93,
95: 0, 1, 2, 3, 4, 5, 6, 7, 8, 9, X, E, 10, 11, 12, 13, 14, 15, 16, 17, 18, 19, 1X, 1E, 20, 21, 22, 23, 24, 25, 26, 27, 28, 29, 2X, 2E, 30, 31, 32, 33, 34, 35, 36, 37, 38, 39, 3X, 3E, 40, 41, 42, 43, 44, 45, 46, 47, 48, 49, 4X, 4E, 50, 51, 52, 53, 54, 55, 56, 57, 58, 59, 5X, 5E, 60, 61, 62, 63, 64, 65, 66, 67, 68, 69, 6X, 6E, 70, 71, 72, 73, 74, 75, 76, 77, 78, 79, 7X, 7E, 80, 81, 82, 83, 84, 85, 86, 87, 88, 89, 8X, 8E, 90, 91, 92, 93, 94,
96: 0, 1, 2, 3, 4, 5, 6, 7, 8, 9, X, E, 10, 11, 12, 13, 14, 15, 16, 17, 18, 19, 1X, 1E, 20, 21, 22, 23, 24, 25, 26, 27, 28, 29, 2X, 2E, 30, 31, 32, 33, 34, 35, 36, 37, 38, 39, 3X, 3E, 40, 41, 42, 43, 44, 45, 46, 47, 48, 49, 4X, 4E, 50, 51, 52, 53, 54, 55, 56, 57, 58, 59, 5X, 5E, 60, 61, 62, 63, 64, 65, 66, 67, 68, 69, 6X, 6E, 70, 71, 72, 73, 74, 75, 76, 77, 78, 79, 7X, 7E, 80, 81, 82, 83, 84, 85, 86, 87, 88, 89, 8X, 8E, 90, 91, 92, 93, 94, 95,
97: 0, 1, 2, 3, 4, 5, 6, 7, 8, 9, X, E, 10, 11, 12, 13, 14, 15, 16, 17, 18, 19, 1X, 1E, 20, 21, 22, 23, 24, 25, 26, 27, 28, 29, 2X, 2E, 30, 31, 32, 33, 34, 35, 36, 37, 38, 39, 3X, 3E, 40, 41, 42, 43, 44, 45, 46, 47, 48, 49, 4X, 4E, 50, 51, 52, 53, 54, 55, 56, 57, 58, 59, 5X, 5E, 60, 61, 62, 63, 64, 65, 66, 67, 68, 69, 6X, 6E, 70, 71, 72, 73, 74, 75, 76, 77, 78, 79, 7X, 7E, 80, 81, 82, 83, 84, 85, 86, 87, 88, 89, 8X, 8E, 90, 91, 92, 93, 94, 95, 96,
98: 0, 1, 3, 4, 5, 7, 8, 9, E, 10, 11, 13, 14, 15, 17, 18, 19, 1E, 20, 21, 23, 24, 25, 27, 28, 29, 2E, 30, 31, 33, 34, 35, 37, 38, 39, 3E, 40, 41, 43, 44, 45, 47, 48, 49, 4E, 50, 51, 53, 54, 55, 57, 58, 59, 5E, 60, 61, 63, 64, 65, 67, 68, 69, 6E, 70, 71, 73, 74, 75, 77, 78, 79, 7E, 80, 81, 83, 84, 85, 87, 88, 89, 8E, 90, 91, 93, 94, 95, 97,
99: 0, 1, 2, 4, 5, 7, 8, 9, X, E, 11, 12, 14, 15, 16, 17, 18, 1X, 1E, 21, 22, 23, 24, 25, 27, 28, 2X, 2E, 30, 31, 32, 34, 35, 37, 38, 39, 3X, 3E, 41, 42, 44, 45, 46, 47, 48, 4X, 4E, 51, 52, 53, 54, 55, 57, 58, 5X, 5E, 60, 61, 62, 64, 65, 67, 68, 69, 6X, 6E, 71, 72, 74, 75, 76, 77, 78, 7X, 7E, 81, 82, 83, 84, 85, 87, 88, 8X, 8E, 90, 91, 92, 94, 95, 97, 98,
9X: 0, 1, 2, 3, 4, 5, 6, 7, 8, 9, X, E, 10, 11, 12, 13, 14, 15, 16, 17, 18, 19, 1X, 1E, 20, 21, 22, 23, 24, 25, 26, 27, 28, 29, 2X, 2E, 30, 31, 32, 33, 34, 35, 36, 37, 38, 39, 3X, 3E, 40, 41, 42, 43, 44, 45, 46, 47, 48, 49, 4X, 4E, 50, 51, 52, 53, 54, 55, 56, 57, 58, 59, 5X, 5E, 60, 61, 62, 63, 64, 65, 66, 67, 68, 69, 6X, 6E, 70, 71, 72, 73, 74, 75, 76, 77, 78, 79, 7X, 7E, 80, 81, 82, 83, 84, 85, 86, 87, 88, 89, 8X, 8E, 90, 91, 92, 93, 94, 95, 96, 97, 98, 99,
9E: 0, 1, 2, 3, 4, 5, 6, 7, 8, 9, X, E, 10, 11, 12, 13, 14, 15, 16, 17, 18, 19, 1X, 1E, 20, 21, 22, 23, 24, 25, 26, 27, 28, 29, 2X, 2E, 30, 31, 32, 33, 34, 35, 36, 37, 38, 39, 3X, 3E, 40, 41, 42, 43, 44, 45, 46, 47, 48, 49, 4X, 4E, 50, 51, 52, 53, 54, 55, 56, 57, 58, 59, 5X, 5E, 60, 61, 62, 63, 64, 65, 66, 67, 68, 69, 6X, 6E, 70, 71, 72, 73, 74, 75, 76, 77, 78, 79, 7X, 7E, 80, 81, 82, 83, 84, 85, 86, 87, 88, 89, 8X, 8E, 90, 91, 92, 93, 94, 95, 96, 97, 98, 99, 9X, 
X0: 0, 1, 3, 5, 7, 8, 9, E, 11, 13, 14, 15, 17, 19, 1E, 20, 21, 23, 25, 27, 28, 29, 2E, 31, 33, 34, 35, 37, 39, 3E, 40, 41, 43, 45, 47, 48, 49, 4E, 51, 53, 54, 55, 57, 59, 5E, 60, 61, 63, 65, 67, 68, 69, 6E, 71, 73, 74, 75, 77, 79, 7E, 80, 81, 83, 85, 87, 88, 89, 8E, 91, 93, 94, 95, 97, 99, 9E,
X1: 0, 1, X, 10, 19, 1E, 28, 2X, 37, 39, 46, 48, 55, 57, 64, 66, 73, 75, 82, 84, 91, 93, X0,
X2: 0, 1, E, 11, 12, 19, 25, 28, 34, 3E, 40, 42, 50, 51, 52, 60, 62, 63, 6X, 76, 79, 85, 90, 91, 93, X1,
X3: 0, 1, 3, 9, 12, 23, 28, 32, 34, 35, 36, 38, 42, 47, 58, 61, 67, 69, 6X, 6E, 71, 77, 80, 91, 96, X0, X2,
X4: 0, 1, 5, 21, 27, 28, 30, 31, 48, 49, 51, 53, 57, 58, 73, 74, 78, 79, 83, 9E, X3,
X5: 0, 1, 7, 16, 20, 22, 28, 37, 41, 43, 49, 58, 62, 64, 6X, 79, 83, 85, 8E, 9X, X4,
X6: 0, 1, 2, 4, 5, 7, 8, 9, X, E, 11, 12, 14, 15, 16, 17, 18, 1X, 1E, 21, 22, 23, 24, 25, 27, 28, 2X, 2E, 30, 31, 32, 34, 35, 37, 38, 39, 3X, 3E, 41, 42, 44, 45, 46, 47, 48, 4X, 4E, 51, 52, 53, 54, 55, 57, 58, 5X, 5E, 60, 61, 62, 64, 65, 67, 68, 69, 6X, 6E, 71, 72, 74, 75, 76, 77, 78, 7X, 7E, 81, 82, 83, 84, 85, 87, 88, 8X, 8E, 90, 91, 92, 94, 95, 97, 98, 99, 9X, 9E, X1, X2, X4, X5,
X7: 0, 1, 2, 3, 4, 5, 6, 7, 8, 9, X, E, 10, 11, 12, 13, 14, 15, 16, 17, 18, 19, 1X, 1E, 20, 21, 22, 23, 24, 25, 26, 27, 28, 29, 2X, 2E, 30, 31, 32, 33, 34, 35, 36, 37, 38, 39, 3X, 3E, 40, 41, 42, 43, 44, 45, 46, 47, 48, 49, 4X, 4E, 50, 51, 52, 53, 54, 55, 56, 57, 58, 59, 5X, 5E, 60, 61, 62, 63, 64, 65, 66, 67, 68, 69, 6X, 6E, 70, 71, 72, 73, 74, 75, 76, 77, 78, 79, 7X, 7E, 80, 81, 82, 83, 84, 85, 86, 87, 88, 89, 8X, 8E, 90, 91, 92, 93, 94, 95, 96, 97, 98, 99, 9X, 9E, X0, X1, X2, X3, X4, X5, X6,
X8: 0, 1, 3, 5, 7, 9, E, 11, 13, 15, 17, 19, 1E, 21, 23, 25, 27, 28, 29, 2E, 31, 33, 35, 37, 39, 3E, 41, 43, 45, 47, 49, 4E, 51, 53, 55, 57, 59, 5E, 61, 63, 65, 67, 69, 6E, 71, 73, 75, 77, 79, 7E, 80, 81, 83, 85, 87, 89, 8E, 91, 93, 95, 97, 99, 9E, X1, X3, X5, X7,
X9: 0, 1, 2, 3, 4, 5, 6, 7, 8, 9, X, E, 10, 11, 12, 13, 14, 15, 16, 17, 18, 19, 1X, 1E, 20, 21, 22, 23, 24, 25, 26, 27, 28, 29, 2X, 2E, 30, 31, 32, 33, 34, 35, 36, 37, 38, 39, 3X, 3E, 40, 41, 42, 43, 44, 45, 46, 47, 48, 49, 4X, 4E, 50, 51, 52, 53, 54, 55, 56, 57, 58, 59, 5X, 5E, 60, 61, 62, 63, 64, 65, 66, 67, 68, 69, 6X, 6E, 70, 71, 72, 73, 74, 75, 76, 77, 78, 79, 7X, 7E, 80, 81, 82, 83, 84, 85, 86, 87, 88, 89, 8X, 8E, 90, 91, 92, 93, 94, 95, 96, 97, 98, 99, 9X, 9E, X0, X1, X2, X3, X4, X5, X6, X7, X8,
XX: 0, 1, 2, 3, 4, 5, 6, 7, 8, 9, X, E, 10, 11, 12, 13, 14, 15, 16, 17, 18, 19, 1X, 1E, 20, 21, 22, 23, 24, 25, 26, 27, 28, 29, 2X, 2E, 30, 31, 32, 33, 34, 35, 36, 37, 38, 39, 3X, 3E, 40, 41, 42, 43, 44, 45, 46, 47, 48, 49, 4X, 4E, 50, 51, 52, 53, 54, 55, 56, 57, 58, 59, 5X, 5E, 60, 61, 62, 63, 64, 65, 66, 67, 68, 69, 6X, 6E, 70, 71, 72, 73, 74, 75, 76, 77, 78, 79, 7X, 7E, 80, 81, 82, 83, 84, 85, 86, 87, 88, 89, 8X, 8E, 90, 91, 92, 93, 94, 95, 96, 97, 98, 99, 9X, 9E, X0, X1, X2, X3, X4, X5, X6, X7, X8, X9,
XE: 0, 1, 16, 17, 20, 28, 33, 39, 3E, 43, 44, 50, 52, 53, 58, 59, 5E, 67, 68, 70, 72, 78, 83, 8E, 94, 95, XX,
E0: 0, 1, E, 10, 19, 1E, 28, 29, 37, 38, 39, 47, 48, 55, 57, 64, 65, 73, 74, 75, 83, 84, 91, 93, X0, X1, XE,
E1: 0, 1, 2, 3, 4, 5, 6, 7, 8, 9, X, E, 10, 11, 12, 13, 14, 15, 16, 17, 18, 19, 1X, 1E, 20, 21, 22, 23, 24, 25, 26, 27, 28, 29, 2X, 2E, 30, 31, 32, 33, 34, 35, 36, 37, 38, 39, 3X, 3E, 40, 41, 42, 43, 44, 45, 46, 47, 48, 49, 4X, 4E, 50, 51, 52, 53, 54, 55, 56, 57, 58, 59, 5X, 5E, 60, 61, 62, 63, 64, 65, 66, 67, 68, 69, 6X, 6E, 70, 71, 72, 73, 74, 75, 76, 77, 78, 79, 7X, 7E, 80, 81, 82, 83, 84, 85, 86, 87, 88, 89, 8X, 8E, 90, 91, 92, 93, 94, 95, 96, 97, 98, 99, 9X, 9E, X0, X1, X2, X3, X4, X5, X6, X7, X8, X9, XX, XE, E0,
E2: 0, 1, 2, 3, 4, 5, 6, 7, 8, 9, X, E, 10, 11, 12, 13, 14, 15, 16, 17, 18, 19, 1X, 1E, 20, 21, 22, 23, 24, 25, 26, 27, 28, 29, 2X, 2E, 30, 31, 32, 33, 34, 35, 36, 37, 38, 39, 3X, 3E, 40, 41, 42, 43, 44, 45, 46, 47, 48, 49, 4X, 4E, 50, 51, 52, 53, 54, 55, 56, 57, 58, 59, 5X, 5E, 60, 61, 62, 63, 64, 65, 66, 67, 68, 69, 6X, 6E, 70, 71, 72, 73, 74, 75, 76, 77, 78, 79, 7X, 7E, 80, 81, 82, 83, 84, 85, 86, 87, 88, 89, 8X, 8E, 90, 91, 92, 93, 94, 95, 96, 97, 98, 99, 9X, 9E, X0, X1, X2, X3, X4, X5, X6, X7, X8, X9, XX, XE, E0, E1,
E3: 0, 1, 2, 4, 5, 7, 8, X, E, 11, 12, 14, 15, 17, 18, 1X, 1E, 21, 22, 23, 24, 25, 27, 28, 2X, 2E, 31, 32, 34, 35, 37, 38, 3X, 3E, 41, 42, 44, 45, 46, 47, 48, 4X, 4E, 51, 52, 54, 55, 57, 58, 5X, 5E, 61, 62, 64, 65, 67, 68, 69, 6X, 6E, 71, 72, 74, 75, 77, 78, 7X, 7E, 81, 82, 84, 85, 87, 88, 8X, 8E, 90, 91, 92, 94, 95, 97, 98, 9X, 9E, X1, X2, X4, X5, X7, X8, XX, XE, E1, E2,
E4: 0, 1, 3, 5, 7, 8, 9, E, 11, 13, 14, 15, 17, 19, 1E, 20, 21, 23, 25, 27, 28, 29, 2E, 31, 33, 34, 35, 37, 39, 3E, 40, 41, 43, 45, 47, 48, 49, 4E, 51, 53, 54, 55, 57, 59, 5E, 60, 61, 63, 65, 67, 68, 69, 6E, 71, 73, 74, 75, 77, 79, 7E, 80, 81, 83, 85, 87, 88, 89, 8E, 91, 93, 94, 95, 97, 99, 9E, X0, X1, X3, X5, X7, X8, X9, XE, E1, E3,
E5: 0, 1, 2, 3, 4, 5, 6, 7, 8, 9, X, E, 10, 11, 12, 13, 14, 15, 16, 17, 18, 19, 1X, 1E, 20, 21, 22, 23, 24, 25, 26, 27, 28, 29, 2X, 2E, 30, 31, 32, 33, 34, 35, 36, 37, 38, 39, 3X, 3E, 40, 41, 42, 43, 44, 45, 46, 47, 48, 49, 4X, 4E, 50, 51, 52, 53, 54, 55, 56, 57, 58, 59, 5X, 5E, 60, 61, 62, 63, 64, 65, 66, 67, 68, 69, 6X, 6E, 70, 71, 72, 73, 74, 75, 76, 77, 78, 79, 7X, 7E, 80, 81, 82, 83, 84, 85, 86, 87, 88, 89, 8X, 8E, 90, 91, 92, 93, 94, 95, 96, 97, 98, 99, 9X, 9E, X0, X1, X2, X3, X4, X5, X6, X7, X8, X9, XX, XE, E0, E1, E2, E3, E4,
E6: 0, 1, 2, 3, 4, 5, 6, 7, 8, 9, X, E, 10, 11, 12, 13, 14, 15, 16, 17, 18, 19, 1X, 1E, 20, 21, 22, 23, 24, 25, 26, 27, 28, 29, 2X, 2E, 30, 31, 32, 33, 34, 35, 36, 37, 38, 39, 3X, 3E, 40, 41, 42, 43, 44, 45, 46, 47, 48, 49, 4X, 4E, 50, 51, 52, 53, 54, 55, 56, 57, 58, 59, 5X, 5E, 60, 61, 62, 63, 64, 65, 66, 67, 68, 69, 6X, 6E, 70, 71, 72, 73, 74, 75, 76, 77, 78, 79, 7X, 7E, 80, 81, 82, 83, 84, 85, 86, 87, 88, 89, 8X, 8E, 90, 91, 92, 93, 94, 95, 96, 97, 98, 99, 9X, 9E, X0, X1, X2, X3, X4, X5, X6, X7, X8, X9, XX, XE, E0, E1, E2, E3, E4, E5,
E7: 0, 1, 2, 3, 4, 5, 6, 7, 8, 9, X, E, 10, 11, 12, 13, 14, 15, 16, 17, 18, 19, 1X, 1E, 20, 21, 22, 23, 24, 25, 26, 27, 28, 29, 2X, 2E, 30, 31, 32, 33, 34, 35, 36, 37, 38, 39, 3X, 3E, 40, 41, 42, 43, 44, 45, 46, 47, 48, 49, 4X, 4E, 50, 51, 52, 53, 54, 55, 56, 57, 58, 59, 5X, 5E, 60, 61, 62, 63, 64, 65, 66, 67, 68, 69, 6X, 6E, 70, 71, 72, 73, 74, 75, 76, 77, 78, 79, 7X, 7E, 80, 81, 82, 83, 84, 85, 86, 87, 88, 89, 8X, 8E, 90, 91, 92, 93, 94, 95, 96, 97, 98, 99, 9X, 9E, X0, X1, X2, X3, X4, X5, X6, X7, X8, X9, XX, XE, E0, E1, E2, E3, E4, E5, E6,
E8: 0, 1, 3, 4, 5, 7, 8, 9, E, 10, 11, 13, 14, 15, 17, 18, 19, 1E, 20, 21, 23, 24, 25, 27, 28, 29, 2E, 30, 31, 33, 34, 35, 37, 38, 39, 3E, 40, 41, 43, 44, 45, 47, 48, 49, 4E, 50, 51, 53, 54, 55, 57, 58, 59, 5E, 60, 61, 63, 64, 65, 67, 68, 69, 6E, 70, 71, 73, 74, 75, 77, 78, 79, 7E, 80, 81, 83, 84, 85, 87, 88, 89, 8E, 90, 91, 93, 94, 95, 97, 98, 99, 9E, X0, X1, X3, X4, X5, X7, X8, X9, XE, E0, E1, E3, E4, E5, E7,
E9: 0, 1, 2, 3, 4, 5, 6, 7, 8, 9, X, E, 10, 11, 12, 13, 14, 15, 16, 17, 18, 19, 1X, 1E, 20, 21, 22, 23, 24, 25, 26, 27, 28, 29, 2X, 2E, 30, 31, 32, 33, 34, 35, 36, 37, 38, 39, 3X, 3E, 40, 41, 42, 43, 44, 45, 46, 47, 48, 49, 4X, 4E, 50, 51, 52, 53, 54, 55, 56, 57, 58, 59, 5X, 5E, 60, 61, 62, 63, 64, 65, 66, 67, 68, 69, 6X, 6E, 70, 71, 72, 73, 74, 75, 76, 77, 78, 79, 7X, 7E, 80, 81, 82, 83, 84, 85, 86, 87, 88, 89, 8X, 8E, 90, 91, 92, 93, 94, 95, 96, 97, 98, 99, 9X, 9E, X0, X1, X2, X3, X4, X5, X6, X7, X8, X9, XX, XE, E0, E1, E2, E3, E4, E5, E6, E7, E8,
EX: 0, 1, 18, 1E, 22, 26, 28, 2X, 31, 33, 35, 39, 40, 43, 5X, 5E, 60, 77, 7X, 81, 85, 87, 89, 90, 92, 94, 98, 9E, X2, E9,
EE: 0, 1, X, E, 10, 19, 1X, 1E, 28, 29, 2X, 37, 38, 39, 46, 47, 48, 55, 56, 57, 64, 65, 66, 73, 74, 75, 82, 83, 84, 91, 92, 93, X0, X1, X2, XE, E0, E1, EX, 
100: 0, 1, 5, 7, 9, E, 11, 14, 15, 17, 1E, 21, 23, 25, 27, 28, 2E, 31, 35, 37, 39, 3E, 41, 45, 47, 4E, 51, 53, 54, 55, 57, 5E, 61, 65, 67, 68, 69, 6E, 71, 75, 77, 7E, 81, 83, 85, 87, 8E, 91, 94, 95, 97, 99, 9E, X1, X5, X7, X8, XE, E1, E3, E5, E7, EE,
