2, -1, -1   2, 3, 5, 7, 13, 17, 19, 31, 61, 89, 107, 127, 521, 607,
2, -1, +1   1, 2, 4, 8, 16,
2, +1, -1   1, 2, 3, 4, 6, 7, 11, 18, 34, 38, 43, 55, 64, 76, 94, 103, 143, 206, 216, 306, 324, 391, 458, 470, 827,
2, +1, +1   1, 2, 5, 6, 8, 12, 18, 30, 36, 41, 66, 189, 201, 209, 276, 353, 408, 438, 534,


3, -1, -1   1, 2, 3, 7, 8, 12, 20, 23, 27, 35, 56, 62, 68, 131, 222, 384, 387, 579, 644,
3, -1, +1   1, 2, 4, 5, 6, 9, 16, 17, 30, 54, 57, 60, 65, 132, 180, 320, 696, 782, 822, 897,
3, +1, -1   1, 3, 5, 7, 15, 45, 95, 235, 463, 733,
3, +1, +1   1, 2, 3, 6, 14, 15, 39, 201, 249, 885, 1005,


4, -1, -1   1, 2, 3, 9, 17, 19, 32, 38, 47, 103, 108, 153, 162, 229, 235, 637,
4, -1, +1   1, 3, 4, 6, 9, 15, 18, 33, 138, 204, 219, 267,
4, +1, -1   1, 2, 4, 5, 6, 7, 9, 16, 24, 27, 36, 74, 92, 124, 135, 137, 210, 670, 719, 761, 819, 877, 942, 1007,


5, -1, -1   1, 3, 9, 13, 15, 25, 39, 69, 165, 171, 209, 339,
5, -1, +1   2, 6, 18, 50, 290,
5, +1, -1   1, 2, 5, 11, 28, 65, 72, 361, 479, 494, 599,
5, +1, +1   1, 2, 3, 23, 27, 33, 63, 158, 278, 290, 351, 471, 797,


6, -1, -1   1, 2, 6, 7, 11, 23, 33, 48, 68, 79, 116, 151, 205, 1016,
6, -1, +1   1, 2, 4, 17, 136, 147, 203, 590, 754, 964, 970,
6, +1, -1   1, 2, 3, 13, 21, 28, 30, 32, 36, 48, 52, 76, 734,
6, +1, +1   1, 6, 17, 38, 50, 80, 207, 236, 264, 309, 555,


7, -1, -1   1, 2, 7, 18, 55, 69, 87, 119, 141, 189, 249, 354,
7, -1, +1   1, 4, 9, 99, 412,
7, +1, -1   4, 7, 10, 14, 23, 59,


8, -1, -1   3, 7, 15, 59,
8, -1, +1   2, 40, 58, 60, 130, 144, 752,
8, +1, -1   1, 5, 7, 21, 33, 53, 103, 313, 517,
8, +1, +1   1, 2, 11, 14, 21, 27, 54, 122, 221, 435, 498, 942,


9, -1, -1   1, 2, 5, 25, 85, 92, 97, 649,
9, -1, +1   1, 4, 5, 11, 26, 29, 38, 65, 166, 490, 641,
9, +1, -1   1, 2, 4, 5, 7, 10, 11, 13, 15, 19, 27, 29, 35, 42, 51, 70, 112, 164, 179, 180, 242, 454, 621,
9, +1, +1   2, 6, 9, 11, 51, 56, 81, 941,


10, -1, -1   1, 3, 7, 19, 29, 37, 93, 935,
10, -1, +1   3, 4, 5, 9, 22, 27, 36, 57, 62, 78, 201, 537, 696, 790, 905,
10, +1, -1   1, 9, 11, 17, 22, 29, 36, 37, 52, 166, 448,


11, -1, -1   1, 3, 37, 119, 255, 355, 371, 497,
11, -1, +1   10, 24, 864,
11, +1, -1   1, 2, 3, 4, 11, 13, 22, 27, 48, 51, 103, 147, 280, 908,
11, +1, +1   2, 3, 6, 8, 138, 149, 222, 363, 995,


12, -1, -1   1, 2, 21, 25, 33, 54, 78, 235,
12, -1, +1   3, 4, 35, 119, 476, 507,
12, +1, -1   2, 6, 11, 66, 196, 478,
12, +1, +1   1, 2, 8, 9, 17, 26, 62, 86, 152, 365,


13, -1, -1   2, 7, 11, 36, 164, 216, 302, 311, 455, 738,
13, -1, +1   1, 2, 4, 21, 34, 48, 53, 160, 198, 417, 773,
13, +1, -1   1, 3, 4, 9, 11, 17, 19, 21, 24, 84, 93, 564, 817, 864, 961, 1009,


14, -1, -1   1, 3, 5, 27, 35, 165, 209,
14, -1, +1   2, 40, 402,
14, +1, -1   2, 8, 172, 357, 918,
14, +1, +1   1, 3, 24, 29, 44, 48,


15, -1, -1   14, 33, 43,
15, -1, +1   1, 3, 4, 9, 11, 14, 23, 122, 141, 591,
15, +1, -1   1, 9, 15, 57, 79, 221,
15, +1, +1   1, 3, 5, 21, 35, 101, 860,


16, -1, -1   1, 20, 29, 43, 56, 251,
16, -1, +1   1, 3, 11, 12, 28, 42, 225, 702, 782, 972,
16, +1, -1   1, 4, 5, 9, 15, 24, 31, 63, 89, 115, 153, 166, 243, 297, 328,


17, -1, -1   1, 3, 71, 139, 265, 793,
17, -1, +1   4, 20, 320, 736,
17, +1, -1   4, 6, 15, 18, 23, 83, 359, 420, 711, 723, 864,
17, +1, +1   1, 6, 204,


18, -1, -1   2, 6, 26, 79, 91, 96, 416, 554,
18, -1, +1   1, 6, 9, 12, 22, 30, 102, 154, 600,
18, +1, -1   3, 4, 5, 7, 476, 572, 684, 865,
18, +1, +1   9,


19, -1, -1   6, 9, 20, 43, 174, 273, 428,
19, -1, +1   29, 32, 59, 65, 303,
19, +1, -1   1, 2, 503, 806,


20, -1, -1   1, 219, 223,
20, -1, +1   14, 18, 20, 38, 108, 150, 640,
20, +1, -1   1, 10, 26, 30, 33, 73, 80, 120, 282, 331, 662, 859,
20, +1, +1   1, 6, 191, 468, 644,


21, -1, -1   1, 2, 7, 24, 31, 60, 230, 307, 750,
21, -1, +1   1, 2, 3, 4, 12, 17, 38, 54, 56, 123, 165, 876,
21, +1, -1   1, 8, 13, 26, 355, 985,
21, +1, +1   1, 5, 26, 206, 350,


22, -1, -1   1, 2, 5, 19, 141, 302, 337,
22, -1, +1   1, 9, 53, 261,
22, +1, -1   2, 18, 252,


23, -1, -1   55, 103, 115, 131, 535,
23, -1, +1   14, 62, 84,
23, +1, -1   7, 35, 79, 117, 137, 144, 157, 481, 529,
23, +1, +1   2, 11, 18, 27, 57, 362, 383, 651,


24, -1, -1   12, 18, 63, 153, 221,
24, -1, +1   2, 4, 9, 42, 47, 54, 89, 102, 118, 269, 273, 316, 698,
24, +1, -1   1, 3, 11, 29, 171, 249, 569, 735, 1019,
24, +1, +1   1, 2, 3, 8, 66, 968,


25, -1, -1   1, 5, 7, 30, 75, 371, 383, 609, 819, 855,
25, -1, +1   1, 4, 162,
25, +1, -1   2, 17, 18, 118, 220, 290, 988,


26, -1, -1   133, 205, 215,
26, -1, +1   2, 18, 100,
26, +1, -1   1, 2, 4, 14, 26, 49, 226,
26, +1, +1   2, 5, 179, 377, 425, 491,


27, -1, -1   1, 3, 5, 13, 15, 31, 55, 151, 259, 479, 734,
27, -1, +1   4, 5, 167, 408, 416, 701, 707,
27, +1, -1   2, 4, 6, 8, 46, 56, 79, 571,
27, +1, +1   1, 5, 6, 165, 825,


28, -1, -1   20,
28, -1, +1   1, 2, 136, 154, 524,
28, +1, -1   1, 72, 153,


29, -1, -1   1, 7, 11, 57, 69, 235,
29, -1, +1   2, 4, 6, 44, 334,
29, +1, -1   2, 4, 13, 17, 27, 189, 200, 340, 449, 1024,
29, +1, +1   5, 41, 42, 44, 125,


30, -1, -1   2, 83, 566, 938,
30, -1, +1   4, 5, 9, 18, 71, 124, 165, 172, 888,
30, +1, -1   1, 5, 11, 15, 21, 22, 129, 153, 217, 411, 855,
30, +1, +1   2, 36, 282, 425, 918,


31, -1, -1   1, 5, 27, 41, 48, 177, 398, 536, 608, 618,
31, -1, +1   5, 18, 93, 269, 488,
31, +1, -1   1, 4, 9, 11, 22, 34, 59, 89, 117, 127, 172, 223,


32, -1, -1   1, 7, 23, 41, 47, 693,
32, -1, +1   12, 28,
32, +1, -1   2, 7, 38, 66, 72, 163, 371,
32, +1, +1   5, 105, 284, 326,


33, -1, -1   2, 3, 146,
33, -1, +1   2, 4, 6, 9, 29, 292, 377, 444, 581,
33, +1, -1   4, 13, 48, 216, 859,
33, +1, +1   1, 629, 699,


34, -1, -1   15, 25, 99, 188,
34, -1, +1   1, 2, 4, 9, 32, 33, 50, 56, 168, 315,
34, +1, -1   2, 3, 4, 5, 24, 59, 64, 91, 171, 731, 784,


35, -1, -1   3, 5, 7, 13, 31, 69, 341, 437, 485,
35, -1, +1   2,
35, +1, -1   1, 19, 23, 45, 103, 113,
35, +1, +1   2, 3, 6, 8, 29, 185, 492,


36, -1, -1   1, 9, 11, 15, 27, 145, 417, 762,
36, -1, +1   2, 9, 11, 21, 50, 96, 137, 210, 345,
36, +1, -1   2, 5, 7, 9, 13, 23, 35, 110, 137, 345, 712, 927,
36, +1, +1   3, 8,


37, -1, -1   7, 325, 439,
37, -1, +1   9, 16, 36, 72, 299, 532, 681,
37, +1, -1   2, 22, 92, 172, 712,


38, -1, -1
38, -1, +1   16, 32, 72,
38, +1, -1   1, 3, 4, 12, 16, 157, 361, 419, 427, 523, 647,
38, +1, +1   1, 21, 63, 87, 122, 206,


39, -1, -1   1, 3, 5, 8, 90, 272, 290, 767,
39, -1, +1   1, 4, 45,
39, +1, -1   1, 3, 4, 6, 69, 101, 139, 163, 188, 432, 473, 512, 606,
39, +1, +1   3, 9, 44, 89, 356,


40, -1, -1   1, 19, 218, 767,
40, -1, +1   2, 4, 11, 17, 60, 69, 96, 159, 310, 330, 994,
40, +1, -1   2, 4, 10, 88, 134, 644, 712,


41, -1, -1   7, 295,
41, -1, +1   80, 120, 170,
41, +1, -1   1, 5, 7, 49, 100, 134, 167, 542,
41, +1, +1   1, 6, 11, 39, 636,


42, -1, -1   1, 3, 6, 9, 11, 47, 61, 105, 263, 517,
42, -1, +1   1, 4, 5, 15, 20, 39,
42, +1, -1   8, 14, 26, 72, 80, 160, 455, 484,
42, +1, +1   2, 17, 114, 501,


43, -1, -1   7, 39, 71, 639,
43, -1, +1   2, 9, 14, 40, 81, 156, 221, 252, 569,
43, +1, -1   3, 4, 24, 67,


44, -1, -1   7, 17, 43, 731,
44, -1, +1   4, 108, 174, 272,
44, +1, -1   1, 2, 16, 40, 108, 119, 295, 468, 986,
44, +1, +1   2, 3, 24, 26, 32, 134,


45, -1, -1   1, 13, 72, 83, 132, 144,
45, -1, +1   2, 5, 15, 17, 28, 84, 390, 778,
45, +1, -1   1, 6, 40, 49, 58, 78, 366, 1009,
45, +1, +1   2, 15, 21, 39, 183, 255, 849,


46, -1, -1   1, 2, 3, 9, 12, 24, 68, 108, 476, 619, 839,
46, -1, +1   3, 18, 27, 28, 66, 129, 189, 399, 550, 714,
46, +1, -1   1, 6, 36, 79, 107, 475,


47, -1, -1   1, 9, 15, 45, 211,
47, -1, +1   16,
47, +1, -1   2, 4, 12, 19,
47, +1, +1   2, 41, 129,


48, -1, -1   2, 3, 14, 48, 215, 324, 518,
48, -1, +1   2, 5, 6, 40, 986,
48, +1, -1   1, 5, 11, 35, 39,
48, +1, +1   6, 14, 15, 87, 231,


49, -1, -1   1, 5, 18, 21, 35, 84, 121, 189,
49, -1, +1   2, 4, 9, 11, 26, 63, 75, 135, 164, 449, 662,
49, +1, -1   2, 3, 5, 10, 11, 13, 14, 45, 78, 82, 152, 158, 243, 401, 456, 768,


50, -1, -1   25, 37, 39, 47, 99, 245,
50, -1, +1   2, 30, 412, 628,
50, +1, -1   1, 4, 64, 82, 111, 124, 152, 239, 371, 404, 411,
50, +1, +1   1, 6,


51, -1, -1   1, 31, 170, 557,
51, -1, +1   1, 2, 10, 41, 125, 137,
51, +1, -1   5, 8, 12, 16, 18, 84, 119, 214, 219, 443,
51, +1, +1   183, 351, 464,


52, -1, -1   5, 13, 19, 425, 585,
52, -1, +1   15, 28, 372, 1000,
52, +1, -1   3, 7, 46, 52, 90, 359,


53, -1, -1   3, 251,
53, -1, +1   960,
53, +1, -1   1, 8, 21,
53, +1, +1   2, 3, 9, 17, 41, 51,


54, -1, -1   1, 5, 14, 321, 427, 620, 902,
54, -1, +1   15, 65, 98, 120, 124, 168, 188,
54, +1, -1   1, 5, 7, 23, 28, 42, 264, 359, 721,
54, +1, +1   1, 9, 23, 51, 75, 104, 176,


55, -1, -1   1, 15, 44, 71, 98, 147, 225, 242,
55, -1, +1   1, 2, 3, 5, 28, 29, 98, 291,
55, +1, -1   1, 2, 7, 22, 37, 40, 62, 231, 266, 352, 372, 537,


56, -1, -1   1, 25, 77, 297,
56, -1, +1   4, 8, 34, 36, 458, 496,
56, +1, -1   1, 7, 10, 28, 76, 87, 103, 256, 410, 626, 851, 885,
56, +1, +1   2, 3, 12, 24, 36, 222, 473,


57, -1, -1   1, 2, 3, 18, 367,
57, -1, +1   3, 16, 36, 48,
57, +1, -1   3, 4, 24, 28, 50, 71, 106, 127, 206, 586, 655,
57, +1, +1   1, 2, 9, 14, 113, 224,


58, -1, -1   2, 14,
58, -1, +1   1, 2, 14,
58, +1, -1   3, 15, 72, 99, 133, 669,


59, -1, -1   3, 15, 493,
59, -1, +1   14, 38, 104, 362,
59, +1, -1   1, 4, 9, 10, 94, 136, 305, 814, 1015,
59, +1, +1   1, 219,


60, -1, -1   1, 5, 13,
60, -1, +1   1, 21, 51, 117, 178, 292, 579, 624, 718,
60, +1, -1   1, 2, 7, 11, 52, 84,
60, +1, +1   21, 98,


61, -1, -1   1, 2, 7, 25, 132, 216, 439, 482, 581,
61, -1, +1   6, 8, 27, 47, 54, 184,
61, +1, -1   5, 11, 25, 26,


62, -1, -1   899,
62, -1, +1   20, 212,
62, +1, -1   2, 15, 198,
62, +1, +1   1, 2, 14, 18, 998,


63, -1, -1   3, 30, 36, 79, 527, 1002,
63, -1, +1   1, 4, 17, 18, 484,
63, +1, -1
63, +1, +1   185,


64, -1, -1   11, 21, 119,
64, -1, +1   3, 10, 38, 128, 215, 404, 413, 504, 826,
64, +1, -1   1, 2, 13, 27, 29, 32, 34, 155, 162, 296, 428, 732, 788,


65, -1, -1   1, 7, 619, 785,
65, -1, +1   946, 1022,
65, +1, -1   1, 2, 4, 5, 9, 33, 59, 62, 78, 328, 546, 806, 996,
65, +1, +1   3, 5, 110, 155, 900,


66, -1, -1   1, 2, 17, 71, 145, 149, 228, 996,
66, -1, +1   6, 83, 177, 356,
66, +1, -1   1, 13, 24, 39, 57, 91, 137, 265, 269,
66, +1, +1   1, 2, 18,


67, -1, -1   1, 2, 18, 54, 63, 203, 863,
67, -1, +1   1, 3, 4, 112,
67, +1, -1   24, 123, 144, 166, 398,


68, -1, -1   63, 119, 139,
68, -1, +1   18, 284, 422, 482, 536, 558,
68, +1, -1   1, 7, 13, 37, 40, 65, 71,
68, +1, +1   2,


69, -1, -1   1, 6, 39, 193, 307,
69, -1, +1   10, 12, 15, 32, 172, 399, 424, 501, 579, 706,
69, +1, -1   2, 4, 5, 8, 19, 39, 60, 224, 344,
69, +1, +1   1, 2, 5, 9, 113, 429,


70, -1, -1   13, 18, 19, 110, 189, 354, 380, 689,
70, -1, +1   1, 11, 16, 40, 479,
70, +1, -1   1, 2, 4, 47, 52, 60, 106, 352, 670,


71, -1, -1   1, 59, 93,
71, -1, +1   4, 62, 158, 418,
71, +1, -1   2, 11, 35, 60, 119, 120,
71, +1, +1   1, 2, 3, 20, 93, 633,


72, -1, -1   25, 373,
72, -1, +1   1, 3, 5, 12, 15, 140, 292,
72, +1, -1   6, 964,
72, +1, +1   120, 170,


73, -1, -1   8, 12, 98, 204, 231, 536,
73, -1, +1   5, 24, 34, 96,
73, +1, -1   3, 9,


74, -1, -1   3, 7, 19, 187, 337,
74, -1, +1   42, 300,
74, +1, -1   3, 7, 10, 15, 20, 21, 71, 286, 816,
74, +1, +1   2, 12, 78, 272, 798,


75, -1, -1   2, 6, 30, 78, 572, 852, 956,
75, -1, +1   4, 6, 9, 95, 516, 628, 830,
75, +1, -1   36, 125, 184, 636,
75, +1, +1   1,


76, -1, -1   7, 18, 37, 51, 66, 83, 246, 263,
76, -1, +1   1, 2, 3, 11, 110,
76, +1, -1   1, 4, 5, 29, 31, 79, 86, 132,


77, -1, -1   1, 7, 69,
77, -1, +1   828,
77, +1, -1   10, 19, 27, 42, 152, 260, 820,
77, +1, +1   1,


78, -1, -1   44, 228,
78, -1, +1   1, 5, 116,
78, +1, -1   8, 20, 73, 205, 304,
78, +1, +1   1, 5, 15, 42,


79, -1, -1   2, 68, 145, 398,
79, -1, +1   1, 10, 12, 24, 101, 124, 288, 300, 804, 857,
79, +1, -1   3, 15, 17, 24, 60, 231, 301,


80, -1, -1   11, 889,
80, -1, +1   2, 4, 346,
80, +1, -1   7, 13, 49, 165,
80, +1, +1   1, 24, 33, 147, 222, 225, 426,


81, -1, -1   3, 5, 18, 54, 203, 252, 417, 458, 704,
81, -1, +1   1,
81, +1, -1   2, 4, 5, 362, 717,
81, +1, +1   8, 45, 252, 282, 746,


82, -1, -1   81,
82, -1, +1   12, 17, 92, 96, 408,
82, +1, -1   2, 7, 30, 48, 67, 338, 556,


83, -1, -1
83, -1, +1   2, 4, 16, 146,
83, +1, -1   1, 23, 24, 91, 289, 395, 681,
83, +1, +1   5, 21, 198, 803,


84, -1, -1   1, 86,
84, -1, +1   6, 12, 63, 176, 207, 227, 602, 627, 674,
84, +1, -1   2, 19, 20, 25, 34, 135, 932,
84, +1, +1   9, 257, 348, 429, 662,


85, -1, -1   2, 6, 15, 18, 38, 48, 78, 155,
85, -1, +1   4, 20, 72, 584,
85, +1, -1   1, 11, 20, 30, 31, 49, 91, 192, 295,


86, -1, -1   1, 23, 25, 49, 143,
86, -1, +1   30, 158,
86, +1, -1   1, 5, 52, 76, 135, 142, 274,
86, +1, +1   2,


87, -1, -1   1, 2, 6, 11, 13, 95, 119,
87, -1, +1   3, 327, 359, 429, 968,
87, +1, -1   7, 63,
87, +1, +1   2, 9, 24, 276, 366, 390,


88, -1, -1   3, 163, 366, 522,
88, -1, +1
88, +1, -1


89, -1, -1   25, 37, 529, 531,
89, -1, +1   2, 110, 214, 302, 314,
89, +1, -1   1, 2, 4, 5, 16, 55, 554, 1004,
89, +1, +1   1, 2, 3, 8, 230, 873, 927,


90, -1, -1   1, 2, 6, 8, 42, 188, 193,
90, -1, +1   1, 2, 3, 4, 18, 239,
90, +1, -1   3, 4, 5, 8, 9, 110, 148, 220, 359, 720,
90, +1, +1   1, 23, 54, 158, 800,


91, -1, -1   519,
91, -1, +1   1, 9, 21, 117, 389, 772,
91, +1, -1   9, 12, 28, 30, 243,


92, -1, -1   77, 613,
92, -1, +1   8,
92, +1, -1   4, 36, 136,
92, +1, +1   2, 9, 566,


93, -1, -1   476, 908,
93, -1, +1   2, 5, 9, 24, 28, 32, 93, 128, 384, 392, 396, 897,
93, +1, -1   1, 4, 7, 521, 865,
93, +1, +1   3, 6, 185, 210, 282, 605,


94, -1, -1   1, 2, 6, 18, 25, 73, 205, 408, 540, 855, 966,
94, -1, +1   4, 8, 27, 41, 564, 744,
94, +1, -1   1, 6, 16, 30, 43, 280, 474, 606, 901,


95, -1, -1   1, 49, 197,
95, -1, +1   4, 136, 490,
95, +1, -1   2, 4, 5, 9, 15, 17, 44, 117, 134, 143, 876,
95, +1, +1   9, 339, 515, 567,


96, -1, -1   2, 3, 14, 105, 573,
96, -1, +1   2, 4, 11, 20, 34, 40, 48, 57, 82,
96, +1, -1   1, 11, 20, 23, 164,
96, +1, +1   14, 17, 122, 689,


97, -1, -1   1, 23, 25, 102, 165, 511,
97, -1, +1   11, 75, 1023,
97, +1, -1   2, 36, 47, 96, 238,


98, -1, -1
98, -1, +1   8, 10,
98, +1, -1   24, 55, 95, 140, 403,
98, +1, +1   3, 11, 114,


99, -1, -1   2, 9, 15, 39, 49, 111, 207, 299,
99, -1, +1   2,
99, +1, -1   25, 35, 71, 299, 903,
99, +1, +1   1, 11, 30,


100, -1, -1   2, 17, 35, 41, 359,
100, -1, +1   1, 2, 4, 8, 10, 12, 36, 100, 227, 312, 527,
100, +1, -1   1, 18, 91, 181, 301, 384, 571,


101, -1, -1   1, 3, 5, 27, 99, 383,
101, -1, +1   2, 16, 48, 242,
101, +1, -1   1, 5, 219, 244, 360, 539, 877,
101, +1, +1   1, 2, 45, 116, 321,


102, -1, -1   1, 6, 17, 31, 53, 117, 537, 839,
102, -1, +1   1, 4, 51, 69,
102, +1, -1   3, 12, 34, 40, 74, 388, 502,
102, +1, +1   5, 14, 113, 194, 314, 921,


103, -1, -1   3, 20, 163, 224,
103, -1, +1   56, 254, 333,
103, +1, -1   1, 4, 47, 77,


104, -1, -1   1, 9, 15, 23,
104, -1, +1   2, 16, 62,
104, +1, -1   3, 8, 9, 11, 21, 22, 24, 50, 56, 213, 521,
104, +1, +1   5, 12, 77, 252,


105, -1, -1   3, 33, 60, 141, 289, 429, 788, 842,
105, -1, +1   12, 20, 486,
105, +1, -1   6, 9, 26, 60, 114, 153, 240, 616,
105, +1, +1   1, 23, 485, 878,


106, -1, -1   2, 11, 17, 20, 66, 139, 725,
106, -1, +1   1, 11, 161, 479,
106, +1, -1   2, 6, 26, 35, 63, 90, 124, 125, 345, 537, 735,


107, -1, -1   37, 103, 319, 583, 605,
107, -1, +1   4,
107, +1, -1   2, 3, 4, 7, 620,
107, +1, +1   80,


108, -1, -1   410,
108, -1, +1   5, 33,
108, +1, -1   39, 228, 611, 1020,
108, +1, +1   398,


109, -1, -1   6, 77, 111, 308, 695,
109, -1, +1   15, 30, 138, 195, 282,
109, +1, -1   4, 5, 15, 32, 53, 81, 229, 648,


110, -1, -1   5,
110, -1, +1   2, 22, 24, 122,
110, +1, -1   13, 37, 48, 434,
110, +1, +1   1, 3, 21, 69,


111, -1, -1   2, 12, 14, 25, 33, 62, 119, 186,
111, -1, +1   1, 2, 8, 12, 21, 146, 161, 618, 963,
111, +1, -1   8, 21, 25, 80, 148, 168, 384, 503, 620,
111, +1, +1   1, 2, 5, 14, 71, 159,


112, -1, -1   7, 43, 51, 103, 153,
112, -1, +1   1, 28, 948,
112, +1, -1   36, 56, 166,


113, -1, -1
113, -1, +1   4, 16, 26, 236,
113, +1, -1   3, 13, 32, 107, 177, 387,
113, +1, +1   3, 5, 23, 35, 74,


114, -1, -1   2,
114, -1, +1   3, 10, 22, 24, 45, 772, 886, 1023,
114, +1, -1   1, 2, 10, 30, 50, 194, 326, 506,
114, +1, +1   3, 9, 11, 71, 89, 192,


115, -1, -1   1, 3, 6, 20, 191, 193, 846,
115, -1, +1   2, 52, 81, 134, 767,
115, +1, -1   1, 7, 25, 75, 113, 141, 145, 303,


116, -1, -1   1, 3, 51, 91, 93, 145, 277, 855,
116, -1, +1   16, 814,
116, +1, -1   3, 14, 15, 24, 32, 116, 189, 270, 613,
116, +1, +1   44, 53, 71, 126, 161, 876,


117, -1, -1   2, 6, 9, 30, 45, 395, 729,
117, -1, +1   3, 99, 137, 219, 335, 392, 896,
117, +1, -1   136, 283,
117, +1, +1   1, 14,


118, -1, -1   2, 3, 27, 47, 144, 212, 218, 503, 768,
118, -1, +1   1, 2, 10, 29, 161, 244, 318, 352, 634, 748,
118, +1, -1   9, 31, 791,


119, -1, -1   3, 43, 281, 527, 859,
119, -1, +1   46, 56, 88, 204,
119, +1, -1   2, 9, 180, 231, 275, 357,
119, +1, +1   1, 18,


120, -1, -1   2, 12, 47, 93, 96, 117, 162, 753,
120, -1, +1   1, 2, 38, 40, 42, 56,
120, +1, -1   1, 5, 113, 641,
120, +1, +1   2, 9, 30, 39, 56, 72, 101, 104, 126, 488,


121, -1, -1   1, 2, 14, 161, 517,
121, -1, +1   2, 6, 10, 15, 206, 515, 1010,
121, +1, -1   2, 31, 179, 191, 232,


122, -1, -1   3, 17, 27, 417,
122, -1, +1
122, +1, -1   3, 6,
122, +1, +1   2, 8, 72, 128,


123, -1, -1   6, 38, 115, 594, 734,
123, -1, +1
123, +1, -1   3, 9, 85, 523,
123, +1, +1   2, 389,


124, -1, -1   33, 535,
124, -1, +1   2, 62,
124, +1, -1   20, 38, 374, 889,


125, -1, -1
125, -1, +1   16, 26, 72, 242,
125, +1, -1   1, 2, 9, 10, 1010,
125, +1, +1   2, 45, 62, 92, 860,


126, -1, -1   1,
126, -1, +1   4, 188, 209, 224, 509, 860,
126, +1, -1   1, 3, 4, 6, 48, 70, 92, 127, 137, 730,
126, +1, +1   5, 6, 93, 465,


127, -1, -1   1, 2, 7, 11, 75, 149,
127, -1, +1   165, 183, 228, 452,
127, +1, -1   2, 16, 24, 111,


128, -1, -1
128, -1, +1   72,
128, +1, -1   4, 8, 15,
128, +1, +1   3, 41, 138, 153,


129, -1, -1   2, 43, 320, 380, 480,
129, -1, +1   5, 22, 148, 171,
129, +1, -1   4, 15, 384,
129, +1, +1   54, 134, 552,


130, -1, -1   8, 25, 60, 62,
130, -1, +1   64,
130, +1, -1   1, 14, 15, 327,


131, -1, -1   1, 15, 67, 369,
131, -1, +1   14, 18, 42, 172, 426, 774,
131, +1, -1   1, 11, 20, 109, 263, 521, 581,
131, +1, +1   1, 968,


132, -1, -1   1, 18, 25, 37, 75, 215, 249,
132, -1, +1   1, 32, 39, 368,
132, +1, -1   2, 11, 40, 842,
132, +1, +1   54, 168, 488,


133, -1, -1   2, 3, 11, 36, 151, 587, 902,
133, -1, +1   2, 5, 9, 14, 126,
133, +1, -1   20, 21, 44, 231, 469, 551,


134, -1, -1   3, 23, 59, 95, 163, 269, 387, 517,
134, -1, +1   50, 90,
134, +1, -1   1, 26, 97, 533,
134, +1, +1   9, 36, 206, 501, 846,


135, -1, -1   1, 37, 889,
135, -1, +1   2, 20, 424,
135, +1, -1   3, 85, 208, 359, 613,
135, +1, +1   17, 146, 219, 815,


136, -1, -1   5, 37, 210, 277, 360, 864,
136, -1, +1   279, 374,
136, +1, -1   52, 79,


137, -1, -1   25, 909,
137, -1, +1   12, 960,
137, +1, -1   8, 68, 78, 79, 338,
137, +1, +1   20,


138, -1, -1   2, 3, 6, 11, 123, 147, 588, 870,
138, -1, +1   2, 8, 81,
138, +1, -1   1, 4, 143,
138, +1, +1   1, 23, 159, 794,


139, -1, -1   1, 8, 30, 38, 120, 437,
139, -1, +1   1, 3, 6, 21, 22,
139, +1, -1   2, 3, 12, 86, 147,


140, -1, -1   23, 35, 193, 993,
140, -1, +1   2, 30, 40, 228,
140, +1, -1   1, 2, 4, 7, 10, 59, 63, 171, 360, 379, 534,
140, +1, +1   2, 6, 27, 38, 39, 45, 165, 180, 291, 389, 584,


141, -1, -1   1, 5, 7, 560,
141, -1, +1   6, 16, 29, 50, 95, 314,
141, +1, -1   1, 2, 5, 26, 35, 37, 38, 49, 62, 187, 638,
141, +1, +1   1, 29, 32, 38, 77, 224, 464, 873,


142, -1, -1   1, 13,
142, -1, +1   1, 11, 159,
142, +1, -1   7, 36, 55,


143, -1, -1   7,
143, -1, +1   4, 64, 438,
143, +1, -1   921,
143, +1, +1   1, 2, 962,


144, -1, -1   2, 51, 468, 704,
144, -1, +1   1, 24, 208, 837,
144, +1, -1   1, 2, 13, 215, 269, 413,
144, +1, +1   3, 12, 219, 278, 429,


145, -1, -1   1, 5,
145, -1, +1   3, 11, 100, 202, 232,
145, +1, -1   1, 40, 136, 389,


146, -1, -1   1, 3, 45, 89, 333, 709,
146, -1, +1   4, 16, 372,
146, +1, -1   7, 10, 58, 280,
146, +1, +1   3, 17, 99, 197,


147, -1, -1   5, 14, 23, 62,
147, -1, +1   4, 9, 788,
147, +1, -1   2, 6, 11, 16, 182,
147, +1, +1   1, 2, 5, 6, 24, 33, 936,


148, -1, -1   3, 84, 138,
148, -1, +1   1, 2, 14, 30, 40, 281,
148, +1, -1   1, 3, 4, 99,


149, -1, -1   1, 209,
149, -1, +1   2, 116,
149, +1, -1   1, 6, 8, 14, 36, 664,
149, +1, +1   9, 27, 53, 189, 221,


150, -1, -1   1, 8, 11, 31, 51,
150, -1, +1   14,
150, +1, -1   12, 89, 563,
150, +1, +1   1, 3, 507,


151, -1, -1   3, 5, 9, 277,
151, -1, +1   1, 4, 63,
151, +1, -1   6, 594, 986,


152, -1, -1   3, 15, 55, 143, 355,
152, -1, +1   8, 48,
152, +1, -1   110, 115, 156, 838, 876,
152, +1, +1   2, 8, 9, 68,


153, -1, -1   2, 3, 6, 618,
153, -1, +1   4, 9, 170, 944,
153, +1, -1   1, 144, 433, 840,
153, +1, +1   1, 3, 201, 321,


154, -1, -1   1, 3, 30, 31, 89, 367,
154, -1, +1   1, 3, 4, 914,
154, +1, -1   1, 7, 381, 493, 516, 523, 994,


155, -1, -1   1, 61, 77, 259,
155, -1, +1   6,
155, +1, -1   1, 2, 3, 37, 171, 440, 954,
155, +1, +1   1, 5, 15, 180, 251, 459, 476, 1020,


156, -1, -1   1, 37, 61, 74, 85,
156, -1, +1   1, 12, 18, 113, 119, 207, 243, 352, 588, 944,
156, +1, -1   6, 8, 18, 76,
156, +1, +1   3, 6, 83, 168, 362, 720,


157, -1, -1   3,
157, -1, +1   29, 44, 695,
157, +1, -1   23, 94,


158, -1, -1   127, 263, 323,
158, -1, +1
158, +1, -1   1, 316,
158, +1, +1   141, 225,


159, -1, -1   1, 15, 163, 351, 541, 618, 811,
159, -1, +1   16, 21, 780,
159, +1, -1   1, 2, 8, 14, 18, 49, 199, 360, 396,
159, +1, +1   32, 356, 975,


160, -1, -1   1, 2, 7, 8, 32, 50, 235, 296, 549,
160, -1, +1   5, 18, 52, 95, 270,
160, +1, -1   1, 6, 20, 58, 518, 531, 569, 576, 1019,


161, -1, -1   1, 7, 17, 45, 149,
161, -1, +1   2, 10, 16, 54, 292,
161, +1, -1   2, 6, 242, 446, 697,
161, +1, +1   1, 408, 822,


162, -1, -1   2, 6, 102, 194, 215, 337, 513,
162, -1, +1   1, 3, 24, 227,
162, +1, -1   4, 7, 46, 640,
162, +1, +1   1, 8, 312,


163, -1, -1   14, 211, 479,
163, -1, +1   1, 26, 65, 88,
163, +1, -1   1, 23, 41, 72, 277, 612,


164, -1, -1   1, 3, 105, 181, 365,
164, -1, +1   20, 48, 62, 182, 514,
164, +1, -1   1, 9, 34, 174, 319,
164, +1, +1   1, 132, 186, 249, 267, 291,


165, -1, -1   1, 19, 24, 120, 143, 505, 793,
165, -1, +1   1, 9, 10, 12, 40, 216, 730,
165, +1, -1   2, 7, 68, 94, 97, 126, 169, 858,
165, +1, +1   5, 311,


166, -1, -1   3, 5, 11, 37,
166, -1, +1   5, 194, 576, 806,
166, +1, -1   6, 18, 25, 112, 242, 529, 623,


167, -1, -1   3, 39, 57, 69, 101,
167, -1, +1   24,
167, +1, -1   4, 11, 60, 624,
167, +1, +1   1, 872,


168, -1, -1   3, 7, 11, 134,
168, -1, +1   1,
168, +1, -1   25, 105,
168, +1, +1   1, 14, 546, 569,


169, -1, -1   3, 33, 47, 72, 75, 632,
169, -1, +1   1, 5, 10, 107, 338,
169, +1, -1   1, 6, 21, 177, 659,


170, -1, -1   1, 145,
170, -1, +1   2, 10, 16, 180, 324, 610, 900,
170, +1, -1   5, 7, 10, 16, 109, 428,
170, +1, +1   2, 6, 8, 17, 30, 51,


171, -1, -1   2, 53, 62,
171, -1, +1   52, 80, 348,
171, +1, -1   1, 5, 6, 18, 58, 82, 495,
171, +1, +1


172, -1, -1   1, 11, 258, 519,
172, -1, +1   99,
172, +1, -1   2, 6, 23, 27, 79,


173, -1, -1   23,
173, -1, +1   2, 70, 114,
173, +1, -1   53, 193,
173, +1, +1   1, 5, 21, 35, 41, 327, 515,


174, -1, -1   2, 7, 23, 161, 505,
174, -1, +1   1, 3, 6, 10, 34, 78, 394, 978,
174, +1, -1   1, 2, 37, 45, 235, 365, 581, 1006,
174, +1, +1   14, 21, 63, 71, 443,


175, -1, -1   1, 2, 9, 380, 758, 1015,
175, -1, +1   15, 46, 101, 114, 122, 147, 648,
175, +1, -1   11, 36, 49,


176, -1, -1   23, 681,
176, -1, +1   4, 6, 10, 132, 594,
176, +1, -1   1, 19, 26, 49, 175, 1020,
176, +1, +1   1, 18, 170,


177, -1, -1   1, 86, 311,
177, -1, +1   1, 9, 896,
177, +1, -1   38,
177, +1, +1   2, 9, 821,


178, -1, -1   6, 62,
178, -1, +1   8, 9, 50,
178, +1, -1   5, 81, 88, 271, 288,


179, -1, -1   15, 809,
179, -1, +1   46, 550, 832,
179, +1, -1   2, 4, 95, 139, 1007,
179, +1, +1   2, 30, 33, 83, 585,


180, -1, -1   233, 313,
180, -1, +1
180, +1, -1   1, 10,
180, +1, +1   2, 3, 51,


181, -1, -1   1, 5, 39, 45, 145,
181, -1, +1   2, 5, 16, 105, 176, 260, 286, 321, 527,
181, +1, -1   1, 3, 25, 63, 98, 369, 1017,


182, -1, -1   1, 115, 409, 485, 559, 799,
182, -1, +1   396,
182, +1, -1   4, 15, 30, 35, 50, 58, 78, 235, 323,
182, +1, +1   5, 9, 30, 33,


183, -1, -1   7, 516, 680, 807,
183, -1, +1   22, 141, 189, 245, 513, 880,
183, +1, -1   3, 4, 144, 352, 757,
183, +1, +1   3, 11, 14, 75, 93,


184, -1, -1   83, 169,
184, -1, +1   3, 8, 10, 279, 399,
184, +1, -1   1, 2, 17, 41, 111, 220, 357,


185, -1, -1   1, 11, 55,
185, -1, +1   208,
185, +1, -1   9, 11, 17, 81,
185, +1, +1   12, 21, 156,


186, -1, -1   2, 17, 65,
186, -1, +1   3, 6, 78, 156, 399,
186, +1, -1   1, 17,
186, +1, +1   6, 12, 21, 39, 126, 132, 186,


187, -1, -1   1, 2, 7, 42, 111,
187, -1, +1   8, 17, 47, 536, 635,
187, +1, -1   18, 359,


188, -1, -1
188, -1, +1   10, 52, 54, 450,
188, +1, -1   1, 3, 32, 37, 91, 328, 352,
188, +1, +1   1, 14, 147,


189, -1, -1   1, 12, 139, 738,
189, -1, +1   1, 8, 17, 18, 77,
189, +1, -1   7, 9, 16, 29, 55, 65, 421,
189, +1, +1   1, 8, 68, 198, 284, 332, 651,


190, -1, -1   7, 8, 33, 87, 140, 179, 193, 217,
190, -1, +1   1, 2, 4,
190, +1, -1   2, 8, 14, 15, 23, 25, 38, 40, 88, 95, 120, 407, 587, 700,


191, -1, -1   263,
191, -1, +1   2, 14, 38,
191, +1, -1   1, 11, 17, 891,
191, +1, +1   2, 56, 297,


192, -1, -1   1, 19, 39, 41,
192, -1, +1   15, 21, 41, 167, 536,
192, +1, -1   4, 6, 10,
192, +1, +1   1, 2, 42, 866,


193, -1, -1   3, 887,
193, -1, +1   1, 178, 886,
193, +1, -1   1, 3, 79, 84, 159, 329,


194, -1, -1   1, 5, 7, 607,
194, -1, +1   2, 14,
194, +1, -1   6, 277, 340,
194, +1, +1   1, 38, 227, 251, 512,


195, -1, -1   2, 27, 32, 105, 476, 942,
195, -1, +1   1, 2, 4, 8, 9, 11, 33, 111, 207, 327, 330,
195, +1, -1   1, 157,
195, +1, +1   2, 5, 8, 11, 14,


196, -1, -1   1, 12, 18, 978,
196, -1, +1   60, 856,
196, +1, -1   1, 5, 120, 144, 272,


197, -1, -1   1, 3, 7, 11, 51,
197, -1, +1   520,
197, +1, -1   4, 118, 395,
197, +1, +1   18, 120, 581,


198, -1, -1   55,
198, -1, +1   4, 5, 8, 46, 316, 557, 770,
198, +1, -1   11, 20, 28, 43, 959,
198, +1, +1   2, 5, 14, 105, 198, 323,


199, -1, -1   2, 5, 7, 11, 50, 107, 464, 644, 911,
199, -1, +1   8, 28, 45,
199, +1, -1   1, 3, 9, 27, 61, 231, 781,


200, -1, -1   1, 15, 19,
200, -1, +1   60, 294,
200, +1, -1   320, 365, 456,
200, +1, +1   9, 35, 65, 140,


201, -1, -1   43,
201, -1, +1   2, 5, 11, 39, 95,
201, +1, -1   2, 82, 88, 92, 128,
201, +1, +1


202, -1, -1   2, 18,
202, -1, +1
202, +1, -1   22,


203, -1, -1   3, 271,
203, -1, +1   2, 32, 178, 190, 648,
203, +1, -1   1, 3, 12, 788, 808,
203, +1, +1   1, 2, 6, 207, 747,


204, -1, -1   1, 2, 5, 6, 18, 47, 505, 787,
204, -1, +1   1, 2, 122, 597,
204, +1, -1   2, 6, 11, 18, 26, 36, 96, 342, 735,
204, +1, +1   3, 9, 21, 24, 51,


205, -1, -1   8,
205, -1, +1   2, 16, 140, 214, 276, 353, 755,
205, +1, -1   6, 18, 324, 496,


206, -1, -1   9, 15, 23, 35, 59, 99, 103,
206, -1, +1   2, 14, 414,
206, +1, -1   1, 4, 24, 31, 72, 205, 261,
206, +1, +1   1, 6,


207, -1, -1   1, 3, 11,
207, -1, +1   1, 3, 4, 135, 220, 351,
207, +1, -1   2, 12, 54, 330,
207, +1, +1   8, 17, 33, 326, 497,


208, -1, -1   3, 107, 671,
208, -1, +1   9, 29, 326, 1024,
208, +1, -1


209, -1, -1   9, 13, 81, 191, 201, 541,
209, -1, +1   2, 4, 136, 500,
209, +1, -1   1, 4, 6, 65, 164, 635,
209, +1, +1   1, 2, 23, 120, 414,


210, -1, -1   1, 3, 7, 25, 557, 779,
210, -1, +1   1, 197,
210, +1, -1   25, 36, 39, 69, 142, 325, 508, 638, 1022,
210, +1, +1   27, 56, 116, 119, 258,


211, -1, -1   23, 365, 596,
211, -1, +1   2, 4, 596,
211, +1, -1   4, 604, 696,


212, -1, -1   23, 53, 131, 643,
212, -1, +1   4,
212, +1, -1   2, 12, 1004,
212, +1, +1   6, 8, 14, 38,


213, -1, -1   20, 1004,
213, -1, +1   4, 28, 53, 172, 478, 657,
213, +1, -1   17, 372,
213, +1, +1   447, 674,


214, -1, -1   8, 13, 59, 110, 216,
214, -1, +1   118, 154, 456,
214, +1, -1   10, 123, 140, 184, 495,


215, -1, -1   95, 349,
215, -1, +1   2,
215, +1, -1   1, 20, 26, 70, 184,
215, +1, +1   1, 8, 998,


216, -1, -1   1, 25, 455,
216, -1, +1   1, 2, 3, 24, 30, 143,
216, +1, -1   2, 9, 38, 46, 59, 79, 85, 948, 984,
216, +1, +1   8, 39,


217, -1, -1   5, 55, 169, 626,
217, -1, +1   5, 164, 668,
217, +1, -1   40,


218, -1, -1   11, 103, 539,
218, -1, +1   44, 80, 178, 346,
218, +1, -1   1, 11, 12,
218, +1, +1   1, 54, 366,


219, -1, -1   1, 37,
219, -1, +1   1, 50, 63, 198,
219, +1, -1   1, 2, 8, 26, 45, 79, 431, 629,
219, +1, +1   2, 6, 9, 14, 15, 38, 50, 51, 110, 140,


220, -1, -1   1, 2, 15, 20, 31, 43, 91, 545, 763,
220, -1, +1   5, 6, 24, 30, 38, 41, 45, 65, 192, 432,
220, +1, -1   1, 53, 85, 112, 358, 389, 979,


221, -1, -1   1, 15, 25, 41, 87,
221, -1, +1   24, 30, 202, 642, 874,
221, +1, -1   4, 5, 44, 51, 53, 205, 342,
221, +1, +1   5, 8, 14, 27, 32, 47, 413,


222, -1, -1   2, 11, 39,
222, -1, +1   3, 40, 44, 140, 432, 543,
222, +1, -1   23, 166,
222, +1, +1


223, -1, -1   2, 11, 14, 51, 539,
223, -1, +1   14,
223, +1, -1   3, 4, 29, 69, 105, 155,


224, -1, -1   3, 13, 47, 137,
224, -1, +1   2, 4, 44,
224, +1, -1   35,
224, +1, +1   2, 23,


225, -1, -1   6, 266,
225, -1, +1   5, 8, 17, 32, 46, 56, 333, 563,
225, +1, -1   1, 12, 104,
225, +1, +1   30,


226, -1, -1   1, 17, 127,
226, -1, +1   2, 21, 30,
226, +1, -1   2, 4, 11, 40, 336,


227, -1, -1   515,
227, -1, +1   16, 36, 276,
227, +1, -1   7, 18, 24, 39, 136, 462,
227, +1, +1


228, -1, -1
228, -1, +1   24, 45, 48, 78, 225, 510,
228, +1, -1   4, 17, 21, 100, 144, 175, 224, 405,
228, +1, +1   5, 14, 71,


229, -1, -1   5, 23, 138, 295,
229, -1, +1   41, 243,
229, +1, -1   4, 18, 28, 86, 94, 206, 558,


230, -1, -1   73, 159,
230, -1, +1   2, 70,
230, +1, -1   1, 4, 6, 9, 38, 57, 111, 170, 863,
230, +1, +1   2, 3, 24, 41, 54, 156, 221, 303, 534,


231, -1, -1   1, 2, 3, 134, 331, 344,
231, -1, +1   4, 6, 45, 46, 126, 282,
231, +1, -1   1, 8, 27, 482, 584, 842,
231, +1, +1   1, 6, 9, 18, 26, 62, 144, 309,


232, -1, -1   1, 7, 9, 13, 21, 41, 137, 393, 527,
232, -1, +1   1, 76, 87, 96,
232, +1, -1   468, 970,


233, -1, -1
233, -1, +1   16, 52,
233, +1, -1   1, 27, 213, 257,
233, +1, +1   6,


234, -1, -1   1, 23, 43, 181,
234, -1, +1   10, 26, 90, 119, 290, 750,
234, +1, -1   3, 4,
234, +1, +1   2, 6, 12, 15, 141, 471, 633,


235, -1, -1   63,
235, -1, +1   15, 111, 138,
235, +1, -1   2, 5, 6, 425,


236, -1, -1   5, 19, 59, 351, 581,
236, -1, +1   4, 62, 748,
236, +1, -1   1, 2, 46, 78, 131, 305, 475, 522,
236, +1, +1   1, 3, 5, 17, 201,


237, -1, -1   1, 27,
237, -1, +1   1, 4, 5, 81, 232,
237, +1, -1   12, 42,
237, +1, +1   30,


238, -1, -1   12, 284,
238, -1, +1   40,
238, +1, -1   5, 7, 60, 225, 363, 517,


239, -1, -1   3, 67, 89, 107, 915,
239, -1, +1   50, 84, 208,
239, +1, -1   73, 89, 915,
239, +1, +1   2, 128, 272,


240, -1, -1   5, 47, 113, 433,
240, -1, +1   3, 5, 8, 16, 104, 114, 144, 160, 216, 614, 905,
240, +1, -1   1, 3, 4, 13, 22, 33, 36, 59, 67, 80, 636, 863,
240, +1, +1   12, 198, 768,


241, -1, -1   1, 6, 13, 14, 913,
241, -1, +1   38,
241, +1, -1   1, 150, 239,


242, -1, -1   1, 3, 63, 983,
242, -1, +1   4, 228,
242, +1, -1   6, 11, 42, 96, 198, 484,
242, +1, +1   9, 14,


243, -1, -1   2, 3, 6, 38, 395,
243, -1, +1   6, 22, 57, 116,
243, +1, -1   4, 37, 89,
243, +1, +1   2, 201, 353,


244, -1, -1   3, 24, 83, 99, 209, 866,
244, -1, +1   14, 17, 27, 34, 153,
244, +1, -1   1, 5, 36, 108, 145, 154, 189, 339, 643,


245, -1, -1   1, 831,
245, -1, +1   4, 34, 62,
245, +1, -1   12, 20, 48, 155, 175, 299, 305, 412,
245, +1, +1   1, 2, 3, 5, 32,


246, -1, -1   2, 15, 49, 132, 557,
246, -1, +1   1, 3, 47, 137,
246, +1, -1   1, 9,
246, +1, +1   1, 2, 8, 35, 81,


247, -1, -1   1, 53, 119,
247, -1, +1   1, 45, 197, 460,
247, +1, -1   3, 8, 164, 227, 354, 467, 703,


248, -1, -1   3, 11,
248, -1, +1   604,
248, +1, -1   1, 31,
248, +1, +1   3, 6, 230,


249, -1, -1   1, 7, 69, 265, 401,
249, -1, +1
249, +1, -1   4, 35, 145, 187, 269,
249, +1, +1   17, 647,


250, -1, -1   8, 482,
250, -1, +1   3, 11, 28, 99,
250, +1, -1   2, 77, 193, 361,


251, -1, -1   79,
251, -1, +1
251, +1, -1   4, 23, 499, 675,
251, +1, +1   11, 24, 53, 414,


252, -1, -1   2, 3, 6, 150, 198, 806, 915,
252, -1, +1   11, 15, 105,
252, +1, -1   4, 6, 32, 71,
252, +1, +1   53, 108, 216, 908,


253, -1, -1   23, 66, 71, 655,
253, -1, +1   2, 8, 16, 24, 72, 682,
253, +1, -1   7, 63,


254, -1, -1   541,
254, -1, +1   2, 152,
254, +1, -1   2, 8, 9, 19, 30, 112, 461, 782,
254, +1, +1   2, 24, 39, 78, 159, 363,


255, -1, -1   25, 27, 68, 87, 175, 197, 403, 417, 499, 591,
255, -1, +1   4, 6, 11, 17, 88, 150, 192, 1024,
255, +1, -1   17, 45, 79, 325, 767,
255, +1, +1   2, 8, 24, 110, 140, 531,


256, -1, -1   3, 5, 61,
256, -1, +1   4, 9, 42, 130, 580,
256, +1, -1   2, 3, 23, 32, 53, 79, 109, 483,


257, -1, -1   13, 37, 89,
257, -1, +1
257, +1, -1   44, 559, 851,
257, +1, +1   662, 788,


258, -1, -1   15, 126,
258, -1, +1   2, 14, 132, 142, 232,
258, +1, -1   1, 61, 64, 115, 168, 240, 357,
258, +1, +1   153,


259, -1, -1   1, 20, 25, 41, 753, 810,
259, -1, +1   2, 4, 28, 34, 78, 82, 384,
259, +1, -1   1, 4, 75, 131,


260, -1, -1   1, 17, 45, 81, 227, 677, 977,
260, -1, +1   2, 4, 10,
260, +1, -1   5, 6, 19, 28, 87, 242,
260, +1, +1   9, 27, 39, 87, 752,


261, -1, -1   17,
261, -1, +1   5, 8, 112,
261, +1, -1   3, 21, 23, 304, 352,
261, +1, +1   32, 56, 327, 492, 561, 945,


262, -1, -1   123, 134,
262, -1, +1   4, 63,
262, +1, -1   7, 19, 611,


263, -1, -1   75,
263, -1, +1   10,
263, +1, -1   1, 5, 7, 12,
263, +1, +1   2,


264, -1, -1   1, 6, 9, 15, 24, 54, 135,
264, -1, +1   5, 17,
264, +1, -1   1, 2, 4, 6, 19, 559,
264, +1, +1   2, 35, 224, 915,


265, -1, -1   1, 2, 3, 83,
265, -1, +1   3, 8, 12, 29, 40, 83,
265, +1, -1   1, 16, 25, 26,


266, -1, -1   1, 181, 253, 611,
266, -1, +1   2, 42, 324, 340,
266, +1, -1   6, 13, 25, 44, 50, 118,
266, +1, +1   1, 2, 3, 80, 278,


267, -1, -1   11, 26, 818,
267, -1, +1   1, 15, 17,
267, +1, -1   2, 20, 360, 534, 734,
267, +1, +1   14, 56, 146, 569,


268, -1, -1
268, -1, +1   6, 212,
268, +1, -1   1, 25, 45, 397, 981,


269, -1, -1   1, 9, 91, 383,
269, -1, +1
269, +1, -1   7, 11, 12, 155, 304, 520,
269, +1, +1


270, -1, -1   8, 9, 13, 48, 139, 237, 257, 333, 645, 909,
270, -1, +1   3, 6, 82, 102,
270, +1, -1   13, 25, 41, 133, 246, 569,
270, +1, +1   5, 6, 23, 26, 134, 213, 261, 497,


271, -1, -1   89, 95,
271, -1, +1   12, 297, 802,
271, +1, -1   38, 660,


272, -1, -1   3, 257, 837,
272, -1, +1
272, +1, -1   3, 252,
272, +1, +1   1, 2, 12, 105,


273, -1, -1   2, 3, 7, 48, 359,
273, -1, +1   1, 10, 20, 153, 684,
273, +1, -1   3, 4, 5, 16, 80,
273, +1, +1   102, 222,


274, -1, -1   57, 793,
274, -1, +1   2, 3, 29, 206, 254,
274, +1, -1   2, 4, 28, 61, 148, 590, 920,


275, -1, -1   349,
275, -1, +1   980,
275, +1, -1   2, 19, 21, 96, 117,
275, +1, +1


276, -1, -1   2, 3, 9, 61, 78, 258, 267, 955,
276, -1, +1   3, 10, 14, 23, 90, 459,
276, +1, -1   6, 7, 90, 109,
276, +1, +1   12, 27, 44, 45,


277, -1, -1   5, 23, 42, 873,
277, -1, +1   24, 57,
277, +1, -1   3, 14, 19, 34, 38, 214, 411,


278, -1, -1   7, 15, 963,
278, -1, +1   2, 30, 122,
278, +1, -1   4, 12, 49, 217, 708,
278, +1, +1   1, 14,


279, -1, -1   2, 199, 673, 1007,
279, -1, +1   1, 2, 18, 34, 86, 152, 179,
279, +1, -1   9, 220, 295, 524,
279, +1, +1   1, 2, 8, 9, 17, 29, 357,


280, -1, -1   3, 75, 96, 663,
280, -1, +1   1, 3, 17, 21, 36, 53,
280, +1, -1   2, 5, 6, 12, 146, 936, 993,


281, -1, -1   79,
281, -1, +1   2, 32, 210, 524,
281, +1, -1   1, 2, 20, 83, 793,
281, +1, +1   8, 14, 26, 170, 206, 404,


282, -1, -1   1, 14, 85,
282, -1, +1   276,
282, +1, -1   778,
282, +1, +1   32, 42,


283, -1, -1   768,
283, -1, +1   14, 164, 198,
283, +1, -1   12, 35,


284, -1, -1   7, 19, 73, 103, 117, 419, 433, 507, 587,
284, -1, +1   36,
284, +1, -1   72, 535, 928,
284, +1, +1   2, 11,


285, -1, -1   3, 21, 543, 870, 906,
285, -1, +1   2, 3, 5, 10, 15, 22, 52, 57, 58, 93, 298,
285, +1, -1   1, 2, 4, 6, 7, 53, 73, 286, 385, 881,
285, +1, +1   2, 9, 39, 992,


286, -1, -1   1, 6, 7, 13, 15, 144, 258, 582,
286, -1, +1   2, 10,
286, +1, -1   3, 15, 24, 33, 43, 56, 165, 705,


287, -1, -1   247,
287, -1, +1   4, 8, 80,
287, +1, -1   2, 66, 96, 320,
287, +1, +1   1, 18, 38, 150,


288, -1, -1   3, 311,
288, -1, +1   1, 12, 57, 84, 293, 320,
288, +1, -1   1, 3, 41, 189,
288, +1, +1   1, 5, 11, 294,


289, -1, -1   1, 7, 11, 275, 464,
289, -1, +1   1, 12, 40, 71, 514, 536,
289, +1, -1   2, 8, 14, 42, 49, 85,


290, -1, -1   373,
290, -1, +1   24, 94, 154, 200,
290, +1, -1   1, 379,
290, +1, +1   1, 27, 32, 386,


291, -1, -1   1, 5, 23, 60, 230, 236,
291, -1, +1   1, 306,
291, +1, -1   2, 4, 5, 16, 63, 64, 112, 272, 442, 486,
291, +1, +1   3, 12, 26, 33, 41, 612, 920,


292, -1, -1   6,
292, -1, +1   5, 12, 228, 240,
292, +1, -1   496, 823,


293, -1, -1
293, -1, +1   44, 222, 516,
293, +1, -1   17, 57, 73, 349, 585, 848,
293, +1, +1   1, 11, 38, 39,


294, -1, -1   14, 23, 50, 57, 60, 743,
294, -1, +1   1, 2, 8, 17, 45, 105, 238,
294, +1, -1   1, 2, 15, 46, 180, 286,
294, +1, +1   2, 6, 14,


295, -1, -1   1, 2, 6, 7, 36, 50, 97, 366, 455,
295, -1, +1   6, 8, 46,
295, +1, -1   9, 10, 14, 24, 382, 434, 950,


296, -1, -1   7, 391,
296, -1, +1   4, 62, 264,
296, +1, -1   1, 4, 9, 14, 27, 30, 58, 100, 101, 424,
296, +1, +1   24, 30, 36, 210, 303, 584,


297, -1, -1   1, 13, 17, 270, 643, 735,
297, -1, +1
297, +1, -1   12, 28, 732,
297, +1, +1   2, 6, 18, 74, 200, 513, 525,


298, -1, -1   2, 32, 50, 906,
298, -1, +1
298, +1, -1   1, 3, 9, 41, 76, 720,


299, -1, -1   1, 5, 9, 123, 445, 573,
299, -1, +1   4, 68, 344,
299, +1, -1   16, 274,
299, +1, +1   26, 225,


300, -1, -1   9, 15, 51, 53, 227,
300, -1, +1   2, 4, 6, 36,
300, +1, -1   7, 9, 12, 28, 29, 54, 80, 648, 963,
300, +1, +1   24,


301, -1, -1   7, 9, 18, 57, 67, 434,
301, -1, +1   2, 9, 16, 51, 113, 323,
301, +1, -1   1, 4, 5, 10, 24, 654,


302, -1, -1   1, 99, 111,
302, -1, +1   16, 256,
302, +1, -1   12, 264,
302, +1, +1


303, -1, -1   2, 343, 451,
303, -1, +1   5, 28, 33, 390,
303, +1, -1   1, 3, 5, 12, 364, 661,
303, +1, +1   21,


304, -1, -1   1, 362, 564,
304, -1, +1   70, 154,
304, +1, -1   7, 16, 17, 35, 267,


305, -1, -1   17, 65, 155, 249, 515, 913,
305, -1, +1   52, 378, 582,
305, +1, -1   1, 7, 11, 25, 254,
305, +1, +1   6, 72, 144, 294, 386, 989,


306, -1, -1   1, 3, 43, 114, 135, 194, 203, 333, 668,
306, -1, +1   8, 10, 16, 18, 50, 548, 694,
306, +1, -1   1, 4, 6, 7, 16, 53, 78, 241, 598,
306, +1, +1   2, 3, 23, 51, 62,


307, -1, -1   1, 2, 5, 62, 93, 578, 938,
307, -1, +1   203,
307, +1, -1   30, 63, 152, 676,


308, -1, -1   47,
308, -1, +1   8,
308, +1, -1   4, 7, 79, 823,
308, +1, +1   2, 6, 23, 89,


309, -1, -1   3, 7, 9, 20, 35, 39, 80, 463,
309, -1, +1   2, 4, 88,
309, +1, -1   1, 2, 6, 13, 57, 60, 165, 190, 224, 869,
309, +1, +1   1, 5, 36,


310, -1, -1   1, 119, 503,
310, -1, +1   1, 26, 51, 302, 591,
310, +1, -1   5, 7, 14, 40, 77, 109, 117,


311, -1, -1   17, 19, 139, 351, 443, 585,
311, -1, +1   2, 16,
311, +1, -1   5, 27, 28, 85, 148, 757,
311, +1, +1   6, 9, 68,


312, -1, -1   3, 7,
312, -1, +1   4, 40, 220,
312, +1, -1   2, 4, 195, 656,
312, +1, +1   2, 6, 480, 824,


313, -1, -1   8, 44, 464, 651,
313, -1, +1   4, 101, 476,
313, +1, -1   19, 23, 40, 80, 725,


314, -1, -1   3, 51, 65, 77, 515, 919,
314, -1, +1   12, 20, 84,
314, +1, -1   1, 38, 101, 148,
314, +1, +1   1, 5, 6, 773,


315, -1, -1   1, 5, 9, 41,
315, -1, +1   1, 4, 17, 297, 896,
315, +1, -1   2, 7, 8, 149, 248, 357,
315, +1, +1   48, 110, 378, 734,


316, -1, -1   29, 177,
316, -1, +1   5, 10, 21, 48, 69, 328,
316, +1, -1


317, -1, -1   5, 37, 85,
317, -1, +1   128, 308,
317, +1, -1   2, 7, 56,
317, +1, +1   2, 288, 708,


318, -1, -1   12, 19, 20, 103, 203, 863,
318, -1, +1   2, 4, 14, 17, 65,
318, +1, -1
318, +1, +1   30, 75, 171,


319, -1, -1   96, 260,
319, -1, +1   564,
319, +1, -1   1, 2, 6, 20, 29, 91, 193, 239,


320, -1, -1   1, 7, 27, 53, 87, 909,
320, -1, +1   2, 48,
320, +1, -1   215, 235, 294, 553, 877,
320, +1, +1   5, 29, 230,


321, -1, -1   97, 121, 385, 467, 603, 656,
321, -1, +1   2, 3, 16, 872,
321, +1, -1   199, 475,
321, +1, +1   38, 122,


322, -1, -1   23, 173, 303, 383,
322, -1, +1   17, 56,
322, +1, -1   2, 8, 34, 82, 122,


323, -1, -1   15, 475,
323, -1, +1   2, 12, 24, 36, 78, 126, 708,
323, +1, -1   1, 11, 905,
323, +1, +1   2, 15, 29, 230, 578,


324, -1, -1   1,
324, -1, +1   6, 9, 21, 27, 32, 125, 231, 777,
324, +1, -1   42, 76, 115, 171, 203, 206, 283,
324, +1, +1   3, 26, 480,


325, -1, -1   3, 447,
325, -1, +1   2, 3,
325, +1, -1   53,


326, -1, -1   5, 9, 17, 69,
326, -1, +1
326, +1, -1   2, 5, 103,
326, +1, +1   2, 24,


327, -1, -1   5, 33, 110, 366, 438, 858,
327, -1, +1   24,
327, +1, -1   2, 220,
327, +1, +1


328, -1, -1   2, 6, 18, 56, 776,
328, -1, +1
328, +1, -1   84, 92,


329, -1, -1   17, 51, 55, 199,
329, -1, +1   480,
329, +1, -1   3, 16, 92, 188, 389,
329, +1, +1   1, 2, 96, 648,


330, -1, -1   134,
330, -1, +1   1, 2, 9, 15,
330, +1, -1   1, 4, 6, 8, 14, 58, 70, 158, 623,
330, +1, +1   6, 27,


331, -1, -1   1, 7, 19, 20, 77, 85,
331, -1, +1   4, 6, 54, 84, 722, 1008,
331, +1, -1   1, 2, 8, 9, 45, 72, 133, 178, 422, 465,


332, -1, -1   1, 7, 9, 39,
332, -1, +1   112, 208,
332, +1, -1   4, 7, 118,
332, +1, +1   1, 38, 126, 192,


333, -1, -1   204,
333, -1, +1   1, 249, 316,
333, +1, -1   49, 200, 244, 283, 285, 320, 453,
333, +1, +1   26, 29,


334, -1, -1   2, 3, 5, 73, 80, 92, 113, 272, 447,
334, -1, +1   2, 20, 56, 578,
334, +1, -1   2, 14, 19, 31, 55, 160, 202,


335, -1, -1   3, 9, 21, 49, 71,
335, -1, +1   4, 34, 42, 50, 80, 710, 836, 862,
335, +1, -1   1, 6, 16, 22, 24, 34, 144, 152, 171, 201,
335, +1, +1   2, 3, 200,


336, -1, -1   1, 37, 312, 450, 615,
336, -1, +1   2, 4, 21, 22, 873,
336, +1, -1   8, 24, 25, 394,
336, +1, +1   1, 11, 15, 201, 234,


337, -1, -1   14, 398,
337, -1, +1   1, 3, 17, 75,
337, +1, -1   2, 12, 15, 119,


338, -1, -1   407,
338, -1, +1   272,
338, +1, -1   3, 9,
338, +1, +1   5, 15, 345,


339, -1, -1   3, 7, 9, 19, 65, 67, 79, 114, 176, 223, 278, 540,
339, -1, +1   10, 54, 81, 89, 99, 569,
339, +1, -1   1, 7, 10, 16, 81, 144, 679,
339, +1, +1   1002,


340, -1, -1   1, 2, 11, 33, 42, 253, 531,
340, -1, +1   324,
340, +1, -1   11, 24, 76, 119, 174,


341, -1, -1   33, 131, 241,
341, -1, +1   84, 170,
341, +1, -1   2, 16, 20,
341, +1, +1   2, 8, 9,


342, -1, -1   2, 62, 177, 301,
342, -1, +1
342, +1, -1   26, 496,
342, +1, +1   1, 188,


343, -1, -1   31, 87,
343, -1, +1   1, 8, 12, 22, 32, 86, 609,
343, +1, -1   1, 53, 175, 220, 225, 760,


344, -1, -1   1,
344, -1, +1   2, 34,
344, +1, -1   2, 3, 8, 9, 10, 85, 340,
344, +1, +1   1, 2, 9, 44, 329,


345, -1, -1   2,
345, -1, +1   1, 3, 10, 26, 102, 112, 129, 822,
345, +1, -1   19, 32, 36, 284,
345, +1, +1   3, 6, 8, 18, 24, 54, 83, 312, 654,


346, -1, -1   3, 8, 15, 25, 29, 159, 211, 515,
346, -1, +1   4, 6, 98, 164,
346, +1, -1   3, 29, 178, 259, 295,


347, -1, -1
347, -1, +1
347, +1, -1   4, 220,
347, +1, +1   320, 564,


348, -1, -1   2, 6, 14, 35, 194, 336,
348, -1, +1   2, 4, 12, 154,
348, +1, -1   13, 20, 120,
348, +1, +1   1, 53, 131, 249, 731,


349, -1, -1   42, 44, 77,
349, -1, +1   1, 2, 12, 34, 100, 132, 642, 970,
349, +1, -1   1, 10, 25, 125, 485,


350, -1, -1   1, 5, 21, 75, 205, 353,
350, -1, +1   270,
350, +1, -1   1, 5, 7, 29, 81, 96, 165, 703, 734,
350, +1, +1   3, 12, 21, 227,


351, -1, -1   1, 14, 271, 551,
351, -1, +1   5, 8, 60, 203, 802,
351, +1, -1   1, 2, 15, 113, 150, 624, 658, 814,
351, +1, +1   1,


352, -1, -1   1, 5, 25, 55, 977,
352, -1, +1   1, 4, 711, 921,
352, +1, -1   4, 16, 32, 74, 723,


353, -1, -1   3, 203, 675,
353, -1, +1   2, 4, 10, 20, 170, 262,
353, +1, -1   69, 264, 544,
353, +1, +1   3, 18,


354, -1, -1   3, 8, 493, 662, 674,
354, -1, +1   21, 33,
354, +1, -1   1, 8, 17, 25, 27, 41, 164, 263, 384,
354, +1, +1   26, 63, 125, 128, 249,


355, -1, -1   1, 7, 439, 543, 974,
355, -1, +1   2, 16, 27, 36,
355, +1, -1   137, 353, 925,


356, -1, -1   9, 765,
356, -1, +1   528,
356, +1, -1   9, 100, 220, 335, 336,
356, +1, +1   5, 8, 81, 314, 521,


357, -1, -1
357, -1, +1   3,
357, +1, -1   3, 6, 12, 116, 712,
357, +1, +1   1, 2, 8, 62, 585, 641,


358, -1, -1   23, 79, 147,
358, -1, +1   1, 2, 28, 68, 92,
358, +1, -1   1, 216, 465,


359, -1, -1   1, 119,
359, -1, +1   104,
359, +1, -1   35, 65, 229, 359,
359, +1, +1   2, 5, 8, 11, 59, 120, 492,


360, -1, -1   5, 20,
360, -1, +1   4, 8, 9, 12, 17, 34, 35, 92, 150, 340, 461,
360, +1, -1   1, 59, 77, 367, 1021,
360, +1, +1   8, 62, 978,


361, -1, -1   1, 2, 14, 42, 152, 527, 769,
361, -1, +1   6, 9, 558, 616,
361, +1, -1   1, 5, 7, 9, 67, 72, 97, 207, 241,


362, -1, -1   1, 3, 75, 147, 211, 651,
362, -1, +1
362, +1, -1   2, 23, 98, 104,
362, +1, +1   200, 369,


363, -1, -1   3, 8, 42, 68, 111,
363, -1, +1
363, +1, -1   7, 61, 263, 655,
363, +1, +1   2, 219,


364, -1, -1   23, 78, 390, 847, 901,
364, -1, +1   3, 4, 5, 60, 220, 268,
364, +1, -1   1, 3, 26, 31,


365, -1, -1   1, 43, 127,
365, -1, +1   2, 92, 122, 330,
365, +1, -1   13, 14, 21, 93,
365, +1, +1   2, 84, 339, 654,


366, -1, -1   2,
366, -1, +1   2,
366, +1, -1   3, 13, 38, 105, 208,
366, +1, +1   5, 6, 18, 41, 77, 483,


367, -1, -1   14, 530,
367, -1, +1   5, 84, 123, 837, 1001,
367, +1, -1   7, 12, 75, 84, 142, 174, 232, 316, 462,


368, -1, -1   3, 31,
368, -1, +1   36, 456, 460, 504, 568, 814,
368, +1, -1   28, 56, 239, 268,
368, +1, +1   2, 18, 113, 338,


369, -1, -1   56, 929,
369, -1, +1   8, 10, 11, 16, 470, 543,
369, +1, -1   23, 74, 349, 352, 359,
369, +1, +1   1, 3, 45,


370, -1, -1   5, 18, 225, 530, 570, 701,
370, -1, +1   1, 2, 6, 167, 209, 454, 666,
370, +1, -1   2, 12, 57, 268,


371, -1, -1   517,
371, -1, +1   22, 312, 378, 862,
371, +1, -1   6, 7, 34, 37, 60, 105, 149, 489,
371, +1, +1   5, 42, 155,


372, -1, -1   2, 6, 353, 389, 459,
372, -1, +1   3, 39, 904,
372, +1, -1   2, 43, 86, 88,
372, +1, +1   333, 674,


373, -1, -1   223, 926,
373, -1, +1   2, 4, 5, 36, 38, 66, 144,
373, +1, -1   1, 17, 125,


374, -1, -1   1, 53, 943,
374, -1, +1   52,
374, +1, -1   1, 9,
374, +1, +1   3, 21, 51, 54, 672, 936,


375, -1, -1   1, 3, 24, 227, 361, 504,
375, -1, +1   6, 10, 12, 24, 219, 334, 570,
375, +1, -1   5,
375, +1, +1   2, 3, 116,


376, -1, -1   2, 3, 6, 327,
376, -1, +1   8, 47,
376, +1, -1   20, 680,


377, -1, -1   5, 11, 91, 111, 381, 547, 733,
377, -1, +1   16, 96, 196,
377, +1, -1   50,
377, +1, +1   50, 294,


378, -1, -1   2, 7,
378, -1, +1   5, 42, 102, 244, 273, 641,
378, +1, -1   1, 16, 32, 52,
378, +1, +1   1, 2, 6, 41, 129, 227,


379, -1, -1   1, 3, 5, 9, 14, 19, 31, 54, 71, 133, 151, 869, 875,
379, -1, +1   1, 2, 142,
379, +1, -1   2, 4, 22, 28, 358, 502,


380, -1, -1   19, 29, 115,
380, -1, +1   2, 118, 658,
380, +1, -1   1, 2, 3, 4, 15, 23, 250, 461,
380, +1, +1   24, 74, 239,


381, -1, -1   1, 2, 331,
381, -1, +1   3, 5, 16, 22, 34, 81, 105, 207, 356, 413,
381, +1, -1   90, 739, 753,
381, +1, +1   1, 2, 14, 30, 219, 468,


382, -1, -1   15, 105, 319, 343,
382, -1, +1   1, 273,
382, +1, -1   12, 42, 164,


383, -1, -1
383, -1, +1   4, 6, 86,
383, +1, -1   19, 36,
383, +1, +1   1, 3, 69,


384, -1, -1   104, 831,
384, -1, +1   1,
384, +1, -1   2, 4, 7, 9, 17, 21, 25, 26, 54, 365, 917,
384, +1, +1   2, 5, 8, 128,


385, -1, -1   5, 54, 85, 105, 137,
385, -1, +1   9, 22, 98, 729, 940,
385, +1, -1   1, 11, 30, 162, 360,


386, -1, -1   1, 495, 603,
386, -1, +1   2, 28, 66,
386, +1, -1   1, 7, 11, 14, 16, 18, 45, 239, 651,
386, +1, +1   2, 60, 200, 525,


387, -1, -1   1, 13, 31,
387, -1, +1   4, 23,
387, +1, -1   6, 10, 16, 136,
387, +1, +1   8, 45, 242, 281,


388, -1, -1   6, 260,
388, -1, +1   41,
388, +1, -1   3, 4, 457,


389, -1, -1   9, 169,
389, -1, +1   70, 196, 280, 490,
389, +1, -1   14, 186,
389, +1, +1   2, 5, 27, 345,


390, -1, -1   3, 6, 14, 113, 450, 788,
390, -1, +1   2, 4, 46, 218, 335, 412, 490, 510, 574, 736, 856,
390, +1, -1   7, 36, 50, 805,
390, +1, +1   32, 320,


391, -1, -1   3, 8, 23, 25, 27, 141, 260, 575,
391, -1, +1   3, 6, 42, 46, 47, 51, 84, 466, 477,
391, +1, -1   1, 3, 5, 23, 95, 291,


392, -1, -1   1,
392, -1, +1   4, 20, 64,
392, +1, -1   7, 22, 278, 678,
392, +1, +1   1, 8, 54, 744,


393, -1, -1   2, 26, 36, 115, 167, 507,
393, -1, +1   1, 2, 144, 974,
393, +1, -1   1, 4, 81, 469,
393, +1, +1   17, 57,


394, -1, -1   1, 326, 956,
394, -1, +1   3, 369,
394, +1, -1   2, 3, 13, 204, 665,


395, -1, -1   3, 23, 151,
395, -1, +1   2, 6, 20, 22, 242,
395, +1, -1   1, 7, 36, 333, 370,
395, +1, +1   1, 2, 378,


396, -1, -1   1, 17, 287,
396, -1, +1   1, 3, 10, 78, 196,
396, +1, -1   1, 28, 59, 250, 728, 949,
396, +1, +1   24, 132, 140, 183, 774,


397, -1, -1   1, 2, 3, 6, 66,
397, -1, +1   44,
397, +1, -1   2, 8, 10, 19, 287, 614,


398, -1, -1   63, 139,
398, -1, +1   56, 58, 82, 86, 248, 284,
398, +1, -1   3, 5, 37, 527, 661,
398, +1, +1   1, 2, 3, 179, 278,


399, -1, -1   9, 11, 29, 81, 116,
399, -1, +1   1, 2, 5, 24, 44, 57,
399, +1, -1   15, 45, 85, 447,
399, +1, +1   6, 8, 11, 12,


400, -1, -1   2, 7,
400, -1, +1   2, 14, 318, 636, 833,
400, +1, -1   6, 7, 27, 476,


401, -1, -1
401, -1, +1   16, 72,
401, +1, -1   1, 4, 93, 164, 240, 303,
401, +1, +1   26, 62,


402, -1, -1   1, 19, 62, 158, 421,
402, -1, +1   112,
402, +1, -1   6, 23, 119,
402, +1, +1   1, 6, 20, 44,


403, -1, -1   2, 15,
403, -1, +1   1, 129,
403, +1, -1   4, 80, 376, 637,


404, -1, -1   7, 15,
404, -1, +1   2, 4, 924,
404, +1, -1   5, 12, 517, 710,
404, +1, +1   1, 8, 9, 29, 194, 215, 245,


405, -1, -1   3, 21,
405, -1, +1   1, 9, 16,
405, +1, -1   1, 5, 12, 16, 288,
405, +1, +1   1, 9, 12, 44, 231,


406, -1, -1   1, 2, 17, 191, 288, 331, 495,
406, -1, +1   1, 5, 10, 12, 14, 44, 106, 210, 255, 700, 804,
406, +1, -1   5, 11, 14, 58, 95, 112, 120, 153, 201, 410, 809,


407, -1, -1   3, 25, 43, 67, 103, 117, 179, 335, 639,
407, -1, +1   500,
407, +1, -1   2, 3, 18, 31, 114, 232, 279, 631,
407, +1, +1   2, 54, 81, 168, 173, 981,


408, -1, -1   7, 575,
408, -1, +1   76, 77, 269, 302,
408, +1, -1   1, 3, 12, 39, 584, 760,
408, +1, +1   5, 15, 30,


409, -1, -1   1, 2, 18, 205, 217,
409, -1, +1   3, 8, 11, 16,
409, +1, -1   4, 9, 18, 87,


410, -1, -1   3, 7, 11, 13, 21, 75, 103,
410, -1, +1   42,
410, +1, -1   2, 132,
410, +1, +1   3, 8, 483,


411, -1, -1   9, 572,
411, -1, +1   2, 6, 323, 722,
411, +1, -1   2, 6, 7, 12, 14, 355, 766,
411, +1, +1   35,


412, -1, -1   18, 38,
412, -1, +1   9, 11, 105, 213,
412, +1, -1   380,


413, -1, -1   87, 179,
413, -1, +1   4, 18, 22, 36,
413, +1, -1   3, 9, 395,
413, +1, +1   15,


414, -1, -1   31, 61, 89, 116, 219, 258,
414, -1, +1   2, 4, 26, 50, 214,
414, +1, -1   3, 4, 8, 15, 24, 220, 399, 440,
414, +1, +1   1, 8, 29, 80, 174,


415, -1, -1   23, 344, 602,
415, -1, +1   1, 8, 14,
415, +1, -1   3, 4, 40, 93, 97, 116, 195, 202, 827,


416, -1, -1   521,
416, -1, +1   180,
416, +1, -1   10,
416, +1, +1   1, 44,


417, -1, -1
417, -1, +1   1, 93, 177,
417, +1, -1   2, 4, 76, 148,
417, +1, +1   17, 66, 68, 134, 264,


418, -1, -1   2, 6, 8,
418, -1, +1   9, 14, 118, 442,
418, +1, -1   1,


419, -1, -1   1, 3, 15, 237,
419, -1, +1
419, +1, -1   1, 14, 82, 354, 492,
419, +1, +1   5, 69, 102, 530,


420, -1, -1   1, 3, 9, 11, 15, 55, 96,
420, -1, +1   10, 122, 573,
420, +1, -1   1, 3, 15, 89, 648,
420, +1, +1   9,


421, -1, -1   1, 8,
421, -1, +1   9, 22, 26, 77,
421, +1, -1   19, 72, 294, 337, 532, 779,


422, -1, -1   335, 997,
422, -1, +1
422, +1, -1   6, 491,
422, +1, +1   8, 77, 93, 842,


423, -1, -1   23, 24, 38,
423, -1, +1   2, 4, 9, 38, 57, 992,
423, +1, -1   1, 5, 49, 167,
423, +1, +1   6,


424, -1, -1   1, 2, 3, 5, 6, 177, 407, 498,
424, -1, +1   4, 136,
424, +1, -1   2, 3, 55, 119, 161,


425, -1, -1   9,
425, -1, +1   2, 6,
425, +1, -1   12, 24, 74, 112, 206,
425, +1, +1


426, -1, -1   2, 3, 12, 457, 920,
426, -1, +1   3, 17, 77, 122,
426, +1, -1   13, 27, 30, 63, 90, 286, 902,
426, +1, +1   1, 15, 21, 27, 356, 861, 866,


427, -1, -1   7, 11, 29, 54, 93,
427, -1, +1   1, 71, 89,
427, +1, -1   4, 22,


428, -1, -1   19,
428, -1, +1   2, 164, 768,
428, +1, -1   1, 65, 129,
428, +1, +1   2,


429, -1, -1   1, 2, 122,
429, -1, +1   6, 69, 87, 255, 303, 602,
429, +1, -1   5, 87, 139, 391,
429, +1, +1   243,


430, -1, -1   18, 23, 35, 47, 61, 77, 629,
430, -1, +1   3, 5, 8, 17, 80, 264,
430, +1, -1   3, 7, 25, 364,


431, -1, -1   247,
431, -1, +1   76,
431, +1, -1   1, 5, 7, 9, 10, 15, 48, 70, 73, 111,
431, +1, +1   18, 71, 810,


432, -1, -1   1, 2, 117, 138, 597,
432, -1, +1   99, 117,
432, +1, -1   8, 23, 59, 140, 167,
432, +1, +1   2,

