2: 2, 3, 5,
3: 2, 3, 7, 293, 641,
4: 2, 5, 23,
5: 11,
6: 3, 7, 127, 131, 16451,
7: 3539,
8: 58991,
9: 2,
10: 2, 11, 677,
11: 2, 5, 17,
12: 2, 3, 13,
13: 3, 59, 113,
14: 3, 97, 1049,
15: 3, 13, 373, 5531,
16: 17, 179, 283, 17581,
17: 2, 5, 19,
18: 2, 7, 19,
19: 2, 7,
20: 2,
21: 3,
22: 5, 23,
23: 25841, 50503,
24: 3,
25: 2, 3, 1747, 15901,
26: 2, 3, 7, 73,
27: 2, 17, 30341, 45439,
28: 2, 3, 29, 31, 41, 163,
29: 3, 1861, 5669,
30: 3, 31, 53,
31: 5, 37, 47,
32:
33: 2, 3, 19,
34: 2, 11,
35: 2,
36: 2, 37, 47,
37: 89, 32327,
38: 5, 43,
39: 3,
40: 3, 41,
41: 2, 3, 5, 13, 487, 13879,
42: 2, 3, 19, 23, 43, 101,
43: 2, 47,
44: 2, 20287,
45: 31, 16033,
46: 47, 7907,
47: 29,
48: 3, 11,
49: 2, 11,
50: 2, 1429, 4703,
51: 2, 3,
52: 2, 3, 53, 1259,
53: 3, 11, 227,
54: 7, 22637,
55: 3, 53,
56: 3, 37, 1997, 9631,
57: 2, 3, 5, 7, 23, 317,
58: 2, 59, 89,
59: 2, 683, 881,
60: 2, 3, 61, 1423,
61: 7,
62:
63:
64: 29,
65: 2,
66: 2, 3, 67, 9851,
67: 2, 3, 10831,
68: 2, 3, 5, 113,
69: 3, 7, 29, 229,
70: 11, 71, 6287,
71: 311,
72: 73,
73: 2, 19, 23, 10771,
74: 2, 29, 179, 443,
75: 2, 3, 67, 251, 283, 3541, 53089, 57269,
76: 2, 13, 103, 3793,
77: 19,
78: 3, 11, 41, 79,
79: 3, 67,
80: 3,
81: 2, 6827,
82: 2, 3, 83,
83: 2, 3, 7, 11, 13411,
84: 2, 3, 5,
85: 7, 23, 6271, 36343,
86:
87: 3, 5, 8053,
88: 89,
89: 2, 1277,
90: 2, 19, 29, 163, 49787,
91: 2, 11, 157,
92: 2, 2819,
93: 3, 7927,
94: 3, 5, 2357,
95: 3,
96: 3, 97, 1193, 8951,
97: 2, 11, 19,
98: 2,
99: 2, 23, 3617,
100: 2, 7, 101,
101: 19, 23431,
102: 3, 103,
103: 5,
104:
105: 2, 3,
106: 2, 3, 107, 463,
107: 2, 3,
108: 2, 5, 7, 43, 109, 7159, 32411,
109: 3, 13,
110: 3, 8059,
111: 3, 157, 45959,
112: 19, 113,
113: 2,
114: 2, 3, 5, 7, 79,
115: 2, 37,
116: 2,
117: 11, 23,
118: 257,
119: 19, 6653,
120: 3,
121: 2, 3, 5,
122: 2, 3, 7, 431, 881, 17299, 27277,
123: 2, 3, 5, 43, 241,
124: 2, 5, 11, 179,
125: 7,
126: 5, 127,
127: 5, 1103, 2267, 5741,
128: 4139,
