-256: 113,
-255: 251, 389,
-254: 3, 653,
-253: 227, 409, 81457,
-252: 5,
-251: 3,
-250: 7, 103, 178183,
-249: 107441,
-248: 3, 11, 139, 2053, 14267647,
-247: 5,
-246: 151, 9091, 67003,
-245: 3, 131, 159937, 5103239,
-244: 13, 19, 11947717,
-243: 7,
-242: 3, 5, 17, 31,
-241:
-240:
-239: 3, 641, 9757493,
-238: 47,
-237: 5, 11, 150583,
-236: 3, 7, 23, 73, 127, 433, 2579, 2969, 639839,
-235:
-234: 97, 16495697,
-233: 3, 43,
-232: 5, 157, 17749,
-231: 13, 29, 431, 8581, 58909,
-230: 3, 35543,
-229: 7, 53, 1933,
-228: 59, 21739,
-227: 3, 5, 479, 620239,
-226: 11, 233, 733,
-225: 17, 19, 283, 1203899,
-224: 3, 1087, 26141, 311203, 527399,
-223: 41, 11667977,
-222: 5, 7, 11743,
-221: 3, 37, 137, 64301,
-220: 3739,
-219: 197, 5209,
-218: 3, 13, 79, 1929329,
-217: 5,
-216:
-215: 3, 7, 11, 293,
-214: 181, 1999,
-213: 23, 239, 55667, 564353,
-212: 3, 5, 1566893,
-211: 31, 71, 101, 853, 349589, 1085633,
-210: 553601,
-209: 3, 8063381,
-208: 7, 17, 61,
-207: 5, 277, 281, 8699,
-206: 3, 19,
-205: 13, 14827,
-204: 11, 449, 829,
-203: 3, 5105707,
-202: 5, 29, 149, 457,
-201: 7, 83, 107, 1103,
-200: 3, 617, 11093, 467293, 1686449,
-199:
-198: 347,
-197: 3, 5, 727, 81667,
-196: 353,
-195: 1723,
-194: 3, 7, 1183537,
-193: 11, 313, 509, 3533, 460297,
-192: 5, 13, 331, 341851,
-191: 3, 17, 47, 67,
-190: 23, 43, 661, 28687,
-189:
-188: 3,
-187: 5, 7, 19, 383, 54617, 4885973,
-186: 683, 923963,
-185: 3, 1270961,
-184: 37, 337,
-183:
-182: 3, 5, 11, 41,
-181: 42473,
-180: 7, 31, 2621, 48593,
-179: 3, 13, 761, 811, 1901,
-178:
-177: 5, 674017, 9230161,
-176: 3, 53, 15384763,
-175:
-174: 17,
-173: 3, 7, 29,
-172: 5, 89, 73379,
-171: 11,
-170: 3, 173, 751, 513697, 1020007,
-169: 59, 373, 12253, 199741,
-168: 19, 6869,
-167: 3, 5, 23, 318137, 8676937,
-166: 7, 13,
-165: 1951, 10193, 11731,
-164: 3,
-163: 73,
-162: 5, 271, 13033, 17293,
-161: 3, 229,
-160: 11,
-159: 7,
-158: 3, 4547, 16369,
-157: 5, 17, 558113,
-156:
-155: 3,
-154:
-153: 13, 224047,
-152: 3, 5, 7, 13099,
-151: 109, 3371, 164531,
-150:
-149: 3, 11, 19, 31,
-148: 646157,
-147: 5, 37, 43, 61, 103, 14057,
-146: 3, 31033,
-145: 7, 1151,
-144: 23, 29, 47,
-143: 3, 113, 25577,
-142: 5, 317, 967, 6473, 4120223,
-141: 41, 191,
-140: 3, 13, 17, 71,
-139: 79, 8017,
-138: 7, 11, 129917,
-137: 3, 5, 97,
-136: 311, 6974963,
-135: 263, 33749, 2557351,
-134: 3,
-133: 5658781,
-132: 5, 4972727,
-131: 3, 7, 86677, 417523,
-130: 19,
-129: 179, 84181,
-128: 3, 254491,
-127: 5, 11, 13, 1201, 1607, 15958279,
-126: 6763,
-125: 3, 577,
-124: 7, 67, 3586109,
-123: 17, 53, 142589, 3386737,
-122: 3, 5, 3541, 863231,
-121: 23, 58789,
-120: 167, 6692087,
-119: 3, 3137, 4027, 5531, 7333,
-118: 31, 83, 1123, 2099,
-117: 5, 7, 523, 2221, 3037, 25981, 26183,
-116: 3, 11, 516721,
-115: 29, 1483, 12539,
-114: 13, 131, 19609,
-113: 3,
-112: 5,
-111: 19, 673, 193703,
-110: 3, 7, 37, 59, 101,
-109: 127, 139, 20693,
-108:
-107: 3, 5, 2801, 9187, 93151,
-106: 17,
-105: 11,
-104: 3, 43, 631, 2837,
-103: 7, 4931,
-102: 5, 211, 593, 2436373,
-101: 3, 13, 419, 19997,
-100: 41, 105449,
-99: 241,
-98: 3, 23, 821, 3254789,
-97: 5, 47, 2039,
-96: 7, 163, 2843, 11672893,
-95: 3, 151, 3109,
-94: 11, 107,
-93: 3690079,
-92: 3, 5, 19, 23801,
-91: 8447, 12329, 2013511,
-90: 73,
-89: 3, 7, 17, 193, 58907,
-88: 13,
-87: 5, 31, 25343,
-86: 3, 29, 61, 1709,
-85: 1297,
-84: 137,
-83: 3, 11, 89, 363563,
-82: 5, 7, 1013,
-81: 312269,
-80: 3, 887, 11593,
-79:
-78:
-77: 3, 5,
-76: 29759,
-75: 7, 13, 23, 157, 469031,
-74: 3, 14221, 34513,
-73: 19, 37, 1144037,
-72: 5, 11, 17,
-71: 3, 619741,
-70: 53, 9144433,
-69: 71, 22481,
-68: 3, 7, 421,
-67: 5,
-66:
-65: 3, 619, 1078873, 2389873,
-64: 199, 1986217,
-63:
-62: 3, 5, 13, 401,
-61: 7, 11, 43,
-60: 79, 46901, 127493,
-59: 3, 41, 15993499,
-58:
-57: 5, 29, 67, 16273,
-56: 3, 31, 48907, 218417,
-55: 17, 947, 4691, 3750533,
-54: 7, 19, 3361, 24203,
-53: 3, 149,
-52: 5, 23, 6619,
-51: 59,
-50: 3, 11, 47, 16319,
-49: 13, 623009,
-48:
-47: 3, 5, 7, 12958469,
-46: 719,
-45: 6745229,
-44: 3, 103, 461,
-43:
-42: 5, 109, 75289, 993037,
-41: 3,
-40: 7, 97,
-39: 11,
-38: 3, 17, 5563, 8839253,
-37: 5, 274489,
-36: 13, 37, 1447003,
-35: 3, 19, 83, 61987,
-34: 223, 77239, 5315293,
-33: 7, 181,
-32: 3, 5, 257,
-31: 3736867,
-30: 113,
-29: 3, 23,
-28: 11, 29, 367, 33037,
-27: 5,
-26: 3, 7, 227,
-25: 31, 61,
-24: 349, 5179, 9419, 1423237, 4196999,
-23: 3, 13,
-22: 5, 197, 1987969,
-21: 17,
-20: 3, 911,
-19: 7,
-18: 41, 43,
-17: 3, 5, 11, 53, 73, 4525333,
-16: 19,
-15: 2421673,
-14: 3, 1451, 13463,
-13: 307, 28027, 1147793,
-12: 5, 7, 571,
-11: 3, 551347,
-10: 13,
-9: 101, 269, 907, 1129, 36061,
-8: 3,
-7: 5, 397,
-6: 11, 23,
-5: 3, 7, 1753, 1437049,
-4: 17, 251, 15823,
-3: 47, 27967, 46477,
-2: 3, 5,
-1: 1897121,
0: 1093, 3511,
1: 3, 29, 37, 3373,
2: 7, 71, 379, 2659,
3: 5, 13, 19, 173, 5501,
4: 3, 2633,
5: 11, 2152849,
6: 31, 89,
7: 3, 233,
8: 5, 59, 1733,
9: 7, 25037,
10: 3, 67, 1427, 546097,
11: 14717,
12: 15329, 60631, 2549177,
13: 3, 5, 17, 107, 22259,
14: 26107,
15:
16: 3, 7, 11, 13, 2903,
17: 23, 131, 102407,
18: 5, 127, 569,
19: 3, 79, 5399, 79669,
20:
21:
22: 3, 19, 45599, 932983,
23: 5, 7, 41, 5683,
24:
25: 3, 43, 73693,
26: 239,
27: 11, 26893,
28: 3, 5,
29: 13, 613, 1637, 686773,
30: 7, 17, 29, 139, 6221,
31: 3, 68491,
32: 3203,
33: 5,
34: 3, 92737,
35: 491, 11047171,
36: 53, 61, 59671,
37: 3, 7, 31, 397289,
38: 5, 11, 37, 739, 16981, 32579, 65983, 82163,
39: 439,
40: 3, 23, 743, 1459, 645011,
41: 19,
42: 13, 103529,
43: 3, 5, 1303, 9533, 4953271,
44: 7, 47,
45: 540433,
46: 3, 823, 3347,
47: 17, 167, 220699,
48: 5, 83, 13789,
49: 3, 11, 6067, 326549,
50: 179, 191, 647, 20023, 592639,
51: 7,
52: 3, 239957,
53: 5, 137, 29753,
54:
55: 3, 13,
56: 73, 151, 352691,
57: 97, 503, 3229, 68023, 87211,
58: 3, 5, 7, 283, 359,
59: 29, 103, 7069,
60: 11, 19,
61: 3, 1861,
62: 757, 2764001,
63: 5, 23, 1553, 48751, 69467, 461183, 12179953,
64: 3, 17, 41,
65: 7, 1291, 13797521,
66: 39929,
67: 3, 59, 109, 163, 117701,
68: 5, 13, 31, 43, 229, 17903,
69: 543679,
70: 3, 277,
71: 11,
72: 7,
73: 3, 5, 71, 1231,
74: 281,
75: 37, 15456151,
76: 3, 598721,
77: 67,
78: 5, 293, 3923, 63527,
79: 3, 7, 19,
80: 146407,
81: 13, 17, 4261,
82: 3, 11, 157,
83: 5, 113, 12227,
84: 4723, 56041, 3745529,
85: 3, 487,
86: 7, 23, 60169,
87: 17977, 5202811,
88: 3, 5, 29,
89: 53, 1980269, 6615047,
90: 4243, 39097,
91: 3, 47, 138511,
92: 101, 8839, 2108081,
93: 5, 7, 11, 3457,
94: 3, 13, 436993,
95: 89, 3783313,
96: 149, 24781,
97: 3, 61,
98: 5, 17, 19, 79,
99: 31, 1456243,
100: 3, 7, 2411,
101: 1109,
102:
103: 3, 5,
104: 11, 193, 643,
105: 41,
106: 3, 6091, 176923,
107: 7, 13, 6719, 7877, 48473,
108: 5, 136093,
109: 3, 23, 211, 271,
110:
111: 43, 6841, 19973,
112: 3, 37, 15581,
113: 5,
114: 7, 27061, 195541,
115: 3, 11, 17, 929,
116: 25913, 629591,
117: 19, 29, 18713, 29569,
118: 3, 5, 773, 1657, 2333,
119: 3083, 356449, 1994621,
120: 13, 107, 313,
121: 3, 7, 521, 834829, 2970157,
122: 467, 2531, 15013,
123: 5, 282577,
124: 3, 2657,
125:
126: 11, 59,
127: 3, 52387,
128: 5, 7, 263, 1560257,
129: 73, 13901,
130: 3, 31,
131: 83, 75527,
132: 17, 23, 50119,
133: 3, 5, 13,
134: 389,
135: 7, 199, 4903,
136: 3, 19, 2389, 71161,
137: 11, 13523, 479891,
138: 5, 47,
139: 3, 331,
140:
141: 443,
142: 3, 7, 53, 241,
143: 5,
144: 67, 71,
145: 3, 127, 327829,
146: 13, 29, 41, 563,
147: 4787,
148: 3, 5, 11, 131, 181, 599,
149: 7, 17, 37, 347, 691, 7272179,
150: 463, 18757,
151: 3, 87961,
152: 8357903,
153: 5, 337, 12217529,
154: 3, 43, 97, 827,
155: 19, 23,
156: 7, 409, 13721,
157: 3, 353,
158: 5, 61,
159: 11, 13,
160: 3,
161: 31, 7229,
162: 103, 275711,
163: 3, 5, 7,
164: 36923, 40009,
165: 299881,
166: 3, 17, 659, 5573,
167: 321571,
168: 5, 5387,
169: 3, 139, 3271,
170: 7, 11, 79201,
171:
172: 3, 13,
173: 5, 24181, 28411,
174: 19, 3167, 4889,
175: 3, 29, 197, 311, 317,
176: 109, 173, 857,
177: 7, 79, 991,
178: 3, 5, 23, 6967,
179:
180: 1153, 2179,
181: 3, 11, 7356149,
182: 1069,
183: 5, 17, 13469,
184: 3, 7, 89, 44123,
185: 13, 47, 59,
186: 37, 14029,
187: 3, 41,
188: 5, 279007,
189: 223,
190: 3, 137, 1373, 11311,
191: 7, 541,
192: 11, 31, 10039,
193: 3, 5, 19, 101, 3125789,
194: 176807,
195: 53, 458123,
196: 3, 113, 383,
197: 43, 433, 4195621,
198: 5, 7, 13, 977, 5886679,
199: 3,
200: 17, 431, 25127,
201: 23, 227, 7129,
202: 3, 73, 953, 575777,
203: 5, 11,
204: 29, 373, 863, 1499,
205: 3, 7, 50839,
206:
207: 151, 10259,
208: 3, 5, 5515673,
209: 38119,
210:
211: 3, 13, 67, 332441,
212: 7, 19, 257351,
213: 5, 149521,
214: 3, 11, 83, 167,
215: 71, 1213, 3943,
216:
217: 3, 17, 1319, 515519,
218: 5,
219: 7, 61,
220: 3,
221:
222:
223: 3, 5, 31, 37,
224: 13, 23,
225: 11, 257, 1237,
226: 3, 7, 557, 38299,
227: 107,
228: 5, 41, 11423, 734693,
229: 3, 179, 6766313,
230: 163, 499,
231: 19, 305927,
232: 3, 47, 809, 21617, 359897,
233: 5, 7, 29,
234: 17,
235: 3, 838597,
236: 11, 2777,
237: 13,
238: 3, 5,
239: 157, 4099,
240: 7, 43, 233,
241: 3, 191, 586009,
242: 10301, 3666787,
243: 5, 471841,
244: 3, 59, 4253,
245: 149, 449,
246: 340057,
247: 3, 7, 11, 23, 251, 44281,
248: 5, 53, 4177,
249: 6323,
250: 3, 13, 19,
251: 17, 97,
252: 479,
253: 3, 5,
254: 7, 31, 131797,
255: 457, 547,
256: 3, 79,
