3,1,1,1,3
5,1,1,1,3
7,1,1,1,3
9,1,1,0,2
11,0,0,1,1
13,1,1,1,3
15,1,1,1,3
17,1,1,1,3
19,1,1,1,3
21,0,0,1,1
23,0,0,1,1
25,0,0,0,0
27,0,1,0,1
29,0,0,0,0
31,1,1,1,3
33,1,1,0,2
35,0,0,0,0
37,0,0,0,0
39,0,0,1,1
41,0,0,0,0
43,0,0,1,1
45,0,0,1,1
47,0,0,0,0
49,0,1,1,2
51,0,0,0,0
53,0,0,0,0
55,0,0,0,0
57,0,0,0,0
59,0,0,0,0
61,1,1,1,3
63,1,0,1,2
65,1,1,0,2
67,1,0,0,1
69,0,1,0,1
71,0,0,0,0
73,0,0,0,0
75,0,0,1,1
77,0,1,0,1
79,0,0,1,1
81,0,0,0,0
83,0,0,0,0
85,0,1,1,2
87,0,0,1,1
89,0,1,0,1
91,0,0,0,0
93,0,1,0,1
95,0,0,0,0
97,0,0,0,0
99,0,0,0,0
101,0,0,1,1
103,0,0,0,0
105,0,0,0,0
107,0,1,0,1
109,0,0,0,0
111,0,0,0,0
113,0,0,0,0
115,0,0,0,0
117,0,0,1,1
119,0,0,0,0
121,0,0,0,0
123,0,0,0,0
125,0,0,0,0
127,1,1,1,3
129,1,1,0,2
131,0,0,0,0
133,0,1,0,1
135,0,0,0,0
137,0,0,0,0
139,0,0,0,0
141,0,0,0,0
143,0,0,0,0
145,0,1,0,1
147,0,0,0,0
149,0,0,0,0
151,0,0,0,0
153,0,0,0,0
155,0,0,0,0
157,0,0,0,0
159,0,0,0,0
161,0,0,1,1
163,0,0,0,0
165,0,1,0,1
167,0,0,1,1
169,0,0,0,0
171,0,0,0,0
173,0,0,0,0
175,0,0,0,0
177,0,0,0,0
179,0,0,0,0
181,0,0,0,0
183,0,0,1,1
185,0,0,0,0
187,0,0,1,1
189,0,0,0,0
191,0,0,1,1
193,0,0,0,0
195,0,1,0,1
197,0,0,0,0
199,0,0,1,1
201,0,0,0,0
203,0,0,0,0
205,0,0,1,1
207,0,0,1,1
209,0,0,0,0
211,0,0,0,0
213,0,0,0,0
215,0,0,0,0
217,0,0,0,0
219,0,0,0,0
221,0,0,0,0
223,0,0,0,0
225,0,0,0,0
227,0,0,0,0
229,0,0,0,0
231,0,0,0,0
233,0,0,0,0
235,0,0,0,0
237,0,0,0,0
239,0,0,0,0
241,0,0,0,0
243,0,0,0,0
245,0,0,0,0
247,0,0,0,0
249,0,0,0,0
251,0,0,0,0
253,1,0,0,1
255,1,0,0,1
257,1,0,0,1
259,1,0,0,1
261,0,1,0,1
263,0,0,0,0
265,0,0,0,0
267,0,0,0,0
269,0,0,0,0
271,0,0,0,0
273,0,0,0,0
275,0,0,1,1
277,0,0,0,0
279,0,0,0,0
281,0,0,0,0
283,0,0,0,0
285,0,0,0,0
287,0,0,0,0
289,0,0,0,0
291,0,0,0,0
293,0,0,0,0
295,0,0,1,1
297,0,0,0,0
299,0,0,0,0
301,0,0,0,0
303,0,0,0,0
305,0,0,0,0
307,0,0,0,0
309,0,0,0,0
311,0,0,0,0
313,0,0,1,1
315,0,0,0,0
317,0,0,0,0
319,0,0,0,0
321,0,0,0,0
323,0,0,0,0
325,0,0,0,0
327,0,0,0,0
329,0,0,0,0
331,0,0,0,0
333,0,0,0,0
335,0,0,0,0
337,0,0,0,0
339,0,0,0,0
341,0,0,0,0
343,0,0,0,0
345,0,1,1,2
347,0,0,1,1
349,0,0,0,0
351,0,0,0,0
353,0,0,0,0
355,0,0,0,0
357,0,0,0,0
359,0,0,0,0
361,0,0,0,0
363,0,0,0,0
365,0,0,0,0
367,0,0,0,0
369,0,0,0,0
371,0,0,0,0
373,0,0,0,0
375,0,0,0,0
377,0,0,0,0
379,0,0,0,0
381,0,0,0,0
383,0,0,0,0
385,0,0,0,0
387,0,0,0,0
389,0,0,0,0
391,0,0,0,0
393,0,0,0,0
395,0,0,0,0
397,0,0,0,0
399,0,0,0,0
401,0,0,0,0
403,0,0,0,0
405,0,0,0,0
407,0,0,0,0
409,0,0,0,0
411,0,0,0,0
413,0,0,0,0
415,0,0,0,0
417,0,0,0,0
419,0,0,0,0
421,0,0,0,0
423,0,0,0,0
425,0,1,0,1
427,0,0,0,0
429,0,0,0,0
431,0,0,0,0
433,0,0,0,0
435,0,0,0,0
437,0,0,0,0
439,0,0,0,0
441,0,0,0,0
443,0,0,0,0
445,0,0,0,0
447,0,1,0,1
449,0,0,0,0
451,0,0,0,0
453,0,0,0,0
455,0,0,0,0
457,0,0,0,0
459,0,0,0,0
461,0,0,0,0
463,0,0,0,0
465,0,0,0,0
467,0,0,0,0
469,0,0,0,0
471,0,1,0,1
473,0,0,0,0
475,0,0,0,0
477,0,0,1,1
479,0,0,0,0
481,0,0,0,0
483,0,0,0,0
485,0,0,0,0
487,0,0,0,0
489,0,0,0,0
491,0,0,0,0
493,0,0,0,0
495,0,0,1,1
497,0,0,0,0
499,0,0,0,0
501,0,0,0,0
503,0,0,0,0
505,0,0,0,0
507,0,1,0,1
509,0,0,0,0
511,1,0,0,1
513,1,0,0,1
515,0,0,0,0
517,0,0,0,0
519,0,0,0,0
521,0,1,0,1
523,0,0,0,0
525,0,0,0,0
527,0,0,0,0
529,0,0,0,0
531,0,0,0,0
533,0,0,0,0
535,0,0,0,0
537,0,0,0,0
539,0,0,0,0
541,0,0,0,0
543,0,0,0,0
545,0,0,0,0
547,0,0,0,0
549,0,0,0,0
551,0,0,0,0
553,0,0,1,1
555,0,0,0,0
557,0,0,0,0
559,0,0,0,0
561,0,0,0,0
563,0,0,0,0
565,0,0,0,0
567,0,1,0,1
569,0,0,0,0
571,0,0,0,0
573,0,0,0,0
575,0,0,0,0
577,0,0,0,0
579,0,1,0,1
581,0,0,0,0
583,0,0,0,0
585,0,0,0,0
587,0,0,0,0
589,0,0,0,0
591,0,0,0,0
593,0,0,0,0
595,0,0,0,0
597,0,0,0,0
599,0,0,0,0
601,0,0,0,0
603,0,0,0,0
605,0,0,0,0
607,0,1,0,1
609,0,0,0,0
611,0,0,0,0
613,0,0,0,0
615,0,0,1,1
617,0,0,0,0
619,0,0,0,0
621,0,0,0,0
623,0,0,0,0
625,0,0,0,0
627,0,0,0,0
629,0,0,0,0
631,0,0,0,0
633,0,0,0,0
635,0,0,0,0
637,0,0,0,0
639,0,0,0,0
641,0,0,0,0
643,0,0,0,0
645,0,0,0,0
647,0,0,0,0
649,0,0,0,0
651,0,0,0,0
653,0,0,0,0
655,0,0,0,0
657,0,0,0,0
659,0,0,0,0
661,0,0,0,0
663,0,0,0,0
665,0,0,0,0
667,0,0,0,0
669,0,0,0,0
671,0,0,0,0
673,0,0,0,0
675,0,0,0,0
677,0,0,0,0
679,0,0,0,0
681,0,0,0,0
683,0,0,0,0
685,0,0,0,0
687,0,0,0,0
689,0,0,0,0
691,0,0,0,0
693,0,0,1,1
695,0,0,0,0
697,0,0,0,0
699,0,0,0,0
701,0,0,1,1
703,0,0,0,0
705,0,0,0,0
707,0,0,0,0
709,0,0,0,0
711,0,0,0,0
713,0,0,0,0
715,0,0,0,0
717,0,0,0,0
719,0,0,0,0
721,0,0,0,0
723,0,0,0,0
725,0,0,0,0
727,0,0,0,0
729,0,0,0,0
731,0,0,0,0
733,0,0,0,0
735,0,0,0,0
737,0,0,0,0
739,0,0,0,0
741,0,0,0,0
743,0,0,0,0
745,0,1,0,1
747,0,0,0,0
749,0,0,0,0
751,0,0,0,0
753,0,0,0,0
755,0,0,0,0
757,0,0,0,0
759,0,0,0,0
761,0,0,0,0
763,0,0,0,0
765,0,0,0,0
767,0,0,0,0
769,0,0,0,0
771,0,0,0,0
773,0,0,0,0
775,0,0,0,0
777,0,0,1,1
779,0,0,0,0
781,0,0,1,1
783,0,0,0,0
785,0,0,0,0
787,0,0,0,0
789,0,0,0,0
791,0,0,0,0
793,0,0,0,0
795,0,1,0,1
797,0,0,0,0
799,0,0,0,0
801,0,0,0,0
803,0,0,0,0
805,0,0,0,0
807,0,0,0,0
809,0,0,0,0
811,0,0,0,0
813,0,0,0,0
815,0,0,0,0
817,0,0,0,0
819,0,0,0,0
821,0,0,0,0
823,0,0,0,0
825,0,0,0,0
827,0,0,0,0
829,0,0,0,0
831,0,0,0,0
833,0,0,0,0
835,0,0,1,1
837,0,0,0,0
839,0,0,0,0
841,0,0,0,0
843,0,0,0,0
845,0,0,0,0
847,0,0,0,0
849,0,0,0,0
851,0,0,0,0
853,0,0,0,0
855,0,0,0,0
857,0,0,0,0
859,0,0,0,0
861,0,0,0,0
863,0,0,0,0
865,0,0,0,0
867,0,0,0,0
869,0,0,0,0
871,0,0,0,0
873,0,0,0,0
875,0,0,0,0
877,0,0,0,0
879,0,0,0,0
881,0,0,0,0
883,0,0,0,0
885,0,0,0,0
887,0,0,0,0
889,0,0,0,0
891,0,0,0,0
893,0,0,0,0
895,0,0,0,0
897,0,1,0,1
899,0,0,0,0
901,0,0,0,0
903,0,0,0,0
905,0,0,0,0
907,0,0,0,0
909,0,1,0,1
911,0,0,0,0
913,0,0,0,0
915,0,0,0,0
917,0,0,1,1
919,0,0,0,0
921,0,0,0,0
923,0,0,0,0
925,0,0,0,0
927,0,0,0,0
929,0,0,0,0
931,0,0,0,0
933,0,0,0,0
935,0,0,0,0
937,0,0,0,0
939,0,0,0,0
941,0,0,0,0
943,0,0,0,0
945,0,0,0,0
947,0,0,0,0
949,0,0,0,0
951,0,0,0,0
953,0,0,0,0
955,0,0,0,0
957,0,0,0,0
959,0,0,0,0
961,0,0,0,0
963,0,0,0,0
965,0,0,0,0
967,0,0,0,0
969,0,0,0,0
971,0,0,0,0
973,0,0,0,0
975,0,0,0,0
977,0,0,0,0
979,0,0,0,0
981,0,0,0,0
983,0,0,0,0
985,0,0,0,0
987,0,0,0,0
989,0,0,0,0
991,0,0,0,0
993,0,0,0,0
995,0,0,1,1
997,0,0,0,0
999,0,0,0,0
1001,0,0,0,0
1003,0,0,0,0
1005,0,0,0,0
1007,0,0,0,0
1009,0,0,0,0
1011,0,0,0,0
1013,0,0,0,0
1015,0,0,0,0
1017,0,0,0,0
1019,0,0,0,0
1021,1,0,0,1
1023,1,0,0,1
1025,1,0,0,1
1027,1,0,0,1
1029,0,0,0,0
1031,0,0,0,0
1033,0,0,0,0
1035,0,0,0,0
1037,0,0,0,0
1039,0,0,0,0
1041,0,0,0,0
1043,0,0,0,0
1045,0,0,0,0
1047,0,0,0,0
1049,0,0,0,0
1051,0,0,0,0
1053,0,0,0,0
1055,0,0,0,0
1057,0,0,0,0
1059,0,0,0,0
1061,0,0,0,0
1063,0,0,0,0
1065,0,0,0,0
1067,0,0,0,0
1069,0,0,0,0
1071,0,0,0,0
1073,0,0,0,0
1075,0,0,0,0
1077,0,0,0,0
1079,0,0,0,0
1081,0,0,0,0
1083,0,0,0,0
1085,0,0,0,0
1087,0,0,0,0
1089,0,0,0,0
1091,0,0,0,0
1093,0,0,0,0
1095,0,0,0,0
1097,0,0,0,0
1099,0,0,0,0
1101,0,0,0,0
1103,0,0,0,0
1105,0,0,0,0
1107,0,0,0,0
1109,0,0,0,0
1111,0,0,0,0
1113,0,0,0,0
1115,0,0,0,0
1117,0,0,0,0
1119,0,0,0,0
1121,0,0,0,0
1123,0,0,0,0
1125,0,0,0,0
1127,0,0,0,0
1129,0,0,0,0
1131,0,0,0,0
1133,0,0,0,0
1135,0,0,0,0
1137,0,0,0,0
1139,0,0,0,0
1141,0,0,0,0
1143,0,0,0,0
1145,0,0,0,0
1147,0,0,0,0
1149,0,0,1,1
1151,0,0,0,0
1153,0,0,0,0
1155,0,0,0,0
1157,0,0,0,0
1159,0,0,0,0
1161,0,0,0,0
1163,0,0,0,0
1165,0,0,0,0
1167,0,0,0,0
1169,0,0,0,0
1171,0,0,0,0
1173,0,0,0,0
1175,0,0,0,0
1177,0,0,0,0
1179,0,0,0,0
1181,0,0,0,0
1183,0,0,0,0
1185,0,0,0,0
1187,0,0,0,0
1189,0,0,0,0
1191,0,0,0,0
1193,0,0,0,0
1195,0,0,0,0
1197,0,0,0,0
1199,0,0,0,0
1201,0,0,0,0
1203,0,0,1,1
1205,0,0,0,0
1207,0,0,0,0
1209,0,0,0,0
1211,0,0,0,0
1213,0,0,0,0
1215,0,0,0,0
1217,0,0,0,0
1219,0,0,0,0
1221,0,0,0,0
1223,0,0,0,0
1225,0,0,0,0
1227,0,0,0,0
1229,0,0,0,0
1231,0,0,0,0
1233,0,0,0,0
1235,0,0,0,0
1237,0,0,0,0
1239,0,0,0,0
1241,0,0,0,0
1243,0,0,0,0
1245,0,0,0,0
1247,0,0,0,0
1249,0,0,0,0
1251,0,0,0,0
1253,0,0,0,0
1255,0,0,0,0
1257,0,0,0,0
1259,0,0,0,0
1261,0,0,0,0
1263,0,0,0,0
1265,0,0,0,0
1267,0,0,0,0
1269,0,0,0,0
1271,0,0,0,0
1273,0,0,0,0
1275,0,0,0,0
1277,0,0,0,0
1279,0,1,0,1
1281,0,0,0,0
1283,0,0,0,0
1285,0,0,0,0
1287,0,0,0,0
1289,0,0,0,0
1291,0,0,0,0
1293,0,0,0,0
1295,0,0,0,0
1297,0,0,0,0
1299,0,0,0,0
1301,0,0,0,0
1303,0,0,0,0
1305,0,0,0,0
1307,0,0,0,0
1309,0,0,0,0
1311,0,0,0,0
1313,0,0,0,0
1315,0,0,0,0
1317,0,0,0,0
1319,0,0,0,0
1321,0,0,0,0
1323,0,0,0,0
1325,0,0,0,0
1327,0,0,0,0
1329,0,0,0,0
1331,0,0,0,0
1333,0,0,0,0
1335,0,0,0,0
1337,0,0,0,0
1339,0,0,0,0
1341,0,0,0,0
1343,0,0,0,0
1345,0,0,0,0
1347,0,0,0,0
1349,0,0,0,0
1351,0,0,0,0
1353,0,0,0,0
1355,0,0,0,0
1357,0,0,0,0
1359,0,0,0,0
1361,0,0,0,0
1363,0,0,0,0
1365,0,0,0,0
1367,0,0,0,0
1369,0,0,0,0
1371,0,0,0,0
1373,0,0,0,0
1375,0,0,0,0
1377,0,0,0,0
1379,0,0,0,0
1381,0,0,0,0
1383,0,0,0,0
1385,0,0,0,0
1387,0,0,0,0
1389,0,0,0,0
1391,0,0,0,0
1393,0,0,0,0
1395,0,0,0,0
1397,0,0,0,0
1399,0,0,0,0
1401,0,0,0,0
1403,0,0,0,0
1405,0,0,0,0
1407,0,0,0,0
1409,0,0,0,0
1411,0,0,0,0
1413,0,0,0,0
1415,0,0,0,0
1417,0,0,0,0
1419,0,0,1,1
1421,0,0,0,0
1423,0,0,0,0
1425,0,0,0,0
1427,0,0,0,0
1429,0,0,0,0
1431,0,0,0,0
1433,0,0,0,0
1435,0,0,0,0
1437,0,0,0,0
1439,0,0,0,0
1441,0,0,0,0
1443,0,0,0,0
1445,0,0,0,0
1447,0,0,0,0
1449,0,0,0,0
1451,0,0,0,0
1453,0,0,0,0
1455,0,0,0,0
1457,0,0,0,0
1459,0,0,0,0
1461,0,0,0,0
1463,0,0,0,0
1465,0,0,0,0
1467,0,0,0,0
1469,0,0,0,0
1471,0,0,0,0
1473,0,0,0,0
1475,0,0,0,0
1477,0,0,0,0
1479,0,0,0,0
1481,0,0,0,0
1483,0,0,0,0
1485,0,0,0,0
1487,0,0,0,0
1489,0,0,0,0
1491,0,0,0,0
1493,0,0,0,0
1495,0,0,0,0
1497,0,0,0,0
1499,0,0,0,0
1501,0,0,0,0
1503,0,0,1,1
1505,0,0,0,0
1507,0,0,0,0
1509,0,0,0,0
1511,0,0,0,0
1513,0,0,0,0
1515,0,0,0,0
1517,0,0,0,0
1519,0,0,0,0
1521,0,0,0,0
1523,0,0,0,0
1525,0,0,0,0
1527,0,0,0,0
1529,0,0,0,0
1531,0,0,0,0
1533,0,0,0,0
1535,0,0,0,0
1537,0,0,1,1
1539,0,0,0,0
1541,0,0,0,0
1543,0,0,0,0
1545,0,0,0,0
1547,0,0,0,0
1549,0,0,0,0
1551,0,0,0,0
1553,0,0,0,0
1555,0,0,0,0
1557,0,0,0,0
1559,0,0,0,0
1561,0,0,0,0
1563,0,0,0,0
1565,0,0,0,0
1567,0,0,0,0
1569,0,0,0,0
1571,0,0,0,0
1573,0,0,0,0
1575,0,0,0,0
1577,0,0,0,0
1579,0,0,0,0
1581,0,0,0,0
1583,0,0,0,0
1585,0,0,0,0
1587,0,0,0,0
1589,0,0,0,0
1591,0,0,0,0
1593,0,0,0,0
1595,0,0,0,0
1597,0,0,0,0
1599,0,0,0,0
1601,0,0,0,0
1603,0,0,0,0
1605,0,0,0,0
1607,0,0,0,0
1609,0,0,0,0
1611,0,0,0,0
1613,0,0,0,0
1615,0,0,0,0
1617,0,0,0,0
1619,0,0,0,0
1621,0,0,0,0
1623,0,0,0,0
1625,0,0,0,0
1627,0,0,0,0
1629,0,0,0,0
1631,0,0,0,0
1633,0,0,0,0
1635,0,0,0,0
1637,0,0,0,0
1639,0,0,0,0
1641,0,0,0,0
1643,0,0,0,0
1645,0,0,0,0
1647,0,0,0,0
1649,0,0,0,0
1651,0,0,0,0
1653,0,0,0,0
1655,0,0,0,0
1657,0,0,0,0
1659,0,0,0,0
1661,0,0,0,0
1663,0,0,0,0
1665,0,0,0,0
1667,0,0,0,0
1669,0,0,0,0
1671,0,0,0,0
1673,0,0,0,0
1675,0,0,0,0
1677,0,0,0,0
1679,0,0,0,0
1681,0,0,0,0
1683,0,1,0,1
1685,0,0,0,0
1687,0,0,0,0
1689,0,0,0,0
1691,0,0,0,0
1693,0,0,0,0
1695,0,0,0,0
1697,0,0,0,0
1699,0,0,0,0
1701,0,0,0,0
1703,0,0,0,0
1705,0,0,0,0
1707,0,0,0,0
1709,0,0,1,1
1711,0,0,0,0
1713,0,0,0,0
1715,0,0,0,0
1717,0,0,0,0
1719,0,0,0,0
1721,0,0,0,0
1723,0,0,0,0
1725,0,0,0,0
1727,0,1,0,1
1729,0,0,0,0
1731,0,0,0,0
1733,0,0,0,0
1735,0,0,0,0
1737,0,0,0,0
1739,0,0,0,0
1741,0,0,0,0
1743,0,0,0,0
1745,0,0,0,0
1747,0,0,0,0
1749,0,0,0,0
1751,0,0,0,0
1753,0,0,0,0
1755,0,0,0,0
1757,0,0,0,0
1759,0,0,0,0
1761,0,0,0,0
1763,0,0,0,0
1765,0,0,0,0
1767,0,0,0,0
1769,0,0,0,0
1771,0,0,0,0
1773,0,0,0,0
1775,0,0,0,0
1777,0,0,0,0
1779,0,0,0,0
1781,0,1,0,1
1783,0,0,0,0
1785,0,0,0,0
1787,0,0,0,0
1789,0,0,0,0
1791,0,0,0,0
1793,0,0,0,0
1795,0,0,0,0
1797,0,0,0,0
1799,0,0,0,0
1801,0,0,0,0
1803,0,0,0,0
1805,0,0,0,0
1807,0,0,0,0
1809,0,0,0,0
1811,0,0,0,0
1813,0,0,0,0
1815,0,0,0,0
1817,0,0,0,0
1819,0,0,0,0
1821,0,0,0,0
1823,0,0,0,0
1825,0,0,0,0
1827,0,0,0,0
1829,0,0,0,0
1831,0,0,0,0
1833,0,0,0,0
1835,0,0,0,0
1837,0,0,0,0
1839,0,0,0,0
1841,0,0,0,0
1843,0,0,0,0
1845,0,0,0,0
1847,0,0,0,0
1849,0,0,0,0
1851,0,0,0,0
1853,0,0,0,0
1855,0,0,0,0
1857,0,0,0,0
1859,0,0,0,0
1861,0,0,0,0
1863,0,0,0,0
1865,0,0,0,0
1867,0,0,0,0
1869,0,0,0,0
1871,0,0,0,0
1873,0,0,0,0
1875,0,0,0,0
1877,0,0,0,0
1879,0,0,0,0
1881,0,0,0,0
1883,0,0,1,1
1885,0,0,0,0
1887,0,0,0,0
1889,0,0,0,0
1891,0,0,0,0
1893,0,0,0,0
1895,0,0,0,0
1897,0,0,0,0
1899,0,0,0,0
1901,0,0,0,0
1903,0,0,0,0
1905,0,0,0,0
1907,0,0,0,0
1909,0,0,0,0
1911,0,0,0,0
1913,0,0,0,0
1915,0,0,0,0
1917,0,0,0,0
1919,0,0,0,0
1921,0,0,0,0
1923,0,0,0,0
1925,0,0,0,0
1927,0,0,0,0
1929,0,0,0,0
1931,0,0,0,0
1933,0,0,0,0
1935,0,0,0,0
1937,0,0,0,0
1939,0,0,0,0
1941,0,0,0,0
1943,0,0,0,0
1945,0,0,0,0
1947,0,0,0,0
1949,0,0,0,0
1951,0,0,0,0
1953,0,0,0,0
1955,0,0,0,0
1957,0,0,0,0
1959,0,0,0,0
1961,0,0,0,0
1963,0,0,0,0
1965,0,0,0,0
1967,0,0,0,0
1969,0,0,0,0
1971,0,0,0,0
1973,0,0,0,0
1975,0,0,0,0
1977,0,0,0,0
1979,0,0,0,0
1981,0,0,0,0
1983,0,0,0,0
1985,0,0,0,0
1987,0,0,0,0
1989,0,0,0,0
1991,0,0,0,0
1993,0,0,0,0
1995,0,0,0,0
1997,0,0,0,0
1999,0,0,0,0
2001,0,0,0,0
2003,0,0,0,0
2005,0,0,0,0
2007,0,0,0,0
2009,0,0,0,0
2011,0,0,0,0
2013,0,0,0,0
2015,0,0,0,0
2017,0,0,0,0
2019,0,0,0,0
2021,0,0,0,0
2023,0,0,0,0
2025,0,0,0,0
2027,0,0,0,0
2029,0,0,0,0
2031,0,0,0,0
2033,0,0,0,0
2035,0,0,0,0
2037,0,1,0,1
2039,0,0,0,0
2041,0,0,0,0
2043,0,0,0,0
2045,0,0,0,0
2047,1,0,0,1
2049,1,0,0,1
2051,0,0,0,0
2053,0,0,0,0
2055,0,0,0,0
2057,0,0,0,0
2059,0,0,0,0
2061,0,0,0,0
2063,0,0,0,0
2065,0,0,0,0
2067,0,0,0,0
2069,0,0,0,0
2071,0,0,0,0
2073,0,0,0,0
2075,0,0,0,0
2077,0,0,0,0
2079,0,0,0,0
2081,0,0,0,0
2083,0,0,0,0
2085,0,0,0,0
2087,0,0,0,0
2089,0,0,0,0
2091,0,0,0,0
2093,0,0,0,0
2095,0,0,0,0
2097,0,0,0,0
2099,0,0,0,0
2101,0,0,0,0
2103,0,0,0,0
2105,0,0,0,0
2107,0,0,0,0
2109,0,0,0,0
2111,0,0,0,0
2113,0,0,0,0
2115,0,0,0,0
2117,0,0,0,0
2119,0,0,0,0
2121,0,0,0,0
2123,0,0,0,0
2125,0,0,0,0
2127,0,0,0,0
2129,0,0,0,0
2131,0,0,0,0
2133,0,0,0,0
2135,0,0,0,0
2137,0,0,0,0
2139,0,0,0,0
2141,0,0,0,0
2143,0,0,0,0
2145,0,0,0,0
2147,0,0,0,0
2149,0,0,0,0
2151,0,0,0,0
2153,0,0,0,0
2155,0,0,0,0
2157,0,0,0,0
2159,0,0,0,0
2161,0,0,0,0
2163,0,0,0,0
2165,0,0,0,0
2167,0,0,0,0
2169,0,0,0,0
2171,0,0,0,0
2173,0,0,0,0
2175,0,0,0,0
2177,0,0,0,0
2179,0,0,0,0
2181,0,0,0,0
2183,0,0,0,0
2185,0,0,0,0
2187,0,0,0,0
2189,0,0,0,0
2191,0,0,0,0
2193,0,0,0,0
2195,0,0,0,0
2197,0,0,0,0
2199,0,0,0,0
2201,0,0,0,0
2203,0,1,0,1
2205,0,0,0,0
2207,0,0,0,0
2209,0,0,0,0
2211,0,0,0,0
2213,0,0,0,0
2215,0,0,0,0
2217,0,0,0,0
2219,0,0,0,0
2221,0,0,0,0
2223,0,0,0,0
2225,0,0,0,0
2227,0,0,0,0
2229,0,0,0,0
2231,0,0,0,0
2233,0,0,0,0
2235,0,0,0,0
2237,0,0,0,0
2239,0,0,0,0
2241,0,0,0,0
2243,0,0,0,0
2245,0,0,0,0
2247,0,0,0,0
2249,0,0,0,0
2251,0,0,0,0
2253,0,0,0,0
2255,0,0,0,0
2257,0,0,0,0
2259,0,0,0,0
2261,0,0,0,0
2263,0,0,0,0
2265,0,0,0,0
2267,0,0,0,0
2269,0,0,0,0
2271,0,0,0,0
2273,0,0,0,0
2275,0,0,0,0
2277,0,0,0,0
2279,0,0,0,0
2281,0,1,0,1
2283,0,0,0,0
2285,0,0,0,0
2287,0,0,0,0
2289,0,0,0,0
2291,0,0,0,0
2293,0,0,0,0
2295,0,0,0,0
2297,0,0,0,0
2299,0,0,0,0
2301,0,0,0,0
2303,0,0,0,0
2305,0,0,0,0
2307,0,0,0,0
2309,0,0,0,0
2311,0,0,0,0
2313,0,0,0,0
2315,0,0,0,0
2317,0,0,0,0
2319,0,0,0,0
2321,0,0,0,0
2323,0,0,0,0
2325,0,0,0,0
2327,0,0,0,0
2329,0,0,0,0
2331,0,0,0,0
2333,0,0,0,0
2335,0,0,0,0
2337,0,0,0,0
2339,0,0,0,0
2341,0,0,0,0
2343,0,0,0,0
2345,0,0,0,0
2347,0,0,0,0
2349,0,0,0,0
2351,0,0,0,0
2353,0,1,0,1
2355,0,0,0,0
2357,0,0,0,0
2359,0,0,0,0
2361,0,0,0,0
2363,0,0,0,0
2365,0,0,0,0
2367,0,0,0,0
2369,0,0,0,0
2371,0,0,0,0
2373,0,0,0,0
2375,0,0,0,0
2377,0,0,0,0
2379,0,0,0,0
2381,0,0,0,0
2383,0,0,0,0
2385,0,0,0,0
2387,0,0,0,0
2389,0,0,0,0
2391,0,0,0,0
2393,0,0,0,0
2395,0,0,0,0
2397,0,0,0,0
2399,0,0,0,0
2401,0,0,0,0
2403,0,0,0,0
2405,0,0,0,0
2407,0,0,0,0
2409,0,0,0,0
2411,0,0,0,0
2413,0,0,0,0
2415,0,0,0,0
2417,0,0,0,0
2419,0,0,0,0
2421,0,0,0,0
2423,0,0,0,0
2425,0,0,0,0
2427,0,0,0,0
2429,0,0,0,0
2431,0,0,0,0
2433,0,0,0,0
2435,0,0,0,0
2437,0,0,0,0
2439,0,0,0,0
2441,0,0,0,0
2443,0,0,0,0
2445,0,0,0,0
2447,0,0,0,0
2449,0,0,0,0
2451,0,0,0,0
2453,0,0,0,0
2455,0,0,0,0
2457,0,0,0,0
2459,0,0,0,0
2461,0,0,0,0
2463,0,0,0,0
2465,0,0,0,0
2467,0,0,0,0
2469,0,0,0,0
2471,0,0,0,0
2473,0,0,0,0
2475,0,0,0,0
2477,0,0,0,0
2479,0,0,0,0
2481,0,0,0,0
2483,0,0,0,0
2485,0,0,0,0
2487,0,0,0,0
2489,0,0,0,0
2491,0,0,0,0
2493,0,0,0,0
2495,0,0,0,0
2497,0,0,0,0
2499,0,1,0,1
2501,0,0,0,0
2503,0,0,0,0
2505,0,0,0,0
2507,0,0,0,0
2509,0,0,0,0
2511,0,0,0,0
2513,0,0,0,0
2515,0,0,0,0
2517,0,0,0,0
2519,0,0,0,0
2521,0,0,0,0
2523,0,0,0,0
2525,0,0,0,0
2527,0,0,0,0
2529,0,0,0,0
2531,0,0,0,0
2533,0,0,0,0
2535,0,0,0,0
2537,0,0,0,0
2539,0,0,0,0
2541,0,0,0,0
2543,0,0,0,0
2545,0,0,0,0
2547,0,0,0,0
2549,0,0,0,0
2551,0,0,0,0
2553,0,0,0,0
2555,0,0,0,0
2557,0,0,0,0
2559,0,0,0,0
2561,0,0,0,0
2563,0,0,0,0
2565,0,0,0,0
2567,0,0,0,0
2569,0,0,0,0
2571,0,0,0,0
2573,0,0,0,0
2575,0,0,0,0
2577,0,0,0,0
2579,0,0,0,0
2581,0,0,0,0
2583,0,0,0,0
2585,0,0,0,0
2587,0,0,0,0
2589,0,0,0,0
2591,0,0,0,0
2593,0,0,0,0
2595,0,0,0,0
2597,0,0,0,0
2599,0,0,0,0
2601,0,0,0,0
2603,0,0,0,0
2605,0,0,0,0
2607,0,0,0,0
2609,0,0,0,0
2611,0,0,0,0
2613,0,0,0,0
2615,0,0,0,0
2617,0,0,1,1
2619,0,0,1,1
2621,0,0,0,0
2623,0,0,0,0
2625,0,0,1,1
2627,0,0,0,0
2629,0,0,0,0
2631,0,0,0,0
2633,0,0,0,0
2635,0,0,0,0
2637,0,0,0,0
2639,0,0,0,0
2641,0,0,0,0
2643,0,0,0,0
2645,0,0,0,0
2647,0,0,0,0
2649,0,0,0,0
2651,0,0,0,0
2653,0,0,0,0
2655,0,0,0,0
2657,0,0,0,0
2659,0,0,0,0
2661,0,0,0,0
2663,0,0,0,0
2665,0,0,0,0
2667,0,0,0,0
2669,0,0,0,0
2671,0,0,0,0
2673,0,0,0,0
2675,0,0,0,0
2677,0,0,0,0
2679,0,0,0,0
2681,0,0,0,0
2683,0,0,0,0
2685,0,0,0,0
2687,0,0,0,0
2689,0,0,0,0
2691,0,0,1,1
2693,0,0,0,0
2695,0,0,0,0
2697,0,0,0,0
2699,0,0,0,0
2701,0,0,0,0
2703,0,0,0,0
2705,0,0,0,0
2707,0,0,0,0
2709,0,0,0,0
2711,0,0,0,0
2713,0,0,0,0
2715,0,0,0,0
2717,0,0,0,0
2719,0,0,0,0
2721,0,0,0,0
2723,0,0,0,0
2725,0,0,0,0
2727,0,0,0,0
2729,0,0,0,0
2731,0,0,0,0
2733,0,0,0,0
2735,0,0,0,0
2737,0,0,0,0
2739,0,0,0,0
2741,0,0,0,0
2743,0,0,0,0
2745,0,0,0,0
2747,0,0,0,0
2749,0,0,0,0
2751,0,0,0,0
2753,0,0,0,0
2755,0,0,0,0
2757,0,0,0,0
2759,0,0,0,0
2761,0,0,0,0
2763,0,0,0,0
2765,0,0,0,0
2767,0,0,0,0
2769,0,0,0,0
2771,0,0,0,0
2773,0,0,0,0
2775,0,0,0,0
2777,0,0,0,0
2779,0,0,0,0
2781,0,0,0,0
2783,0,0,0,0
2785,0,0,0,0
2787,0,0,0,0
2789,0,0,0,0
2791,0,0,0,0
2793,0,0,0,0
2795,0,0,0,0
2797,0,0,0,0
2799,0,0,0,0
2801,0,0,0,0
2803,0,0,0,0
2805,0,0,0,0
2807,0,0,0,0
2809,0,0,0,0
2811,0,0,0,0
2813,0,0,0,0
2815,0,0,0,0
2817,0,0,0,0
2819,0,0,0,0
2821,0,0,0,0
2823,0,0,0,0
2825,0,0,0,0
2827,0,0,0,0
2829,0,0,0,0
2831,0,0,0,0
2833,0,0,0,0
2835,0,0,0,0
2837,0,0,0,0
2839,0,0,0,0
2841,0,0,0,0
2843,0,0,0,0
2845,0,0,0,0
2847,0,0,0,0
2849,0,0,0,0
2851,0,0,0,0
2853,0,0,0,0
2855,0,0,0,0
2857,0,0,0,0
2859,0,0,0,0
2861,0,0,0,0
2863,0,0,0,0
2865,0,0,0,0
2867,0,0,0,0
2869,0,0,0,0
2871,0,0,0,0
2873,0,0,0,0
2875,0,0,0,0
2877,0,0,0,0
2879,0,0,0,0
2881,0,0,0,0
2883,0,0,0,0
2885,0,0,0,0
2887,0,0,0,0
2889,0,0,0,0
2891,0,0,0,0
2893,0,0,0,0
2895,0,0,0,0
2897,0,0,0,0
2899,0,0,0,0
2901,0,0,0,0
2903,0,0,0,0
2905,0,0,0,0
2907,0,0,0,0
2909,0,0,0,0
2911,0,0,0,0
2913,0,0,0,0
2915,0,0,0,0
2917,0,0,0,0
2919,0,0,0,0
2921,0,0,0,0
2923,0,0,0,0
2925,0,0,0,0
2927,0,0,0,0
2929,0,0,0,0
2931,0,0,0,0
2933,0,0,0,0
2935,0,0,0,0
2937,0,0,0,0
2939,0,0,0,0
2941,0,0,0,0
2943,0,0,0,0
2945,0,0,0,0
2947,0,0,0,0
2949,0,0,0,0
2951,0,0,0,0
2953,0,0,0,0
2955,0,0,0,0
2957,0,0,0,0
2959,0,0,0,0
2961,0,0,0,0
2963,0,0,0,0
2965,0,0,0,0
2967,0,0,0,0
2969,0,0,0,0
2971,0,0,0,0
2973,0,0,0,0
2975,0,0,0,0
2977,0,0,0,0
2979,0,0,0,0
2981,0,0,0,0
2983,0,0,0,0
2985,0,0,0,0
2987,0,0,0,0
2989,0,0,0,0
2991,0,0,0,0
2993,0,0,0,0
2995,0,0,0,0
2997,0,0,0,0
2999,0,0,0,0
3001,0,0,0,0
3003,0,0,0,0
3005,0,0,0,0
3007,0,0,0,0
3009,0,0,0,0
3011,0,0,0,0
3013,0,0,0,0
3015,0,0,0,0
3017,0,0,0,0
3019,0,0,0,0
3021,0,0,0,0
3023,0,0,0,0
3025,0,0,0,0
3027,0,0,0,0
3029,0,0,0,0
3031,0,0,0,0
3033,0,0,0,0
3035,0,0,0,0
3037,0,0,0,0
3039,0,0,0,0
3041,0,0,0,0
3043,0,0,0,0
3045,0,0,0,0
3047,0,0,0,0
3049,0,0,0,0
3051,0,0,0,0
3053,0,0,0,0
3055,0,0,0,0
3057,0,0,0,0
3059,0,0,0,0
3061,0,0,0,0
3063,0,0,0,0
3065,0,0,0,0
3067,0,0,0,0
3069,0,0,0,0
3071,0,0,0,0
3073,0,0,0,0
3075,0,0,0,0
3077,0,0,0,0
3079,0,0,0,0
3081,0,0,0,0
3083,0,0,0,0
3085,0,0,0,0
3087,0,0,0,0
3089,0,0,0,0
3091,0,0,0,0
3093,0,0,0,0
3095,0,0,0,0
3097,0,0,0,0
3099,0,0,0,0
3101,0,0,0,0
3103,0,0,0,0
3105,0,0,0,0
3107,0,0,0,0
3109,0,0,0,0
3111,0,0,0,0
3113,0,0,0,0
3115,0,0,0,0
3117,0,0,0,0
3119,0,0,0,0
3121,0,0,0,0
3123,0,0,0,0
3125,0,0,0,0
3127,0,0,0,0
3129,0,0,0,0
3131,0,0,0,0
3133,0,0,0,0
3135,0,0,0,0
3137,0,0,0,0
3139,0,0,0,0
3141,0,0,0,0
3143,0,0,0,0
3145,0,0,0,0
3147,0,0,0,0
3149,0,0,0,0
3151,0,0,0,0
3153,0,0,0,0
3155,0,0,0,0
3157,0,0,0,0
3159,0,0,0,0
3161,0,0,0,0
3163,0,0,0,0
3165,0,0,0,0
3167,0,0,0,0
3169,0,0,0,0
3171,0,0,0,0
3173,0,0,0,0
3175,0,0,0,0
3177,0,0,0,0
3179,0,0,0,0
3181,0,0,0,0
3183,0,0,0,0
3185,0,0,0,0
3187,0,0,0,0
3189,0,0,0,0
3191,0,0,0,0
3193,0,0,0,0
3195,0,0,0,0
3197,0,0,0,0
3199,0,0,0,0
3201,0,0,0,0
3203,0,0,0,0
3205,0,0,0,0
3207,0,0,0,0
3209,0,0,0,0
3211,0,0,0,0
3213,0,0,0,0
3215,0,0,0,0
3217,0,1,0,1
3219,0,0,0,0
3221,0,0,0,0
3223,0,0,0,0
3225,0,0,0,0
3227,0,0,0,0
3229,0,0,0,0
3231,0,0,0,0
3233,0,0,0,0
3235,0,0,0,0
3237,0,0,0,0
3239,0,0,0,0
3241,0,0,0,0
3243,0,0,0,0
3245,0,0,0,0
3247,0,0,0,0
3249,0,0,0,0
3251,0,0,0,0
3253,0,0,0,0
3255,0,0,0,0
3257,0,0,0,0
3259,0,0,0,0
3261,0,0,0,0
3263,0,0,0,0
3265,0,0,0,0
3267,0,0,0,0
3269,0,0,0,0
3271,0,0,0,0
3273,0,0,0,0
3275,0,0,0,0
3277,0,0,0,0
3279,0,0,0,0
3281,0,0,0,0
3283,0,0,0,0
3285,0,0,0,0
3287,0,0,0,0
3289,0,0,0,0
3291,0,0,0,0
3293,0,0,0,0
3295,0,0,0,0
3297,0,0,0,0
3299,0,0,0,0
3301,0,0,0,0
3303,0,0,0,0
3305,0,0,0,0
3307,0,0,0,0
3309,0,0,0,0
3311,0,0,0,0
3313,0,0,0,0
3315,0,0,0,0
3317,0,0,0,0
3319,0,0,0,0
3321,0,0,0,0
3323,0,0,0,0
3325,0,0,0,0
3327,0,0,0,0
3329,0,0,0,0
3331,0,0,0,0
3333,0,0,0,0
3335,0,0,0,0
3337,0,0,0,0
3339,0,0,0,0
3341,0,0,0,0
3343,0,0,0,0
3345,0,0,0,0
3347,0,0,0,0
3349,0,0,0,0
3351,0,0,0,0
3353,0,0,0,0
3355,0,0,0,0
3357,0,0,0,0
3359,0,0,0,0
3361,0,0,0,0
3363,0,0,0,0
3365,0,0,0,0
3367,0,0,0,0
3369,0,0,0,0
3371,0,0,0,0
3373,0,0,0,0
3375,0,0,0,0
3377,0,0,0,0
3379,0,0,0,0
3381,0,0,0,0
3383,0,0,0,0
3385,0,0,0,0
3387,0,0,0,0
3389,0,0,0,0
3391,0,0,0,0
3393,0,0,0,0
3395,0,0,0,0
3397,0,0,0,0
3399,0,0,0,0
3401,0,0,0,0
3403,0,0,0,0
3405,0,0,0,0
3407,0,0,0,0
3409,0,0,0,0
3411,0,0,0,0
3413,0,0,0,0
3415,0,1,0,1
3417,0,0,0,0
3419,0,0,0,0
3421,0,0,0,0
3423,0,0,0,0
3425,0,0,0,0
3427,0,0,0,0
3429,0,0,0,0
3431,0,0,0,0
3433,0,0,0,0
3435,0,0,0,0
3437,0,0,0,0
3439,0,0,0,0
3441,0,0,0,0
3443,0,0,0,0
3445,0,0,0,0
3447,0,0,0,0
3449,0,0,0,0
3451,0,0,0,0
3453,0,0,0,0
3455,0,0,0,0
3457,0,0,0,0
3459,0,0,0,0
3461,0,0,0,0
3463,0,0,0,0
3465,0,0,0,0
3467,0,0,0,0
3469,0,0,0,0
3471,0,0,0,0
3473,0,0,0,0
3475,0,0,0,0
3477,0,0,0,0
3479,0,0,0,0
3481,0,1,0,1
3483,0,0,0,0
3485,0,0,0,0
3487,0,0,0,0
3489,0,0,0,0
3491,0,0,0,0
3493,0,0,0,0
3495,0,0,0,0
3497,0,0,0,0
3499,0,0,0,0
3501,0,0,0,0
3503,0,0,0,0
3505,0,0,0,0
3507,0,0,0,0
3509,0,0,0,0
3511,0,0,0,0
3513,0,0,0,0
3515,0,0,0,0
3517,0,0,0,0
3519,0,0,0,0
3521,0,0,0,0
3523,0,0,0,0
3525,0,0,0,0
3527,0,0,0,0
3529,0,0,0,0
3531,0,0,0,0
3533,0,0,0,0
3535,0,0,0,0
3537,0,0,0,0
3539,0,0,1,1
3541,0,0,0,0
3543,0,0,0,0
3545,0,0,0,0
3547,0,0,0,0
3549,0,0,0,0
3551,0,0,0,0
3553,0,0,0,0
3555,0,0,0,0
3557,0,0,0,0
3559,0,0,0,0
3561,0,0,0,0
3563,0,0,0,0
3565,0,0,0,0
3567,0,0,0,0
3569,0,0,0,0
3571,0,0,0,0
3573,0,0,0,0
3575,0,0,0,0
3577,0,0,0,0
3579,0,0,0,0
3581,0,0,0,0
3583,0,0,0,0
3585,0,0,0,0
3587,0,0,0,0
3589,0,0,0,0
3591,0,0,0,0
3593,0,0,0,0
3595,0,0,0,0
3597,0,0,0,0
3599,0,0,0,0
3601,0,0,0,0
3603,0,0,0,0
3605,0,0,0,0
3607,0,0,0,0
3609,0,0,0,0
3611,0,0,0,0
3613,0,0,0,0
3615,0,0,0,0
3617,0,0,0,0
3619,0,0,0,0
3621,0,0,0,0
3623,0,0,0,0
3625,0,0,0,0
3627,0,0,1,1
3629,0,0,0,0
3631,0,0,0,0
3633,0,0,0,0
3635,0,0,0,0
3637,0,0,0,0
3639,0,0,0,0
3641,0,0,0,0
3643,0,0,0,0
3645,0,0,0,0
3647,0,0,0,0
3649,0,0,0,0
3651,0,0,0,0
3653,0,0,0,0
3655,0,0,0,0
3657,0,0,0,0
3659,0,0,0,0
3661,0,0,0,0
3663,0,0,0,0
3665,0,0,0,0
3667,0,0,0,0
3669,0,0,0,0
3671,0,0,0,0
3673,0,0,0,0
3675,0,0,0,0
3677,0,0,0,0
3679,0,0,0,0
3681,0,0,0,0
3683,0,0,0,0
3685,0,0,0,0
3687,0,0,0,0
3689,0,0,0,0
3691,0,0,0,0
3693,0,0,0,0
3695,0,0,0,0
3697,0,0,0,0
3699,0,0,0,0
3701,0,0,0,0
3703,0,0,0,0
3705,0,0,0,0
3707,0,0,0,0
3709,0,0,0,0
3711,0,0,0,0
3713,0,0,0,0
3715,0,0,0,0
3717,0,0,0,0
3719,0,0,0,0
3721,0,0,0,0
3723,0,0,0,0
3725,0,0,0,0
3727,0,0,0,0
3729,0,0,0,0
3731,0,0,0,0
3733,0,0,0,0
3735,0,0,0,0
3737,0,0,0,0
3739,0,0,0,0
3741,0,0,0,0
3743,0,0,0,0
3745,0,0,0,0
3747,0,0,0,0
3749,0,0,0,0
3751,0,0,0,0
3753,0,0,0,0
3755,0,0,0,0
3757,0,0,0,0
3759,0,0,0,0
3761,0,0,0,0
3763,0,0,0,0
3765,0,0,0,0
3767,0,0,0,0
3769,0,0,0,0
3771,0,0,0,0
3773,0,0,0,0
3775,0,0,0,0
3777,0,0,0,0
3779,0,0,0,0
3781,0,0,0,0
3783,0,0,0,0
3785,0,0,0,0
3787,0,0,0,0
3789,0,0,0,0
3791,0,0,0,0
3793,0,0,0,0
3795,0,0,0,0
3797,0,0,0,0
3799,0,0,0,0
3801,0,0,0,0
3803,0,0,0,0
3805,0,0,0,0
3807,0,0,0,0
3809,0,0,0,0
3811,0,0,0,0
3813,0,0,0,0
3815,0,0,0,0
3817,0,1,0,1
3819,0,0,0,0
3821,0,0,0,0
3823,0,0,0,0
3825,0,0,0,0
3827,0,0,0,0
3829,0,0,0,0
3831,0,0,0,0
3833,0,0,0,0
3835,0,0,0,0
3837,0,0,0,0
3839,0,0,0,0
3841,0,0,0,0
3843,0,0,0,0
3845,0,0,0,0
3847,0,0,0,0
3849,0,0,0,0
3851,0,0,0,0
3853,0,0,0,0
3855,0,0,0,0
3857,0,0,0,0
3859,0,0,0,0
3861,0,0,0,0
3863,0,0,0,0
3865,0,0,0,0
3867,0,0,0,0
3869,0,0,0,0
3871,0,0,0,0
3873,0,0,0,0
3875,0,0,0,0
3877,0,0,0,0
3879,0,0,0,0
3881,0,0,0,0
3883,0,0,0,0
3885,0,0,0,0
3887,0,0,0,0
3889,0,0,0,0
3891,0,0,0,0
3893,0,0,0,0
3895,0,0,0,0
3897,0,0,0,0
3899,0,0,0,0
3901,0,0,1,1
3903,0,0,0,0
3905,0,0,0,0
3907,0,0,0,0
3909,0,0,0,0
3911,0,0,0,0
3913,0,0,0,0
3915,0,0,0,0
3917,0,0,0,0
3919,0,0,0,0
3921,0,0,0,0
3923,0,0,0,0
3925,0,0,0,0
3927,0,1,0,1
3929,0,0,0,0
3931,0,0,0,0
3933,0,0,0,0
3935,0,0,0,0
3937,0,0,0,0
3939,0,0,0,0
3941,0,0,0,0
3943,0,0,0,0
3945,0,0,0,0
3947,0,0,0,0
3949,0,0,0,0
3951,0,0,0,0
3953,0,0,0,0
3955,0,0,0,0
3957,0,0,0,0
3959,0,0,1,1
3961,0,0,0,0
3963,0,0,0,0
3965,0,0,0,0
3967,0,0,0,0
3969,0,0,0,0
3971,0,0,0,0
3973,0,0,0,0
3975,0,0,0,0
3977,0,0,0,0
3979,0,0,0,0
3981,0,0,0,0
3983,0,0,0,0
3985,0,0,0,0
3987,0,0,0,0
3989,0,0,0,0
3991,0,0,0,0
3993,0,0,0,0
3995,0,0,0,0
3997,0,0,0,0
3999,0,0,0,0
4001,0,0,0,0
4003,0,0,0,0
4005,0,0,0,0
4007,0,0,0,0
4009,0,0,0,0
4011,0,0,0,0
4013,0,0,0,0
4015,0,0,0,0
4017,0,0,0,0
4019,0,0,0,0
4021,0,0,0,0
4023,0,0,0,0
4025,0,0,0,0
4027,0,0,0,0
4029,0,0,0,0
4031,0,0,0,0
4033,0,0,0,0
4035,0,0,0,0
4037,0,0,0,0
4039,0,0,0,0
4041,0,0,0,0
4043,0,0,0,0
4045,0,0,0,0
4047,0,0,0,0
4049,0,0,0,0
4051,0,0,0,0
4053,0,0,0,0
4055,0,0,0,0
4057,0,0,0,0
4059,0,0,0,0
4061,0,0,0,0
4063,0,0,0,0
4065,0,0,0,0
4067,0,0,0,0
4069,0,0,0,0
4071,0,0,0,0
4073,0,0,0,0
4075,0,0,0,0
4077,0,0,0,0
4079,0,0,0,0
4081,0,0,0,0
4083,0,0,0,0
4085,0,0,0,0
4087,0,0,0,0
4089,0,0,0,0
4091,0,0,0,0
4093,1,0,0,1
4095,1,0,0,1
4097,1,0,0,1
4099,1,0,0,1
4101,0,0,0,0
