2:
3: 2, 5, 7,
4: 2, 3, 7, 13, 23, 29, 53,
5: 2, 3, 7, 11, 13, 17, 19, 23, 1249, 2749, 3049, 3109, 3121,
6: 2, 3, 5, 11, 31, 71, 191, 211,
7: 2, 3, 5, 11, 13, 17, 19, 23, 29, 37, 41, 43, 47, 89, 97, 257, 281, 307, 337, 571, 1453, 1579, 1597, 1657, 1951, 1993, 1999,
8: 2, 3, 5, 7, 13, 29, 31, 41, 43, 47, 59, 61, 1759, 1787, 2011, 3803,
9: 2, 3, 5, 7, 11, 13, 17, 19, 23, 37, 43, 47, 67, 71, 73, 79, 101, 173, 181, 647, 719, 727, 3371, 4019, 4091, 4099, 5741, 5749, 5821, 6469,
10: 2, 3, 5, 7, 13, 17, 31, 37, 71, 73, 79, 97, 113, 131, 199, 311, 337, 373, 733, 919, 991,
11: 2, 3, 5, 7, 13, 17, 19, 23, 29, 31, 37, 43, 47, 53, 61, 67, 71, 73, 79, 83, 89, 97, 101, 103, 107, 113, 139, 163, 199, 223, 241, 383, 401, 421, 439, 463, 479, 641, 677, 701, 769, 787, 797, 839, 859, 967, 1031, 1061, 1103, 1123, 1231, 1249, 1279, 1297, 1321, 1327, 3593, 9643, 10193, 10243, 13309, 14519, 14629, 14639, 117127, 157057, 160687, 161017, 161047,
12: 2, 3, 5, 7, 11, 17, 61, 67, 71, 89, 137, 163, 167, 229, 277, 1021, 1597, 9431, 9497, 10289, 19793,
13: 2, 3, 5, 7, 11, 17, 19, 23, 29, 31, 41, 47, 53, 67, 71, 73, 79, 83, 89, 101, 103, 107, 109, 127, 131, 137, 139, 149, 163, 193, 211, 239, 313, 373, 397, 433, 457, 523, 547, 557, 619, 653, 709, 769, 863, 911, 1213, 1237, 1283, 1297, 1307, 1321, 1399, 1453, 1459, 1489, 1549, 1619, 1789, 1801, 1873, 1901, 9521, 9533, 9689, 11717, 14281, 14293, 14449, 16477,
14: 2, 3, 5, 7, 11, 13, 17, 19, 23, 43, 47, 53, 71, 73, 79, 127, 131, 137, 139, 157, 163, 167, 191, 193, 643, 773, 2593, 2963, 3067, 4523, 24907,
15: 2, 3, 5, 7, 11, 13, 17, 19, 29, 31, 37, 41, 43, 61, 67, 73, 107, 109, 113, 127, 131, 167, 173, 197, 199, 211, 433, 487, 557, 971, 1069, 1607, 1693, 1777, 2539, 2699, 2953, 3037, 3121, 3329, 3371, 4339, 13789, 14419, 14461, 379693, 379777, 381037, 399937, 683437,
16: 2, 3, 5, 7, 11, 13, 23, 31, 53, 59, 61, 83, 89, 113, 149, 179, 191, 211, 241, 251, 277, 283, 337, 433, 887, 1297, 1373, 1493, 1847, 1907, 1979, 2833, 2939, 2999, 3037, 3413, 3517, 3547,
17: 2, 3, 5, 7, 11, 13, 23, 31, 37, 47, 53, 59, 61, 73, 79, 89, 101, 103, 113, 131, 139, 149, 151, 163, 173, 179, 181, 191, 193, 197, 211, 223, 229, 239, 263, 277, 2203, 2311, 3019, 3067, 4759, 4903, 33469, 65837, 67741, 67853,
18: 2, 3, 5, 7, 11, 13, 17, 29, 97, 103, 107, 131, 139, 199, 239, 241, 311, 353, 359, 523, 571, 631, 1721, 1823, 2477, 2591, 3583, 3659, 3701, 3769, 3779, 3881, 4243, 4447, 5527, 5651, 5717, 5821, 68611, 79627, 80239, 80273,
19: 2, 3, 5, 7, 11, 13, 17, 29, 31, 41, 43, 47, 59, 61, 67, 71, 73, 79, 83, 89, 97, 103, 107, 109, 113, 137, 149, 151, 157, 167, 173, 181, 191, 193, 199, 223, 227, 229, 233, 251, 263, 269, 271, 277, 283, 293, 307, 311, 317, 337, 347, 349, 353, 383, 401, 419, 601, 661, 743, 761, 773, 907, 971, 997, 1103, 1223, 1283, 1531, 1657, 2591, 2663, 2677, 2857, 3301, 3517, 3677, 3803, 4051, 4271, 4363, 4561, 4733, 5101, 5227, 5449, 5639, 5701, 5711, 6277, 18671, 90149, 93911, 94109,
20: 2, 3, 5, 7, 11, 13, 17, 19, 23, 29, 61, 71, 73, 79, 151, 157, 181, 191, 193, 197, 199, 223, 227, 229, 233, 263, 269, 271, 277, 347, 349, 353, 359, 383, 389, 397, 1277, 1543, 2953, 3067, 5347, 6863, 8423, 8429, 8461, 8581, 9221, 11621, 24421, 72421,
21: 2, 3, 5, 7, 11, 13, 17, 19, 23, 31, 37, 41, 43, 47, 53, 59, 61, 89, 97, 107, 109, 113, 173, 179, 181, 211, 223, 227, 229, 233, 239, 251, 277, 281, 283, 293, 337, 353, 359, 367, 373, 401, 409, 419, 421, 431, 433, 439, 557, 617, 661, 677, 859, 881, 1063, 1163, 2237, 2437, 2447, 3557, 3583, 3697, 3803, 4441, 4621, 4877, 4957, 4967, 5087, 5783, 5903, 8419, 8779, 8861, 9241, 9739, 10039, 16339, 38903, 39043, 41983, 103723, 148639,
22: 2, 3, 5, 7, 11, 13, 17, 19, 31, 37, 41, 43, 71, 73, 113, 127, 131, 157, 167, 199, 293, 331, 347, 349, 379, 389, 419, 433, 463, 467, 599, 829, 1531, 1741, 2447, 2531, 2549, 2843, 3559, 3769, 4793, 6361, 6637, 7297, 7561, 7591, 7603, 7607, 7649, 8389, 8573, 9311, 9413, 9623, 33479, 33773, 40241, 182537,
23: 2, 3, 5, 7, 11, 13, 17, 19, 29, 43, 53, 61, 79, 89, 101, 103, 107, 113, 127, 131, 139, 157, 163, 173, 179, 181, 197, 199, 211, 233, 241, 257, 263, 269, 281, 283, 307, 337, 347, 349, 353, 359, 367, 373, 379, 389, 409, 421, 431, 443, 457, 461, 463, 467, 479, 487, 499, 521, 601, 673, 769, 1613, 1657, 1669, 1889, 2341, 2539, 3203, 3313, 3329, 3511, 3533, 3571, 4871, 5179, 5323, 5521, 6089, 6221, 6949, 7309, 7333, 7559, 7757, 8087, 8263, 9137, 9257, 9623, 9733, 9839, 9949, 10369, 10501, 29311, 110777, 114319, 114473, 140473, 143791, 152111, 152617, 152639, 225257, 228799, 228953,
24: 2, 3, 5, 7, 11, 13, 17, 19, 23, 37, 41, 43, 127, 131, 139, 173, 179, 269, 271, 281, 283, 313, 409, 419, 431, 457, 461, 467, 479, 569, 571, 701, 2909, 3001, 4217, 4447, 9967,
25: 2, 3, 5, 7, 11, 13, 17, 19, 23, 29, 31, 41, 59, 61, 73, 79, 89, 101, 103, 107, 109, 151, 157, 163, 167, 179, 181, 193, 197, 199, 211, 227, 229, 239, 241, 277, 283, 293, 313, 331, 337, 347, 349, 353, 359, 367, 401, 409, 419, 421, 431, 439, 443, 449, 457, 461, 467, 491, 499, 541, 547, 557, 563, 571, 577, 607, 613, 617, 619, 653, 673, 677, 701, 839, 859, 911, 983, 1201, 1223, 1277, 1301, 1321, 1459, 1483, 1549, 1669, 1741, 1777, 1861, 1901, 2239, 4561, 4657, 4999, 5039, 5059, 5227, 5351, 5659, 5683, 5827, 5851, 6067, 6911, 6949, 7057, 7151, 7477, 7817, 7937, 8783, 8839, 8951, 9103, 10069, 10477, 10867, 10937, 11059, 11719, 11743, 11941, 12277, 12343, 13177, 14323, 14347, 14401, 14423, 14947, 14951, 15061, 15199, 15277, 15607, 311197, 356197, 357997, 358069,
26: 2, 3, 5, 7, 11, 13, 17, 19, 23, 29, 31, 43, 47, 79, 101, 103, 131, 139, 149, 191, 193, 197, 199, 239, 241, 257, 293, 307, 311, 397, 409, 443, 449, 463, 499, 509, 547, 557, 563, 569, 601, 607, 619, 653, 661, 709, 727, 859, 1327, 2111, 2113, 2161, 2213, 3461, 3677, 3947, 4759, 4813, 4933, 5233, 7577, 7727, 13033, 14347, 14747, 14767, 14867, 16927, 17467,
27: 2, 3, 5, 7, 11, 13, 17, 19, 23, 31, 37, 41, 43, 47, 59, 61, 67, 71, 79, 109, 113, 137, 139, 149, 157, 191, 197, 199, 211, 223, 229, 233, 241, 271, 277, 281, 293, 307, 311, 313, 353, 359, 373, 379, 383, 389, 433, 443, 457, 461, 467, 479, 541, 557, 563, 599, 601, 607, 617, 631, 641, 643, 677, 683, 691, 701, 727, 1013, 1117, 1289, 1531, 1973, 5309, 5569, 7331, 7669, 10243, 10477, 12589, 13009, 13907, 14627, 15121, 16519, 16649, 40883, 40961, 43067, 99929,
28: 2, 3, 5, 7, 11, 13, 17, 19, 23, 43, 53, 97, 101, 107, 149, 151, 167, 257, 263, 271, 277, 313, 317, 367, 379, 421, 433, 439, 443, 479, 499, 503, 541, 547, 557, 647, 659, 661, 701, 709, 719, 761, 773, 1103, 2459, 2729, 2999, 4073, 4289, 8663, 8933, 9001, 10289, 10337, 10513, 10559, 10567, 12197, 12251, 13763, 15451, 15559, 15679, 18119, 18583, 18757, 20269, 20323, 21727, 21943,
29: 2, 3, 5, 7, 11, 13, 17, 19, 23, 31, 37, 41, 47, 59, 61, 67, 71, 83, 89, 97, 101, 103, 109, 113, 131, 137, 151, 157, 167, 179, 191, 193, 197, 211, 223, 229, 233, 239, 241, 257, 263, 269, 283, 293, 307, 311, 313, 331, 347, 349, 353, 359, 367, 379, 397, 401, 409, 421, 431, 433, 439, 449, 457, 461, 463, 467, 487, 499, 503, 521, 523, 541, 547, 557, 563, 569, 571, 577, 587, 593, 599, 613, 619, 631, 641, 643, 647, 653, 659, 673, 677, 683, 691, 709, 719, 727, 733, 739, 743, 757, 761, 769, 773, 797, 811, 823, 827, 829, 839, 1039, 1051, 1153, 1489, 1543, 2927, 3319, 3847, 3931, 5099, 5653, 5743, 5849, 5923, 6091, 6277, 6427, 6607, 6977, 7229, 8461, 9049, 10457, 10597, 11047, 11149, 11317, 11329, 11383, 11497, 11719, 12197, 12281, 13007, 13063, 13591, 14011, 14537, 14657, 14717, 14897, 15359, 15667, 16111, 16369, 16447, 16699, 17021, 17333, 17417, 17609, 18541, 18793, 20219, 20359, 20411, 20759, 20887, 20899, 22807, 22901, 23087, 23293, 101051, 101359, 110291, 369319,
30: 2, 3, 5, 7, 11, 13, 17, 19, 23, 29, 37, 41, 53, 211, 223, 229, 239, 331, 347, 353, 359, 397, 419, 521, 577, 593, 691, 701, 709, 877, 881, 883, 941, 1231, 1613, 6703, 6827, 9931, 10243, 10301, 10303, 10799, 11923, 12041, 12043, 12097, 12101, 12289, 15527, 15817, 17509, 17683, 20753, 21391, 26459, 26981,
31: 2, 3, 5, 7, 11, 13, 17, 19, 23, 29, 41, 43, 53, 67, 71, 83, 89, 97, 101, 103, 109, 127, 157, 173, 181, 193, 197, 199, 223, 227, 229, 233, 241, 251, 269, 277, 281, 293, 307, 311, 313, 317, 331, 347, 353, 359, 373, 379, 383, 397, 401, 409, 419, 421, 431, 443, 449, 457, 479, 491, 499, 503, 509, 523, 557, 563, 569, 571, 577, 607, 617, 643, 647, 653, 659, 661, 677, 683, 709, 727, 733, 739, 743, 751, 787, 811, 821, 827, 829, 839, 853, 857, 859, 877, 881, 887, 907, 911, 947, 953, 1009, 1021, 1217, 1249, 1489, 1697, 1861, 1993, 1999, 2203, 2389, 4987, 5189, 5647, 7159, 7559, 7639, 7727, 7937, 8689, 8713, 8929, 8951, 9161, 9371, 11213, 11273, 11699, 11909, 12739, 13399, 13913, 14243, 14479, 15217, 15277, 15671, 15881, 16369, 16883, 16943, 18803, 19583, 19913, 21503, 21773, 22157, 22391, 22817, 22871, 23801, 23831, 23869, 24019, 24473, 24517, 24799, 24877, 24979, 25229, 25799, 26107, 26437, 26737, 27901, 28099, 28279, 29599, 29629, 153941, 154571, 174101, 215503, 215953, 229903, 662353, 779531, 1046657, 3727847, 3814337, 3817127, 3817217, 15268889, 15269159, 15277529, 15536999,
32: 2, 3, 5, 7, 11, 13, 17, 19, 23, 29, 31, 43, 53, 61, 101, 103, 109, 113, 163, 167, 173, 179, 181, 191, 227, 229, 239, 307, 313, 317, 353, 367, 373, 419, 421, 433, 443, 487, 491, 503, 547, 557, 571, 613, 617, 673, 677, 683, 751, 761, 809, 823, 829, 877, 881, 929, 937, 953, 997, 3181, 3491, 5297, 5669, 7993, 13411, 17573, 25849, 26407, 374189, 437677, 439661, 439723, 524287, 917503, 1032191, 1044479, 1048063, 1048447, 1048559, 1048571,
33: 2, 3, 5, 7, 11, 13, 17, 19, 23, 29, 31, 43, 47, 53, 59, 71, 73, 79, 83, 89, 151, 157, 167, 173, 179, 191, 193, 197, 233, 239, 241, 263, 269, 271, 281, 331, 337, 347, 353, 359, 431, 449, 457, 461, 463, 467, 487, 491, 547, 563, 569, 571, 631, 643, 653, 661, 673, 761, 769, 787, 829, 839, 859, 863, 877, 887, 929, 937, 947, 967, 971, 983, 1061, 1063, 1069, 2251, 2273, 2411, 3137, 5623, 5879, 7691, 9007, 9743, 11239, 11527, 11681, 11969, 14327, 15737, 16217, 21031, 25409, 26113, 31649, 32057, 34031, 35201, 35617, 37087, 37951, 66463, 211129, 259429, 259717, 269221, 582853, 1007359, 1012633, 1036921, 1037657,
34: 2, 3, 5, 7, 11, 13, 17, 19, 23, 29, 31, 37, 41, 43, 47, 53, 61, 67, 103, 107, 109, 127, 173, 179, 181, 191, 193, 199, 239, 241, 251, 257, 263, 269, 271, 307, 311, 317, 331, 337, 379, 383, 389, 401, 443, 449, 457, 461, 463, 467, 521, 523, 541, 647, 653, 659, 673, 719, 727, 787, 809, 811, 853, 857, 859, 863, 919, 929, 937, 941, 947, 991, 1009, 1013, 1019, 1061, 1063, 1069, 1087, 1123, 1129, 1151, 1153, 3593, 3853, 4253, 6449, 6581, 8363, 9221, 10729, 10789, 11059, 11279, 12829, 13033, 13093, 13099, 13463, 13859, 15493, 15497, 15773, 15823, 15959, 16103, 18287, 18353, 22157, 22279, 22751, 24683, 24749, 25343, 25409, 26693, 26777, 27043, 27239, 29231, 29759, 31667, 31751, 32213, 34061, 34457, 36299, 36563, 38393, 38543, 38873, 61933, 204857, 281153, 283397, 283463, 290611, 519499, 526231, 526429, 748597, 768793, 769387, 776551, 1005439, 1012171, 1012369,
35: 2, 3, 5, 7, 11, 13, 17, 19, 23, 29, 31, 37, 41, 43, 47, 53, 61, 71, 73, 79, 83, 97, 101, 107, 113, 127, 137, 139, 151, 157, 163, 211, 223, 227, 233, 239, 241, 281, 283, 293, 307, 311, 313, 317, 331, 347, 389, 397, 401, 419, 421, 431, 433, 439, 457, 461, 463, 467, 479, 569, 571, 593, 599, 601, 613, 617, 619, 631, 647, 653, 659, 661, 677, 691, 773, 787, 797, 809, 811, 823, 829, 839, 853, 857, 863, 911, 929, 937, 947, 953, 967, 971, 1021, 1033, 1087, 1091, 1093, 1103, 1117, 1123, 1129, 1151, 1153, 1163, 1171, 1187, 1193, 1201, 1213, 1291, 1567, 1657, 1693, 2179, 2311, 2549, 3467, 3793, 3803, 3919, 4133, 4483, 4871, 7489, 8039, 8209, 8543, 10091, 10103, 10193, 10613, 11087, 11353, 11489, 11971, 13763, 13877, 14081, 14411, 14447, 14747, 15121, 15973, 16033, 16249, 16381, 20287, 20389, 21221, 23509, 23857, 24061, 24121, 24247, 24391, 24499, 27529, 27631, 27751, 28057, 28283, 28463, 29327, 29363, 29629, 30071, 30271, 30509, 32261, 32771, 33119, 33391, 33487, 33767, 34031, 34039, 35597, 38011, 38671, 38767, 38839, 39079, 39163, 40037, 40343, 41263, 41543, 41603, 41611, 41761, 41863, 42349, 42859, 88289, 88867, 109097, 817147, 970999, 971237, 979567, 1271117,
36: 2, 3, 5, 7, 11, 13, 17, 19, 23, 29, 31, 41, 47, 53, 59, 67, 181, 191, 197, 269, 271, 277, 281, 283, 397, 401, 409, 419, 421, 479, 499, 613, 617, 619, 631, 641, 647, 691, 701, 709, 719, 829, 839, 863, 907, 911, 919, 929, 1051, 1061, 1069, 1117, 1123, 1129, 1151, 1277, 1279, 1283, 1291, 1481, 2003, 2143, 6521, 6661, 6961, 9337, 9547, 14683, 14737, 14887, 14957, 15383, 17041, 17107, 17257, 17321, 17327, 17351, 17551, 18121, 18143, 22447, 22727, 24683, 25037, 25111, 25247, 25321, 25339, 25453, 25759, 29863, 30493, 40583, 40879, 45841, 45863, 46633, 527897, 528527, 551207, 1367687,
37: 2, 3, 5, 7, 11, 13, 17, 19, 23, 29, 31, 41, 43, 53, 71, 89, 97, 107, 109, 131, 139, 149, 157, 173, 179, 191, 197, 199, 211, 223, 227, 241, 257, 277, 281, 311, 331, 337, 349, 359, 383, 397, 449, 461, 467, 479, 491, 503, 509, 523, 547, 557, 563, 571, 577, 593, 601, 607, 617, 641, 647, 661, 673, 683, 709, 727, 733, 743, 761, 769, 797, 811, 821, 827, 829, 839, 853, 863, 907, 919, 929, 941, 947, 953, 967, 971, 997, 1009, 1039, 1049, 1061, 1069, 1087, 1093, 1109, 1129, 1151, 1171, 1181, 1201, 1223, 1249, 1259, 1279, 1289, 1297, 1301, 1303, 1307, 1321, 1361, 1423, 1787, 1999, 2053, 4229, 4231, 4517, 4591, 5399, 5657, 6701, 7043, 7331, 7877, 8093, 8447, 8627, 8747, 8783, 8837, 9377, 10039, 11279, 12107, 12967, 14071, 14107, 15107, 15173, 15287, 15439, 15467, 16427, 16699, 16879, 17911, 17987, 18301, 18329, 18661, 19051, 19403, 19661, 19697, 19727, 20771, 21059, 22157, 23057, 23311, 23623, 23911, 24413, 24697, 25309, 31981, 36587, 36767, 37181, 38189, 41729, 42197, 42677, 42743, 43037, 43427, 45329, 45389, 45691, 46181, 46411, 46691, 47807, 49727, 50627, 52081, 52837, 80809, 576881, 724733, 728729, 728837, 1115773,
38: 2, 3, 5, 7, 11, 13, 17, 19, 23, 29, 31, 37, 43, 53, 67, 137, 139, 151, 191, 197, 199, 223, 271, 281, 283, 293, 347, 373, 439, 521, 571, 577, 587, 599, 601, 653, 661, 683, 809, 823, 827, 877, 907, 911, 953, 971, 977, 983, 1033, 1039, 1051, 1063, 1103, 1117, 1123, 1187, 1193, 1213, 1259, 1277, 1279, 1291, 1361, 1409, 1423, 1429, 1433, 1439, 11317, 13367, 14107, 22259, 22777, 42227, 42461, 45061, 45949,
39: 2, 3, 5, 7, 11, 13, 17, 19, 23, 29, 31, 37, 41, 43, 47, 53, 61, 67, 71, 73, 79, 83, 89, 97, 103, 113, 157, 163, 167, 193, 197, 223, 233, 277, 283, 293, 311, 313, 337, 347, 349, 397, 401, 409, 431, 433, 439, 443, 457, 461, 467, 547, 557, 563, 569, 577, 643, 659, 661, 677, 683, 691, 701, 743, 751, 757, 787, 797, 809, 811, 859, 881, 883, 887, 911, 919, 977, 983, 997, 1093, 1097, 1103, 1109, 1123, 1129, 1151, 1153, 1163, 1223, 1229, 1237, 1249, 1259, 1277, 1327, 1361, 1367, 1373, 1381, 1399, 1447, 1451, 1459, 1471, 1487, 1489, 1493, 1499, 1601, 2081, 3083, 3121, 3253, 3671, 6269, 7219, 7699, 8231, 11047, 11093, 11321, 11527, 12007, 12517, 12577, 12919, 13063, 13619, 13633, 15493, 15541, 15607, 15959, 17021, 17291, 17401, 21347, 21737, 21841, 21851, 24419, 24533, 25339, 25453, 26141, 26293, 26737, 29221, 29297, 29819, 30059, 31231, 31237, 31649, 31883, 33757, 33811, 34147, 34327, 34337, 34913, 35747, 35899, 36383, 38677, 39133, 43237, 43579, 43717, 44059, 44269, 44879, 45259, 47951, 49957, 50147, 52021, 53047, 54167, 54623, 56597, 56611, 57077, 57143, 57397, 57557, 487051, 487469, 503771, 1139549,
40: 2, 3, 5, 7, 11, 13, 17, 19, 23, 29, 31, 37, 47, 53, 59, 73, 127, 131, 137, 149, 157, 281, 283, 307, 313, 317, 379, 383, 397, 443, 457, 467, 479, 521, 541, 547, 557, 683, 691, 701, 761, 769, 797, 853, 857, 863, 929, 941, 947, 1087, 1091, 1093, 1103, 1109, 1163, 1187, 1277, 1321, 1327, 1483, 1487, 1489, 1493, 1499, 1511, 1571, 1657, 2281, 11497, 11887, 14851, 15671, 15679, 15991, 17971, 18049, 18059, 18371, 22153, 27241, 27487, 27901, 28057, 30851, 34297, 49991, 49999, 50849, 51169, 53353, 54133, 62791, 63649, 196927, 197083, 203323, 452923,
41: 2, 3, 5, 7, 11, 13, 17, 19, 23, 29, 31, 37, 43, 59, 61, 71, 79, 83, 97, 103, 109, 127, 131, 137, 139, 149, 151, 167, 173, 179, 181, 193, 199, 211, 223, 227, 233, 239, 241, 251, 257, 271, 277, 283, 307, 311, 317, 331, 347, 353, 359, 367, 373, 379, 389, 401, 419, 421, 433, 449, 457, 461, 463, 487, 503, 509, 521, 523, 547, 557, 569, 571, 577, 587, 599, 607, 613, 617, 619, 643, 647, 659, 677, 683, 691, 701, 709, 719, 733, 739, 743, 757, 769, 773, 787, 797, 809, 821, 827, 829, 853, 859, 863, 877, 887, 907, 919, 929, 941, 953, 971, 983, 991, 997, 1009, 1013, 1019, 1031, 1033, 1039, 1049, 1051, 1063, 1069, 1087, 1091, 1097, 1103, 1109, 1123, 1129, 1151, 1153, 1163, 1171, 1181, 1187, 1193, 1201, 1213, 1223, 1229, 1231, 1237, 1249, 1277, 1279, 1283, 1289, 1297, 1321, 1327, 1367, 1373, 1381, 1399, 1423, 1439, 1451, 1453, 1459, 1471, 1481, 1487, 1489, 1493, 1511, 1523, 1543, 1559, 1571, 1583, 1597, 1607, 1609, 1613, 1619, 1621, 1627, 1637, 1663, 1669, 1753, 1933, 2953, 3067, 5197, 6317, 10133, 10333, 12073, 12553, 16603, 16763, 17239, 17599, 22777, 27583, 28183, 31019, 31219, 32233, 32359, 33199, 33619, 37537, 37897, 39419, 40013, 40253, 51239, 51679, 52153, 52237, 52783, 54773, 55373, 55547, 56827, 59243, 60443, 64853, 65213, 65963, 67003, 68059, 68899, 110273, 141311, 142231, 179951, 494519, 494959, 512999, 706463, 707383, 745103, 809821, 870127, 1099289, 1200949, 1200989, 1202629, 1252639, 1269869, 1271603, 1272043, 1290083, 1656793, 1694513, 1695433, 1726471, 1744247, 1765567, 1766087, 2029723, 2087381, 2118541, 2119301, 2291623, 2645809, 2683529, 2684449,
42: 2, 3, 5, 7, 11, 13, 17, 19, 23, 29, 31, 37, 41, 47, 53, 67, 73, 83, 211, 227, 233, 239, 241, 463, 487, 491, 503, 563, 571, 719, 727, 751, 823, 827, 829, 839, 971, 1051, 1061, 1063, 1069, 1087, 1091, 1223, 1229, 1237, 1303, 1307, 1321, 1571, 1579, 1723, 1733, 1741, 1747, 2237, 2753, 19457, 19867, 20393, 20479, 23509, 24247, 34337, 34501, 35107, 40637, 41057, 41389, 41539, 41549, 44587, 45161, 52747, 55243, 66103, 66523, 66841, 66851, 1442009, 1442173, 1449061, 1738357, 1770883, 2783419, 2807527, 2808101,
43: 2, 3, 5, 7, 11, 13, 17, 19, 23, 29, 31, 37, 41, 47, 53, 67, 73, 79, 83, 89, 101, 103, 109, 113, 131, 137, 139, 149, 167, 173, 191, 193, 223, 227, 229, 241, 251, 257, 269, 277, 293, 313, 331, 347, 349, 359, 367, 397, 421, 431, 433, 439, 443, 449, 457, 463, 467, 479, 487, 499, 503, 509, 521, 523, 541, 569, 577, 587, 599, 607, 613, 617, 643, 647, 653, 659, 709, 727, 733, 751, 761, 773, 787, 809, 811, 821, 823, 827, 853, 863, 877, 883, 887, 907, 919, 937, 971, 983, 991, 997, 1009, 1021, 1033, 1087, 1097, 1103, 1109, 1117, 1123, 1129, 1153, 1163, 1171, 1181, 1201, 1217, 1229, 1237, 1277, 1291, 1297, 1301, 1307, 1319, 1327, 1367, 1399, 1409, 1429, 1447, 1451, 1459, 1471, 1483, 1487, 1493, 1511, 1523, 1531, 1543, 1549, 1553, 1559, 1567, 1601, 1609, 1613, 1621, 1637, 1669, 1693, 1721, 1733, 1747, 1753, 1777, 1811, 1823, 1831, 1913, 1933, 2069, 2753, 3389, 3433, 3613, 4813, 5443, 7219, 7591, 8389, 9293, 9461, 9467, 9551, 9887, 9967, 10723, 10979, 12511, 12889, 13163, 15467, 16097, 17047, 17467, 18947, 18959, 19661, 20177, 21499, 22171, 23291, 23417, 24697, 26141, 27611, 28109, 28309, 28393, 29033, 29833, 31051, 32191, 32611, 35527, 37871, 38333, 38873, 42703, 46351, 46769, 47441, 47947, 48589, 49891, 50363, 50671, 51157, 51241, 51287, 51683, 52313, 52859, 52963, 53089, 55829, 56123, 56659, 56701, 58199, 58511, 58679, 58771, 59467, 60937, 62383, 62467, 63097, 63559, 64793, 66221, 66643, 68113, 70429, 71899, 72551, 74071, 74189, 74567, 75037, 75161, 75707, 75853, 76099, 77191, 78157, 78787, 162823, 163789, 205327, 814013, 814559, 838037, 946511, 1058203, 1058221, 1058329, 1059103, 1063747, 1097029, 1296721, 1847591, 1991461, 2360609, 2360987, 2377241, 2727847, 3043277, 3076163, 3092039, 3093173,
44: 2, 3, 5, 7, 11, 13, 17, 19, 23, 29, 31, 37, 41, 43, 53, 59, 67, 73, 137, 139, 149, 151, 157, 163, 167, 223, 227, 229, 233, 241, 311, 313, 331, 337, 347, 349, 397, 401, 419, 421, 431, 433, 439, 577, 587, 593, 599, 601, 607, 661, 673, 751, 769, 773, 787, 839, 859, 877, 929, 937, 941, 947, 953, 967, 1013, 1019, 1021, 1031, 1033, 1103, 1109, 1117, 1129, 1201, 1217, 1223, 1229, 1277, 1283, 1289, 1297, 1301, 1303, 1367, 1399, 1543, 1549, 1553, 1567, 1571, 1637, 1667, 1723, 1733, 1753, 1759, 1811, 1823, 1831, 1847, 1901, 1913, 1931, 1933, 3331, 6763, 7193, 9941, 11489, 13903, 15451, 17837, 17839, 18181, 18269, 19181, 19267, 25759, 26017, 29717, 29741, 29803, 29989, 30161, 30859, 33317, 33587, 34487, 37189, 37369, 40819, 41341, 41609, 41771, 41953, 42023, 45569, 45827, 49081, 49339, 49531, 49789, 57089, 57179, 57899, 60091, 60169, 60943, 61141, 61381, 68543, 69317, 73303, 73561, 75941, 76819, 77249, 77261, 77317, 77347, 79601, 79811, 80051, 81101, 81131, 83563, 84913, 784489, 784661, 792229, 1125221, 1315399, 1481819, 1482421, 1508909, 1648391, 1655959, 1656131, 2381189, 2674381, 3546661, 3573149, 3573751,
45: 2, 3, 5, 7, 11, 13, 17, 19, 23, 29, 31, 37, 41, 43, 59, 67, 71, 79, 97, 103, 109, 127, 131, 191, 197, 199, 211, 317, 331, 337, 347, 359, 373, 379, 499, 509, 521, 587, 593, 599, 601, 617, 619, 631, 641, 643, 653, 659, 661, 673, 727, 733, 743, 761, 769, 809, 857, 859, 863, 877, 883, 887, 991, 997, 1009, 1019, 1031, 1049, 1051, 1061, 1063, 1069, 1171, 1181, 1193, 1279, 1283, 1291, 1297, 1301, 1319, 1327, 1399, 1409, 1423, 1427, 1433, 1439, 1447, 1453, 1459, 1471, 1481, 1531, 1543, 1553, 1567, 1571, 1667, 1693, 1699, 1709, 1741, 1753, 1847, 1861, 1867, 1873, 1877, 1879, 1949, 1973, 1987, 1997, 2011, 2017, 2087, 2099, 2239, 2393, 2791, 2903, 3037, 3079, 3331, 3559, 4049, 4153, 4177, 4637, 4703, 5099, 5717, 8179, 8317, 9631, 9769, 14503, 14767, 15877, 16253, 16561, 16603, 16871, 18059, 18143, 26417, 26647, 26927, 27103, 28463, 28751, 29009, 29387, 29669, 30203, 33161, 34261, 34471, 35023, 35227, 35437, 36107, 38543, 39511, 44617, 45337, 45541, 45557, 46639, 46679, 47207, 47431, 53861, 54521, 58771, 59369, 68899, 69031, 75017, 75109, 75277, 75707, 76597, 76673, 78653, 78697, 83399, 83663, 83761, 84221, 85049, 87443, 89189, 90989, 91081, 91121, 1211549, 1211593, 1213573, 1302673, 2609489, 2609533, 2611513, 2700613,
46: 2, 3, 5, 7, 11, 13, 17, 19, 23, 29, 31, 37, 41, 43, 59, 61, 67, 71, 89, 149, 151, 157, 163, 173, 179, 239, 251, 263, 331, 349, 353, 359, 419, 421, 433, 449, 457, 509, 521, 541, 599, 601, 617, 631, 643, 691, 701, 733, 809, 821, 827, 877, 883, 887, 911, 919, 967, 971, 991, 997, 1009, 1151, 1153, 1171, 1181, 1193, 1249, 1259, 1277, 1283, 1373, 1433, 1447, 1451, 1459, 1523, 1531, 1549, 1613, 1619, 1621, 1637, 1709, 1721, 1741, 1811, 1823, 1831, 1889, 1913, 1931, 1979, 1987, 1993, 1999, 2003, 2083, 2087, 2089, 2111, 2377, 2741, 3371, 3547, 6529, 8087, 8329, 10657, 10837, 11827, 12007, 15329, 15349, 16249, 16363, 19477, 19501, 19927, 21031, 23609, 23629, 23789, 23819, 23827, 23981, 24709, 24989, 25357, 27581, 28307, 28751, 29059, 32261, 32441, 36587, 36767, 36779, 36787, 37139, 37507, 40627, 41117, 42017, 42131, 45893, 46457, 53699, 57191, 57367, 57731, 65647, 65827, 65929, 66109, 66593, 67043, 70183, 70459, 70627, 71353, 71359, 76081, 78467, 78809, 79997, 83417, 87671, 88661, 91129, 91411, 91997, 92641, 92987, 93001, 95737, 1293499, 1294039, 1318879, 2461519, 2889797, 2894123, 3080237, 3084377, 3084467, 3275003, 3283283, 3283463, 4576993, 4578703, 4657363, 8275723,
47: 2, 3, 5, 7, 11, 13, 17, 19, 23, 29, 31, 37, 41, 43, 53, 61, 67, 71, 73, 83, 101, 107, 127, 131, 149, 179, 193, 199, 229, 239, 251, 257, 263, 271, 277, 283, 293, 307, 331, 337, 347, 349, 379, 383, 389, 409, 419, 433, 439, 449, 457, 463, 479, 487, 491, 499, 521, 523, 587, 599, 613, 619, 631, 641, 653, 659, 673, 677, 719, 727, 739, 743, 757, 761, 797, 809, 821, 829, 853, 881, 907, 937, 941, 947, 953, 967, 977, 997, 1021, 1031, 1039, 1049, 1051, 1061, 1069, 1093, 1123, 1129, 1163, 1181, 1213, 1217, 1223, 1231, 1289, 1291, 1301, 1321, 1361, 1373, 1399, 1423, 1427, 1493, 1531, 1553, 1559, 1607, 1613, 1619, 1637, 1657, 1663, 1667, 1669, 1693, 1697, 1721, 1723, 1741, 1759, 1777, 1789, 1801, 1811, 1823, 1831, 1867, 1889, 1931, 1973, 1979, 1987, 1997, 1999, 2017, 2029, 2063, 2087, 2089, 2131, 2143, 2153, 2161, 2203, 2207, 3793, 13567, 14717, 16759, 17191, 17383, 20347, 21911, 26267, 47417, 48337, 51929, 52631, 52757, 59999, 60919, 63211, 63901, 68767, 72977, 74449, 74489, 74857, 79889, 81223, 85061, 85751, 88729, 90247, 91127, 91577, 91673, 92153, 92507, 95419, 96331, 255043, 494287, 1509947, 2185709, 2226787, 2227661, 2627701, 2651483, 2651989, 3644321, 3711343, 3712769,
48: 2, 3, 5, 7, 11, 13, 17, 19, 23, 29, 31, 37, 41, 43, 47, 53, 73, 79, 241, 257, 263, 271, 281, 283, 349, 353, 373, 569, 631, 641, 647, 659, 661, 821, 823, 829, 859, 863, 947, 953, 1109, 1117, 1129, 1201, 1223, 1237, 1427, 1433, 1489, 1493, 1693, 1699, 1709, 1721, 1723, 1783, 1789, 1801, 1823, 1973, 1979, 1987, 1997, 2003, 2069, 2081, 2099, 2273, 2293, 2383, 2393, 3793, 4273, 11779, 11789, 11807, 12437, 12917, 13781, 25919, 26863, 27611, 44021, 45197, 58831, 59113, 67061, 67757, 68227, 68531, 71473, 71983, 72649, 72923, 82067, 82349, 87257, 94513, 96281, 96469, 108533, 108827, 1317691, 4782907, 4855099, 4856603,
49: 2, 3, 5, 7, 11, 13, 17, 19, 23, 29, 31, 37, 41, 43, 47, 53, 59, 67, 79, 83, 101, 107, 109, 127, 131, 137, 139, 149, 151, 163, 167, 173, 179, 181, 197, 199, 211, 223, 227, 229, 239, 257, 263, 269, 271, 283, 293, 307, 311, 313, 337, 401, 421, 433, 439, 443, 449, 463, 467, 479, 491, 503, 509, 523, 541, 563, 569, 571, 577, 593, 613, 617, 619, 643, 647, 653, 659, 673, 677, 683, 739, 757, 761, 773, 787, 797, 829, 839, 853, 857, 859, 863, 883, 887, 911, 919, 937, 941, 953, 967, 971, 977, 983, 997, 1013, 1019, 1021, 1087, 1091, 1093, 1097, 1117, 1153, 1163, 1171, 1181, 1187, 1193, 1201, 1237, 1249, 1277, 1279, 1283, 1289, 1291, 1297, 1303, 1327, 1361, 1423, 1429, 1433, 1439, 1447, 1451, 1453, 1471, 1481, 1487, 1499, 1511, 1523, 1531, 1553, 1567, 1571, 1579, 1597, 1613, 1619, 1621, 1627, 1637, 1657, 1663, 1667, 1669, 1697, 1709, 1777, 1783, 1787, 1811, 1831, 1861, 1867, 1871, 1873, 1877, 1889, 1901, 1907, 1913, 1931, 1933, 1949, 1951, 1973, 1979, 1993, 1999, 2011, 2017, 2029, 2039, 2111, 2113, 2141, 2153, 2179, 2203, 2221, 2237, 2243, 2267, 2273, 2287, 2297, 2311, 2339, 2347, 2351, 2357, 2383, 2389, 2399, 2729, 3251, 4001, 4073, 4651, 4703, 4799, 4931, 4933, 6323, 6421, 7687, 7877, 9029, 9103, 9319, 10169, 10889, 10909, 11149, 12269, 12289, 12941, 13921, 14489, 16073, 20089, 21577, 21799, 22079, 22159, 22259, 22409, 23039, 23059, 23719, 24527, 24623, 25247, 25343, 25373, 25997, 26633, 26863, 26959, 27011, 27689, 28111, 28211, 29327, 29363, 29411, 29443, 30047, 30517, 30757, 30931, 31397, 31667, 31859, 32479, 32717, 32909, 33029, 33247, 36781, 36791, 37549, 38039, 38873, 39209, 39239, 40343, 40883, 41257, 41651, 42433, 42967, 43177, 43201, 44129, 44657, 44819, 44867, 45869, 49031, 49043, 49559, 50147, 53927, 54167, 60527, 60623, 60703, 62047, 62633, 62653, 62969, 63949, 65327, 65357, 65927, 66797, 70079, 70099, 70529, 71059, 71089, 71569, 72701, 73709, 74531, 74653, 75181, 75431, 75709, 75983, 75991, 76079, 76243, 76471, 76819, 76913, 77713, 77747, 78401, 78467, 78737, 78977, 79201, 79333, 80147, 80783, 80819, 81689, 81929, 82207, 82261, 82301, 83117, 83311, 83339, 83557, 83579, 87011, 88003, 88211, 88819, 88997, 89477, 91423, 92849, 93103, 93139, 93187, 93377, 93889, 94261, 94439, 95089, 95317, 95339, 95539, 96557, 97373, 99103, 99191, 99679, 99991, 100741, 103399, 103687, 103843, 104119, 104243, 104849, 105137, 105367, 108139, 110251, 110543, 112501, 112741, 112799, 115343, 115657, 116089, 116113, 116803, 116833, 117043, 117503, 1272079, 2161829, 2163221, 2231429, 4614271, 4682479, 4683871, 5573621,
50: 2, 3, 5, 7, 11, 13, 17, 19, 23, 29, 31, 37, 41, 43, 47, 53, 71, 73, 79, 89, 97, 151, 157, 163, 167, 173, 179, 181, 191, 193, 353, 359, 367, 383, 397, 457, 463, 467, 479, 499, 563, 571, 577, 587, 593, 653, 659, 661, 673, 683, 691, 853, 857, 859, 877, 881, 883, 887, 971, 983, 991, 1051, 1061, 1069, 1087, 1097, 1151, 1153, 1163, 1187, 1361, 1367, 1399, 1451, 1453, 1459, 1481, 1487, 1489, 1493, 1553, 1567, 1579, 1597, 1657, 1663, 1667, 1669, 1697, 1861, 1867, 1871, 1873, 1879, 1889, 1951, 1979, 1987, 1997, 2053, 2063, 2069, 2153, 2161, 2179, 2351, 2357, 2371, 2381, 2383, 2389, 2459, 2477, 2557, 2851, 3163, 3571, 4999, 17551, 24083, 24181, 28979, 32563, 33151, 33487, 34369, 34693, 48187, 49363, 52571, 53551, 58979, 73079, 73679, 73961, 73973, 77983, 79159, 82981, 84059, 93169, 93463, 104597, 104891, 108193, 109663, 119591, 122599, 124951, 3724489, 4209187, 4209383, 4219183, 4709183, 4949489, 4973989, 4974479, 4979591, 5224591, 5229491, 5229589,
51: 2, 3, 5, 7, 11, 13, 17, 19, 23, 29, 31, 37, 41, 43, 47, 53, 59, 71, 73, 79, 97, 101, 103, 107, 109, 113, 127, 131, 137, 139, 149, 229, 233, 239, 257, 269, 271, 283, 359, 373, 379, 401, 409, 419, 431, 433, 449, 521, 523, 563, 569, 571, 577, 599, 607, 673, 677, 683, 701, 719, 727, 733, 739, 743, 751, 757, 761, 821, 823, 827, 983, 997, 1021, 1033, 1049, 1051, 1061, 1063, 1123, 1129, 1163, 1171, 1181, 1201, 1213, 1217, 1277, 1279, 1283, 1289, 1303, 1307, 1319, 1321, 1361, 1373, 1429, 1433, 1447, 1451, 1453, 1459, 1471, 1481, 1483, 1493, 1499, 1523, 1601, 1609, 1613, 1627, 1657, 1663, 1787, 1789, 1811, 1823, 1831, 1889, 1901, 1931, 1933, 1949, 1951, 1973, 1979, 2063, 2081, 2087, 2089, 2099, 2111, 2113, 2129, 2131, 2141, 2207, 2213, 2221, 2237, 2239, 2243, 2251, 2267, 2269, 2273, 2281, 2287, 2293, 2347, 2357, 2371, 2377, 2381, 2383, 2389, 2399, 2411, 2423, 2437, 2521, 2539, 2543, 2551, 2591, 2593, 2663, 2699, 3163, 4057, 4421, 4999, 5323, 5591, 5779, 6029, 6173, 6841, 10657, 12907, 13297, 14327, 14897, 15427, 18341, 18583, 19183, 19819, 19841, 20807, 21227, 21247, 21377, 22397, 28663, 28729, 29027, 29221, 29429, 29443, 30223, 30431, 31121, 38501, 38851, 41729, 42179, 42193, 42443, 49523, 49783, 51241, 51341, 51659, 51859, 53089, 54539, 58379, 59029, 65327, 66347, 67427, 67447, 69151, 70001, 72907, 74257, 76801, 77041, 77801, 81019, 81047, 81223, 82141, 82219, 82223, 82241, 83341, 83591, 91121, 91631, 92041, 92179, 92821, 92831, 92857, 92941, 92957, 96497, 97241, 98041, 98057, 104801, 106451, 112859, 114259, 121001, 121151, 122299, 122527, 123001, 123259, 123527, 123547, 124301, 124459, 124693, 124793, 127657, 128021, 128489, 129893, 130457, 132607, 342239, 1082443, 1082993, 1111043, 1825277, 2541593, 3112007, 3112757, 3151007, 3853589, 3922439, 3923789, 5076527, 5101757, 5140277, 5141527,
52: 2, 3, 5, 7, 11, 13, 17, 19, 23, 29, 31, 37, 41, 43, 47, 73, 83, 97, 101, 163, 173, 181, 191, 199, 271, 281, 283, 293, 311, 367, 379, 389, 397, 401, 409, 487, 499, 509, 577, 593, 607, 613, 617, 787, 809, 811, 823, 827, 887, 907, 929, 997, 1013, 1039, 1093, 1097, 1103, 1117, 1201, 1213, 1223, 1303, 1307, 1319, 1321, 1327, 1427, 1429, 1439, 1523, 1549, 1613, 1621, 1627, 1657, 1663, 1721, 1723, 1759, 1823, 1831, 1847, 1871, 1931, 2141, 2143, 2161, 2239, 2251, 2269, 2281, 2341, 2347, 2351, 2357, 2371, 2383, 2389, 2459, 2549, 2593, 2657, 2671, 2683, 2687, 2969, 3089, 3499, 3803, 5407, 8291, 9311, 13577, 13781, 13829, 16073, 19001, 20021, 40627, 41341, 56843, 57149, 57917, 58937, 62351, 79967, 80681, 111977, 117809, 132761, 138007, 140557, 143413, 145861, 273157, 1108321, 3870869, 3871583, 3908711, 5839367, 6348673, 6449449, 6451387, 6892549,
53: 2, 3, 5, 7, 11, 13, 17, 19, 23, 29, 31, 37, 41, 43, 47, 67, 73, 97, 113, 131, 149, 179, 191, 197, 223, 233, 257, 263, 277, 281, 293, 313, 337, 347, 353, 359, 373, 379, 383, 401, 419, 421, 431, 467, 491, 521, 523, 541, 547, 563, 587, 593, 599, 607, 613, 641, 643, 659, 673, 683, 727, 739, 743, 751, 757, 761, 773, 787, 809, 811, 823, 839, 853, 859, 863, 877, 883, 887, 911, 919, 941, 971, 977, 991, 997, 1013, 1021, 1031, 1051, 1061, 1063, 1087, 1091, 1109, 1117, 1153, 1163, 1193, 1201, 1231, 1237, 1249, 1259, 1283, 1291, 1303, 1307, 1321, 1327, 1361, 1367, 1409, 1423, 1429, 1451, 1453, 1459, 1481, 1489, 1499, 1511, 1543, 1553, 1567, 1571, 1583, 1597, 1601, 1613, 1619, 1637, 1657, 1663, 1667, 1669, 1699, 1733, 1741, 1759, 1789, 1801, 1831, 1861, 1871, 1877, 1879, 1901, 1907, 1933, 1973, 1979, 1993, 2011, 2017, 2027, 2083, 2111, 2113, 2137, 2141, 2143, 2153, 2161, 2179, 2213, 2251, 2281, 2287, 2297, 2333, 2341, 2347, 2351, 2371, 2389, 2399, 2411, 2417, 2437, 2447, 2467, 2473, 2477, 2503, 2521, 2539, 2543, 2549, 2551, 2591, 2617, 2621, 2647, 2657, 2663, 2671, 2677, 2687, 2699, 2707, 2729, 2789, 2791, 2801, 2803, 3001, 3943, 4561, 8513, 10177, 14327, 14951, 17183, 17203, 17443, 18503, 28669, 30697, 31223, 32141, 33113, 38677, 40427, 41519, 42967, 44111, 48023, 49211, 49697, 54559, 54721, 55639, 56963, 58367, 59063, 60103, 62827, 62983, 65213, 65837, 71257, 71569, 76771, 77291, 87403, 92753, 92857, 102061, 103049, 103079, 103651, 104743, 113089, 114493, 115793, 115931, 116243, 117353, 119027, 120223, 123433, 133967, 138181, 139969, 140281, 606967, 607331, 626623, 930481, 1649099, 1952957, 1972249, 1972613, 4096999, 4097987, 4150351, 4151377, 4248737, 4249621, 4296473, 6779629, 6925643, 6926669, 6979033, 6980021, 7587001, 7587053, 7589809, 7735877,
54: 2, 3, 5, 7, 11, 13, 17, 19, 23, 29, 31, 37, 41, 43, 47, 53, 59, 61, 71, 83, 101, 103, 271, 277, 281, 307, 317, 379, 383, 389, 397, 401, 419, 599, 601, 619, 641, 643, 739, 751, 919, 941, 947, 953, 967, 971, 1033, 1063, 1069, 1249, 1259, 1277, 1283, 1361, 1381, 1399, 1567, 1583, 1607, 1609, 1699, 1723, 1907, 1913, 1933, 2003, 2011, 2017, 2039, 2221, 2237, 2243, 2251, 2267, 2341, 2351, 2357, 2371, 2539, 2543, 2549, 2591, 2647, 2657, 2659, 2663, 2671, 2677, 2689, 2879, 2903, 2909, 3019, 3191, 5501, 5563, 14639, 14851, 21787, 73303, 74257, 74287, 74923, 109267, 137153, 139591, 139747, 142939, 145471, 145577, 4658557, 4967653, 4973377, 4973483,
55: 2, 3, 5, 7, 11, 13, 17, 19, 23, 29, 31, 37, 41, 43, 47, 53, 61, 67, 71, 73, 79, 89, 97, 101, 107, 109, 113, 127, 137, 139, 163, 167, 173, 179, 181, 191, 193, 199, 227, 229, 233, 239, 251, 257, 269, 331, 347, 349, 359, 373, 389, 401, 409, 419, 421, 433, 443, 449, 461, 467, 479, 487, 499, 503, 521, 523, 541, 661, 673, 677, 683, 701, 709, 719, 727, 743, 751, 761, 773, 797, 811, 821, 881, 883, 887, 911, 919, 929, 937, 941, 947, 967, 971, 983, 991, 1009, 1013, 1019, 1021, 1031, 1033, 1039, 1049, 1051, 1063, 1091, 1093, 1097, 1163, 1181, 1193, 1201, 1277, 1283, 1291, 1297, 1301, 1303, 1307, 1321, 1327, 1367, 1373, 1433, 1439, 1451, 1453, 1459, 1471, 1487, 1493, 1499, 1531, 1543, 1549, 1553, 1571, 1583, 1597, 1601, 1613, 1621, 1627, 1637, 1709, 1721, 1723, 1733, 1741, 1747, 1753, 1759, 1777, 1783, 1789, 1801, 1811, 1871, 1873, 1877, 1907, 1913, 1987, 1993, 1997, 2003, 2011, 2027, 2029, 2039, 2069, 2083, 2087, 2111, 2113, 2131, 2141, 2143, 2153, 2161, 2267, 2269, 2273, 2281, 2287, 2293, 2297, 2309, 2311, 2333, 2339, 2341, 2351, 2371, 2383, 2393, 2399, 2417, 2531, 2539, 2543, 2549, 2551, 2557, 2579, 2593, 2609, 2621, 2633, 2647, 2657, 2659, 2671, 2677, 2687, 2693, 2699, 2707, 2711, 2713, 2731, 2741, 2749, 2819, 2837, 2843, 2861, 2879, 2897, 2903, 2917, 2939, 2953, 2963, 2969, 2971, 3001, 3011, 3019, 3023, 3361, 4229, 5051, 5591, 5741, 6163, 6217, 6301, 7369, 7517, 7759, 8111, 9043, 9187, 9467, 10259, 10267, 10427, 10691, 10859, 10867, 10979, 11131, 12241, 13009, 13177, 13711, 13807, 13859, 13879, 15101, 18211, 18481, 18503, 18523, 19421, 20287, 20521, 20773, 21347, 21563, 21589, 21871, 22777, 23167, 24659, 24683, 25253, 25943, 26321, 26393, 26573, 26879, 27743, 27763, 28499, 28793, 29599, 36721, 36979, 37013, 37357, 37501, 38287, 38851, 39227, 41117, 41243, 41999, 42013, 43943, 44537, 44699, 45293, 48649, 49999, 52391, 52903, 53147, 54091, 57727, 57923, 58147, 59239, 63629, 63719, 63727, 64231, 65123, 65563, 66067, 66221, 69739, 69911, 70079, 70877, 70937, 71479, 71633, 71647, 71909, 72547, 72797, 73907, 74363, 74933, 78797, 79633, 80687, 81307, 85223, 85523, 86249, 86269, 86287, 86323, 87313, 87629, 87911, 87961, 88117, 88609, 88883, 89293, 89797, 90749, 93889, 93997, 94049, 94253, 94727, 95873, 96749, 96989, 96997, 97039, 97547, 97849, 98123, 98563, 98573, 98597, 98867, 103049, 103613, 104149, 104723, 104743, 105503, 109001, 109297, 109567, 110921, 111191, 111431, 112061, 112111, 113083, 113213, 113227, 113357, 113557, 113717, 113983, 113989, 114001, 114217, 115327, 115421, 116663, 117541, 118463, 118787, 120299, 120623, 126041, 126097, 126713, 127859, 128339, 128393, 129209, 130411, 130523, 130579, 139241, 139831, 140317, 141131, 142543, 143743, 144271, 145679, 145949, 145963, 146161, 146647, 147083, 147353, 147503, 147853, 147881, 148301, 149381, 160997, 161123, 161879, 163483, 163601, 164617, 164999, 165059, 166349, 508373, 508643, 523493, 1340243,
56: 2, 3, 5, 7, 11, 13, 17, 19, 23, 29, 31, 37, 41, 43, 47, 53, 61, 67, 73, 79, 97, 101, 103, 107, 109, 173, 179, 191, 197, 211, 223, 281, 283, 293, 311, 331, 541, 547, 617, 619, 643, 647, 653, 661, 733, 743, 751, 757, 761, 769, 853, 857, 863, 877, 881, 883, 887, 953, 967, 983, 1087, 1091, 1097, 1103, 1109, 1289, 1291, 1301, 1303, 1307, 1319, 1321, 1327, 1433, 1447, 1523, 1531, 1549, 1559, 1627, 1637, 1657, 1663, 1667, 1669, 1741, 1747, 1753, 1759, 1783, 1787, 1789, 1861, 1867, 1871, 1873, 1877, 1901, 2081, 2083, 2087, 2099, 2111, 2113, 2203, 2207, 2213, 2221, 2239, 2297, 2309, 2311, 2333, 2347, 2351, 2411, 2417, 2423, 2437, 2521, 2531, 2539, 2549, 2633, 2647, 2657, 2659, 2663, 2683, 2857, 2861, 2887, 2897, 2903, 2909, 2969, 2999, 3001, 3019, 3083, 3119, 3121, 3229, 4219, 4903, 5209, 9967, 11071, 11621, 12497, 15971, 16001, 16301, 16649, 17231, 17891, 17981, 18701, 28447, 29789, 31219, 31307, 34781, 35141, 36131, 36389, 37049, 41539, 41851, 42193, 42307, 43189, 53609, 54269, 59659, 60331, 60649, 60661, 60679, 61339, 79153, 79813, 79843, 80833, 84991, 85229, 85427, 86197, 86861, 87649, 91151, 91571, 93131, 93851, 97303, 98299, 98953, 104149, 106019, 116089, 122501, 122611, 123821, 123931, 124543, 125423, 128861, 135589, 136273, 141769, 142979, 150077, 150407, 161611, 162821, 166541, 166739, 167729, 168887, 169181, 172657, 172987, 174703, 178813, 178819, 179033, 179369, 191353, 210169, 536447, 536453, 537547, 537883, 599147, 617963, 881273, 1934969, 4048747, 5102443, 10370923,
57: 2, 3, 5, 7, 11, 13, 17, 19, 23, 29, 31, 37, 41, 43, 47, 53, 61, 67, 83, 97, 107, 127, 131, 139, 149, 151, 167, 229, 239, 257, 263, 269, 277, 293, 307, 311, 313, 337, 409, 431, 439, 449, 461, 479, 491, 499, 503, 571, 577, 593, 599, 601, 617, 619, 631, 641, 647, 653, 661, 673, 677, 683, 743, 761, 769, 809, 823, 827, 839, 941, 947, 971, 997, 1009, 1151, 1153, 1171, 1181, 1187, 1193, 1259, 1279, 1289, 1291, 1297, 1319, 1321, 1427, 1439, 1447, 1453, 1471, 1481, 1483, 1487, 1493, 1531, 1601, 1609, 1613, 1621, 1657, 1663, 1667, 1669, 1693, 1709, 1777, 1787, 1811, 1831, 1861, 1871, 1879, 1949, 1973, 1979, 1993, 1997, 1999, 2003, 2011, 2017, 2029, 2039, 2111, 2131, 2141, 2161, 2281, 2287, 2297, 2309, 2333, 2341, 2351, 2357, 2371, 2381, 2383, 2459, 2473, 2539, 2543, 2549, 2557, 2633, 2647, 2663, 2677, 2687, 2689, 2699, 2711, 2729, 2731, 2797, 2803, 2819, 2837, 2851, 2857, 2861, 2897, 2969, 3001, 3011, 3019, 3023, 3041, 3061, 3167, 3169, 3181, 3187, 3203, 3217, 3221, 3323, 4003, 4219, 5569, 6619, 6899, 13267, 13337, 15451, 16193, 16529, 19441, 22859, 23159, 23719, 24019, 25411, 26479, 27767, 27851, 28019, 33083, 33811, 37537, 38639, 42307, 42979, 43019, 44587, 46307, 46811, 55291, 55639, 58481, 71899, 72739, 75307, 75539, 76081, 76757, 77047, 77201, 77279, 83557, 84229, 101183, 101377, 102497, 102523, 102859, 103619, 104459, 105829, 105971, 106109, 114203, 115061, 115547, 115733, 122011, 122069, 130057, 131311, 131437, 132241, 132263, 132949, 133963, 135593, 135929, 136399, 139939, 141041, 142897, 144311, 145487, 145517, 146021, 149899, 152083, 155081, 163127, 164267, 165311, 165331, 170413, 171253, 174749, 181087, 181201, 181871, 181873, 182177, 182233, 182969, 185153, 257947, 4078771, 4145803, 4146979, 4147019, 4148083, 4208731, 6633877, 7665667, 8635261, 8670373, 8670989,
58: 2, 3, 5, 7, 11, 13, 17, 19, 23, 29, 31, 37, 41, 43, 47, 53, 67, 83, 107, 113, 179, 181, 199, 293, 307, 311, 317, 331, 337, 409, 419, 421, 443, 463, 523, 547, 557, 571, 653, 659, 677, 683, 761, 769, 809, 811, 877, 881, 883, 907, 911, 919, 991, 1013, 1019, 1123, 1151, 1223, 1229, 1237, 1259, 1381, 1451, 1453, 1459, 1481, 1489, 1571, 1583, 1609, 1613, 1621, 1823, 1931, 1949, 1951, 2039, 2063, 2069, 2083, 2153, 2161, 2179, 2203, 2273, 2287, 2297, 2383, 2393, 2399, 2521, 2621, 2659, 2663, 2731, 2749, 2753, 2843, 2851, 2857, 2861, 2887, 3109, 3119, 3191, 3203, 3217, 3313, 3319, 3343, 3449, 3463, 4931, 5743, 17123, 17579, 39659, 44027, 44507, 44519, 44537, 44617, 44963, 45659, 46703, 51229, 51343, 51347, 51461, 58073, 58211, 59351, 71411, 73771, 85601, 87083, 90887, 93601, 106123, 106693, 111779, 113903, 119827, 121081, 125471, 137983, 139753, 152063, 154001, 159721, 160861, 166799, 167711, 172331, 173039, 179563, 181387, 193813,
59: 2, 3, 5, 7, 11, 13, 17, 19, 23, 29, 31, 37, 41, 43, 47, 53, 71, 73, 79, 97, 107, 113, 131, 137, 149, 151, 163, 181, 191, 193, 199, 227, 233, 239, 263, 269, 271, 277, 281, 283, 317, 331, 349, 367, 379, 397, 409, 421, 431, 433, 443, 449, 463, 479, 491, 499, 541, 547, 557, 569, 587, 599, 601, 607, 613, 619, 641, 643, 647, 659, 661, 673, 677, 683, 701, 709, 719, 733, 751, 757, 769, 773, 787, 797, 811, 827, 829, 853, 877, 881, 911, 937, 941, 947, 953, 967, 971, 991, 1013, 1031, 1033, 1039, 1049, 1069, 1087, 1093, 1097, 1103, 1109, 1123, 1129, 1151, 1153, 1171, 1181, 1187, 1193, 1201, 1217, 1223, 1259, 1279, 1283, 1289, 1291, 1301, 1303, 1327, 1367, 1373, 1381, 1427, 1439, 1451, 1453, 1481, 1487, 1493, 1523, 1531, 1543, 1549, 1567, 1583, 1597, 1601, 1607, 1609, 1663, 1669, 1693, 1697, 1699, 1709, 1721, 1733, 1747, 1759, 1777, 1783, 1787, 1789, 1831, 1847, 1867, 1907, 1933, 1949, 1951, 1973, 1987, 2017, 2069, 2083, 2089, 2111, 2129, 2131, 2141, 2153, 2203, 2207, 2243, 2251, 2273, 2281, 2287, 2339, 2341, 2347, 2357, 2381, 2393, 2399, 2411, 2423, 2437, 2447, 2477, 2521, 2531, 2543, 2549, 2557, 2579, 2591, 2593, 2609, 2617, 2657, 2659, 2683, 2687, 2693, 2713, 2731, 2749, 2753, 2777, 2789, 2791, 2801, 2833, 2857, 2861, 2903, 2917, 2953, 2957, 2969, 2971, 3019, 3023, 3049, 3061, 3079, 3083, 3089, 3119, 3137, 3169, 3187, 3191, 3229, 3251, 3259, 3301, 3307, 3313, 3319, 3329, 3343, 3347, 3359, 3373, 3391, 3463, 3467, 5881, 10627, 10859, 14197, 16111, 20051, 20399, 24547, 25087, 26347, 28349, 29567, 42197, 42487, 53117, 53233, 60077, 68539, 70853, 72767, 74381, 75541, 101429, 110431, 111031, 113327, 114197, 115319, 116827, 116867, 117679, 124181, 124529, 129037, 131023, 131371, 137869, 138107, 138449, 138571, 139339, 140401, 141601, 141619, 143981, 145361, 148073, 148711, 148723, 148781, 151903, 152203, 153509, 155627, 155801, 156119, 158749, 158981, 165527, 165587, 165947, 174389, 176651, 182893, 184111, 185693, 1462463, 1463797, 1542503, 3760567, 3760973, 3784927, 5198213, 6186157,
60: 2, 3, 5, 7, 11, 13, 17, 19, 23, 29, 31, 37, 41, 43, 47, 53, 59, 67, 71, 83, 89, 97, 113, 421, 433, 449, 461, 479, 661, 677, 691, 787, 797, 809, 811, 821, 823, 827, 829, 1031, 1033, 1051, 1061, 1069, 1163, 1171, 1381, 1399, 1427, 1429, 1433, 1741, 1747, 1753, 1783, 1789, 1871, 1873, 1877, 1879, 1907, 2221, 2267, 2273, 2467, 2473, 2477, 2503, 2593, 2609, 2621, 2833, 2843, 2851, 2857, 2953, 2957, 2963, 2969, 3181, 3203, 3217, 3547, 3677, 3697, 4421, 4621, 5003, 5821, 6073, 25667, 25673, 27457, 27701, 28027, 28387, 40289, 41351, 41879, 42589, 43177, 46901, 47623, 49261, 49393, 61261, 62617, 63443, 71999, 82883, 83857, 84181, 85037, 105071, 106291, 113371, 113489, 133261, 133657, 133919, 134243, 134597, 135427, 135479, 135701, 136751, 136777, 147673, 148061, 148381, 149861, 150067, 150097, 150589, 155593, 169627, 177109, 178909, 179351, 179381, 191227, 213097, 213599, 214631, 214657, 215959,
61: 2, 3, 5, 7, 11, 13, 17, 19, 23, 29, 31, 37, 41, 43, 47, 53, 59, 67, 73, 89, 101, 127, 139, 157, 163, 191, 193, 197, 227, 241, 251, 257, 263, 277, 283, 307, 349, 359, 367, 373, 389, 401, 421, 431, 433, 439, 443, 461, 463, 467, 491, 509, 523, 547, 563, 569, 593, 601, 607, 613, 631, 641, 647, 653, 659, 661, 683, 691, 719, 733, 739, 743, 751, 769, 797, 821, 827, 839, 853, 857, 863, 883, 887, 911, 941, 953, 967, 983, 997, 1009, 1013, 1031, 1039, 1061, 1087, 1093, 1097, 1123, 1151, 1153, 1163, 1171, 1181, 1213, 1217, 1229, 1231, 1249, 1259, 1289, 1291, 1297, 1307, 1319, 1361, 1373, 1399, 1409, 1427, 1429, 1447, 1481, 1487, 1489, 1523, 1543, 1549, 1553, 1559, 1579, 1601, 1607, 1609, 1619, 1621, 1637, 1693, 1709, 1721, 1733, 1783, 1789, 1811, 1823, 1867, 1871, 1877, 1879, 1901, 1913, 1933, 1951, 1997, 2011, 2017, 2027, 2029, 2039, 2053, 2063, 2069, 2081, 2087, 2099, 2129, 2131, 2137, 2141, 2143, 2161, 2179, 2203, 2239, 2243, 2251, 2267, 2269, 2273, 2287, 2297, 2309, 2311, 2333, 2339, 2357, 2371, 2377, 2383, 2399, 2417, 2441, 2447, 2473, 2477, 2503, 2531, 2549, 2557, 2591, 2593, 2609, 2633, 2659, 2671, 2687, 2689, 2693, 2707, 2719, 2729, 2777, 2789, 2791, 2797, 2801, 2803, 2819, 2833, 2851, 2897, 2903, 2909, 2939, 2969, 2971, 2999, 3019, 3041, 3049, 3067, 3083, 3121, 3137, 3167, 3181, 3187, 3209, 3217, 3221, 3229, 3251, 3271, 3299, 3313, 3319, 3323, 3331, 3361, 3371, 3373, 3389, 3391, 3413, 3433, 3449, 3457, 3461, 3467, 3491, 3499, 3511, 3529, 3541, 3547, 3557, 3583, 3593, 3607, 3623, 3631, 3637, 3659, 3673, 3677, 3691, 3709, 3719, 3803, 4289, 4889, 5003, 5233, 6673, 7573, 7577, 7591, 7993, 8237, 8623, 8803, 9091, 11551, 11789, 12149, 12511, 12527, 12899, 15139, 15451, 15559, 15991, 16567, 17107, 18917, 18959, 19037, 20357, 21023, 21317, 21599, 22531, 22709, 22741, 22751, 23369, 23671, 25321, 25931, 26357, 26497, 26959, 27457, 28789, 28837, 28961, 29209, 29599, 29629, 33569, 33613, 33751, 34171, 34513, 34543, 34591, 34649, 36341, 36433, 36527, 37409, 38189, 41179, 41491, 41611, 41737, 42751, 44071, 45403, 45823, 48497, 49057, 49177, 49193, 50033, 50543, 52579, 52973, 52981, 52999, 53633, 54121, 55219, 55639, 56773, 57179, 57427, 58453, 59729, 60133, 60149, 62473, 63629, 63823, 64303, 66047, 67231, 67531, 70769, 70843, 71249, 71443, 71879, 71999, 72043, 73303, 75679, 76487, 76819, 77747, 78203, 79319, 79481, 81737, 81761, 82003, 82051, 82067, 82231, 82799, 83023, 83207, 83219, 86017, 88873, 89113, 89413, 90887, 92233, 92867, 93893, 94547, 94583, 95063, 96587, 97687, 98347, 99661, 99721, 100591, 100747, 101273, 102667, 104399, 104537, 105899, 105953, 106877, 107693, 108631, 111031, 114299, 114479, 123661, 124067, 124343, 124853, 125693, 126107, 128629, 129049, 131063, 132383, 133087, 133097, 133697, 134227, 135607, 140281, 140297, 141257, 144569, 145109, 145463, 146359, 147503, 154669, 155599, 155723, 157483, 158581, 158597, 158863, 158881, 159857, 160933, 161879, 162671, 162791, 162839, 163109, 163469, 164057, 164209, 165437, 167269, 167917, 168527, 170111, 170197, 170207, 170483, 171043, 171163, 171761, 173039, 173347, 173357, 173819, 173981, 174007, 174019, 174079, 174617, 175361, 176521, 176933, 177739, 177761, 177841, 178693, 179173, 179593, 180073, 180241, 181501, 182639, 182701, 182927, 184879, 185123, 185327, 185359, 185363, 185491, 188729, 189509, 190249, 190471, 190639, 191551, 192149, 192323, 192811, 192889, 192923, 192931, 193367, 193469, 198673, 200713, 202187, 202967, 210557, 211049, 211217, 211469, 213553, 213833, 215353, 216259, 216289, 216679, 217157, 217307, 217367, 218117, 218417, 218509, 218623, 218987, 219377, 219407, 219523, 219911, 220841, 225629, 226063, 226409, 226843, 5538371, 5540471, 5668571, 13482671,
62: 2, 3, 5, 7, 11, 13, 17, 19, 23, 29, 31, 37, 41, 43, 47, 53, 59, 61, 67, 73, 83, 103, 107, 113, 191, 199, 211, 223, 233, 241, 311, 313, 317, 331, 349, 353, 367, 439, 449, 457, 467, 479, 491, 569, 577, 593, 599, 683, 691, 727, 743, 809, 829, 853, 859, 863, 937, 947, 967, 971, 983, 991, 1069, 1087, 1091, 1097, 1187, 1217, 1229, 1237, 1303, 1307, 1327, 1433, 1439, 1453, 1459, 1481, 1483, 1553, 1571, 1579, 1597, 1601, 1607, 1697, 1823, 1847, 2053, 2063, 2069, 2081, 2089, 2099, 2179, 2203, 2297, 2309, 2311, 2347, 2351, 2423, 2437, 2473, 2477, 2543, 2551, 2557, 2591, 2593, 2671, 2683, 2699, 2711, 2713, 2719, 2791, 2797, 2801, 2833, 2843, 2917, 2927, 2939, 2957, 2969, 2971, 3067, 3079, 3163, 3181, 3187, 3203, 3217, 3221, 3299, 3301, 3319, 3323, 3329, 3331, 3413, 3433, 3449, 3457, 3461, 3539, 3541, 3547, 3557, 3559, 3571, 3581, 3677, 3697, 3709, 3793, 3797, 13127, 14347, 19559, 19583, 21023, 22511, 45119, 66449, 67931, 68279, 75367, 76123, 96331, 98893, 105491, 105613, 111791, 113177, 143443, 144541, 158699, 160163, 160817, 173191, 173707, 174533, 175781, 181739, 189583, 191413, 198637, 199247, 204047, 1226803, 2164739, 2179867, 2180111, 2727097, 6478841, 6539353, 6540329, 13815209, 14284177, 14291741, 14291863,
63: 2, 3, 5, 7, 11, 13, 17, 19, 23, 29, 31, 37, 41, 43, 47, 53, 59, 61, 73, 79, 97, 103, 131, 139, 149, 163, 173, 181, 271, 277, 281, 307, 313, 317, 331, 353, 359, 373, 541, 557, 631, 643, 653, 673, 677, 691, 709, 727, 733, 739, 821, 829, 881, 1009, 1013, 1019, 1091, 1109, 1129, 1201, 1217, 1223, 1231, 1237, 1277, 1279, 1289, 1291, 1297, 1303, 1321, 1409, 1429, 1439, 1451, 1459, 1471, 1481, 1487, 1489, 1511, 1579, 1601, 1619, 1627, 1637, 1657, 1663, 1669, 1693, 1831, 1847, 1867, 1871, 1873, 1973, 1979, 1993, 1997, 2003, 2039, 2069, 2143, 2153, 2161, 2203, 2333, 2339, 2351, 2371, 2381, 2383, 2389, 2393, 2399, 2411, 2417, 2441, 2521, 2531, 2539, 2543, 2549, 2551, 2557, 2633, 2719, 2729, 2731, 2767, 2777, 2797, 2801, 2803, 2909, 2927, 2953, 2963, 2971, 2999, 3019, 3181, 3187, 3191, 3203, 3209, 3301, 3313, 3329, 3331, 3347, 3361, 3371, 3389, 3391, 3467, 3469, 3491, 3511, 3517, 3659, 3671, 3691, 3697, 3701, 3767, 3847, 3853, 3863, 3877, 3919, 3929, 3931, 3943, 4289, 5441, 5669, 6529, 7901, 8081, 9011, 10321, 11251, 16141, 16699, 19913, 20161, 23053, 23549, 32299, 32309, 34469, 35099, 41189, 42643, 42863, 43201, 47563, 51853, 52457, 54193, 54413, 55117, 64553, 66103, 67601, 68881, 70237, 70981, 80687, 81953, 82361, 82759, 88411, 88721, 91373, 91967, 92737, 94447, 94999, 95063, 103319, 107101, 147031, 150131, 150373, 158863, 160073, 161281, 161531, 162119, 162709, 163561, 163753, 171179, 171793, 173249, 174149, 174613, 175499, 177421, 183259, 186049, 187823, 190063, 198823, 199103, 199909, 202109, 206551, 208721, 210869, 211657, 212897, 218971, 219169, 219409, 220681, 221021, 221203, 221311, 221773, 221797, 221807, 230567, 231709, 233357, 233879, 233917, 234103, 235679, 237911, 242863, 245821, 245963, 246167, 247717, 248641, 248827, 1016371, 1019533, 1218739, 1270417, 1271471, 1337873, 2831177, 5045879, 5081033, 5081591, 5521199, 5843843, 5844029, 5855747, 6593981, 13502537, 13768717, 15717239, 15752393, 15752951,
64: 2, 3, 5, 7, 11, 13, 17, 19, 23, 29, 31, 37, 41, 43, 47, 53, 59, 61, 67, 71, 73, 83, 89, 97, 107, 113, 193, 223, 227, 229, 239, 251, 331, 337, 347, 349, 449, 461, 463, 467, 487, 499, 503, 509, 577, 593, 599, 601, 607, 613, 617, 631, 709, 719, 727, 733, 739, 751, 761, 839, 857, 859, 863, 887, 967, 971, 977, 983, 991, 997, 1013, 1021, 1093, 1097, 1103, 1109, 1117, 1151, 1217, 1223, 1249, 1277, 1279, 1361, 1367, 1373, 1381, 1399, 1481, 1483, 1487, 1493, 1601, 1609, 1613, 1627, 1637, 1657, 1663, 1733, 1741, 1753, 1759, 1777, 1783, 1787, 1789, 1861, 1867, 1873, 1877, 1889, 1901, 1913, 1987, 1993, 1997, 1999, 2011, 2017, 2113, 2131, 2141, 2143, 2153, 2161, 2243, 2251, 2281, 2371, 2377, 2383, 2389, 2393, 2411, 2423, 2503, 2539, 2551, 2557, 2633, 2657, 2659, 2671, 2677, 2687, 2753, 2789, 2791, 2803, 2909, 2939, 3011, 3019, 3049, 3067, 3137, 3163, 3169, 3187, 3271, 3307, 3313, 3319, 3407, 3433, 3449, 3527, 3529, 3533, 3541, 3547, 3557, 3559, 3571, 3659, 3673, 3677, 3701, 3779, 3803, 3821, 3823, 3911, 3919, 3923, 3931, 3943, 3967, 4049, 4051, 4057, 4073, 4093, 12487, 12739, 12743, 13003, 16253, 20809, 21061, 28867, 28871, 29123, 37189, 39659, 45259, 45763, 46811, 47093, 47981, 48479, 54139, 57037, 64891, 65269, 70753, 71293, 71537, 71761, 72797, 73561, 87403, 87641, 88789, 95707, 95737, 95959, 97879, 103549, 103769, 104021, 106321, 111323, 112087, 112331, 112363, 113371, 119921, 120677, 121181, 121937, 127733, 128993, 129001, 129119, 129631, 130379, 130681, 130811, 136273, 137183, 137339, 137573, 138977, 153437, 153701, 153953, 155387, 162287, 162791, 169951, 171641, 176747, 177493, 177883, 178889, 185069, 187211, 195047, 201821, 202577, 217823, 218107, 219083, 220537, 220789, 220879, 234967, 235513, 236153, 236917, 237151, 237161, 242509, 242677, 243707, 243809, 244091, 245071, 245471, 245477, 245759, 250109, 250969, 251473, 253763, 261887, 262139, 798923, 799427, 831683, 1864151, 1865159, 1929671, 2896067, 3087473, 6058439, 6258167, 7722857, 7723613, 7771997, 10868573, 12893297, 13046513, 13048907, 14515703, 14644727, 14646743,
