1,1
2,0
3,1
4,1
5,3
6,0
7,5
8,2
9,4
X,0
E,9
10,1
11,E
12,0
13,3
14,4
15,13
16,0
17,15
18,3
19,5
1X,0
1E,19
20,2
21,14
22,0
23,10
24,5
25,23
26,0
27,25
28,8
29,9
2X,0
2E,13
30,4
31,2E
32,0
33,E
34,6
35,33
36,0
37,35
38,9
39,10
3X,0
3E,39
40,4
41,30
42,0
43,13
44,E
45,43
46,0
47,23
48,X
49,15
4X,0
4E,49
50,3
51,4E
52,0
53,18
54,14
55,29
56,0
57,55
58,13
59,19
5X,0
5E,59
60,8
61,5E
62,0
63,14
64,15
65,39
66,0
67,65
68,10
69,30
6X,0
6E,69
70,5
71,39
72,0
73,23
74,16
75,73
76,0
77,47
78,19
79,25
7X,0
7E,43
80,8
81,7E
82,0
83,30
84,14
85,83
86,0
87,85
88,1X
89,13
8X,0
8E,89
90,10
91,8E
92,0
93,2E
94,18
95,93
96,0
97,53
98,23
99,38
9X,0
9E,63
X0,6
X1,84
X2,0
X3,33
X4,25
X5,68
X6,0
X7,X5
X8,28
X9,35
XX,0
XE,X9
E0,9
E1,71
E2,0
E3,30
E4,26
E5,E3
E6,0
E7,E5
E8,13
E9,39
EX,0
EE,83
100,14
101,69
102,0
103,30
104,2E
105,103
106,0
107,105
108,2X
109,50
10X,0
10E,73
110,E
111,10E
112,0
113,43
114,20
115,89
116,0
117,115
118,33
119,23
11X,0
11E,119
120,X
121,100
122,0
123,58
124,35
125,123
126,0
127,68
128,30
129,49
12X,0
12E,129
130,10
131,12E
132,0
133,4E
134,36
135,89
136,0
137,E3
138,39
139,50
13X,0
13E,139
140,14
141,13E
142,0
143,29
144,30
145,143
146,0
147,145
148,28
149,55
14X,0
14E,E3
150,13
151,99
152,0
153,70
154,38
155,109
156,0
157,155
158,43
159,59
15X,0
15E,X3
160,20
161,101
162,0
163,5E
164,23
165,119
166,0
167,165
168,34
169,54
16X,0
16E,169
170,15
171,16E
172,0
173,39
174,46
175,173
176,0
177,E3
178,49
179,65
17X,0
17E,179
180,10
181,17E
182,0
183,90
184,4E
185,90
186,0
187,137
188,4X
189,69
18X,0
18E,189
190,18
191,139
192,0
193,39
194,54
195,193
196,0
197,127
198,29
199,90
19X,0
19E,199
1X0,16
1X1,109
1X2,0
1X3,73
1X4,55
1X5,1X3
1X6,0
1X7,1X5
1X8,50
1X9,47
1XX,0
1XE,100
1E0,19
1E1,1XE
1E2,0
1E3,98
1E4,26
1E5,1E3
1E6,0
1E7,1E5
1E8,59
1E9,43
1EX,0
1EE,143
200,28
201,194
202,0
203,7E
204,5E
205,203
206,0
207,123
208,5X
209,90
20X,0
20E,173
210,14
211,151
212,0
213,83
214,58
215,129
216,0
217,215
218,39
219,85
21X,0
21E,219
220,1X
221,21E
222,0
223,50
224,65
225,223
226,0
227,183
228,40
229,89
22X,0
22E,193
230,30
231,128
232,0
233,8E
234,66
235,169
236,0
237,235
238,69
239,E8
23X,0
23E,143
240,18
241,23E
242,0
243,93
244,39
245,199
246,0
247,190
248,6X
249,53
24X,0
24E,249
250,23
251,24E
252,0
253,E0
254,60
255,253
256,0
257,153
258,73
259,63
25X,0
25E,259
260,20
261,230
262,0
263,84
264,47
265,159
266,0
267,265
268,70
269,110
26X,0
26E,193
270,25
271,26E
272,0
273,68
274,76
275,209
276,0
277,275
278,43
279,X5
27X,0
27E,279
280,28
281,E3
282,0
283,118
284,7E
285,283
286,0
287,223
288,60
289,X9
28X,0
28E,173
290,30
291,28E
292,0
293,71
294,54
295,293
296,0
297,227
298,83
299,90
29X,0
29E,223
2X0,26
2X1,29E
2X2,0
2X3,E3
2X4,85
2X5,1E9
2X6,0
2X7,183
2X8,74
2X9,E5
2XX,0
2XE,2X9
2E0,13
2E1,2XE
2E2,0
2E3,130
2E4,86
2E5,180
2E6,0
2E7,207
2E8,89
2E9,83
2EX,0
2EE,2E9
300,40
301,2EE
302,0
303,69
304,8E
305,259
306,0
307,305
308,46
309,100
30X,0
30E,309
310,2E
311,199
312,0
313,103
314,68
315,313
316,0
317,253
318,93
319,105
31X,0
31E,119
320,2X
321,31E
322,0
323,130
324,53
325,323
326,0
327,325
328,90
329,73
32X,0
32E,329
330,38
331,231
332,0
333,10E
334,96
335,269
336,0
337,1X8
338,63
339,150
33X,0
33E,339
340,20
341,281
342,0
343,89
344,84
345,1E9
346,0
347,345
348,9X
349,115
34X,0
34E,349
350,33
351,299
352,0
353,90
354,98
355,249
356,0
357,355
358,68
359,119
35X,0
35E,359
360,34
361,209
362,0
363,100
364,X5
365,363
366,0
367,257
368,X8
369,150
36X,0
36E,213
370,35
371,299
372,0
373,123
374,56
375,373
376,0
377,375
378,X9
379,68
37X,0
37E,303
380,30
381,344
382,0
383,170
384,71
385,2E9
386,0
387,223
388,XX
389,129
38X,0
38E,230
390,30
391,38E
392,0
393,12E
394,X0
395,229
396,0
397,395
398,E3
399,178
39X,0
39E,323
3X0,36
3X1,281
3X2,0
3X3,89
3X4,E5
3X5,3X3
3X6,0
3X7,317
3X8,50
3X9,E3
3XX,0
3XE,3X9
3E0,39
3E1,239
3E2,0
3E3,130
3E4,E6
3E5,3E3
3E6,0
3E7,3E5
3E8,83
3E9,139
3EX,0
3EE,240
400,54
401,3EE
402,0
403,13E
404,69
405,299
406,0
407,323
408,EX
409,E0
40X,0
40E,409
410,30
411,351
412,0
413,143
414,E8
415,413
416,0
417,169
418,103
419,145
41X,0
41E,419
420,28
421,41E
422,0
423,198
424,105
425,210
426,0
427,425
428,E4
429,E3
42X,0
42E,353
430,50
431,42E
432,0
433,99
434,76
435,433
436,0
437,435
438,73
439,190
43X,0
43E,303
440,38
441,294
442,0
443,109
444,10E
445,379
446,0
447,445
448,10X
449,155
44X,0
44E,273
450,43
451,290
452,0
453,1E0
454,80
455,453
456,0
457,455
458,89
459,X3
45X,0
45E,459
460,60
461,369
462,0
463,101
464,115
465,463
466,0
467,283
468,110
469,1E8
46X,0
46E,469
470,23
471,46E
472,0
473,119
474,116
475,193
476,0
477,3E3
478,119
479,165
47X,0
47E,383
480,34
481,47E
482,0
483,140
484,100
485,483
486,0
487,337
488,76
489,169
48X,0
48E,489
490,58
491,299
492,0
493,16E
494,118
495,3X9
496,0
497,495
498,123
499,130
49X,0
49E,2X3
4X0,46
4X1,409
4X2,0
4X3,173
4X4,68
4X5,4X3
4X6,0
4X7,417
4X8,100
4X9,E3
4XX,0
4XE,353
4E0,49
4E1,4XE
4E2,0
4E3,218
4E4,126
4E5,429
4E6,0
4E7,209
4E8,129
4E9,179
4EX,0
4EE,4E9
500,40
501,361
502,0
503,17E
504,12E
505,300
506,0
507,505
508,92
509,230
50X,0
50E,433
510,4E
511,50E
512,0
513,90
514,120
515,409
516,0
517,515
518,89
519,137
51X,0
51E,519
520,4X
521,309
522,0
523,230
524,E3
525,379
526,0
527,525
528,130
529,189
52X,0
52E,313
530,50
531,52E
532,0
533,139
534,86
535,533
536,0
537,387
538,139
539,130
53X,0
53E,443
540,54
541,53E
542,0
543,193
544,13E
545,543
546,0
547,328
548,13X
549,127
54X,0
54E,473
550,29
551,439
552,0
553,230
554,100
555,329
556,0
557,555
558,143
559,199
55X,0
55E,3X3
560,60
561,461
562,0
563,109
564,145
565,563
566,0
567,483
568,X8
569,250
56X,0
56E,453
570,55
571,223
572,0
573,1X3
574,146
575,573
576,0
577,575
578,E3
579,1X5
57X,0
57E,343
580,50
581,4X1
582,0
583,164
584,99
585,583
586,0
587,585
588,14X
589,100
58X,0
58E,589
590,70
591,58E
592,0
593,1XE
594,128
595,390
596,0
597,353
598,109
599,250
59X,0
59E,599
5X0,26
5X1,554
5X2,0
5X3,1E3
5X4,155
5X5,300
5X6,0
5X7,358
5X8,150
5X9,1E5
5XX,0
5XE,513
5E0,59
5E1,5XE
5E2,0
5E3,150
5E4,156
5E5,5E3
5E6,0
5E7,5E5
5E8,X3
5E9,143
5EX,0
5EE,5E9
600,80
601,369
602,0
603,194
604,101
605,499
606,0
607,4E7
608,15X
609,278
60X,0
60E,294
610,5E
611,60E
612,0
613,203
614,90
615,613
616,0
617,615
618,119
619,123
61X,0
61E,619
620,5X
621,441
622,0
623,230
624,165
625,539
626,0
627,383
628,114
629,173
62X,0
62E,553
630,54
631,539
632,0
633,151
634,166
635,389
636,0
637,635
638,169
639,290
63X,0
63E,639
640,58
641,509
642,0
643,129
644,16E
645,459
646,0
647,645
648,X6
649,215
64X,0
64E,533
650,39
651,3X8
652,0
653,298
654,160
655,653
656,0
657,430
658,173
659,219
65X,0
65E,299
660,74
661,65E
662,0
663,21E
664,E3
665,663
666,0
667,583
668,170
669,130
66X,0
66E,669
670,65
671,551
672,0
673,223
674,106
675,673
676,0
677,3E3
678,179
679,183
67X,0
67E,483
680,40
681,630
682,0
683,2E0
684,17E
685,3E9
686,0
687,685
688,148
689,193
68X,0
68E,689
690,90
691,491
692,0
693,128
694,178
695,693
696,0
697,553
698,90
699,2E8
69X,0
69E,699
6X0,66
6X1,409
6X2,0
6X3,169
6X4,137
6X5,5E9
6X6,0
6X7,6X5
6X8,174
6X9,235
6XX,0
6XE,413
6E0,69
6E1,6XE
6E2,0
6E3,2E0
6E4,114
6E5,353
6E6,0
6E7,5E3
6E8,189
6E9,143
6EX,0
6EE,603
700,68
701,6EE
702,0
703,23E
704,139
705,703
706,0
707,299
708,18X
709,310
70X,0
70E,709
710,39
711,70E
712,0
713,199
714,194
715,440
716,0
717,5X7
718,193
719,190
71X,0
71E,719
720,6X
721,71E
722,0
723,190
724,127
725,619
726,0
727,725
728,E0
729,249
72X,0
72E,513
730,90
731,323
732,0
733,24E
734,196
735,733
736,0
737,735
738,199
739,290
73X,0
73E,443
740,60
741,521
742,0
743,253
744,109
745,743
746,0
747,745
748,122
749,153
74X,0
74E,5E3
750,73
751,74E
752,0
753,210
754,198
755,669
756,0
757,468
758,1X3
759,259
75X,0
75E,623
760,60
761,669
762,0
763,230
764,1X5
765,303
766,0
767,765
768,180
769,294
76X,0
76E,769
770,47
771,76E
772,0
773,159
774,1X6
775,773
776,0
777,547
778,100
779,265
77X,0
77E,779
780,70
781,353
782,0
783,330
784,1XE
785,783
786,0
787,623
788,1XX
789,193
78X,0
78E,473
790,98
791,78E
792,0
793,26E
794,X0
795,689
796,0
797,795
798,1E3
799,228
79X,0
79E,530
7X0,76
7X1,79E
7X2,0
7X3,209
7X4,1E5
7X5,639
7X6,0
7X7,483
7X8,1E0
7X9,275
7XX,0
7XE,693
7E0,43
7E1,571
7E2,0
7E3,358
7E4,146
7E5,489
7E6,0
7E7,707
7E8,143
7E9,279
7EX,0
7EE,7E9
800,X8
801,7EE
802,0
803,E3
804,194
805,679
806,0
807,6E7
808,116
809,350
80X,0
80E,809
810,7E
811,499
812,0
813,283
814,1E8
815,589
816,0
817,815
818,203
819,223
81X,0
81E,500
820,60
821,669
822,0
823,370
824,123
825,823
826,0
827,500
828,1E4
829,173
82X,0
82E,829
830,90
831,739
832,0
833,28E
834,206
835,833
836,0
837,4E3
838,173
839,244
83X,0
83E,683
840,54
841,83E
842,0
843,293
844,151
845,4E9
846,0
847,723
848,20X
849,227
84X,0
84E,5E3
850,83
851,84E
852,0
853,230
854,1X8
855,853
856,0
857,753
858,129
859,223
85X,0
85E,859
860,X0
861,400
862,0
863,29E
864,215
865,863
866,0
867,865
868,130
869,390
86X,0
86E,3X9
870,85
871,86E
872,0
873,1E9
874,126
875,749
876,0
877,6E3
878,219
879,183
87X,0
87E,783
880,74
881,87E
882,0
883,398
884,21E
885,619
886,0
887,523
888,21X
889,2X9
88X,0
88E,889
890,50
891,731
892,0
893,2XE
894,218
895,3E3
896,0
897,627
898,223
899,390
89X,0
89E,7X3
8X0,86
8X1,781
8X2,0
8X3,180
8X4,183
8X5,8X3
8X6,0
8X7,8X5
8X8,140
8X9,207
8XX,0
8XE,8X9
8E0,89
8E1,539
8E2,0
8E3,290
8E4,156
8E5,8E3
8E6,0
8E7,8E5
8E8,193
8E9,2E9
8EX,0
8EE,379
900,100
901,8EE
902,0
903,2EE
904,128
905,903
906,0
907,905
908,22X
909,230
90X,0
90E,909
910,8E
911,483
912,0
913,259
914,220
915,769
916,0
917,553
918,169
919,305
91X,0
91E,919
920,46
921,91E
922,0
923,300
924,235
925,580
926,0
927,925
928,230
929,309
92X,0
92E,778
930,E8
931,831
932,0
933,199
934,236
935,669
936,0
937,787
938,143
939,410
93X,0
93E,803
940,68
941,569
942,0
943,313
944,23E
945,819
946,0
947,677
948,200
949,253
94X,0
94E,573
950,93
951,839
952,0
953,418
954,130
955,953
956,0
957,853
958,199
959,119
95X,0
95E,959
960,E4
961,900
962,0
963,31E
964,190
965,963
966,0
967,500
968,234
969,390
96X,0
96E,693
970,53
971,96E
972,0
973,323
974,246
975,589
976,0
977,847
978,249
979,325
97X,0
97E,803
980,90
981,6X1
982,0
983,250
984,24E
985,799
986,0
987,985
988,114
989,329
98X,0
98E,873
990,E0
991,599
992,0
993,231
994,200
995,993
996,0
997,853
998,253
999,438
99X,0
99E,5X3
9X0,96
9X1,821
9X2,0
9X3,269
9X4,153
9X5,690
9X6,0
9X7,9X5
9X8,250
9X9,1X8
9XX,0
9XE,9X9
9E0,63
9E1,9XE
9E2,0
9E3,430
9E4,256
9E5,9E3
9E6,0
9E7,409
9E8,259
9E9,339
9EX,0
9EE,9E9
X00,80
X01,809
X02,0
X03,281
X04,230
X05,540
X06,0
X07,X05
X08,25X
X09,2E0
X0X,0
X0E,X09
X10,84
X11,X0E
X12,0
X13,1E9
X14,164
X15,909
X16,0
X17,X15
X18,159
X19,345
X1X,0
X1E,539
X20,9X
X21,609
X22,0
X23,458
X24,265
X25,859
X26,0
X27,X25
X28,240
X29,349
X2X,0
X2E,640
X30,110
X31,731
X32,0
X33,299
X34,156
X35,X33
X36,0
X37,X35
X38,193
X39,230
X3X,0
X3E,X39
X40,98
X41,X3E
X42,0
X43,249
X44,26E
X45,X43
X46,0
X47,499
X48,1X6
X49,355
X4X,0
X4E,X49
X50,68
X51,911
X52,0
X53,470
X54,260
X55,433
X56,0
X57,853
X58,209
X59,359
X5X,0
X5E,X59
X60,X0
X61,909
X62,0
X63,209
X64,275
X65,959
X66,0
X67,730
X68,150
X69,400
X6X,0
X6E,X69
X70,X5
X71,668
X72,0
X73,363
X74,276
X75,869
X76,0
X77,X75
X78,279
X79,257
X7X,0
X7E,643
X80,X8
X81,969
X82,0
X83,430
X84,E3
X85,959
X86,0
X87,X85
X88,27X
X89,213
X8X,0
X8E,589
X90,118
X91,X8E
X92,0
X93,299
X94,278
X95,X93
X96,0
X97,653
X98,283
X99,490
X9X,0
X9E,X99
XX0,56
XX1,781
XX2,0
XX3,373
XX4,223
XX5,659
XX6,0
XX7,XX5
XX8,200
XX9,375
XXX,0
XXE,XX9
XE0,X9
XE1,778
XE2,0
XE3,228
XE4,286
XE5,969
XE6,0
XE7,XE5
XE8,173
XE9,303
XEX,0
XEE,XE9
E00,100
E01,669
E02,0
E03,344
E04,28E
E05,799
E06,0
E07,9E7
E08,28X
E09,490
E0X,0
E0E,509
E10,71
E11,E0E
E12,0
E13,2E9
E14,194
E15,E13
E16,0
E17,7X7
E18,293
E19,223
E1X,0
E1E,E19
E20,XX
E21,E1E
E22,0
E23,4E0
E24,227
E25,E23
E26,0
E27,539
E28,290
E29,230
E2X,0
E2E,E29
E30,90
E31,E2E
E32,0
E33,38E
E34,1X6
E35,614
E36,0
E37,E35
E38,223
E39,4E8
E3X,0
E3E,803
E40,X0
E41,X09
E42,0
E43,229
E44,29E
E45,E43
E46,0
E47,923
E48,176
E49,395
E4X,0
E4E,X33
E50,E3
E51,483
E52,0
E53,4E0
E54,298
E55,9X9
E56,0
E57,967
E58,1E9
E59,323
E5X,0
E5E,6X3
E60,120
E61,E5E
E62,0
E63,281
E64,183
E65,939
E66,0
E67,E65
E68,254
E69,2E0
E6X,0
E6E,E69
E70,E5
E71,E6E
E72,0
E73,3X3
E74,216
E75,829
E76,0
E77,728
E78,2X9
E79,317
E7X,0
E7E,X43
E80,50
E81,E14
E82,0
E83,390
E84,2XE
E85,6E9
E86,0
E87,837
E88,2XX
E89,3X9
E8X,0
E8E,X33
E90,130
E91,E8E
E92,0
E93,239
E94,2X0
E95,E93
E96,0
E97,E95
E98,180
E99,390
E9X,0
E9E,9X3
EX0,E6
EX1,553
EX2,0
EX3,3E3
EX4,207
EX5,EX3
EX6,0
EX7,X83
EX8,2E0
EX9,3E5
EXX,0
EXE,530
EE0,83
EE1,X39
EE2,0
EE3,530
EE4,186
EE5,EE3
EE6,0
EE7,EE5
EE8,2E9
EE9,240
EEX,0
EEE,983
1000,140
