2: 1, 5, 9, 11, 40, 45, 49, 56, 284, 841,
3: 2, 4, X, 122, 5X8,
4: 1, 3, 5, 13, 19, 165, XE9,
5: 1, 2, 6, 14, 19, 1X, 37, 106, 134, 257, 339, 357, 43X, XE4,
6: 1, 2, 6, 7, 21, 22, 3X, 6X, X96,
7: 1, X, 16, 31, 39, 126, 345, 7X4,
8: 2, 4, X, 122, 208, 378, 6X4, 70X, 738,
9: 1, 3, 53, 57, 63, X1, X7, 101, 1E7,
X: 2, 5, 6, 9, 16, 1E, E2, 930, X8X,
E: 1, 2, 19, 21, 29, 46, 66, 177, XX6,
11: 2, 6, E, 56, 144, 33X,
12: 1, 7, 1E, 29, X7, 21E, 7E3, 815,
13: 1, 3, 5, 7, 18, 28, 29, 49, 4X, 6E, 79, 89, 129, 14E, 177, 1X7, 1EE, 36E, 98E, E77,
14: 1, 3, 9, 17, 45, 59, 73, 115, E57,
15: 2, 4, 8, 12, 18, 72, 86, 90, 266, 348, 490, 712,
16: 2, 18, 30, 3E, 86, 192,
17: 1, 3, 8, 10, 24, 169, 274, 960,
18: 1, 2, 5, 27, 57, 5E, 65, 78, E4, 132, 512, 80X, XX4,
19: 1, 2, 5, 6, 9, 11, 36, 59, 8X, 163, 469, 542, 58E, 852, 98E,
1X: 1, 2, 5, 9, 19, 22, 34, 178, 225, 829, X71,
20: 4, 8, 10, 3E, 44, 48, 55, 283, 840,
21:
22: 1, 3, X, 69, 833,
23:
24: 3, 4, 8, E, 50, 1E3, 453,
25: 1, 3, 8, 14, 84, 164, 6X5,
26: 1, 3, 5, 19, 23, 33, 65, 1EE, 2X5, 726,
27: 2, X, 29, 469, 606, 636,
28: 1, 6, 10, 11, 25, 70, 158, 1E5, 828,
29: 2, 4, 6, 18, 58, 66, 68, 94, 106, 452, 826,
2E: 1, 2, 6, 7, 9, E, 53, E32,
30: 1, 3, 9, 121, 5X7,
31: 1, 6, 36, 5X, X1, X4,
32: 2, 10, 12, 20, 26, 78, 1E4, 210,
33: 1, 3, E, 11, 27, 237, E89,
34: 1, 3, 11, 27, 711,
35: 1, 2, 16, 176, X41,
36: 1, 2, 4, 5, 6, 9, 15, 1X, 20, 22, 116, 142, 334, 4X4,
37: 4, 7, 37, 43, 84, 103, 1X7, 50E, 702, 857, E24,
38: 3, 10, 19, 35, 54, 2EE, 593, 8X0,
3X: 142, 1X3, 582,
3E: 1, 4, 8, 14, 44, 116,
40: 2, 4, 12, 18, 164, XE8,
41: 1, 63, 173, 399, 73E, 947, E4E,
42: 1, 3, 4, 33, 4X, 59, 10X, 133, 159, 183, 291, 8E9,
43: 6, 126,
44: 2, 6, 8, X, 1X, 24, 46, 170, 446, XE9,
45: 3, 223, 417,
46: 1, 14, 20, 171, 299, 869, 968,
47: 1, 2, 10, 38, 74, 307, 314, 676,
49: 1, 34,
4X: 1E, 27, 5X, 317,
4E: 13, 65, 93,
50: 1, 5, 13, 18, 19, 36, 105, 133, 256, 338, 356, 439, XE3,
51: 2, 3, 6, 9, 26, 56, E9, 123, 136, 376, 37X, 573, 6E6,
52: 1, 6, 8, 10, 15, 20, 44, 45, 54, 124, 232, 5X6, 776,
53: 3, 4, 7, 8, 10, 28, X8, 194, 1E7, 257, 2XE, 7E8, X23,
54:
55: 6, 9, 14, 33, 3X, 9E, 660,
56: 13, 1E, 49, 155,
58: 2, 3, 6, 12, 13, 17, 27, 50, 168, 338, 607,
59: 1, 4, 48, 120, 488, 678, E91,
5X: 1, 2, 5, 8, 12, 6X, 84, 95, 19X, 764, 966,
5E: 2, 5, 7, 112, 232, 485, 91X,
60: 1, 5, 6, 20, 21, 39, 69, X95,
61: 3, 4, 22, 28, 53, 186, 2X6, 57X,
62: 1, E, 11, 55, 52E, X65, E53,
63: 2, 4, 6, 1X, 58, 88, 40X,
64: 1, 5, 16, 31, 82, 1E7, 211, 2E1, 691,
65: 2, X, 412,
67: 1, 3, 5, 7, 21, 29, 33, 37, 233, 455, 719,
68: 2, 3, 9, 24, 7X, E6, 123, 135, 165, 200, 214, 565, 609, 944,
69: 1, 3, 9, E, 31, X3, 10E, 119, 301,
6X: 1, 2, 10, 18, 38, 90, 110, 146, 224,
6E: 6, 1X, 36, 14E, 207, 270,
70: 9, 15, 30, 38, 125, 344, 7X3,
71: 1, 2, 5, X, 11, 14, 24, 32, 35, 37, 3X, 4X4, X77, XX1,
72: 1, 5, 11, 19, 41, 43, 63, 91, 119, 917,
73: 2, 5, 16, 20, 26, 338, 3E2, 416,
74: 2, 3, 12, 26, 82, 96, E2, 193, 243, 2X6, 326, 532,
76: 2, 4, 110, 132, 290, X38,
77: 1, 2, 3, 6, 7, 23, 79, 1X3, 389, 55E, X4E,
78: 1, 31, X9, 191,
79: 4, 6, X, 10, 33, 40, 4X, 54, X4, 43E, 683,
7X: 30, 60, 104, 298,
7E: 2, 5, 22, 65, 75, X1, 102, 105, 209, 330, 383, 502, 986,
80: 1, 3, 9, 121, 207, 377, 6X3, 709, 737,
81: 1, 2, 4, 6, 10, 294, 478, 941, E4X,
82: 3, 1X, 26, 2X, 56, 57, 92, 467,
83: 1, 8, 9, 14, 3E4, 4E1, 838, X71,
85: 2, 3, 9, 15, 22, 2X, XE, 229, 382, 605, 77X,
86: 1, 5, 9, 29, 61, 71, E0, 660,
87: 2, 6, 10, 16, 60, 276, 430, 47X, 546, 932, E10,
88: E, 10, 17, E0, 200, 547,
89: 1, 3, 45, 85, 347, 35E,
8X: 2, 3, 5, E, 11, 111, 349, 8X7,
8E: 1, 4, 41, 49, 109, 2X1, X1X,
90: 2, 52, 56, 62, X0, X6, 100, 1E6,
91: 1, 3, 28, 40, 41, 5E, 83, 191, 373,
92: 1, 4, 9, 10, 14, 49, 53, 64, 103, 15X, 241, 8E4,
94: 2, 4, 11, 114, E38,
95: 7, 8, 1X, 2X, 77, 94, 13X, 26E,
96: 1, 3, 4, 7, E, 15, 20, 23, 31, 39, 59, 65, 217, 35E, 51E,
97: 3, 8, 14, 15, 39, 43, 79, 93, XE, 10E, 263, 488, 549,
98: 2, 6, 26, 132,
99: 6, 9, X, E2, 1X2,
9X: 7,
9E: 1, E, 35, 57, 335, 419, 437,
X0: 1, 4, 5, 8, 15, 1X, E1, 92E, X89,
X1: 1, 5, 7, 17, 1E, 25, 2E, 129, 2E9, 421, 445, 809,
X3: 6, 28,
X4: 1, 10, 19, 2E0, 440, 651,
X5: 1, 8, 17, 18, 22, 181, 237, 258, 272,
X6: 1, 2, 3, 6, 7, X, 13, 27, 33, 72, 101, 207, 66X,
X7: 1, 2, 59, XX, E38,
X8: 10, 30X,
X9: 4, 10, 64, 538,
XX: 1, 2, 7, 8, 13, 15, 16, 19, 26, 27, 3E, 58, 199, 2X0, 7E8, 868,
XE: 1, 3, 7, 83, 101, 221, 5X9,
E0: 1, 18, 20, 28, 45, 65, 176, XX5,
E2: 1, 3, 5, 13, 19, 29, 2E, 35, 111, 131, 15E, 623,
E3: 1, 3, E, 10, 13, 29, 31, 39, 3E, 63, 8E, X6, 1XE, 36X, 455, 609, 8XX,
E4: 2, 3, 6, E, 19, 22, 46, 21E, 572, 576, EE3,
E5: 2, 10, 11, 21, 30, 48, 88, 192, 3E8, 642,
E6: 3, 6, 96, 142, 163, 178, 400, 496,
E7: 1, 4, 5, 11, 15, 17, 20, 27, 31, 85, 127, 185, 3E1, 865,
E8: 3, 5, 9, X, 11, 14, 34, 47, 6X, 79, 9E, X9, 13X, 310, 340, 5E5, 5E6, 60X, 709, X13, X2X,
E9: 3, 13, 502,
EX: X, 14X,
EE: 4, 1E, 86, 323, 660, 89E, 994,
101: 2, 4, 7, 22, 23, 33, 2EX, 313, 38X, 58X,
102: 2, 5, 6, 2X, 35, 8E, 9X, 29E, E85,
103: 24, 26, 76,
104: 3, 4, 7, E, 22, 2E, 33, 83, XX, 29X, 2E4,
105: 1, 4, 5, 7, 14, 17, 44, X7, 131, 989,
106: 2, 4, 5, 8, 9, 1E, 92, 156, 170, 17X,
107: 1, 37, 5E, 112, 121, 327, 73E,
108: 1, 4, X, 26, 2X, 41, 5X, 96, 110, 119, 130, 139, 249, 2X1, 691,
109: 2, 7, 8, 17, 1E, 5E, 10X,
10X: 1, 3, 5, 7, 8, 11, 20, 27, 12E, 360, 763,
110: 1, 5, X, 55, 143, 339,
111: 1E9, 399, 929,
112: 2, 8, 27, 48, 628,
113: 1, 3, 7, 17, 29, 50, 70,
114: 2, 5, 6, E, 116, 184,
115: 1, 3, 17, 31, 1X1, 561, 601, 732, X35,
116: 2, 8X, 412, 762,
117: 3, E, 13, 16, 27, 3E, 170, E76,
118: 4, 13, 48, X4, 193,
119: 1, 3, 5, 6, 8, 18, 48, 12E, 189, 309, 423, 612, 671,
11E: 1, 4, 14, 34, 46, 50, 9X, E2, 111, 356,
120: 6, 1X, 28, X6, 21X, 7E2, 814,
121: 1, 23, 557,
122: 1, 107, 535,
123: 2, 5, 9, 23, 249, 479, 655, 7E5,
124: 1, 2, 5, 9, 18, 49, 188, 1X9, 495, 698, E92,
125: 3, 7, 48, X7, 117, 314, 458, 674,
126: 1, 8, 1E, 28, 18E,
127: 1, 3, 9, 19, 3X, 43, 52, 5X, 65, 81, 91, 127, 24E, 377, 465, 471,
128: 1, 2, 3, E, 12, 35, 75, 207, 32E, 53X, 895,
12X: 3, 4, 19E, 230, 25X, 2E0, 3EE,
12E: 3, 43, 55, 229, 339, 445, 565, 873,
130: 2, 4, 6, 17, 27, 28, 48, 49, 6X, 78, 88, 128, 14X, 176, 1X6, 1EX, 36X, 98X, E76,
131: 12,
132: 5, 6, 46, X6, E9, 128, 155, 198, 479,
133: 3,
134: 1, 4, 3E, 47, 53, 4E7,
135: 3, 6, 9, 22, 35, 52, 55, 58, 6E, X9, E2, 104, 170, 250, 30E, 488, 98E, X7E,
136: 2, 56, 186, 312,
137: 1, 2, 4, 9, 11, 21, 2X, EX, 211, 271, 89X, 8X6, 906, EX0,
139: 1, 5, 37, 200, 6E1, 9EE,
13X: 4, 12, 101, 257, 643,
13E: 3, 7, 73, 253, 8EE,
140: 2, 8, 16, 44, 58, 72, 114, E56,
141: 2, 3, 6, 62, 63, X2, E6, 137, 2E2, 82E,
142: 4, 34, 44, 358, 6E8,
143: 1, 4, 7, 8, 1E, 20, 24, 27,
144: 1, 3, 5, 13, 2E, 63, 105, 26E, 3X1, 4EE, E6E,
145: 4, 5, 21, 9X, E4, 23X, 254, 349,
146: 3, X, E, 10, 26, 3X, 8X, 104, 406, 45X, X34, X56,
148: 1, 3, 9, E, 11, 70, 76, 85, 89, 205, 260, 463,
149: 1, 26, 37, 53, X7, 271, X81,
14X: 1, 4, 10, 18, 328, 401,
14E: 2, 3, 4, 2X, 37, 4X, E6, 17X, 1X2, 224, 310, 3XE, XXX, E23, E42,
150: 1, 3, 7, 11, 17, 71, 85, 8E, 265, 347, 48E, 711,
151: 1, 4, 5, 6, 7, X, 20, 5X, 7X, 123, 157, 379, 404, 504, 5X6,
152: 2, 3, 5, 6, 9, 42, 73, 89, 115, 11X, 5XX,
153: 6, 26, 76, E0, E2, 746,
154: 8, 580, 82X,
155: 5, 261, 305, 397, 581,
157: 1, 3, 32, 41, 82, 15X, 2X5, 983,
158: 1, 6, 10, 46, 3E9,
159: 2, X, EX, 1E6, 412, 823,
15X: 3, 5, 17, 75, 843,
15E: 1, 6, 8, 22, 254, 2X6,
160: 1, 17, 2E, 3X, 85, 191,
161: 2, 26, 35, 45, 135, 156, 214, 632, 830,
162: 2, 8, 27, 34, 4E, 213, 41E, 423,
163: 4, E, 11, 25, 27, 173, 273, 294, 333, 449, 51E, 655,
164: 6, 18, 26, 32, 926,
166: 1,
167: 14,
168: 1, 3, 9, 28, 35, EE, 127, 194, 429, 830,
169: 1, 7, 13, 27, 87, 17E, 327, 397, 961,
16X: 1, 3, 5, 9, 16, 35, 4E, 189, 377, 38E, 725, 74X,
16E: 2, 16, 1X, 28, 38, 71X, 806, 944,
170: 2, 7, E, 23, 168, 273, 95E,
171: 7, 8, 18, 33, 49, 74, 124, 298, 533, 6E9,
172: 2, 4, 17, 1X2, 244, 300,
173: 5, 107, 1X1, 463, 997,
175: 16, 14X,
176: 4, 18, 19, 104, 129,
177: 1, 5, 7, 9, 29, 47, 53, 121, 241, 255,
178: 3, 6, X, 179, 5E9,
179: 1, 2, 4, 14, 70, EX, 276, 738, 850,
17X: 4, 10, 13, 16, 40, 9E, 126, 152, 156, 173, 364, 382,
17E: 19, 337, 523, 623,
180: 1, 4, 26, 56, 5X, 64, 77, E3, 131, 511, 809, XX3,
181: 2, 9, 19, 8X, 115, 333, 382, E69,
182: 1, 2, 8, 36, 38, 66, 220, 289, 628,
184: 1, 21, 64, 165,
185: 1, 2, 6, 23, 28, 31, 32, 3X, 64, 66, 69, 70, 71, 695, X71,
186: 2, 69X,
187: 1, 4, 11, 19, 26, X1, 101, 389, 480,
188: E, 1E,
189: 8, 13, 27, 30, 38, 48, 80, 108, 160, 923,
18X: 1, 2, 6, 11, 12, 23, 47, 60, 110, 117, 2EX, 328,
18E: 1, 6, 7, 205, 212, 275, 336, 342, 421, 55X, 727,
190: 1, 4, 5, 8, 10, 35, 58, 89, 162, 468, 541, 58X, 851, 98X,
191: 7, E, 12, 18, 1X, 154, 23X, 264,
193: 4, 5, 18, 19, 34, 56, 65, 208, 320, 370, 4X6, E3E, EX5,
194: 3, 5, 7, 11, 19, 2E, 33, 65, 95, E1, 267,
195: 1, 4, 6, 8, 12, 26, 38, 46, 102, 189, 296,
196: 6, 36, 3E, 66, 72, 86, 5X7,
197: 34, 880,
198: 1, E, 13, 19, 95, 191, 258, 2X1, 394, 738, 937,
199: 7, 17, 2E, 37, 47,
19X: 6, X, 12, 8X, 129, 256, 416,
19E: 2, 10, 40, 48, 87, 117, 483, 530,
1X0: 1, 4, 8, 18, 21, 33, 177, 224, 828, X70,
1X2: 1, 2, 3, 6, 9, 13, 36, 173, 177,
1X3: 1, 2, 4, 5, 8, 25, 28, 72, X8, 332, 464, 488, 524, 5E1,
1X4: 3, 4, 7, 16, 3X, 57, 67, 10X, 130, 17E, 196, 2EX, 477,
1X5: 5, 8, 80, 153, 19E, 244, 354, 453, 973,
1X6: 5, 9, 10, 11, 21, 3E, 41, 51, 97, X8, X9, 143, 151, 251, 328, 449, 7E8, 873, 890, EX7,
1X7: 1, 2, 9, 26, 36, 46, 146, 2E1, 441,
1X8: X, 18, 20, 26, X4, E6, 21X, 316, 382, 3X2,
1X9: 4, 6, X, 26, E0, 14X, 510, 574,
1XX: 3, 5, E, 113, 7X3,
1XE: 1, 6, 10, 2X, 3E, 46, 50, X1, 191, 226, 587,
1E1: 1, 2, 6, 8, 20, 66, 108, 140, 188, 345, 3E2,
1E2: 2, 3, 4, 6, 8, 14, 36, 56, 8X, 197, 254,
1E3: 1, 14, 28, 31, 334, 437, 480,
1E4: 1, 3, 5, 7, 8, 9, 1X, 32, 43, 1E0, 457, 489, 65X, X6E,
1E5: 1, 3, E, 22, 61, 2E5, 61E, 79E, E8E,
1E6: 6, X, 20, 34, 74, X5, 13X, 1E9, 5EX,
1E7: 2, 6, 14, 22, 30, 3E, 52, X4, E2, 173, 2XE, 400, 484, 8X4, 918, E94,
1E8: 1, 5, 7, 8, 40, 71, 78, 108, 268, 450, 960, E10,
1E9: 2, 4, 58, 60, X0, 1EX, 262,
1EX: 2, 7, 12, 22, 37, X2, 172,
200: 3, 7, E, 3X, 43, 47, 54, 282, 83E,
201: 1, 3, 65, 177, 357, 399, 493,
202: 2, 12, 19, 66, 190, 192, X43,
203: 1, 2, 3, 7, 19, 45, 61, 66, 73, E3, 279, 289, 519, 521, 755, X82,
204: 26, 61, E6, 109, 11X, 29X, 364, 606,
205: 8, 1E, 48, 66, EEX,
206: 1, 4, 8, E, 17, 20, 35, 198, 3EE, 497, 635,
207: 1, 9, 14, 22, 25, 51, 69, 79, E4, 107, 738,
208: 3, 5, 43, 46, 103, E05,
209: 2, 8, X, 10, 19, 4X, 54, 140, 186, 310,
20E: 4, 7, 8, 17, E1, 198, 691, 791, E70,
210:
211: 23, 29, X6, 715,
212: 1, 2, 5, 21, 505,
213: E, 10, 480,
214: 34, 64, 80, 330, 428, 430,
215: 1, 7, 11, 12, 19, 115, 2X2, 5XE,
216: 1, 6, 7, 16, 22, 3X, 117, 13X, 761,
217: 2, 3X, 6X, 170, 606, 7E2,
218: 2, 4, 12, 18, 53, 13E, 164, 76X, 787,
21X: 1, 3, 11, 15, 29, 35, 8E, 99, E9, 1X5,
21E: 16, 36,
220: 2, 9, 68, 832,
221: 3, 37, 103, 377,
222: 1, 7, 8, 37, 217, 2XE, 967,
223: 1, 8, 35, 41, 75, 91, 141, 38E, 848,
224: 2, 3, 71, X2, 19X, 342, 721, 923,
225: 1, 4, 5, 9, 14, 2X, 31, 80, 181, 704,
226: 3, 4, 8, 40, 43, 6E, X0, 128, 130, E48,
227: 3, 7, 8, 13, 27, 260, 267, 48E, 858, 865, E70,
229: 1, X, 15, 52, 121, 33X,
22X: 1, 4, 10, 31, 40,
22E: 2, 4, 7, 18, 1E, 23, 53, 11E, 503,
230:
231: 3, 4, 5, 6, E, 16, 28, 2E, 38, 40, 95, 132, 172, 272, 415, 41X, 51E, 6E3,
232: 1, 3, 93, 113, 219,
233: 1, 2, 8, X, 2X, 38, 90, E2, 148, 216, 264, 380, 738,
234: 4, 6, 8, X, 17X, 182, 440, 66E, 718, X17,
235: 1, 4, 11, 24, 33, E3, 203, 313, 315, 361, 800, 927, 9E0,
236: 13, 44X,
238: 2, 14, 15, 29, 4X, 66, 96, E0, E6, 124, 188, 1E0, 205, 610,
239: 2, 7, 17, 47, 50, 66, 408, 773, 973,
23X: 1, 3, 21, 47, 157, 348, 413,
23E: 1, 2, 4, 6, 12, 1X, 28, 47, 4X, E6, 102, 22X, 24X, 55X, 786, E84,
240: 2, 3, 7, X, 4E, 1E2, 452,
241: 2, 8, X, 14, 12X,
242: 3, 6, 34,
243: 3, 19, 23, 279, 303, X35,
244: 1, 3, 10, 50, 66, 139, 1X8, 347, 405, 772, 951,
245: 1, 2, X, 37, 1XX, 207, 4X7,
247: 2, 4, 64, E2, 132, 26E, 387, 578, 5EX, 674,
248: 1, 7, 1E, 88, EE, 9E1, X07,
249: 1, 3, 5, 6, 10, 20, 39, 57, 63, 104, X4X,
24X: 2, 35, 3X, 69, 79, 122, 239, 315, 3E3, 3E5, 543,
24E: 18, 71, 3E1,
250: 2, 7, 13, 83, 163, 6X4,
251: 21, 41,
252: 10, 14, 24, 2X, 100, 184, 230, 290, 314, E0X,
253: 1, 2, 3, 5, 12, 13, 43, 52, 87, 157, 205, 24E, 567, 70E,
254: 9, 25, 41, 51, 131, 391, 575,
256: 10, 11, 53,
257: 1, 3, 7, 11, 27, 41, E9, 20X, 260, 2E9, 307, 340, 503, 70X, 806,
258: 1, 2, E, 11, 111, 121, 2X1, 37X, 38E,
259: 1, 2, 39, 66, 84, 141, 149, 378, E01,
25X: 2, 4, 8, 72, 83, 87, 93, 112, 132, 1XX, 20E, 3X4, 4E7, 60E,
25E: 3, 4, 5, 7, 10, 1E, 79, 9E, 103, 105, 621,
260: 2, 4, 18, 22, 32, 64, 1EX, 2X4, 725,
261: 5, 11, 63, 153, 263, 277, 821,
262: 2, 8, X, 32, 6X, X2, 271, 329, 511,
263: 12, 20, 34, 3X, 4X, 92, E8, 1E0, 342, 804, 976,
265: 3, 23, 27, XE, 127, 667,
266: 1, 3, 9, 31, 33, 35, 66, 87, 89, 13X, 147, 283, 32E, 36X, 3X3, 57X, 601,
267: 8, 9, 10, 16, 4X, 64, 68, 168, 302, 778, 919, 9XX,
268: 6, 20, 30, 546,
269: 8, 24, 33, 140, 200, 8X0, 8E4,
26X: 2, 4, 5, 17, 1X, 4X, 4E, E6, 171, 24X, 274, 455, 886,
26E: 1, 27, 32, 55, 61, 67, 72, 65X, 691, 711, 791, E33,
270: 1, 9, 28, 468, 605, 635,
271: 1X, 23, 67, 9X, 250, 28X,
272: 3, 4, 5, 1E, 23, 25, 94, 185, 220, 429, 700, EE0,
274:
275: 1, 2, 38, 42, 68, 80, 81, 184,
276: E, 13, 57,
277: 1, 111, 137, 234, 47E, 877, E37,
278: 4, 7, 13, 14, 1X, 21, 25, 2E, 67, 74, 8E, 23E, 524, 624, 814,
279: 3, 5, X, E, 12, 23, 39, 53, 85,
27X: 1, 5, 39, 46, 49, 210, 265,
27E: 3, 18, 94, 134, 173, 380, 5E0, EX7,
280: 5, E, 10, 24, 6E, 157, 1E4, 827,
281: 2, 3, 4, 5, 9, E, 12, 16, 29, 31, 58, 69, 6X, 87, 92, 106, 368, 36X,
283: 1, 4, 15, 3X, 46, 55, 349, 979,
284: 2, 4, 16, 23, 50, 90, 252, 27E,
285: 8, 248,
286: 1, 10, 12, 103, 184, 1E7, 563, 592, X72,
287: 1, 5, 11, 7E, E7, 17E, 2XE, 50E, E85,
288: 1, 4, 6, 8, 11, 18, 58, X0, X6, 1E0, 206, 219,
289: 2, 4, 8, 1X, 224, 244, 702,
28X: 3, 4, 3E, 1X0, 647, 984,
28E: 6, 1E, 38, 3E, 42, 52, 56, 108, 478, 5E2,
290: 1, 3, 5, 17, 57, 65, 67, 93, 105, 451, 825,
292: 7, 8, 22, 28, 2X, 52, 56, 64, 72, 87, 167, 39X, 582, 688, 74E,
293: 1, 10, 13, 15, 47, 5E, 60, 78, 84, 89, 98, X1, 301, 769,
294: 1, 3, 7, 11, 31, 255,
295: 3, 16, 26, 35, 36, 63, X3, 12E, 1X6, 307, 4X6, 93X,
296: 6, 8, 12, 364, 400, 770,
297: 2, 8, E, 10, 23, 38, 156, 202,
298: 3, 13, 371, 757,
299: 11, 21, 28, 64, EE, 170, 7E8, 801, 890,
29X: 1, 11, 1X, 29, 2E, 33, 4E, 61, 81, 18X,
29E: 5, 9, 35, 49, 59, 8X, 1XX, 365, 379, 4XX,
2X1: 3, 29, X9, 499,
2X2: 1, 3, 9, 48, 75, 99, 123, 173, 197, 3EE,
2X3: 1, 2, 3, 7, 9, X, 39, 97, 26X, 411, E56,
2X4: 1, 5, 6, 16, 31, 74, 80, 12X, 1EX, 4X0, X24,
2X5: 2, 3, E, 28, 52, 220, 444, 626, 7X8,
2X6: 1, 28, 75, 147, 347, 615,
2X7: 6, 36, 54, 84, XX, 210, 26X,
2X8: 3, 5, X, 23, 4X, 9X, 245, 275, 295, 789,
2X9: 1, 11, 165,
2XX: 8, 10, EX, 372, 614,
2E0: 1, 5, 6, 8, X, 52, E31,
2E1: 1, 2, 3, 5, 1X, 69, 809,
2E2: 4, 10, E1, 105, 186, 605,
2E3: 3, 4, 6, 13, 18, 1X, 3X, 3E, 54, 60, X3, 304, E1X,
2E4: 1, 10, 11, 19, 230, 3E8, 63E, 733, 753,
2E5: 1, 14, 21, 56, 59, 253, 620, 641, 959, E14, EE4,
2E6: 2, 5, 22, 2E,
2E7: 2, 12, 21, 30, 56, 90, 806, 964,
2E8: 2, 14, 302,
2E9: 1, 23, 2E, 40, 91, E7, 235,
2EE: 1, 3, E, 42, 125, 517, 6X3, E0E,
300: 2, 8, 120, 5X6,
301: 2, 4, 7, 16, 94, 104, 13E, 19X, 348, 462, E28,
302: 4, 5, 14, 15, 53, 57, 264, 294,
303: 2, 4, 9, 11, 18, 25, 5X1, 6E5, 732, 84E,
304: 1, 16, 41, 66, 6E, 7X, 246, 85E,
305: 2, X, 10, 128, 1XX, 272, 369, 470, 755,
306: 17, 392,
307: 8, 11, 27, 170, 333,
308: 1, 10, 38, 52, 78,
30X: 1, 2, 5, 11, 14, 93X, X55,
30E: 3, E, 37, 47, 93, E3, 177, 593,
310: 5, 35, 59, X0, X3,
311: 8, 19, 28, 2E, 42, 50, 7E, 133, 175, 838,
312: 1, 2, 12, 71, X2, X7, 936,
313: 5, 21, 46, 64, X4, EX, 316, 332, 33X, 4X1, 835,
314: 3, 6, 1E, 140, 4X8, 702,
315: 1, 3, 8, 17, 27, 47, 48, 751, E53,
316: 1, 4, 5, 11, 41, 4E, 67, 6E, X5, 107, 620, X05,
317: 3, 5, X, 13, 105, 10E, 129, 456, 529, 753,
319: 3, X, 28, 47,
31X: 18, 80, 134, 8X8,
31E: 2, X, 36, 20E, 694,
320: 1, E, 11, 1E, 25, 77, 1E3, 20E,
321: 1, 9, X, 14, 29, 34, 539,
322: 2, 23, 30, 4E, 52, 1X8, 280,
323: 1, 9, 25, 41, 69, 77, 559, X27,
324: 1, 2, 3, 4, X, 1X, 22, 34, 41, 48, 6X, 462, 911,
325: 1, 2, 6, 12, 16, 367, 67X, 931, X45,
326: 5, 15, 20, 24, 30, 38, 89, 204, 514,
328: 3, 4, 9, E, 40, 74, 239,
329: 2, 3, 6, X, E3, 27X, 353, 392, 70E,
32X: 1, 2, 5, 7, 12, 15, 23, 42, 6E, 151, 263, 301, 331, 566, 756,
32E: 2, 18, 30,
330: 2, X, 10, 26, 236, E88,
331: 7, E, 21, 35, 61, 145, 18E, X67,
332: 1, 2, 7, 1X, 1EX, 27E, 3E3, 84E, 864,
333: 1, 15, 1X, 35, 95, 157, EX1,
334: 2, 4, 5, 14, 1X, 42, 248, 328, XXX,
335: 2, 6, 18, 26, 46, 53, 68, 128, 138, 17E, 552,
337: 2, 6, 7, X, 1E, 21, 5X, 80, 94, X7, 21X, 238, 294, 510, 7X4,
338: 1, 2, 5, 12, 1X,
339: 2, 5, 8, 11, 422, 435, 472,
33X: 3, 1X, 2E, 97, 116, 210,
33E: 8, 14, 18, 34, 53, 6E, 100, 305,
340: 2, 10, 26, 710,
341: 2, 3, 22, 27, 37, 72, 113, 126, 1E2,
342: 1, 201,
343: 3, 4, 13, 20, 74, 120, 146,
344: 1, 3, 5, 7, 11, 19, X3, 539, 5E7, 865,
346: E, 19, 4E, 15E, 2E5, 533, 565, X62, E72,
347: 1, 6, 10, 16, 32, 92, 122, 162,
348: 2, 6, 10, 22, 2X, 40, 78,
349: 1, 8, 15, E1, 118, 1E4, 571, 6E5,
34X: 1, 5, 7, 21, 31, 35, 39, 3X, 53, 61, 127, 133, 142, 444, 863,
34E: 7, 1X, 1E, 3X, 912,
350: 1, 15, 175, X40,
351: 2, X, 14, 46, 80, XX, E6, 414, 4X6, 4XX,
352: 1, 5, 11, 13, 15, 19, 61, 75, 81, 1X9, 275, 901,
353: 1, 3, 17, 23, 77, 293, 977,
355: X, 86, E6, 14X, X14, X24,
356: 2, 3, 8, 22, 52, 93, 434,
357: 1, 11, 39, 63,
358: 2, 8, 18, 19, 28, 29, 96, E4,
359: 1, 5, E, 11, 13, 19, 25, 29, 99, 139, 176, 20E, 976,
35X: 2, 10, 18, 26, 3X, 38X, 3E8, 442,
35E: 2, 7, E, 12, 18, 116, 17E, 340,
360: 1, 3, 4, 5, 8, 14, 19, 1E, 21, 115, 141, 333, 4X3,
361: 2, 5, 29, 58, 521, 681,
362: 6X, 756,
364: 3, E, 13, 47, 83, 18E, 4E3, 8X3,
365: 7, 10, 29, 50, 87, 89, 200, 3E0, 417, 661, 721,
366: 4, 6, 22, 26, 36, E4, 2X4,
367: 1, 2, 6, 7, 9, X, 16, 1X, 21, 2X, 33, 53, 66, 67, 92, X9, EE, 126, 517,
368: 1, 2, 4, 12, 38, 3X, 145, 274,
369: 3, 26, 8X, 18X, 30X, 324, 73X,
36X: 5, 28, 2E, 48, 6E, 48E, 495, 7X5, 825,
36E: 2, 8, 30, 39, 63, 67, 145, 22E, 375, 7X0,
370: 3, 6, 36, 42, 83, 102, 1X6, 50X, 701, 856, E23,
371: 1, 4, 6, 16, 20, 72, 100, 195, 2X8, 420, X25,
373: 4, 28, 114, 584,
374: 11, 26, 53, 256, 307, 326, 345, 50E,
375: 3, 19, 1X9, 383,
376: 1, 2, 56, 185, 212, 405, X40,
377: 27, 2X, 63, 137, 2E2, 30X,
378: 1, 5, E, 45, X8, 19E, 23E, 477, X55,
379: 1, 3, 7, X, 17, 29, 3X, 51, 67, 103, 108, 109, 381, 397, 468, 60X, 667,
37X: 1, 2, 3, 5, X, 11, 25, 67, 73, 9X, 9E, 10X, 232, 311, 475, 59X, 88E,
37E: 1, 4, 6, X, 2X, 4X, 90, 18X, 24X, 649, 7E9, 819, 920,
380: 2, E, 18, 34, 53, 2EX, 592, 89E,
382: 1, 3, 4, X, 16, 28, 44, 81, 101, 113, 159, 224, 948,
383: 2, 6, 7, 12, 17, 37, 42, 87, 101, 125, 126, 176, 362, 572, 592, 60E, 802, 9E2,
384: 2, 4, 70,
385: 8, 12, 13, 1X, 52, 103, 107, 162, 1XX, 1EE,
386: 551, X25,
387: 4, 35, 93, 2EE, 319, 3E5, 5E6, 678,
388: 13, 16, 42, 59, 77, 139, 166, 427, 557,
389: 6, 11, 6X, 224, 256, 2E2, 34X, 82X,
38X: 2, 10, 110,
38E: 4, E, 10, 40, 743,
391: 1, 5, 26, 35, 67, 75, 14E, 256, 27X, 33X, 655, X35,
392: 8, X, 14, 44, 72, 139, 1X9,
393: 2, 10, 13, 17, 52, 58, 78, 38E, 427, 886, EE6,
394: 3, 7, 71, E8, 1X4, 277, 448, 519, X21,
395: 2, 6, X, 38, 734,
396: 1, 2, 1X, 37, 42, 7X, 223, 315, 377, 46E,
397: 1, 9, 95, 331, E79,
398: 3, 6, 10, 1E, 24, 77, 83, 22X, 3E4, 47X, 596,
399: 3, 5, E, 10, 23, 28, 48, 284, 419, 745,
39X: 1, 7, 11, 15, 20, 2E, 38, 68, XE, 100, 14E, 208, 6X1, 960,
3X0: 141, 1X2, 581,
3X1: 2, 4, 1E, 27, 34, 157, 1E7, 4X4, 567, X60, EE7,
3X2: 7, E, 11, 14, 27, 73, 135, 283, 94E, X54,
3X3: 1, 5, 9, 13, 27, 37, 77, 166, 444, 70E,
3X4: 5, 6, 15, 22, 25, 6E, 72, 102, 289, 69E, 702, 722,
3X5: 2, 5, 12, 28, 29, 30, 32, 46, 66, 85, 95, E05,
3X6: 10, 1X, 34, 44, 74, 156, 226, 384,
3X7: 4, 10, 30, 7E, 104, 118, 8X0,
3X8: 1, 25, 31, 41, 67, XE, 183, 847,
3X9: 2, 3, X, 11, 39, 82, 395, 5E3,
3XE: 2, 4, 6, 26, 32, 90, 9X, E2, 148, 1X4, 200, 31X, 946,
3E0: 3, 7, 13, 43, 115,
3E1: 1, 2, 9, 13, 20, 5X2, 660,
3E2: 1, 5, 6, E, 12, 16, 82, 8E, 91, 111, 267, 30X, 422, 591,
3E3: 1, 2, 10, 25, 26, 32, 39, 40, 101, E41,
3E4: 7, 44, 53, 253, 733,
3E5: 1, 40, 45, 64, 70, 75, 151, 204, 4E7,
3E6: 3, 4, 5, E, 28, 3E, 43, X3, 13X, 190, 1E4, 354,
3E7: 2,
3E8: 1, 9, 16, 2X, 31, 38, 44, 100, 33X, 910,
3EX: 3, 4, 8, 9, 20, 27, 74, 85, X5, 183, 209, 273, 50E, 817,
3EE: 1, 2, 7, X, 14, 18, 1X, 6X, 77, X8, 433, 693, 782, 78E, 89X, EX3,
400: 1, 3, 11, 17, 163, XE7,
401: 5, X, 56, 65, 80, 94, X6, 164, 216, 256, 536, 590,
402: 2, 6, 43, 493, 608,
403: 1, 10, 24, 34, E0, 107, 2E7, 431, 5E0,
404: 1, 5, 8, E, 10, 14, 75, 92, 127, 146, 1E4, 202, 857, X92,
405: 1, 2, 5, 1E, 26, 67, 16E,
406: 1, 9, 11, 14, 19, 21, 32, E9, 112, 191, 301, X48,
407: 4, E, 10, 2E, X7, 337, 393, E56,
409: 1, 2, 8, 12, 17, 25, 2E, 50, 51, 81, XE, 132, 177, 276, 2E1, 337, 750, X95,
40X: 7, 11, 857,
40E: 1, 11, 21, 25, 30, 68, E1, 108, 110, 150, 174, 700, 776, X12,
410: 62, 172, 398, 73X, 946, E4X,
411: 5, E, 15, 43, 67, 9E, 128, 207, 244,
412: 1, 4, 7, E, 14, 2E, E7, 201, 22X, 65E,
413: 2, 12, 36, 89, 183, 19X, 246, 9X6,
414: 1, 2, 6, 11, 30, 42, 58, 59, 238, 242,
415: 3, 7, 13, 14, 18, 26, 63, 158,
416: 1, 10, 307,
418: 1, 9, X, 11, 21, 35, 3E, 401, E1X,
419: 6, 2X, XX, 1E4, 35X, 520,
41X: 2, 3, 4, 6, 8, X, 24, 76, 100, 283, 2E3, 310, 613, 760, XE0,
41E: 1, 19, 23, 37, 59, 7E, 15E, 1E5,
420: 2, 3, 32, 49, 58, 109, 132, 158, 182, 290, 8E8,
421: 1, 7, X, 12, 57, E2, 24X, 456, X26,
422: 5, 6, 8, 34, 60, 80, 305, 352, 4X6, 572, 58X, 5E0, 936,
423: 3, 8, 13, 34, 53, 54, 84, X7, 533, 622, 982,
424: 1, 5, 67, 83, 97, 214, 251,
425: 2, 52, 66, 7X, 84, 153, 174, 23E, 308,
427: 1, 2, 6, 11, 1X, 20, 28, 31, 42, 7X6, E51,
428: 18, 36E, 397,
429: 1, 4, 5, 38, 58, 91, X4, 151, 208, 328, 464, 614,
42X: 4X, X2,
42E: 1, X, 15, 107, 195, 40X, 476, 63E, 96X,
430: 5, 125,
431: 3, 12, 13, 63,
432: 3, 14, 30, 37, 91, 399, 589,
433: 16, 1E, 920,
434: 5, X, 13, 16, 35, 7E, 189, 193, 1X2, 976,
436: 3, 4, 10, 17, 30, E6, 22E, 256, 316, 47E, 627, 894, 9XE,
437: 3, 40, 7E, 1X8, 263, 545,
438: 3, 7, 9, 20, 27, 53, 67, 96, 99, X0, E7, 413, X38,
439: 1, X, 16, 61, 79, 7X, 142, 361, 7X9,
43X: 2, 6, 11, 2X, 71, 446, 89X, 8E4, E22,
43E: 22, 56, EX, 146, 1X8, 276,
440: 1, 5, 7, 9, 19, 23, 45, 16E, 445, XE8,
441: 1, 3, 5, 72E, 7E7, 863,
442: XX, E16,
443: 1, 15, 35, 95, E1, 241, 492, 831,
445: 1, 4, 11, 18, 2E, 35, 127, 184, 588, XE7,
446: 1, 3, 8, X, 11, 15, 1E, 21, 26, 63, 64, 229,
447: 2, 5, E, 13, 27, 2X, 97, 242,
448: 1, 15, 20, 3X, 150, 190, 2X4, 335, 344,
449: 2, 3, 8, 13, 14, 32, 4X, 122, 223, 72X, 873, X8X,
44X: 1, 3, 5, 15, 23, 27, 90, 91, E0, 161, 3X1, 4EE,
44E: 4, 6, 12, 72, 80, 126, 144, 16X, 292, 546, 8X0, X09,
450: 2, 222, 416,
451: 1, 5, 11, 268, 388, 549, 578,
452: 3, 13, 33, 5E, 737,
454: 3, 4, X, 16, 19, 23, 30, 106, 120, 15X, 184, 983,
455: 1, 5, 7, 9, 12, 16, 1E, 33, 203, 7XE, E01,
456: 1, 6, 9, 12, 16, 19, 28, 46, 49, 5X, 268, 330, 57X, 918,
457: 1X, 34, 47, 5E, 72, 74, 82, 124, 272, 308, 58X, 780, E38, EXX,
458: 1, 3, 4, 7, 10, 29, 30, 40, 48, X1, 313, 345, 45E,
459: X, 54, 67, 141, 58E, 687, 955,
45X: 5, 13, 1X, 5E, 99, 465, 623,
45E: 395,
460: 13, 1E, 170, 298, 868, 967,
461: 8, 14, 34, 854,
463: 5, 15, 17, 45, 295, 859,
464: 1, 2, 4, 1X, 24, 25, 28, 35, 49, 61, 148, 462,
465: 3, 26, 2X, 57, 64, 87, 17E, 9X7,
466: 5, 9, 13, 23, 34, 43, 50, 129, 320, 645, 904,
467: 3, 7, 17, 27, 30, 82, 137, 297,
468: 2, 6, 123, 311, 333, 467,
469: 1, 26, 72, 85, E5,
46X: 6, X, 12, 2X, 37, 54, 157, 252, 274, 677,
46E: 1, 3, 4, 5, 9, 11, 17, 28, 127, 133, 195, 208, 894,
470: 1, E, 37, 73, 306, 313, 675,
472: 2, 338,
473: 2, 7, 12, 16, 26, 32, 40, 46, 76, 90, 116, 1E3, 238, 393, 808,
474: 25, 335, 525,
475: 4, 7, 8, 13, 14, 16, 17, 1X, 38, 4E, 68, 7E, 83, E5, 148, 16X, 1X4, 275, 27E, 2E7, XE1,
476: 3, 5, 13, 21, 41, 5E, 767,
477: X, 15, 19, 25, E5, 105, 161, 179, 231, 3X4,
478: 6, 3X, 63, 12X, 13E, 232, 386, 73X,
479: 3, 9, 30, X8, 160, 167, 2X5, 61E, 7X5,
47X: 1, 2, 3, 6, 10, 13, 18, 24, 29, 2X, 34, 3X, 72, 839, 979, X94,
47E: E, 32, 3E, 10E, 296,
481: 2, 3, EE, 122, 143, 502, 5EX, 672, 76X, 7E8, 862, 923,
482: 1, 3, 10, 14, 31, 33, 2X4, 350,
483: X, 24, 52, 104, 280, 3EX,
484: 1, 11, 29, 31, 3E, 4E, 355,
485: 1, 41,
486: 4, X, E, 14, 28, 4X, 64, 76, 117, 124, 200,
487: 1, 15, 18, 24, 49, 58, 75, X9, 210, 218, 379,
488: 2, 3, 5, X, 1X, 2E, 4X, 74, 85, 97, 11E, 18X, 1X5, 213, 443, 997,
489: 1, 3, 6, 3E, XE, 36X, 541, EXX,
48X: 2, 4, 6, 10, 19, 45, 48, 50, 56, 86, 132, 210, 240, 368,
490: 33,
491: 1, 2, 5, 45, 64, 744,
492: 1, 1X, 21, 25, 46, 47, 87, X3, XX, 167, 801, 912, E66,
493: 1, 2, 4, 41, 71, X5, E2, 995,
494: 6, 2X, 56, 120, 350,
495: 3, 4, 14, 25, 2E, 50, 293, 505, X8E,
496: 49, 67, 99, X7, 1X1,
497: 1, 3, 19, 9X, 121,
498: 16, 78, 145, 18X, 240, 402, 7EX,
499: 4, 6, 12, 2E, 97, 106, 182, 1E2, 2E3, 9E7, E4E,
49E: 3, 11, 17, 25, 2E, 30, 1EE, 213,
4X0: 1X, 26, 59, 316,
4X1: 1, 11, 52, 55, X2, X6, 951,
4X2: 2, 162, 303, 427,
4X3: 1, 17, 18, 1E, 28, 105, 231, 280, 71E, 81E,
4X4: 2, 4, 2X, 42, 55, 67, 121, 1E3, 4E1, 505, 576, 770, 856,
4X5: 2, 32,
4X6: 1, 21, 35, 61, XX, 174, 465, 4X5,
4X7: E, 24E,
4X8: 1, 27, 2E, 91, 178, 417, 633,
4XX: 2, 11, 12, 6X, EX, 116, 17X, 7E1, E52,
4XE: 2, 6, 12, 22, 38, 61, 114, 246, 321, 730,
4E0: 12, 64, 92,
4E1: 7, 9, 10, 15, 17, 6E, 94, E0, 119, 194, 274, 863,
4E2: 5, 9, E, 16, 19, 35, E3, 536,
4E3: E, 22, 25, 55, 56, 106, 336, E66,
4E4: 1, 10, 11, 12, 72, 9X, 449,
4E5: 4, 7, 46, 47, 67, 76, 9E, 14X, 16E, 1XE, 206, 21X, 337, 346,
4E6: 28, 330, 498,
4E7: 18, 307,
4E9: 5, 22, 42, 129, 2E6, X14,
4EX: 2, 3, E, 13, 16, 27, 37, 43, 102, 160, 168, 24E, 948,
4EE: 1, 8, 37, 43, 259, 3E7,
500: 4, 12, 17, 18, 35, 104, 132, 255, 337, 355, 438, XE2,
501: 1X, E7, 285, 395, 9E2, E7E,
502: 1, 2, 4, 9, 42, 5X, 68, 69, 72, 74, 10X, 139, 158, 16X, 191, 25X, 82X,
503: 3, X, 33, 107, 193, 307, 44E, E17,
504: 3, 4, 9, 20, 25, 59, 170, 1X8, 308,
505: 1, 2, 3, 6, 12, 1E, 52, 58, E0, 1XE, 2EE, 372, 4E3, 822,
506: 2, 3, X, 187,
508: 2, 6, 7, 10, 12, 18, 23, 54, 10X, 138, 147, 26X, 280, 626, 8E8, 940,
509: 1, 17, E1, 42E,
50X: 4, 6, 10, 84, 10X, 493, X50,
50E: 2, 5, 9, 1X, 25, 7E, 93, 12X, 172, 239,
510: 1, 2, 5, 8, 25, 55, E8, 122, 135, 375, 379, 572, 6E5,
511: 6, 8, 590, E08,
512: 1, 8, 10, 11, 14, 24, 27, 281, 294, 601, 694,
513: 1, 3, 6, 9, 12, 14, 20, 22, 42, 4X, 7X, 163, 183, 212, 475,
514: 1, 2, 3, 12, 229,
515: 11, 14, 16, 34, 35, 410,
517: 1, 7, 9, 10, 65, 183,
518: 4, 8, 10, 16, 44, 98, E8, X20, X2X,
519: 2, 5, 7, 25, 26, E1, 105, 19E, 277, 445, 8E7,
51X:
51E: 3, 32, 9X, X4, 24X, 4E2,
520: 5, 7, E, 14, 1E, 43, 44, 53, 123, 231, 5X5, 775,
521: 2, 10, 15, 18, 22, 52, 58, 59, 9E, E4, 153, 23X, 676, 929,
522: 1, 23, 93, 157, 4E5, 5X5, 859,
523: 1, 16, 32, 38, 99, E6, 110, 1X9, 4E6, 602, 969,
524: 4, 6, 140,
526: 1, 2, 4, 7, 12, 13, 18, 28, 29, 17X, 408, 417, 699,
527: 1, 3, 5, 6, 7, X, 21, 39, 51, 7E, 156, 15E, 191, 207, 246, 6XX, 847, X67, E55,
528: 2, 65, 100,
529: X8, 100, 378, 758,
52X: 3, 14, 17, 28,
52E: 1, 15, 25, 5E, X7, 315, 36E,
530: 2, 3, 6, 7, E, 27, X7, 193, 1E6, 256, 2XX, 7E7, X22,
531: 4, 8, 21, 18X, 1X4, 201, 585, 5EX, EEX,
532: 4, 17, 1E, 43, 56, 64, 140, 487, E43,
533: 5, 14, 20, 24, 30, 3E, 60, 68, 354, X98,
535: 2, 3, 11, 1X, 22, 23, 41, 72, 77, 103, 137, 3X1,
536: 4, 4X, 76, X4, E1, 142, 171, 195, 1E0, 2E4, 942,
537: 3, 30, 4E, 57, 5E, EX, 31X, 74E,
538: 3, 4, 13, 38, 43, 7E, 83, 93, 157,
539: 3, 4, 7, 11, 19, 23, 46, XE, 184, X36,
53X: 1E2, 652, 85X,
53E: 1, 5, 9, 10, 15, 39, E0, 165, 579,
540:
541: 1, 14, 95, 114, 200, 714,
542: 1, 2, 3, 13, 25, 45, 49, 85, 91, 106, 315, 512, 526,
544: 10, 20,
545: 3, 6, 16, 1X, 2E, 43, 202, 3E4, 728,
546: 18, 19, 99, XE, 471, 66E, 789, 969, 9XE, E1E,
547: 2, 3, X, 11, 14, 210, 213, 259, 292, 297, 572,
548: 1, 5, 46, 185, 22X, 337, 546, 83E,
549: 1, 12, 18, 61, 99, 198, 305, 705, 919, XX1,
54X: 2, 4, 8, 94, 12X, 22E, X47,
54E: 4, 64,
550: 5, 8, 13, 32, 39, 9X, 65E,
551: 1, 13, 17, 33, 83, 87, 19E, 1X7, E37,
553: 12, 24, 34, 6X, 77, X2, 112, 126, 992, 99X, XE8, E10,
554: E, 37, 101, 60E, X13,
555: 1, 2, 5, 14, 18, 124, 138, 14X,
556: 1, 1X, 21, 47, 7X, 105, 14X, 371, 757,
557: 2, 5, 9, 15, 18, 1X, 65, E8, 120, 166, E2X,
558: 6, 8, 50, 163, 307, 552, 583,
559: 1, 20, 44, 399, EE0,
55X: 1, 2, 5, 15, 18, 61, 62, 7E, X5, 14E, 1EE, 208, 36E, X17,
55E: 1, 2, 13, 29, 49, 53, 119, 326, 593, 689, 692, 712, 876,
560: 12, 1X, 48, 154,
562: E, 4E, 65, 95, 279, 503,
563: 1, 2, 6, 9, 12, 2X2, 758, 852, 8X1, 975,
564: 1, 7, 9, 12, 52, 63, 181, 26X, 537, 576, 676, E62,
565: 4, 6, X, 24, 36, 1X6, 224, 2E4, XE0,
566: 3, 6, 7, E, 2X, 32, 56, 76, X6, 11X, 172, 223, 522, 992,
567: 1, 3, 7, E, 14, 21, 5E, 198, 309,
568: 7, 17, 1X, 53, EX, 21E, 283,
569: 2, 5, 26, 42, 46, 9E, 113, 133, 49X, XX3,
56X: 1, 5, 11, 18, 41, 81, X1, E5, 135, 385, 389, E62,
56E: 2, 3, 8, X, 26, 42, 74, 9X, 146, 188, 2E6,
571: 4, 6, 10X, 204, 8X6,
572: 2X, 59, E95,
573: 5, 9, 105, 329,
574: 2, 3, 12, 2E, 6E, 200, 263,
575: 3, 10, 19, 311, E39,
576: 1, 2, 3, 13, 1X, 52, 72, 136, 594, 718, 920,
577: 5, 7, 181, 237, 257,
578: 1, 2, 4, 9, 18, 21, 30, 70, 1E5, 2X1, 529,
579: 2, 4E,
57X: 1, 3, 7, 1E, 25, 31, 33, 153, 1X1, 245, 3E4, 589, 597,
580: 1, 2, 5, 11, 12, 16, 26, 4E, 167, 337, 606,
581: 1, 4, 9, 12, 3X, 130, 164, 539, 649, 742, 829,
582: 8, 58, 6X, 82, 98, 224, 294, 66X, 784,
583: 3, 4, 8, 9, 11, 1X9, 1XE, 228, 290, 413, 729, X45,
584: 1, 11, 13, 43, 53, 121, 387,
585: 1, 3, 9, E, 3X, 45, EE, 139, 403, 585, 749,
586: 4, 9, X, 14, 1X, 122, 17X, 212, 508, 529, 676, 746, 829, 935,
587: 8, 57, 58, 346, 487,
588: 1, 44, 74, 130, 1X1,
589: 2, 4, X, 10, 30, 58, EE, 210, 220, 3X4, 518,
58E: 1, 2, 4, 8, 34, 38, 128, 1X8, 2X4, 3XX, 3E1, X5X,
590: 3, 47, 11E, 487, 677, E90,
591: 3, 8, 18, 123, 314, 6E0,
592: 6, 19, 30, 50, 126, 211, 218, 279, 532, 579, 880,
593: 226,
594: 4, 5, 14, 7X, 131, 190, 29X, 371, 721, E41,
595: 17, 37, 67, 15E, 163,
596: 1, 3, 8, 35, 4E, 75, 221, 2E8, 883,
597: 4, 5, 11, 97, X5, 110, 231, 351,
598: 2, X, 16, 25, 26, 35, 5X, 76, 83, X6, XX,
59X: 2, 3, 4, 8, 17, 18, 27, 67, 172, 297, 860, XE2,
59E: 1, 4, 15, 3E, 8E, 36E, 760, 88E,
5X0: 1, 4, 7, 11, 69, 83, 94, 199, 763, 965,
5X1: 1, 69, 15E, 63E, 8E7,
5X2: 1, 5, 16, 21, 25, 266,
5X3: 3, 4, 1E, 63, 6E0,
5X4: 520, 828,
5X5: 1, 9, X, 16, 1X, 29, 30, 77, 1E2, 2XX, 432,
5X6: 1, 7, 95, 227, 245, 265,
5X7: 1, 2, 6, 28, 122, 185, 592, X86,
5X9: E, 11, 2E, 5E, 355, 599, 969,
5XX: 2, 3, 5, 6, 13, 14, 1E, 66, 118, 193, 1EE, 65X,
5XE: 1, 5, 6, 26, 33, 9E, XE, 147, 167, 752, 886,
5E0: 1, 4, 6, 111, 231, 484, 919,
5E1: 4, 12, 20, 3X, 25X,
5E2: 1, 7, 10, 20, X0, 148, 7EE, E00,
5E3: 1, 4, 9, X, 12, 37, 57, 117, 132, 2XE, 7X8, 813, 9X8,
5E4: 1, 1E, 69, X9, 139, 297, 381, 4E7,
5E5: 2, 6, 5X, 86, E0, 688, 728,
5E6: 2, 7, 100, 11E, 188, 820,
5E8: 6, 10, 12, 44, X5, 1X4, 21X, 451, 687, 800, E60,
5E9: 1, 2, 17, 71, 33E, 462,
5EX: 1, 5, 11, 25, 15X, 1E1, 6E1,
5EE: 13, 23, 20X, 436,
600: 4, 5, 1E, 20, 38, 68, X94,
601: 3, 8, 19, 27, E2, 139, 176, 863,
602: 1, 2, 7, 21, 32, 36, 149, 197, 211, 291, 831,
603: 2, 24, 154, 344,
604: 2, 4, 7, 8, 13, 17, 18, 72, 1E8, 21X, 413, 4E4, 510, 57X, 990,
605: 1, 9, 13, 28, 31, 45, 135, 373, 465,
607: 2, 3, X, 2E, 46, 49, 53, 75, 406, 59E, XE9,
608: 1, 5, 9, 15, 31,
609: 2, 12, 20, 88, 120, 1XX, 317, 596, 6X4,
60X: 1, 4, 8, 11, 18, 24, 447,
60E: 1, 3, 21, 4E, 51, 78, 7E, X9, 105, 169, 599, 625, X35,
610: 2, 3, 21, 27, 52, 185, 2X5, 579,
611: 5, 46, 370, 524,
612: 1X, 42, 122, 162, 220, 882,
613: E, 19, 55, 1X0, 200, 241, 749,
614: 1, 2, 3, 4, 6, 7, 39, 103, 116, 169, 523, 556, 71X,
616: 4, 8, 9, X, 10, 44, E2, 766,
617: 4, 1X, 9X, 372, 732, 838,
618: 1, 3, 4, 9E, 131, 425, 6X3, 835, 861,
619: 3, 33, 4E, 95, 255, 303,
61X: 1, 2, 7, 11, 12, 43, 47, 229, 529,
61E: 2, 4, 6, 5X, 60, 254,
620: X, 10, 54, 52X, X64, E52,
621: 1, 3, 13, 25, 40, 48, 2E1, 691,
622: 2, X, 12, 1X, 24, 28, 35, 55, 6E, 73, 11E, 157, 269, X72,
623: 1, 6, X, 7X, 13E, 1XX, 2E9, 393, X7X,
625: 2, 3, 8, 10, 20, 23, 137, 897, 8EE,
626: 3, 4, 8, 9, 19, 23, 37, 73, 77, 298, 348, 689, 8E3, X43, EX4,
627: 1, 2, 8, 12, 26, 47, 52, 8X, XE, 138, 324, 3EE, 4X4, 4E5, 5E2,
628: 2, 12, 26, X2, 16X, 18X, 642,
629: 5, 8, 58, 74, 94,
62X: 23,
62E: 3, 8, 9, 14, 23, 30, 69, 103, 1E8, 37E, 404, 97E,
630: 1, 3, 5, 19, 57, 87, 409,
631: 3, 22, 43, 303, 589, 5X2,
632: 2, 5, 98, 476,
634: 1, 3, 7, 13, 17, 31, 49, 6E, 141, 197, 33E, 485, 49E,
635: 1, X, 11, 17, 41, 47, 53, 129, 1E9, 56X, 573, 599, E67,
636: 2X, 56, 159, 389, 38E, 855,
637: 1, 8, 15, 102,
638: 3, X, 10, 13, 17, 28, 3X, 84, E4, 232, 8E6, XX3,
639: 14, E4, 1E8, 560,
63X: 4, 13, 26, 44, 55, 59, 9E, 150, 315, 63X,
63E: 31, 9E1,
640: 4, 15, 30, 81, 1E6, 210, 2E0, 690,
641: 3, 1X, 1E, 62, 144, 1E2,
643: 1, 2, 4, 22, 36, X2, 406, 412, 6X4, 851, 986, E66,
644: 6, X, E, 12, 2E, 87, 12E, 2E2, 976,
645: 1, 2, 4, 5, 11, 31, 179, 5X1, 892, X85,
646: 7, 208, 504, 624,
647: 1, 3, 10, 41, E0, 185, 957,
648: 5, 13, 54, 13E, 150, 182, 213, 295, 31E, 81E,
649: 2, 3, 6, 12, 19, 113, 176, 219, 301,
64X: 12, 32, 72, 160, 168, 41X, 562,
64E: 2, E, 12, 38, 77, 328, 4E0, 666, 7EE,
650: 1, 9, 411,
652: 7, 2E, 59, 75, 1EE, 345,
653: 9, 10, 40, 64, 78, 2E4, 374, 7E5,
654: 2, 13, 42, 29E, 322, 472, 548,
655: 9,
656: 1, 2, E, 11, 1E, 38, 120, 26X, 4XE, 574,
657: 1, 5, E, 21, 39, 92, X9, 109, 233, 24X, 263, 677, 905,
658: 2, 5, 12, 22, 44, 61, 468, 842,
659: 3, 4, X4, 143, 357, 35E, 4E7, 73E,
65X: 3, 9, 13, 14, 44, 110, 114, 115, 159, 1E0, 259, 2E9, 3EE, 435, 599, 628, 840, E33,
65E: 2, 58, 250, 9X2,
661: 1, 111, 131, 235, 331, 6X1,
662: 4, 7, 17, 47, 7E,
663: 3, 8, 25, 35, 99, 454, 4XE, 573, 903,
664: 1, X, 10, 11, 71, 105, 295, 715,
665: 3, 9, 22, 9E, 11X, 136, 173, 35E,
666: 2, 6, 28, 30, 85, 120, 336,
667: 484,
668: 4, 5, 8, 11, 64, 170, 257, 40E, 945, E57,
669: 8, X, 13, 23, 63, 1X7, 258, 3XE, 667, 96X,
66X: 1, 2, 3, 7, 9, 27, 2X, 32, 43, 57, 2EE, 635, 682,
670: 2, 4, 6, 20, 28, 32, 36, 232, 454, 718,
671: 11, 40, 21E, 2E0,
672: 1, 7, 11, 23, 81, 557, 5X1,
673: 1, 2, 7, 11, 1E, 4E, 101, 17E, 305, 627, 90E, X1X,
674: 1, 2, 8, 10, 15, 16, 18, 30, 66, 98, X4, EX, 6X1, 706, 740,
675: 3, 4, 8, 2X, 57, 472,
676: 1, 4, 9, E3, E4, 111, 997,
677: 2, 4, 3X, 3E, 45, 6E, E5, 129, 156, 20X, 383,
678: 1, 9, 15, 27, 59E, 789,
679: 1, 30, 49, 90, 190, 524, 5X4, 699, 901,
67E: 7, E, 11, 14, 20, 27, 34, 297, 459,
680: 1, 2, 8, 23, 79, E5, 122, 134, 164, 1EE, 213, 564, 608, 943,
681:
682: 4, 19, 8X, 136, 150, 190, 212, 2X8, 548,
683: 3, 7, 2E, 67, E7, 54E, 56E, 803, XX7,
684: 4, 17, 21, 77, 223, 249, 609, 860,
685: 1, 2, 4, 18, 3X, 41, 56, 50E, EX5,
686: 5, 6, 7, 11, 21, 25, 29, 199, 289, 332, 61E,
687: 4, 14, 25, 3X, 44, 235, 6E9, 934,
688: 4, 6, 8X, 13X, 140,
68X: 5, E, 19, 192, 457, 477,
68E: 3, 97, 289, 609,
690: 2, 8, X, 30, X2, 10X, 118, 300,
691: 2, 6, 1X, 24, 27, 37, 324, 346, 364,
692: 14, 24, X8, 2E4,
693: 1, 33, 75, 11X, 12X, 1EE, 526,
694: 3, 5, 29, 50E,
695: 9, 22, 25, 32, 100, 140, 2X9,
696: 2, 7, 17, 26, 1X7, 233, 9X3,
697: 8, 35, 1E7, 2E4, 358, 380, 518, 728, 7X5, 800, 910,
699: 2, 7, 21, 189, 333, 35X,
69X: 1, 5, 6, X, 16, 26, 1X1, 755,
69E: 2, X, 1E, 74, X4, 126, 3X3, 530,
6X0: 1, E, 17, 37, 8E, 10E, 145, 223,
6X1: 3, 9, 14, 21, 139, 247, 707,
6X2: 1, 5, 21, 55, 197, 52X,
6X3: 16, 116, 70X, 806,
6X4: 2, 7, 8, 5E, 67, 104, 187,
6X5: 1, 3, 7, XE, 2E3, 3EE,
6X6: 2, 5, 8, 10, 16, 26, 34, 3X, 42, 96, 9E, X0, X5, 112, 333, 432, 449, 692,
6X8: 1, 10, 28, 2X, 5X, 90, 429, 449, X80,
6X9: 8, 16, 3E, 87, 102,
6XX: 1, 3, 4, 8, 37, 90, 105, 189, 190, 1XE, 205, 220, 537, 74E,
6XE: 1, 3, 71, 179, 694,
6E0: 5, 19, 35, 14X, 206, 26E,
6E1: 2, 8, 9, 19, 40, 1E6, 228, 238, 352, 4E8,
6E2: 2, 18, 28, 36, 76, 150,
6E3: 1, 7, 19, 503, 567, EX9,
6E4: 2, 18, 28, 34, 82, 94, 98, X2, 1X2,
6E5: 1, 3, 9, 13, 1E, 39, 81, 8X, 139, 1X5, 239, 545, 732, 771, 889, 949, XX6,
6E7: 3, 7, E, 16, 33, 54, 8E, X3, 177, 17X, XX3,
6E8: 5, 9, E, 15, 19, 2E, 43, 645, 929, X45,
6E9: 2, 3, 17, 21, 70, 12E, 268, 270, 49E,
6EX: 1, 6, 12,
6EE: 2, 5, 12, 14, 16, 1X, 2X, 66, E4, 196, 761,
700: 8, 14, 2E, 37, 124, 343, 7X2,
701: 1, 4, 7, E, 37, 47, 48, 123, 161, 1E7, 26E,
702: 1, 4, 6, 7, 53, 67, 71, 86, 196, 299, 2EE, 387, E0E,
703: 3, 6, X, 35, 39, 3E, 149, 325, 66X,
704: 1, 8, 10, 169, 602,
706: 4, 17, X1, EE, 527, 931,
707: 69, 1X5, 92E,
708: 13, 21, 37, 9X, 162, 195, 502, 695,
709: 1, 10, 21, 2X, 34, 35, 40, 390, 575,
70X: 3, E, 43, 123, 253, 2E0,
70E: 1, 7, 9, 10, 37, 77, 128, 237, 859, 9E9,
710: 1, 4, 9, 10, 13, 23, 31, 34, 36, 39, 4X3, X76, XX0,
711: 1, 17, 71, 115, 2E1, 47E,
712: 1, 12, 65, 68, 72, 79, 9X, 138, 161, 180, 294, 606, 630, 794,
713: 2, 7, 33, 84, 12X, 4X2,
715: 4, 14, 26, 38, 48, 56X, EX6,
716: 2, E6,
717: 1, 4, 12, 2X, 38, 41, 68, 69, E8, 119, 1EX, 294,
718: 15E, 3EE,
719: 1, 3, 9, 17, 35, 40, X0, 107, 138, 3X3, 444, 949,
71X: 4, 5, 7, 9, 14, 25, 44, 48, 127, 153, 159, 285, 318, 554, 783,
71E: 3, X, 13, 1X, 1E, 3E, 8E, E3, EX, 10X, 14E, 167, 20X, 58X, E2X, E47,
720: 4, 10, 18, 40, 42, 62, 90, 118, 916,
721: 3, 13, 26, 37, 60, 1X3, 226, 367, 58E,
722: 9, 10, 13, 48, E8, 158, 7X4,
724: 2, 6, 7, X, 15, 16, 25, 33, 39, 85, 127, 149, 202, 243, 671, 963,
725:
726: 3, 6, 7, X, 67, 1E0, 237, 737, EX0,
727: 144, 1X8,
728: 1, 2, 8, 10, 19, 40, 51, 80, 112, 256, 285,
729: 1, 83, 227, 2E9,
72X: 1, 8, 18, 20, 36, X4, 116, 160, 175, 234, 241, 261, 332, 688, 752, E70,
72E: 20, 23, 190, 558, E90,
730: 1, 4, 15, 1E, 25, 337, 3E1, 415,
731: 1, X, 11, 19, 2E, 67, 437,
733: 2, 9, 48, 58, 286, 2E1, 756,
734: 12, 17, 27, 33, X0, 150, 388, 496,
735: 78, 117, 145, 390, E44,
736: 5, 8, 11, 13, 17, 22, 35, 3X, 42, 72, 75, 9X, E5, 283, 36X, 488, 48X, 9X9, X40, E56,
737: 1, 2, 45, 15X, 165, 21X, 37E, 502, 509, XE2,
738: 110, 1EX,
739: 2, 3, 4, 12, 28, 36, 38, X3, 252, 45X, 62E,
73X: 1, 3, 5, 9, 1E, 93, 95, 207, 395, 591, 817, X45,
73E: 1, 6, 13, 31, 70, 78, 2X0, 324, 95X, X58,
740: 1, 2, 11, 25, 81, 95, E1, 192, 242, 2X5, 325, 531,
742: 3, 7, 14, 6E, 177, 20E, 382, 473, 68X,
743: 4, 23, 110, 204, 2E1, 58E, 62E, 643,
744: 2, 3, 9, 29, 3E, 52, 184, 194, 203, 242, 4X3, 686,
745: 2, 147, 153, 172, 182, 207, 5XE,
746: 1, 8, 9, 32, 62, E8, 241, 284, 8X1,
747: 2, 16, 78, 168, 187, 198, 288, 317, 426, 4X2, 64E, 84X, 902,
748: 3, 8, 14, 71, 284, 4X7, 564, 645,
749: 2, 8, X, X4, 1X2, X12,
74X: 1, 5, 1X, 23, 2X, 55, 97, 263, 295,
74E: 19, 45, 65, 69, EX5,
751: 10, 17, 87, E8, 1X1, 357, 710, 991,
752: 2, 5, 7, 10, 11, 51, 6E, 14E, 17X, 330, 382, 41E, 537, 632, 9XX,
753: 3, 6, 17, 1E, 23, 26, 169, 531, 561,
754: 5, 15, 39, 264,
755: 3X, 3E, 104, 1X7, 226, 256, 310, 75X, 7E4,
756: 5, 1E, 29, 3E, 75, 255, 419, 505,
757: 1, 2, 3, 6, 19, 79, 28E, 495, 503, 762, 837, 9X7,
758: 1, 2, 3, 9, X, 39, 82, 12X, 1X2, 46X,
759: 1, 2, 8, 14, 42, 54, 56, 72, 168, 330, 6E2, 798, 8X8, E22,
75X: 2, 4, X, 62, 472, 578, 690,
760: 1, 3, 10E, 131, 28E, X37,
761: 2, 16, 19, 3X, 43, 736, XX2,
762: 1, 5, 6, E2, 415, 871, 882,
763: 38, 52, XX, 500, 72X, 876,
764: 1, 11, 21, 3E, 128, 131, 21E, 261, 4X1,
765: 9, 18, 24, 25, X8, 158, 312,
766: 3, 2E, 32, 7E, 125, 252, 2EE, 732, 88E,
767: 1, 4, 5, 6, 11, 59, 125, 179, 249, 259, 339, 506, 591, 81X,
768: 2, 8, 10, 50, 154, 903,
769: 9, 37, 45, 93, 141, 285, 359, 663, 817,
76E: 2, X,
770: 1, 2, 5, 6, 22, 78, 1X2, 388, 55X, X4X,
771: E,
772: 1, 9, 13, 30, 57, 155, 4X9, 515, 947,
773: 2, 56, 59, 180, 1X0, 2X6,
774: 1, 2, 3, 25, 9E, E5, 182, 213,
775: 1, X, 104, 17X, 331, 700, 738, X8X,
776: 17, 18, 207, 280, 32E, 5X8, 68E, XXE,
777: 1, 4, 9, 2E, 64, 218, 3X0, 667,
778: 6X, X8, 102, 234, 377, 597, X71,
77X: 14, 28, 48, 74, 126, 1X6, 3E9, 489,
77E: 3, E, 12, E7,
780: 30, X8, 190,
781: 1, 2, 4, 35, 72, 120, 226, 408, 547,
782: 3, 5, 15, 19, 27, 33, 71, 159, 209, 271,
783: 2, 4, 12, 14, 141, 165, 171, 1XX, X34,
784: 3, 27, X6, 1EX, 203, 290, 413, 96X,
785: 3, 9, 23, 53, 65, 7E, 11E, 16E, 183, 325, 850,
786: 2, 3, 5, 19, 23, X0, 196, 1X3, 249, 73E,
787: 1, 1X, 6X,
789: 3, 7, 76, 87, 390, 5E8, E80,
78X: 1, 34, 421, 698,
78E: 4, X, E, 11, 6E, 7X, 7E, 121, 13X, 6E6, 887,
790: 3, 5, 9, E, 32, 3E, 49, 53, X3, 43X, 682,
791: 8, 12, 98, E8,
792: 6, 7, 13, 2X, 37, 42, 84, 147, 1X8, XE2,
793: 947,
794: X, 6E, 80, 385, 452, 507,
795: 1, 3, 2X, 35, 11E, 165, 333, 40E, 72E, 7X5,
796: 1, 4, X, 19X, 414,
798: 1, 5, E, 15, 17, 18, 25, 27, 8E, 107, 115, 135, 157, 1E1, 1E9, 2E0, 2E5, 420, 553, 68E, 710, 91E,
799: 1, 2, 6, 13, 34, 38, 3X, 54, 62, 83, 97, 157, 304, 40X, 454, 466, 66X, 750, 846, X3X,
79X: 2, 7, 21, 2E, 3E, 5X, 121, 22X, 261, 2X7, 58E, 597, 797,
79E: 1, 2, 4, 5, 6, X, 12, 19, 1X, 20, 42, 48, 66, 135, 154, 201, 206, 27X, 2E5, 2E6, 565, 652, 685, E50,
7X0: 2E, 5E, 103, 297,
7X1: 4, E, 19, 25, 99, X3, 224, 7E9,
7X2: 4, 18, 34, 634,
7X3: 3, 9, 13, 21, 33, 3E, 89, 153, 191, 871,
7X4:
7X5: 2, 4, 7, 16, 52, 92, 112, 142, 320, 41X, 7E7,
7X7: 1, 4, 8, 11, 14, 15, 22, 34, 49, E7, 212, 228, 283, 44X,
7X8: 9, 19, 49, 661, XX5,
7X9: 6, 8, X, 10, 35, 48, 224,
7XX: 2, 3, 27, 43, 63, 153, 172, 230, 762, 7E0, 937,
7XE: 4, 8, 10, 17, 18, 27, 140, 417,
7E0: 1, 4, 21, 64, 74, X0, 101, 104, 208, 32E, 382, 501, 985,
7E1: 1, 3, 5, 7, 11, 1X, 21, 27, 89, XX, 193, 1X3, 271, 37X, 611,
7E2: 2, 4, 25, 5X, 94,
7E3: 4X, 50, 226, 516,
7E4: 3, 5, X9, 44E, 490, 755, 969, 9EE,
7E6: 1, 6, 23, 156,
7E7: 1, 5, 16, 2X, 35, 36, 4X, 5X, 70, 134,
7E8: 2, 3, 14, 2E, 34, 36, 43, 44, 73, 136, 152, 162, 214, 552, 7X2, XXE,
7E9: 3, 8, 44, 57, 87, 89, 2EE, 307, 34E, 383, 394, 961,
7EX: 1, X, 33, 44, 53, 74, 75, 135, 256, 5X6, 65X, 670, 824, 841, 8E1, X13,
7EE: 6, 33, 72, 309, 315, 395, X62,
800: 2, 8, 120, 206, 376, 6X2, 708, 736,
801: 2, 4, 6, 7, 14, 27, 38, 142, 164, 212, 367, 68X, 907,
802: 10, 40, 277, 444, X74,
803: 1, 2, 5, 6, 7, 9, 12, 19, 21, 29, 30, 50, 64, 95, 99, X4, E5, 12E, 203, 25E, 345, 63X, 822, 8E3, 924,
805: 1, 6, X, 20, 36, 111, 41X, 805,
806: 2E, 11E, X5E,
807: 1, 9, 11, 33, 65, 217, 229, 610, 707, 989,
808: 2, 3, 9, 23, 24, 29, 163, 1E2, 234, 2E4,
809: 1, 12, 1X, 32, 56, 8X, 16X, 331, 6XX, 811,
80X: 11, 26, 88, X1, 116, 125, 555, 625,
80E: 2, E, 1X, 5X, 707,
810: 1, 3, 5, E, 293, 477, 940, E49,
811: 2, 3, 16, 30, X5, 113, 236, 289, 81E, X16,
812: 5, 7, 9, 17, 19, 35, 36, 37, 83, 1X7, 251, 5X7, 635, 979,
814: 4, E, 2E, 118, 126, 262, 522,
815: 20,
816: 7, 9, 11, 19, 38, 39, 158, 193,
817: 1, 7, 49, 59, 119, 239, 411,
818: 6, 10, 15, 16, 19, 29, 1E2,
819: 8, 12, 16, 68, 72, 78, 12E, 517, 630, 693, X17,
81X: 1, 7, 9, 13, 21, 33, 88, 97, X0, 138, 170, 359, X83,
81E: 2, 5, 6, 20, 26, 51, 88, X8, 141, 154, 1E5, 21E,
820: 2, 19, 25, 29, 55, 56, 91, 466,
821: 8, 38, 2E2, X28,
823: 3, 25, 34, 69, 184,
824: 1, 2, 6, 8, 18, 28, 40, 62, X2, X6, E6, 138, 158, 300, 511, 528, 618, E30,
825: 2, 41, 2E2,
826: 2, 22, 38, 168, 198, 218, 3X2, 502, 584, 8X4,
827: 2, 4, 12, 14, 28, 2X, 32, 33, 46, 86, 9X, E4,
828: 1, 7, E, 1E, 23, 35, E7, 833, 945,
829: 6, 17, 1E, 33, 44, 57, 8X, 124, 144, 179, 189, 486, 706,
82X: 3, 2E, 5E, 6E, 73, 14E,
82E: 1, 2, 6, 106, 340, 355, 449, 839, X40,
830: 7, 8, 13, 3E3, 4E0, 837, X70,
832: 3, 19, 22, 29, 126,
833: 3, 5, 12, 1E, 31, 47, 79, 353,
834: 1, 4, 10, 11, 2X, 45, 134, 1X9, 204, 241, 280, 7XX, E2X,
835: 3, 6, 34, 286, 304, 772, 968,
836: 1, 8, 48, 328, 828, 8X3,
837: 2, 24, 38, 70, E6, 116, 190, 25X, 914,
838: 2, X, 12, 26, 825,
839: 5, 11, 39, 971,
83X: 3, 7, E, 13, 28, 32, 38, 42, EE, 10X, 1X3, 1E7, 2E8, 687, 883, 90X,
83E: 1, 11, 85, 100,
841: 1, 9, 75, X1, 1E5, 289, 476, 496, EE6,
842: 1, 2, 4, X, 16, 20, 22, 39, 264, X26, X3X,
843: 4, 6, E, 17, 34, 47, 56, 66,
844: 1, 13, 14, 37, 53, 163, 737,
845: 9, X, 69, 8X, X9, 199, 35E, 368, 828,
846: 3, 46, 5E, X3, EX, 116, 196, 50X, 696,
847: 2, 4, 8, 14, 32, 35, 809,
848: 6, 8, 16, 30, 1X6, 5X2,
849: 3, 23, 27, 38, 77, 84, 98, 104, 120, 213, 254, 863, 9X8,
84X: 1, 7, 75, 87, 29E, 4E1, 527,
850: 1, 2, 8, 14, 21, 29, XX, 228, 381, 604, 779,
851: 3, 4, 7, 10, 1X, 2X, 43, 73, 127, 243, 26E, 764,
852: 8, E, 14, 18, 28, 2E, 360, 95E, E68,
853: 2, 6, 7, 15, 16, 22, 141, 236, 291, 741,
854: 1, 2, 3, 7, 9, X, 47, 4X, 126, 1X9, 4E6, 576, 5E9, EE3,
855: 178, 234, X58,
856: 2, 3, 4, 6, 7, 14, 63, 1X2, 1XX, 523, 943, X70,
857: 1, 3, 7, 29, 31, 45, 55, X9, 247, 295, 397,
858: 1, 3, 5, 6, 9, 14, 71, 275, 389, 60X,
859: 12,
85E: 3, 7,
860: 4, 8, 28, 60, 70, XE, 65E,
861: 1, 3, 5, 25, 42E, 879,
862: 3, 5, 7, 11, 32, 33, 35, 215, 273, 483, 787,
863: 1, 5, 31, 166, 459, 751,
864: 176, 293, 462, 550, 678, 688,
865: 1, 9, 10, 11, 21, 81, 13E, 918,
866: 1, 4, 6, 9, 16, 26, 34, 52, 64, 136, 211, 239, 309, EEX,
867: 1, 6, E, 11, 15, 25, 115, 125, 407, 7E2, 8XE,
868: 1, 5, 10, 72, X4, 25X,
86X: 30,
86E: 2, 3, E, 10, 1E, 84, 20X, 283, 58X, 976,
870: 1, 5, E, 15, 5E, 275, 42E, 479, 545, 931, E0E,
871: 1, 2, X, 14, 16, 18, 91, X6, 12X, 446, 499, 601, 6E2,
872: 7, X, 28, 13E, 334, 370, 396, 544, 874, X74, E00,
873: 1, 15, 33, 97, 98, 230, 258, 358, 415, 4E9,
874: 1, 2, 3, 4, 7, X, 12, 17, 28, 59, 67, 151, 18E, 1X4, 257, 789, E0X, E42,
875: 1, 5, E, 2X, 31, 103, 20E, 281, 387,
876: 6, 2X, 110, 255, 456, 48X, 750,
877: 3, 28, 86, 316, 3XE, 580, 5X6,
879: 1, 5, 4E, 57, 92, 151, 1X2, 1XE, 648, 957,
87X: 1, 9, 15, 375,
87E: 92, 29X, 70X,
880: X, E, 16, XE, 1EE, 546,
881: 2E, 7E, 215,
882: 2, 5, 15, 37, 97, 109, 191, 562, 565, 888,
883: 7, 19, 26, 31, 71, 73, 8X, 102, 2X3, 497, E59,
884: 2, 5, 21, 78, 81, 88, E1, 132, 1EX, 3E8, 564, 5E4, 920, X9X, E01,
885: 4, 6, 14, 60, 6E, 70, 274, 397, 41X, 760, 974, X04,
886: 8, E, 15, 25, 8E, 94, 98, 105, 358, 9E5,
888: 5, 15, 3E, 73, 243, 539, E03, E5E,
889: 1, 12, 72, 85, 92, 3E5,
88X: 50, EX, 134, 280, 337, 6X4, 7X0, E88,
88E: 1, 21, 84, 244, 350, 381, 5E8,
890: 2, 44, 84, 346, 35X,
891: 1, 3, 9, 17X, 63E,
892: 709,
893: 2, 4, E, 28, 30, XX, 27X, 37E, 874, 89X,
894: 20, 4E, 5E, 93, 123,
895: 2, 3, 8, 12, 17, 28, 31, 91, 181, E30,
897: 8, X, 222, 4X1, 9X9,
898: 37, 11X, 584,
899: 1, 3, 7, 6E, 80, 203, 233, 641, 95E,
89X: 4, X, 44, X4, 178, 349, 370, 376, 423, 454, 484, X70,
89E: 2, 3, 5, 6, 21, 155, 541, 566, 59E, 813,
8X0: 1, 2, 4, X, 10, 110, 348, 8X6,
8X1: 6, 18, 32, 50, 106, 2E0,
8X2: 1, 11, 24, 78, 91, 155, 181, 1X7, 6X3, 704,
8X3: 1, 5, E, 13, XE, 1EE, 551, 703, 841, 961,
8X4: 7, 17, 67, 73, 69X, 773,
8X6: 2, 6, 22, 30, 21E, 417, X28,
8X7: 8, 14, 91, 691, 993,
8X8: 1, 5, 6, 20, 3X, 3E, 54, 75, 134, 141, 186, 267, 2E4, 34E, 417,
8X9: 2, 6, 12, 25, 33, 1E5, 329, 876,
8XX: 1, 2, 4, 5, 12, 24, 14X, 1X2, 211,
8XE: 3, E, 357, E36,
8E0: 3, 40, 48, 108, 2X0, X19,
8E1: 3, 27, 31, 38, 42, 171, 273, 473, 4X3, 9X7, XE2, E86,
8E2: 2, 6, X, 8X, 186,
8E3: 1, 2, 4, 11, 15, 85, 88, 9X, XX, 208, 601, 988, E78,
8E5: 1, 7, 11, 13, 1E, 54, 59, X8, 145, 147, 169, 171, 289, 2E1, 571, 861, 9E8,
8E6: 3, 5, 7, 9, E, 17, 21, 24, 2E, 31, 83, 8E, 109, 120, 150, 230, 324, 451, 77E,
8E7: 2, 5, 12, 1E, 722, 72E,
8E8: 10, 19, 749,
8E9: 2, 3, 1X, 47, 48, 78, 103, 57X, 633,
8EX: 1, 4, 5, 8, E, 14, 17, 61, 77, X1, 1E0, 6E0, XE8,
8EE: 2, 5, 8, 11, 14, 16, 24, 30, 55, 66, 73, 119, 131, 14X, 399, 613, 619, 942,
900: 1, 51, 55, 61, 9E, X5, EE, 1E5,
901: 4, 9, 11, 1X4, 355, 810,
902: 4, 6, 8, E, 10, 5E, 66, 110, 1X0, 2EE, 363, 502, E34,
904: 3, 13, 14, 24, 29, 2X, 40, 9X,
905: 1E, 23E, 311,
906: 8, 9, 12, 18, 24, 56, 252, 419, 899,
907: 2, E, 23, 4E8,
908: 1, 3, 9, 21, 29, 1X3, 321, 401,
909: 6, 8, 15, 74, 434, 4X6,
90X: 1, 7, 11, 13, 19, 41, 59, 72,
90E: 1, 4, 9, 39, E1, E9, 149, 1E1, 291,
910: 2, 27, 3E, 40, 5X, 82, 190, 372,
911: 4, 17, 35, 64, 69, 368, 47E, 4E5, 601, 831,
913: 1, 11, 21, 3X, 51, 93, 127, 12E, 1E7, 311, 616, 745, 789,
914: 2, 8, 44, 78, 248,
915: 3, E, 12, 36, 62, 613, 8E6, 922,
916: 1, 3, 21, 23, 37, E1, 159, 281,
917: 7, E, 25, 98, E7, 111, 135, 15X, 1X8, 720, 726, 776, 88E, E9E,
918: 1, 5, X, 11, 12, 32, 33, 287, 323, 757, X55,
919: 1, 4, X, 1X, 55, 68, 129, 331, X05,
91X: 3, 7, 14, 16, 1E, 43, 96, 534, 767,
91E: 1E, 73, 199, 253, 5XE,
920: 3, 8, E, 13, 48, 52, 63, 102, 159, 240, 8E3,
922: 2, 6, 8, 26, 56, 146, 1E2,
923: 4, 20, 34, 74, 214, 222,
924: 1, 3, 9, 15, 38, 55, 83, 134, 265, 2E8, 337, 411,
925: 4, 10, 1X, 10X, 20X,
926: 3, 6, 15, 3X, 136, 15X, 269, 26E, 429, 605, 613,
927: 1, 11, 29, E5,
928: 2, 3, 4, 10, 16, 24, 3X, 57, 64, 9X, 296, 458, 527, 713,
929: 3E, 50, 765, E28,
92X: 1, 2, 7, X, 1X, 51, 67, 82, X4, 115, 142, 238, 2X6, 3X8, 694,
92E: 1, 5, E, 21, 92, 112, 121, 3X7, 491, 90E,
931: E, 10, 20, 24, 43, 388, X20,
932: 1, E, 2E, 33, 79, 89, 91, 99, 107, 1X3, 3X9, 427, 448,
933: 2, 7, 9, 253, 436,
934: 2, 5,
935: 9, 30, 689,
936: 2X, 44, 262, 31X, XE4,
937: 1, 7, 19, 84, 114, 165, 259, 303, 783,
938: 33, 655, 8EE,
939: 1, 13, 105, 131, 136, 165, 291, 305, 503, 7EE, 813,
93X: 1, 2, 24, 41, E8, 118, 236, 26X, 276, 376,
940: 1, 3, 10, 113, E37,
941: 1, 2, 3, 19, 1E, 28, 33, 37, 3X, 41, 43, 72, 73, 183, 228, 323, 551, 883, 929, 944,
942: 6, 1X, 159, 201, 785,
943: 5, 10, 126, 414,
944: 6, 20, 32, 140, 148, 50E, 652, 80E,
945: 1, 4, 9, 11, 14, E8, 250, 267, 321, 7E0, 849, 921,
946: 7, E, 11, 17, 64, 98, XE, 1X7, 1EX, 327,
947: 2, X, 22, 42, 5X, 62,
948: 1, 2, 4, 8, 14, 22, 34, 71, EX, 219, 345, 3E9, 669, 911,
949: 3, 443, 507, 793,
94E: 6, 10, 38, 136, 205, 249, 648, 788, 798, 958,
950: 6, 7, 19, 29, 76, 93, 139, 26X,
951: 2, 12, 35, 66, 116, 135, 155, 6E0,
952: 3, 8, 10, 3X,
953: 7, 18, 55, 5E, X1, X5, 191, 695,
954: 1, 7, 21, 31, 5E, 139, 285, 325, 360, 376, X55,
955: 16, 1X, 26, 32, 56, X2, 1XX, 20X,
956: 30, 61, E1, 289, 568, 940,
957: 2, 3, 10, 24, 9X, 136, 1X4, 366, 392, 564,
958:
95X: 13, 29, 7E, 67E, 883,
95E: 25, 34, 144, 206,
960: 2, 3, 6, X, 14, 1E, 22, 30, 38, 58, 64, 216, 35X, 51X,
961: 1, 3, 13, 301, 823,
962: 2, 4, X, 14, 77, 698,
963: 1, 2, 7, 12, 19E, 207, 221, 2X7, 347, 446, 605, X06, X22, X71,
964: 2, 4, 16, 18, 38, 58, 174, 321,
965: 2, 3, X, 12, 14, 1E, 114, 172, 352,
966: 1, 5, 69, 80, 91, X0, X1, 101, 124, 151, 253, 309, 333, 511, 625, X39,
967: 9, 14, 86, 9X, X9, X44, X59,
969: 6, X, 30, 50, 3EX, 476,
96X: 6, 8, 10, 12, 26, 27, 2E, 3X, 7E, E2, 15X, 32X, 47X, 637, 7EE,
96E: 1, 5, 7, 9, 1E, 89, X3, 221, 929, 975,
970: 2, 7, 13, 14, 38, 42, 78, 92, XX, 10X, 262, 487, 548,
971: 5, 1E, 53, 67, 105, 127, 1E7, 205, 316,
972: 4, 6, 9, 18, 38, 42, 44, 46, E5, 214, EE8,
973: 2, 20, 30, 66, 92, 436,
974: 1, 17, 37, 68, 128, 1E8, 288, 868, X47,
975: 1, 7, 15, 16, 32, X8, 106, 144, 31X, 327, 371, 547, 570,
976: 1, 2, 26, 13E, 1X7,
978: 4, E, 13, 17, 23, 24, 34, 83, 303, 343, 52X,
979: 3, 9, E, 45, E0,
97X: 2, 22, 628,
97E: 1, 9, 37, 63, 279, 293, 631, E49,
980: 1, 5, 25, 131,
981: 2, 3, 12, 27, 257, 2X2, 343,
982: 15, 19, 25, 145, 42E, 7E1,
983: 3, E, 2X, 46, 64, 103, 183, 37X, 3X9, 863,
984: 3, 5, E, 15, 25, 34E, 392, X72,
985: 1, 2, 5, 6, 11, 12, 29, 52, 65, 120, 1E9,
987: 1, 4, 17, 311, E58,
988: 2, 13, 25, 2E, 38, 4E, 5E, 82, 175, 309, 363, 8X9,
989: 1, 2, 11, 25, 47, 67, 82, 91,
98X: 1, 4, 5, 9, 29, 1E6, 445,
98E: 2, 8, 14, 30, 66, X4, 428,
990: 5, 8, 9, E1, 1X1,
991:
992: 1, 12, 1X, 55, EX, 106, 30X, 696,
993: 1, 4, 8, 15, 32, 54, EX, 219, 359, 649, 728,
994: 2, X, 12, 4E, 9E,
996: 2, 3, 6, 14, 30, 106, 10X, 12X, 159, 169, 18E, 256, 2E0, 30X, 630,
997: 1, 2, 5, 9, 15, 206, 252, 2X9, 867,
998: 1, X, 1X, 21, 2X, 46, 89, 90, E2, E4, 148, 159, 470, 969,
999: 7, E, 4E, 50, 74, 77, X4, 777,
99X: 4, 8,
99E: 1, 3, 7, 15, 22, 34, 51, 5E, 193, 1X3, 465, 513, 782,
9X0: 6,
9X1: 2, 16, 29, 69, 132, 152,
9X2: 3, 63, 413,
9X3: 1, 10, 19, 30, 41, 47, 63, 91, 153, 343,
9X5: 2, 3, 5, 9, X, 13, 1X, 32, 3E, EX, 12E, 145, 192, 273, 3E7, 58E,
9X6: 9, 7X,
9X7: 20, 6E, 123, 137, 543,
9X8: 4, 5, 8, 14, 4E, 58, 120,
9X9: 1, 96, 1X9,
9XX: 3, 9, 11, 17, 39, 91, EX, 241, 477,
9XE: 1, 2, X, 11, 14, 28, 66, 68, 75, 84, 86, 95, 198, 1X8, 211, 5XX, 838, 984,
9E0: X, 34, 56, 334, 418, 436,
9E1: 4, 18, 48,
9E2: 1, E, 17, 21, 24, 34, 74, 81, EE, 164, 1X4, 2E4, 2E5, 340, 509, 547, 6XE,
9E4: 1, 10, 151,
9E5: 2, 4, X, 14, 16, 5X, 7X, 94, 192, 284, 486,
9E6: 1, 4, 11, 28, 2E, 80, 91, 208, 290, 37E, 637, 674, 804,
9E7: 2, 3, 7, 10, 37, 52, 98, 148, 393, 452, 496, 671, 710, 793, 7X3, 8X8, X88,
9E8: 1, 2, 37, 61, 63, 115, 379, 921,
9E9: 10,
9EX: 3, 6, 8, 98, 194, 2X8, 866, 896, X82,
9EE: 3, 5, 9, 18, 23, 3E, 6E, 78, 83, 355,
X00: 3, 4, 7, 14, 19, E0, 92X, X88,
X01: 1, E, 1E, 8X, EE, 241, 29X, 635, X82,
X03: E, 4E,
X04: 1, 17, 2E, 3E, 91, E1, 1X5, 275, 30E, 4E9,
X05: 4, 5, 22, 29, 2E, 83, 15E, 264, 459, 632, E85,
X06: 1, 2, 6, E, 81, 102, 2E9,
X07: 2, 4, 12, 19, 26, 89, 92, 106, 542, 696,
X08: 2, 4, 12, 14, 17, 1X, 28, 34, 5X, 76, 86, 23X, 242, 2EE, 354, 510, 648, 974,
X09: 1, 3, 7, 9, 33, 35, 4X9, 589,
X0X: 2, 12, 19, 24, 37, 79, 108, 163, 445,
X0E: 6, 16, 3X, 55, 103, 189, 275, 286, 341,
X10: 4, 6, 16, 1X, 24, 2X, 128, 2E8, 420, 444, 808,
X12: 3, 13, 19, 24, 27, 29, 51, 190, 1E1, 3X8, 719, X73, XX8,
X13: 2, 62, 1X2,
X14: 1, 3, 23, 57, 61, 69, 4E1, 8EX,
X15: 1, 15, 129,
X16: 3, 4, 6, 40, 83, 980,
X17: 4, 9, 39, 75, X5, 50E, X10,
X18: 1, 9, 15, 31, 36, 55, 80, 140, 149, 212, 268, 2E3, 568, E27,
X19: 27, 47, 123, 469, E02,
X1X: 2, 12, 88, 388, 4E6, 5E5,
X1E: 2, 16, 18, 24, 47, 52, 53, 157, 20X, E83,
X21: 1, 3, 9, X, 1E, 20, 41, 45, 83, 10X, 11E, 1EE, 476, 54X, 580, 584, 979,
X22: X, 12, 16, 22, 26, 32, 33, 96, 119, 965,
X23: 2, 8, 16, 26, 40, 46, 1X0, 252, 406,
X24: 16, 36, 4X, 76, 7X, 15X, 1X4, 238, 408,
X25: 1, 4, 5, 64, 200, 258, 617, E18,
X26: 7, 19, 23, 5E, 105, 13E, 171,
X27: 5, E, 1E, 33, 42, 10E, 112, 122, 1EX, 285,
X28: 5, X, 30, 34, 71, 176, 224, 2X5, 31X, 605,
X29: 3, 4, 42, 58, 116, 22X, 58E, 5E8, 618, 858,
X2X: 5, 69, 123, 230, 323, 487, 497, 498, 691,
X30: 5, 27,
X31: 160, 335,
X32: 7, 2E, 113, 12E, 293, 88E, E78,
X33: 1, 3, 11, 13, 95, 101, 199, 2X4, 749,
X34: 2, 5, 9, X, E, 13, 19, 32, 62, 195, 253, 27E, 422, 592, 75E,
X35: 2, 42, 82,
X36: 1, 2, 12, 30, 34, 44, 86, 89, 162, 168, 238, 3X0, 656, X22, X5X,
X37: 7,
X38: 1, 5, 25, 58, 89, X5, 115, 160, 453, 4E1, 741,
X39: 9, 21, 24, 51, 55, 68, 12X, 14X, 257, 287, 391, 5E4, 955, E73,
X3E: 6, 28, 40, 918,
X40: E, 18, 2XE, 43E, 650,
X41: 4, 194, 343, 561, 654,
X42: 2, 4, 8, 16, 82, 8E, E0, 112, 134, 154, 27E, 642,
X43: 1, 5, 6, 22, 45, 49, 14X,
X44: 1, 4, 5, 1X, 4X, 159, 25X, 332, 4E5,
X45: 26, 3E, E0, 110,
X46: 4, 10, 18, 54, 394,
X47: 1, 2, 3, 30, 3E, 46, 53, 63, 73, 8E,
X48: 2X3,
X4X: 3, 13, 14, 28, 3E, 43, 98, 390,
X4E: 1, 3, 8, 15, 18, 38, 39, 55, E5, 228, 251, 33E, 734, 875,
X50: 7, 16, 17, 21, 180, 236, 257, 271,
X51: 15, 53, 86, 229, 379, 54X, 9E5,
X52: 15, 18, 29, 58, 61, 135, 4E5, X98,
X53: 2, 4, 7, 24, 28, 46, 58, 6X, 107, 17X, 508, 550, E36,
X54: 1, 11, 15, 18, 25, 67,
X55: 1, 2, 4, 10, 31, 35, 48, 50, 70, X2, 136, 150, 15E, 161, 215, 258, 312, 383, 50E, 735,
X56: 3, 7, X, 12, 19, 1X, 10X, 13X, 309, 549, X49,
X57: 24, 44, 60, 70,
X59: 3, 5, 9, E,
X5X: 1, 2, 10, 12, 13, 14, 23, 27, EX, 108, 128, 144, 14X, 210, 23X, 390, 472, 729, 888,
X5E: 1, 21, 35, 4X, 5E, 125, 155, 17X, 487, 7E2, 98E, X3E, E65,
X60: 1, 2, 5, 6, 9, 12, 26, 32, 71, 100, 206, 669,
X61: 3, 4, 10X,
X62: 3, 4, 9, E, 37, 64, 10E, 199, 233, 259, 35E, 3X4, 985,
X63: 5, 6, 8, 30, 65, 66, 7E, 83, 149, 156, 175, 17E, 198, 2E5, 2EX, 613,
X64: 1, 3, 5, 15, 27, 2E, 52, 6E, 113, 132, 206, 335, 953, 955,
X65: 2, 11, 20, 60, 81, X4, 166, 346, 581,
X66: 2, 17, 27, 58, 78, X2, 174, 18X, 78E, X78,
X68: 9X2,
X69: 1, 5, 7, 9, 213, 283, 363, 461,
X6X: 5, 9, 15, 39, X9, 249,
X6E: 2, 3, 8, E, 12, 17, 26, 33, 56, 67, 83, 416, 738,
X70: 1, 58, X9, E37,
X71: 2, 10, 14, 2X, 30, 34, 62, 84, 116, 120, 142, 210, 336, 340, 3XX, 462, 804, E44,
X72: 1, 5, 9, 15, 2E, X6, E6, 105, 382, 50X, 601,
X73: 4, 9, 15, 1X, 39, 3X, 94, 64X,
X74: 3, 4, 24, 26, 3E, 22E, 60X,
X75: 3, 5, E, 18, 69, 78, X3, 473,
X77: 1, 3, 9, 49, 606,
X78: 31, 96, X4, 202,
X79: 2X, 34, 306, 4E6,
X7X: 3, 5, E, 14, 1E, 2E, X7, 314, 797,
X7E: 3, 9, 17, 35, 3E, 185, 251,
X80: E, 309,
X81: 1, 2, 10, 18, X0, 106, 148, 211, 238, 250, 496, 8E9, X42,
X82: 2, 7, 1X, 27, 82, 137, 157, 167, 456,
X83: 5, 11, 21, 25, 94, 1E7, 337, 520, 987,
X84: 3, 21, 4X, 92, 254, 2X8, 722, X28,
X86: 1, 4, 5, 10, 11, 79, 85, 8X, 156, 325,
X87: 3, E, 16, 18, 34, E4, 140, 316,
X88: 33, X0, X1, 159, 411, 9X5,
X89: 1, 4, 12, 1X, 29, 48, 7X, 149, 959,
X8X: 116, 276,
X8E: 6, 10, 75, 99, 118,
X90: 3, E, 63, 537,
X91: 1, 4,
X92: 3, 8, 92, 2X6, 395, 429, EX0,
X93: 3, 7, 41, 86, 99, 159, 321, 332, 753, 987,
X95: 6, 7, 3E, 7X,
X96: 3, 4, 2E, 63, X0, 10E, 117, 26E,
X97: 2, 3, 4, 11, 22, 32, 35, 88, 9E, 131,
X98: 1, 3, 23, 26, 29, 39, 41, 87, 99, 133, 14E, 276, 2E6, 595, 5X9, 676,
X99: 6, 25, 52, 1X2, 416, 468, 7E2,
X9X: 2, 3, 7, 13, 17, 56, 72, 98, 390, 483,
X9E: 8, 14,
XX0: 1, 6, 7, 12, 14, 15, 18, 25, 26, 3X, 57, 198, 29E, 7E7, 867,
XX1: 1, 5, 7, 15, 31, 95, 161, 1E9, 3X7, X93,
XX2: 1, 5, 8, 12, 29, 3X, 78, 225, 258, 932, 949,
XX4: 8, 2E, 43, 574, 650, 683, 864,
XX5: 11, 9E, 485,
XX6: 2, 3, 9, 19, 6X,
XX7: 1, 6, 1X, 8X6, E86,
XX8: 7, 8, X, 17, 24, 210, 39E, 554, 657, 90E, X78, EE4,
XX9: 3, 5, E, 17, 19, 49, 208, 545, 617,
XXX: 1, 6, 20, 21, 64, 70, 76, 77, 101, 14X, 160, 186, 34X, 6E6,
XXE: 5, 12, 2X, 32, 165, 2EX,
XE0: 2, 6, 82, 100, 220, 5X8,
XE1: 2, 3, 4, 12, 13, 26, 36, 43, 102, 10X, 124, 213, 226, 427, 668, 7X2,
XE3: 1, 2, 5, 8, X, 1X, 1E, 20, 21, 24, 3E, 48, 81, 149, 170, 201, 217, 218, 797, X1E,
XE4: 1, 2, 2E, 1EX,
XE5: 5, X, 40, 5X, X5, E4, 114, 3EX, 57X, 5E0, 85X, X09,
XE6: 2, 4, 12, 18, 122, 5X2,
XE7: 1, 5, 1E, 6E, 119, 12E, 158, 199, 350, 765,
XE8: 1, 2, 3, 7, 19, 9X, 270, 6X1, 882,
XE9: 2, 21, 55, 92, 97, E2, 137, 14X, 492, 632, 661, X81,
XEX: 10, 1X, 90, EX, 556, 766,
XEE: 2, 4, 112, 148, 15E, 327, 363, 764,
E00: 17, 1E, 27, 44, 64, 175, XX4,
E02: 1, 2, 3, 175, 4X2, E76,
E03:
E04: 6, 60, 132,
E05: 4, 14, 27, 31, 63, 120, 124, 133, 377, 983, XE8, E87,
E06: 1, 2, 4, 12, 15, 1E, 22, 5E, X2, 131, 168, 1X5, 605, 844,
E07: 3, X, 39, 3E, 66, 271, 451, 59E, 687,
E08: 2, 4, 5, 8, 44, 56, 180, 259, 262, 27X, 386, 658,
E09: 8, 12, 17, 30, 82, X2, 130, 28E, 752,
E0X: 3, 4, 8, 9, 20, 33, 44, 48, 67, 288, 837,
E0E: 1, 8, 24, 92, 220,
E11: 1, 25, 6X, E1, 1E1, 304,
E12: 10, 16, 20, 24, 5X, 740, 790,
E13: 3, 4, 11E, 18E, 205, 21E, 22E, 308, 544,
E14: 33, 4E9, 503, 603,
E15: 1, 6, 16, E2, 146, 43X,
E16: 5, 11, 24, 40, 8X, 164, 1EX, 441, 745, 878, XX0, E52, EE4,
E17: 3, E, 16, 17, 26, 37, 3E, 93,
E18: 3, 14, 63, 88, 214, 243, 3E9, 768,
E19: 1, 3, 4, 5, 7, 23, 129, 199, 983,
E1X: 6, 13, 35, 12X, 189, 99E,
E20: 2, 4, 12, 18, 28, 2X, 34, 110, 130, 15X, 622,
E21: 4, 8, E, 17, 27, 47, 22E, 581, 778, 827,
E22: 1, 2, 4, 8, X, 24, 62, 73, 9X, 106, 120, 251, 261, 383, 7X6, E59,
E23: 12, 1E2,
E24: 6, 20, 26, 40, 96, 51X,
E25: 7EE,
E26: 5, 25, 30, 57, 61, 145,
E27: 1, 4, 9, X, 20, 57, 61, 81, 123, 149, 168, 173, 530, 644,
E28: 1, E, 12, 22, 25, 5X, 95, 9X, E2, 11X, 222, 275, 27X, 357, 547, 71E,
E29: 1, 2, 14, 42, 72, E1, 202, 4X1,
E2E: 1, 7, 151, 369, 480, 793,
E30: 2, X, E, 12, 28, 30, 38, 3X, 62, 8X, X5, 1XX, 369, 454, 608, 8X9,
E31: 2, 3, 97, 173, 502, 521, X13, E82,
E32: 1, 6, 551,
E33: 8, 18, 24, 2E, 50, 58, 388,
E34: 4, 8, 10, 60,
E35: 19, 92, X5, 20E, 212, 44X, 805,
E36: 3, 23, 81, 28E, 617, 795,
E37: 2, 4, 6, 8, 14, 18, 1X, 216, 468, 574, XX8,
E38: 2, 3, 26, 27, 48, XE, 236, 260,
E3X: 1, 5, 8, 22, 28, 3E, 41, 45, 48, 54, 87, 1X2, 252, 83X,
E3E: 1, 2, 5, 7, 57, 117, 36X, 98X, X36,
E40: 1, 2, 5, X, 18, 21, 45, 21X, 571, 575, EE2,
E41: 4, X, 10, 37, X7, 8XX,
E42: 9, 19, 60, 174, 179, 219, 23E, 298, 3E4, 418, 445, 654,
E43: 2, 2E, 52, 135, 238, 383, 712,
E44: 9, 31, 239, 4E1,
E45: 6, 10, 12, 1X, 28, 52, 11X,
E46: 2, 4, 6, E, 1E, 27, 57, 6E, 88, 287, 496, X82,
E47: X9,
E49: X, 24E, 736,
E4X: 18, 19, 98, 105, 109,
E4E: 4, 6, 60, 190, 604,
E50: 1, E, 10, 20, 2E, 47, 87, 191, 3E7, 641,
E51: 1, 2, 3, 7, 9, E, 23, 2E, 4E, 53, 103, 123, 141, 1X9, 448,
E52: 1, 13, 21, 22, 27, 37, 5X, 38X,
E53: 1, 6, X, 11, 14, 24, 29, 36, 39, 75, 8X, 141, 30X, 499, X45,
E54: E, 12, 123, 442,
E55: 11, 37, 47, 50, 5E, 93,
E56: 4, 6, 10, 22, 36, 5X, 130, 316, 444, 692, 824,
E58: 65, 905,
E59: 2, 7, 8, 53, 88, 297, 922,
E5X: E, 25, 53, 83, 199, 27E,
E5E: 4, X, 12, 15, 7E, X4, 202, 256,
E60: 2, 5, 95, 141, 162, 177, 3EE, 495,
E61: 4, 8, 10, 16, 36, E8, 82X,
E62: 26, 122, 234, 370, 787, 818, 9XE, X4E,
E63: 4, 1E, 3E, 63, XE, 135, 190, 599, 5X7, 753,
E64: 1, 3, 4, 7, 24, 2X, 37, 55, 171, 271, 335, 347,
E65: 9, X, 26, 56, 3X9,
E67: 70,
E68: 9, 38, 80,
E69: 1,
E6X: 1, 3, 5, 6, 7, 12, 15, 14X, 262, 322, 3E1, 442, 862, 8XX,
E6E: 2, 4, 9, 11, 24, 41, 98, 11X, 461, 558, 7X1,
E70: 3, 4, 10, 14, 16, 1E, 26, 30, 84, 126, 184, 3E0, 864,
E71: 20, 174, 2X4, 47E, 6E0,
E72: 2, 6, 7, 8, 27, 2E, 93, 548, 557, 852,
E73: 1, 2, X, 12, 77, E2, E7, 40X, 951, X21,
E74: 1, 6, 8, 35, 60, 125, 140, 598, E51,
E76: 3, 4, 9, 35, 11E, 121, 159,
E77: X, E, 16, 25, 31, 116, 181, 966,
E78: 2, 66, X2, E2, 276, 696, X06,
E79: 1, 10, 19, 32, 81, 129, 136, 219, 410, 686,
E7X: 3, 7, 57, EE7,
E7E: 1, 5, 35, X5, 131, 171, 180, 311, 947,
E80: 2, 4, 8, 9, 10, 13, 33, 46, 69, 78, 9X, X8, 139, 30E, 33E, 5E4, 5E5, 609, 708, X12, X29,
E81: 3, 21, 23, 2E, 73, 253, 4E3, 6E7, 971,
E82: 1, 21, 25, 2X, 124, 429, 485, 661,
E83: 26, 83,
E85: 1, 2, 3, 6, 1X, 31, 129, 208, 860, X60, XE4,
E86: 1, 1X, 41, 162, 465,
E87: 2, 8, 16, 1X, 45, 5X, E8, 192, 636, 875, 996,
E88: 4, 8, X4, 244, E13,
E89: X4,
E8X: 5, 8, E, 25, 32, EX, 112, 17E, 242,
E8E: 3, 11, 291, 4E1, 519, 681,
E90: 2, 12, 501,
E91: 4, 6, 8, E, 18, 22, 30, 54, 66, 74, EX, X86,
E92: 1, 4, 50, 108, 140, 210, 240, 361, X48,
E94: 13, 15, 16, 1X, 106, 109, 21E, 3X3, X5E,
E95: 2, X, 10, 16, 30, 5X, 86, 176, 682, 785,
E96: 3, 443, 7X3,
E97: 3, 104, 213, 304, 323, 3E8, 503,
E98: 1, 4, 6, 28, 62, 68, X7, E0, 10E, 172, 74X, 768,
E99: 1, 2, 2X, 56, 215, 2X6, 441, 642,
E9X: 2,
E9E: 3, 4, X, 17,
EX0: 9, 149,
EX1: 2, E, 13, 57, 81, 86, 112, 1E9, 271, 665,
EX3: 1, 11, 165, 52X, 624, 728, 900,
EX4: 3, 6, 7, 8, X, 10, 64, 246, 257, 390, 61X,
EX5: 1, 14, 15, 45, 51, 88, 295,
EX6: 4, 5, 9, 19, 23, 110, 133, 193, 209, 237, 430, 457, 700, X45,
EX7: 9, 45, 1EX, 64E,
EX8: 1, 2, 5, 12, 29, 35, 59, 65, 66, 1X1, 211, 371, 871,
EX9: 7, 8, 14, 30, 47, 114, 313, 31X, 726,
EXX: 1E, 50E, 770,
EXE: 8, 18, 1X, 46, 88, 484, 514, 5E6, 698,
EE0: 3, 1X, 85, 322, 65E, 89X, 993,
EE2: 2, E46,
EE3: 1, 5, 7, 8, 9, E, 20, 23, 70, 109, 150, 17E, 189, 1E0, 4E0, 641, E10,
EE4: 1, 3, 4, 13, 14, 230, 614, 87X,
EE5: 7, 2E, 42, 45, 87, 95, 96, X2, 145, 1X5, 212, 29E, 372, 847,
EE6: 1, 6, 8, 11, 14, 49, 84, 98, 228, 59X,
EE7: 8, 12, 18, E2,
EE8: 5, 13, 51, 781, 9XE, E03,
EE9: 3, 8, 30, 94, 118, 225, 339, 488, 4EE, 559, 590,
EEX: 2, 3, 5, 9, 19, 2E, 33, 43, 93, 196, 28E, 5E5,
EEE: 4, 8, X, 11, 14, 19, 3X, 64, 106, 208, 251, 389, 688,
