0,0
1,Inf
2,1
3,2
4,2
5,2
6,3
7,2
8,2
9,2
X,4
E,2
10,2
11,2
12,2
13,4
14,2
15,2
16,2
17,2
18,3
19,4
1X,2
1E,2
20,2
21,2
22,2
23,2
24,4
25,2
26,2
27,2
28,2
29,2
2X,2
2E,4
30,4
31,2
32,2
33,2
34,2
35,2
36,2
37,2
38,2
39,4
3X,2
3E,2
40,2
41,2
42,2
43,2
44,2
45,2
46,2
47,4
48,4
49,2
4X,2
4E,2
50,2
51,2
52,2
53,2
54,2
55,2
56,4
57,2
58,2
59,2
5X,3
5E,2
60,2
61,2
62,2
63,2
64,2
65,2
66,4
67,2
68,2
69,2
6X,2
6E,2
70,4
71,2
72,2
73,2
74,2
75,2
76,2
77,4
78,2
79,2
7X,2
7E,2
80,2
81,2
82,2
83,2
84,2
85,2
86,2
87,2
88,2
89,4
8X,2
8E,2
90,2
91,2
92,2
93,2
94,2
95,2
96,2
97,2
98,2
99,2
9X,2
9E,2
X0,6
X1,2
X2,2
X3,2
X4,2
X5,2
X6,4
X7,2
X8,2
X9,2
XX,2
XE,2
E0,2
E1,2
E2,2
E3,2
E4,4
E5,2
E6,2
E7,2
E8,2
E9,2
EX,2
EE,2
100,2
101,2
102,2
103,2
104,2
105,2
106,2
107,2
108,2
109,4
10X,2
10E,2
110,2
111,2
112,2
113,2
114,2
115,2
116,2
117,2
118,2
119,4
11X,2
11E,2
120,2
121,2
122,2
123,4
124,2
125,2
126,2
127,2
128,2
129,2
12X,2
12E,2
130,2
131,2
132,2
133,2
134,2
135,2
136,2
137,2
138,2
139,2
13X,4
13E,2
140,2
141,2
142,2
143,2
144,2
145,2
146,2
147,2
148,2
149,2
14X,2
14E,2
150,2
151,2
152,2
153,2
154,2
155,2
156,6
157,2
158,2
159,2
15X,2
15E,2
160,2
161,2
162,2
163,2
164,4
165,2
166,2
167,2
168,2
169,2
16X,2
16E,2
170,2
171,2
172,2
173,4
174,2
175,2
176,2
177,2
178,2
179,2
17X,2
17E,2
180,2
181,2
182,2
183,2
184,2
185,2
186,2
187,2
188,2
189,2
18X,2
18E,2
190,3
191,4
192,2
193,2
194,2
195,2
196,2
197,2
198,2
199,2
19X,2
19E,2
1X0,2
1X1,2
1X2,2
1X3,2
1X4,2
1X5,2
1X6,2
1X7,2
1X8,2
1X9,2
1XX,2
1XE,2
1E0,4
1E1,2
1E2,2
1E3,2
1E4,2
1E5,2
1E6,2
1E7,2
1E8,2
1E9,2
1EX,4
1EE,2
200,2
201,2
202,2
203,2
204,2
205,2
206,2
207,2
208,2
209,2
20X,2
20E,2
210,4
211,2
212,2
213,2
214,2
215,2
216,2
217,2
218,2
219,2
21X,2
21E,2
220,2
221,2
222,2
223,2
224,2
225,2
226,2
227,2
228,2
229,2
22X,2
22E,2
230,2
231,4
232,2
233,2
234,2
235,2
236,4
237,2
238,2
239,2
23X,2
23E,2
240,2
241,2
242,2
243,2
244,2
245,2
246,2
247,2
248,2
249,2
24X,2
24E,2
250,2
251,2
252,2
253,4
254,2
255,2
256,2
257,2
258,2
259,2
25X,2
25E,2
260,2
261,2
262,2
263,2
264,4
265,2
266,2
267,2
268,2
269,2
26X,2
26E,2
270,2
271,2
272,2
273,2
274,2
275,2
276,4
277,2
278,2
279,2
27X,2
27E,2
280,2
281,2
282,2
283,2
284,2
285,2
286,2
287,2
288,2
289,2
28X,2
28E,2
290,2
291,2
292,2
293,2
294,2
295,2
296,2
297,2
298,2
299,2
29X,4
29E,2
2X0,2
2X1,2
2X2,2
2X3,2
2X4,2
2X5,2
2X6,2
2X7,2
2X8,2
2X9,2
2XX,2
2XE,2
2E0,2
2E1,2
2E2,2
2E3,2
2E4,2
2E5,2
2E6,2
2E7,2
2E8,2
2E9,2
2EX,2
2EE,2
300,2
301,2
302,2
303,4
304,2
305,2
306,2
307,2
308,2
309,2
30X,2
30E,2
310,2
311,2
312,2
313,2
314,2
315,2
316,2
317,2
318,2
319,2
31X,2
31E,4
320,2
321,2
322,2
323,2
324,2
325,2
326,4
327,2
328,2
329,4
32X,2
32E,2
330,2
331,2
332,2
333,2
334,2
335,2
336,2
337,2
338,2
339,2
33X,2
33E,2
340,2
341,2
342,2
343,2
344,2
345,2
346,2
347,2
348,2
349,2
34X,2
34E,2
350,2
351,2
352,2
353,4
354,4
355,2
356,2
357,2
358,2
359,2
35X,2
35E,2
360,2
361,2
362,2
363,2
364,2
365,2
366,2
367,2
368,2
369,2
36X,2
36E,2
370,2
371,2
372,2
373,2
374,2
375,2
376,2
377,2
378,2
379,2
37X,2
37E,2
380,4
381,2
382,2
383,2
384,2
385,2
386,2
387,2
388,2
389,2
38X,2
38E,2
390,2
391,2
392,2
393,2
394,2
395,2
396,2
397,2
398,2
399,2
39X,2
39E,2
3X0,2
3X1,2
3X2,2
3X3,2
3X4,2
3X5,2
3X6,2
3X7,2
3X8,4
3X9,4
3XX,2
3XE,2
3E0,2
3E1,2
3E2,2
3E3,2
3E4,2
3E5,2
3E6,2
3E7,2
3E8,2
3E9,2
3EX,2
3EE,2
400,2
401,2
402,2
403,2
404,2
405,2
406,2
407,2
408,2
409,2
40X,2
40E,2
410,2
411,2
412,2
413,2
414,2
415,2
416,2
417,4
418,2
419,2
41X,2
41E,2
420,2
421,2
422,2
423,2
424,2
425,2
426,2
427,2
428,2
429,2
42X,2
42E,2
430,2
431,2
432,2
433,2
434,2
435,2
436,2
437,2
438,2
439,2
43X,2
43E,2
440,2
441,2
442,2
443,2
444,2
445,2
446,4
447,2
448,2
449,2
44X,2
44E,2
450,2
451,2
452,2
453,2
454,2
455,2
456,2
457,2
458,2
459,2
45X,2
45E,2
460,2
461,2
462,2
463,2
464,2
465,2
466,2
467,2
468,2
469,2
46X,2
46E,2
470,2
471,2
472,2
473,2
474,2
475,2
476,4
477,2
478,2
479,2
47X,2
47E,2
480,2
481,2
482,2
483,2
484,2
485,2
486,2
487,2
488,4
489,2
48X,2
48E,2
490,2
491,2
492,2
493,2
494,2
495,2
496,2
497,2
498,2
499,2
49X,2
49E,2
4X0,2
4X1,2
4X2,2
4X3,2
4X4,2
4X5,2
4X6,2
4X7,4
4X8,2
4X9,2
4XX,2
4XE,2
4E0,2
4E1,2
4E2,2
4E3,2
4E4,2
4E5,2
4E6,2
4E7,4
4E8,2
4E9,2
4EX,2
4EE,2
500,2
501,2
502,2
503,2
504,2
505,2
506,2
507,2
508,2
509,2
50X,2
50E,2
510,2
511,2
512,2
513,2
514,2
515,2
516,2
517,2
518,2
519,4
51X,2
51E,2
520,2
521,2
522,2
523,2
524,2
525,2
526,2
527,2
528,2
529,2
52X,2
52E,2
530,2
531,2
532,2
533,2
534,2
535,2
536,2
537,2
538,2
539,2
53X,2
53E,2
540,2
541,2
542,2
543,2
544,2
545,2
546,2
547,2
548,2
549,2
54X,2
54E,2
550,4
551,2
552,2
553,2
554,2
555,2
556,2
557,2
558,2
559,2
55X,2
55E,2
560,4
561,2
562,2
563,2
564,2
565,2
566,2
567,2
568,2
569,2
56X,2
56E,2
570,2
571,2
572,2
573,2
574,2
575,2
576,2
577,2
578,2
579,2
57X,2
57E,2
580,4
581,2
582,2
583,2
584,4
585,2
586,2
587,2
588,2
589,2
58X,2
58E,2
590,2
591,2
592,2
593,2
594,2
595,2
596,2
597,2
598,2
599,2
59X,2
59E,2
5X0,2
5X1,2
5X2,2
5X3,2
5X4,2
5X5,2
5X6,2
5X7,2
5X8,2
5X9,2
5XX,2
5XE,2
5E0,2
5E1,2
5E2,2
5E3,2
5E4,2
5E5,2
5E6,2
5E7,2
5E8,2
5E9,4
5EX,2
5EE,2
600,2
601,2
602,2
603,2
604,2
605,2
606,2
607,2
608,2
609,2
60X,2
60E,2
610,2
611,2
612,2
613,2
614,2
615,2
616,2
617,2
618,2
619,2
61X,2
61E,2
620,2
621,2
622,2
623,2
624,2
625,2
626,2
627,2
628,2
629,2
62X,2
62E,2
630,2
631,2
632,2
633,4
634,2
635,2
636,2
637,2
638,2
639,2
63X,2
63E,2
640,2
641,2
642,2
643,2
644,2
645,2
646,2
647,2
648,2
649,2
64X,2
64E,2
650,3
651,2
652,2
653,2
654,2
655,2
656,2
657,2
658,2
659,2
65X,2
65E,2
660,2
661,2
662,2
663,2
664,2
665,2
666,2
667,2
668,2
669,2
66X,4
66E,2
670,2
671,2
672,2
673,2
674,2
675,2
676,2
677,2
678,2
679,2
67X,2
67E,2
680,2
681,2
682,2
683,2
684,2
685,2
686,2
687,2
688,2
689,4
68X,2
68E,2
690,2
691,2
692,2
693,2
694,2
695,2
696,2
697,2
698,2
699,2
69X,2
69E,2
6X0,2
6X1,2
6X2,2
6X3,2
6X4,2
6X5,2
6X6,4
6X7,2
6X8,2
6X9,2
6XX,2
6XE,2
6E0,2
6E1,2
6E2,2
6E3,2
6E4,2
6E5,4
6E6,2
6E7,2
6E8,2
6E9,2
6EX,2
6EE,2
700,2
701,2
702,2
703,2
704,2
705,2
706,2
707,2
708,2
709,2
70X,2
70E,2
710,2
711,2
712,2
713,2
714,2
715,2
716,2
717,2
718,2
719,2
71X,2
71E,2
720,2
721,2
722,2
723,4
724,2
725,2
726,2
727,2
728,2
729,2
72X,2
72E,2
730,2
731,2
732,2
733,2
734,2
735,2
736,2
737,2
738,2
739,2
73X,2
73E,2
740,2
741,2
742,2
743,2
744,2
745,2
746,2
747,2
748,2
749,2
74X,2
74E,2
750,2
751,2
752,2
753,2
754,2
755,2
756,2
757,2
758,2
759,2
75X,2
75E,2
760,2
761,4
762,2
763,2
764,2
765,2
766,2
767,2
768,2
769,2
76X,2
76E,2
770,2
771,2
772,2
773,2
774,2
775,2
776,2
777,2
778,2
779,2
77X,2
77E,2
780,2
781,2
782,2
783,2
784,2
785,2
786,2
787,2
788,2
789,2
78X,2
78E,2
790,2
791,2
792,2
793,2
794,2
795,2
796,2
797,2
798,2
799,2
79X,2
79E,2
7X0,4
7X1,2
7X2,2
7X3,2
7X4,2
7X5,2
7X6,2
7X7,2
7X8,2
7X9,2
7XX,2
7XE,2
7E0,4
7E1,2
7E2,2
7E3,2
7E4,2
7E5,2
7E6,2
7E7,2
7E8,2
7E9,2
7EX,2
7EE,2
800,2
801,2
802,2
803,2
804,2
805,2
806,2
807,2
808,2
809,2
80X,2
80E,2
810,2
811,2
812,2
813,2
814,2
815,2
816,2
817,2
818,2
819,2
81X,2
81E,2
820,4
821,2
822,2
823,2
824,2
825,2
826,2
827,2
828,2
829,2
82X,2
82E,2
830,2
831,2
832,2
833,2
834,2
835,2
836,2
837,2
838,2
839,2
83X,2
83E,2
840,2
841,2
842,2
843,2
844,2
845,2
846,2
847,2
848,2
849,2
84X,2
84E,2
850,2
851,2
852,2
853,2
854,2
855,2
856,2
857,2
858,2
859,2
85X,2
85E,2
860,2
861,4
862,2
863,2
864,2
865,2
866,2
867,2
868,2
869,2
86X,2
86E,2
870,2
871,2
872,2
873,2
874,2
875,2
876,2
877,2
878,2
879,2
87X,2
87E,2
880,2
881,2
882,2
883,2
884,2
885,2
886,2
887,2
888,2
889,2
88X,2
88E,2
890,2
891,2
892,2
893,2
894,2
895,2
896,2
897,2
898,2
899,2
89X,2
89E,2
8X0,2
8X1,2
8X2,2
8X3,4
8X4,2
8X5,2
8X6,2
8X7,2
8X8,2
8X9,2
8XX,2
8XE,2
8E0,2
8E1,2
8E2,2
8E3,4
8E4,2
8E5,2
8E6,2
8E7,2
8E8,2
8E9,2
8EX,2
8EE,2
900,2
901,2
902,2
903,2
904,2
905,2
906,2
907,2
908,2
909,2
90X,2
90E,2
910,2
911,2
912,2
913,2
914,2
915,2
916,2
917,2
918,2
919,2
91X,2
91E,2
920,2
921,2
922,2
923,2
924,2
925,2
926,4
927,2
928,2
929,2
92X,4
92E,2
930,2
931,2
932,2
933,2
934,2
935,2
936,2
937,2
938,2
939,2
93X,2
93E,2
940,2
941,2
942,2
943,2
944,2
945,2
946,2
947,2
948,2
949,2
94X,2
94E,2
950,2
951,2
952,2
953,2
954,2
955,2
956,2
957,2
958,2
959,4
95X,2
95E,2
960,2
961,2
962,2
963,2
964,2
965,2
966,2
967,2
968,2
969,2
96X,4
96E,2
970,2
971,2
972,2
973,2
974,2
975,2
976,2
977,2
978,2
979,2
97X,2
97E,2
980,2
981,2
982,2
983,2
984,2
985,2
986,2
987,2
988,2
989,2
98X,2
98E,2
990,2
991,2
992,2
993,2
994,2
995,2
996,2
997,2
998,2
999,2
99X,2
99E,2
9X0,2
9X1,2
9X2,2
9X3,2
9X4,2
9X5,2
9X6,2
9X7,2
9X8,2
9X9,2
9XX,2
9XE,2
9E0,2
9E1,2
9E2,2
9E3,4
9E4,2
9E5,2
9E6,2
9E7,2
9E8,2
9E9,2
9EX,2
9EE,2
X00,2
X01,2
X02,2
X03,2
X04,2
X05,2
X06,2
X07,2
X08,2
X09,2
X0X,2
X0E,2
X10,2
X11,2
X12,2
X13,2
X14,2
X15,2
X16,2
X17,2
X18,2
X19,2
X1X,2
X1E,2
X20,2
X21,2
X22,2
X23,2
X24,2
X25,2
X26,2
X27,2
X28,2
X29,2
X2X,2
X2E,2
X30,2
X31,2
X32,2
X33,2
X34,2
X35,2
X36,2
X37,2
X38,2
X39,4
X3X,2
X3E,2
X40,2
X41,2
X42,2
X43,2
X44,2
X45,2
X46,2
X47,2
X48,2
X49,2
X4X,2
X4E,2
X50,2
X51,2
X52,2
X53,2
X54,2
X55,2
X56,2
X57,2
X58,2
X59,2
X5X,2
X5E,2
X60,2
X61,2
X62,2
X63,2
X64,2
X65,2
X66,2
X67,2
X68,2
X69,2
X6X,2
X6E,2
X70,2
X71,2
X72,2
X73,2
X74,2
X75,2
X76,2
X77,2
X78,2
X79,2
X7X,2
X7E,2
X80,2
X81,2
X82,2
X83,2
X84,6
X85,2
X86,2
X87,2
X88,2
X89,2
X8X,2
X8E,2
X90,2
X91,2
X92,2
X93,2
X94,2
X95,2
X96,2
X97,2
X98,2
X99,2
X9X,2
X9E,2
XX0,2
XX1,2
XX2,2
XX3,2
XX4,2
XX5,2
XX6,2
XX7,2
XX8,2
XX9,2
XXX,2
XXE,2
XE0,2
XE1,2
XE2,2
XE3,2
XE4,2
XE5,2
XE6,2
XE7,2
XE8,2
XE9,2
XEX,2
XEE,2
E00,2
E01,2
E02,2
E03,2
E04,2
E05,2
E06,2
E07,2
E08,2
E09,2
E0X,2
E0E,2
E10,4
E11,2
E12,2
E13,2
E14,2
E15,2
E16,2
E17,2
E18,2
E19,2
E1X,2
E1E,2
E20,2
E21,2
E22,2
E23,2
E24,2
E25,2
E26,2
E27,2
E28,2
E29,2
E2X,2
E2E,2
E30,2
E31,2
E32,2
E33,2
E34,2
E35,2
E36,2
E37,2
E38,2
E39,2
E3X,2
E3E,2
E40,2
E41,2
E42,2
E43,2
E44,2
E45,2
E46,2
E47,2
E48,2
E49,2
E4X,2
E4E,2
E50,2
E51,2
E52,2
E53,2
E54,2
E55,2
E56,2
E57,2
E58,2
E59,4
E5X,2
E5E,2
E60,2
E61,2
E62,2
E63,2
E64,2
E65,2
E66,2
E67,2
E68,2
E69,2
E6X,2
E6E,2
E70,2
E71,2
E72,2
E73,2
E74,2
E75,2
E76,2
E77,2
E78,2
E79,2
E7X,2
E7E,2
E80,2
E81,2
E82,2
E83,2
E84,2
E85,2
E86,2
E87,2
E88,2
E89,2
E8X,2
E8E,2
E90,2
E91,2
E92,2
E93,2
E94,2
E95,2
E96,2
E97,2
E98,2
E99,2
E9X,2
E9E,2
EX0,2
EX1,2
EX2,2
EX3,2
EX4,2
EX5,2
EX6,2
EX7,4
EX8,2
EX9,2
EXX,2
EXE,2
EE0,4
EE1,2
EE2,2
EE3,2
EE4,2
EE5,2
EE6,2
EE7,2
EE8,2
EE9,2
EEX,2
EEE,2
1000,2
1001,2
1002,2
1003,2
1004,2
1005,2
1006,2
1007,2
1008,2
1009,2
100X,2
100E,2
1010,2
1011,2
1012,2
1013,2
1014,2
1015,2
1016,2
1017,2
1018,2
1019,2
101X,2
101E,2
1020,2
1021,2
1022,2
1023,2
1024,2
1025,2
1026,2
1027,2
1028,2
1029,2
102X,2
102E,2
1030,2
1031,2
1032,2
1033,2
1034,2
1035,2
1036,4
1037,4
1038,2
1039,2
103X,2
103E,2
1040,2
1041,2
1042,2
1043,2
1044,2
1045,2
1046,2
1047,2
1048,2
1049,2
104X,2
104E,2
1050,2
1051,2
1052,2
1053,2
1054,2
1055,2
1056,2
1057,2
1058,2
1059,2
105X,2
105E,2
1060,2
1061,2
1062,2
1063,2
1064,2
1065,2
1066,2
1067,2
1068,2
1069,2
106X,2
106E,2
1070,2
1071,2
1072,2
1073,2
1074,2
1075,2
1076,2
1077,2
1078,4
1079,2
107X,2
107E,2
1080,2
1081,2
1082,2
1083,2
1084,2
1085,2
1086,4
1087,2
1088,2
1089,2
108X,2
108E,2
1090,2
1091,2
1092,2
1093,2
1094,2
1095,2
1096,2
1097,2
1098,2
1099,2
109X,2
109E,2
10X0,2
10X1,2
10X2,2
10X3,2
10X4,2
10X5,2
10X6,2
10X7,2
10X8,2
10X9,2
10XX,2
10XE,2
10E0,2
10E1,2
10E2,2
10E3,2
10E4,2
10E5,2
10E6,2
10E7,2
10E8,2
10E9,2
10EX,2
10EE,2
1100,2
1101,2
1102,2
1103,2
1104,2
1105,2
1106,2
1107,2
1108,2
1109,2
110X,2
110E,2
1110,2
1111,2
1112,2
1113,2
1114,2
1115,2
1116,2
1117,4
1118,2
1119,2
111X,2
111E,2
1120,2
1121,2
1122,2
1123,2
1124,2
1125,2
1126,2
1127,2
1128,2
1129,2
112X,2
112E,2
1130,2
1131,2
1132,2
1133,2
1134,2
1135,2
1136,2
1137,2
1138,2
1139,2
113X,2
113E,2
1140,2
1141,2
1142,2
1143,2
1144,2
1145,2
1146,2
1147,2
1148,2
1149,2
114X,2
114E,2
1150,2
1151,2
1152,2
1153,2
1154,2
1155,2
1156,2
1157,2
1158,2
1159,2
115X,2
115E,2
1160,2
1161,2
1162,2
1163,2
1164,2
1165,2
1166,2
1167,2
1168,2
1169,4
116X,2
116E,2
1170,2
1171,2
1172,2
1173,2
1174,2
1175,2
1176,2
1177,2
1178,2
1179,2
117X,2
117E,2
1180,2
1181,2
1182,2
1183,2
1184,2
1185,2
1186,2
1187,2
1188,2
1189,2
118X,2
118E,2
1190,2
1191,2
1192,2
1193,2
1194,2
1195,2
1196,2
1197,2
1198,2
1199,2
119X,2
119E,2
11X0,2
11X1,2
11X2,2
11X3,2
11X4,2
11X5,2
11X6,2
11X7,2
11X8,2
11X9,2
11XX,4
11XE,2
11E0,2
11E1,2
11E2,2
11E3,2
11E4,2
11E5,2
11E6,2
11E7,2
11E8,2
11E9,2
11EX,2
11EE,2
1200,4
1201,2
1202,2
1203,2
1204,2
1205,2
1206,2
1207,2
1208,4
1209,2
120X,2
120E,2
1210,2
1211,2
1212,2
1213,2
1214,2
1215,2
1216,2
1217,2
1218,2
1219,2
121X,2
121E,2
1220,2
1221,2
1222,2
1223,2
1224,2
1225,2
1226,2
1227,2
1228,2
1229,2
122X,2
122E,2
1230,2
1231,2
1232,2
1233,2
1234,2
1235,2
1236,2
1237,2
1238,2
1239,2
123X,2
123E,2
1240,2
1241,2
1242,2
1243,2
1244,2
1245,2
1246,2
1247,2
1248,2
1249,2
124X,2
124E,2
1250,2
1251,2
1252,2
1253,2
1254,4
1255,2
1256,2
1257,2
1258,2
1259,2
125X,2
125E,2
1260,2
1261,2
1262,2
1263,2
1264,2
1265,2
1266,2
1267,2
1268,2
1269,2
126X,2
126E,2
1270,2
1271,2
1272,2
1273,2
1274,2
1275,2
1276,2
1277,2
1278,2
1279,2
127X,2
127E,2
1280,2
1281,2
1282,2
1283,2
1284,2
1285,2
1286,2
1287,2
1288,2
1289,2
128X,2
128E,2
1290,2
1291,2
1292,2
1293,2
1294,2
1295,2
1296,2
1297,2
1298,2
1299,2
129X,2
129E,2
12X0,2
12X1,2
12X2,2
12X3,2
12X4,2
12X5,2
12X6,2
12X7,2
12X8,2
12X9,4
12XX,2
12XE,2
12E0,2
12E1,2
12E2,2
12E3,2
12E4,2
12E5,2
12E6,2
12E7,2
12E8,2
12E9,2
12EX,2
12EE,2
1300,2
1301,2
1302,2
1303,2
1304,2
1305,2
1306,2
1307,2
1308,2
1309,2
130X,2
130E,2
1310,2
1311,2
1312,2
1313,2
1314,2
1315,2
1316,2
1317,2
1318,2
1319,2
131X,2
131E,2
1320,2
1321,2
1322,2
1323,2
1324,2
1325,2
1326,2
1327,2
1328,2
1329,2
132X,2
132E,2
1330,2
1331,2
1332,2
1333,2
1334,2
1335,2
1336,2
1337,2
1338,2
1339,2
133X,2
133E,2
1340,2
1341,2
1342,2
1343,4
1344,2
1345,2
1346,2
1347,2
1348,2
1349,2
134X,2
134E,2
1350,2
1351,2
1352,2
1353,2
1354,2
1355,2
1356,2
1357,2
1358,2
1359,2
135X,2
135E,2
1360,2
1361,2
1362,2
1363,2
1364,2
1365,2
1366,2
1367,2
1368,2
1369,2
136X,2
136E,2
1370,2
1371,2
1372,2
1373,2
1374,2
1375,2
1376,2
1377,2
1378,2
1379,2
137X,2
137E,2
1380,2
1381,2
1382,2
1383,2
1384,2
1385,2
1386,2
1387,2
1388,2
1389,2
138X,2
138E,2
1390,2
1391,2
1392,2
1393,2
1394,2
1395,2
1396,2
1397,2
1398,2
1399,2
139X,4
139E,2
13X0,2
13X1,2
13X2,2
13X3,2
13X4,2
13X5,2
13X6,2
13X7,2
13X8,2
13X9,2
13XX,2
13XE,2
13E0,2
13E1,2
13E2,2
13E3,2
13E4,2
13E5,2
13E6,2
13E7,2
13E8,4
13E9,2
13EX,2
13EE,2
1400,2
1401,2
1402,2
1403,2
1404,2
1405,2
1406,2
1407,2
1408,2
1409,2
140X,2
140E,2
1410,2
1411,2
1412,2
1413,2
1414,2
1415,2
1416,2
1417,2
1418,2
1419,2
141X,2
141E,2
1420,2
1421,2
1422,2
1423,2
1424,2
1425,2
1426,2
1427,2
1428,2
1429,2
142X,2
142E,2
1430,2
1431,2
1432,2
1433,2
1434,2
1435,2
1436,4
1437,2
1438,2
1439,2
143X,2
143E,2
1440,2
1441,2
1442,2
1443,2
1444,2
1445,2
1446,2
1447,2
1448,2
1449,2
144X,2
144E,2
1450,2
1451,2
1452,2
1453,2
1454,2
1455,2
1456,2
1457,2
1458,2
1459,2
145X,2
145E,2
1460,2
1461,2
1462,2
1463,2
1464,4
1465,2
1466,2
1467,2
1468,2
1469,2
146X,2
146E,2
1470,2
1471,2
1472,2
1473,2
1474,2
1475,2
1476,2
1477,2
1478,2
1479,2
147X,2
147E,2
1480,2
1481,2
1482,2
1483,2
1484,2
1485,2
1486,2
1487,2
1488,2
1489,2
148X,2
148E,2
1490,2
1491,2
1492,2
1493,4
1494,2
1495,2
1496,2
1497,2
1498,2
1499,2
149X,2
149E,2
14X0,2
14X1,2
14X2,2
14X3,2
14X4,2
14X5,2
14X6,2
14X7,2
14X8,2
14X9,2
14XX,2
14XE,2
14E0,2
14E1,2
14E2,2
14E3,2
14E4,2
14E5,2
14E6,2
14E7,2
14E8,2
14E9,2
14EX,2
14EE,2
1500,2
1501,2
1502,2
1503,2
1504,2
1505,2
1506,2
1507,2
1508,2
1509,2
150X,2
150E,2
1510,2
1511,2
1512,2
1513,2
1514,2
1515,2
1516,2
1517,2
1518,2
1519,2
151X,2
151E,2
1520,2
1521,2
1522,2
1523,2
1524,2
1525,2
1526,2
1527,2
1528,2
1529,2
152X,2
152E,2
1530,2
1531,4
1532,2
1533,2
1534,2
1535,2
1536,2
1537,2
1538,2
1539,2
153X,2
153E,2
1540,2
1541,2
1542,2
1543,2
1544,2
1545,2
1546,2
1547,2
1548,2
1549,2
154X,2
154E,2
1550,2
1551,2
1552,2
1553,2
1554,2
1555,2
1556,2
1557,2
1558,2
1559,2
155X,2
155E,2
1560,2
1561,2
1562,2
1563,2
1564,2
1565,2
1566,2
1567,2
1568,2
1569,2
156X,2
156E,2
1570,2
1571,2
1572,2
1573,2
1574,2
1575,2
1576,2
1577,2
1578,2
1579,2
157X,2
157E,2
1580,2
1581,2
1582,2
1583,2
1584,2
1585,2
1586,2
1587,2
1588,2
1589,2
158X,2
158E,2
1590,4
1591,2
1592,2
1593,2
1594,2
1595,2
1596,2
1597,2
1598,2
1599,2
159X,2
159E,2
15X0,2
15X1,2
15X2,2
15X3,2
15X4,2
15X5,2
15X6,2
15X7,2
15X8,2
15X9,2
15XX,2
15XE,2
15E0,2
15E1,2
15E2,2
15E3,2
15E4,2
15E5,2
15E6,2
15E7,2
15E8,2
15E9,2
15EX,2
15EE,2
1600,2
1601,2
1602,2
1603,2
1604,2
1605,2
1606,2
1607,2
1608,4
1609,2
160X,2
160E,2
1610,2
1611,2
1612,2
1613,2
1614,2
1615,2
1616,2
1617,2
1618,2
1619,2
161X,2
161E,2
1620,2
1621,2
1622,2
1623,2
1624,2
1625,2
1626,2
1627,2
1628,2
1629,2
162X,2
162E,2
1630,4
1631,2
1632,2
1633,2
1634,2
1635,2
1636,2
1637,2
1638,2
1639,2
163X,2
163E,2
1640,2
1641,2
1642,2
1643,2
1644,2
1645,2
1646,2
1647,2
1648,2
1649,2
164X,2
164E,2
1650,2
1651,2
1652,2
1653,2
1654,2
1655,2
1656,2
1657,2
1658,2
1659,2
165X,2
165E,2
1660,2
1661,2
1662,2
1663,2
1664,2
1665,2
1666,2
1667,2
1668,2
1669,2
166X,2
166E,2
1670,2
1671,2
1672,2
1673,2
1674,2
1675,2
1676,2
1677,2
1678,2
1679,2
167X,2
167E,2
1680,2
1681,2
1682,2
1683,2
1684,2
1685,2
1686,2
1687,2
1688,2
1689,2
168X,2
168E,2
1690,2
1691,4
1692,2
1693,2
1694,2
1695,2
1696,2
1697,2
1698,2
1699,2
169X,2
169E,2
16X0,2
16X1,2
16X2,2
16X3,2
16X4,2
16X5,2
16X6,2
16X7,2
16X8,2
16X9,2
16XX,2
16XE,2
16E0,2
16E1,2
16E2,2
16E3,2
16E4,2
16E5,2
16E6,2
16E7,2
16E8,2
16E9,2
16EX,2
16EE,2
1700,2
1701,2
1702,2
1703,2
1704,2
1705,2
1706,2
1707,2
1708,2
1709,2
170X,2
170E,2
1710,2
1711,2
1712,2
1713,2
1714,2
1715,2
1716,2
1717,2
1718,2
1719,2
171X,2
171E,2
1720,2
1721,2
1722,2
1723,2
1724,2
1725,2
1726,2
1727,2
1728,2
1729,2
172X,2
172E,2
1730,2
1731,2
1732,2
1733,4
1734,2
1735,2
1736,2
1737,2
1738,2
1739,2
173X,2
173E,2
1740,2
1741,2
1742,2
1743,2
1744,2
1745,2
1746,2
1747,2
1748,2
1749,2
174X,2
174E,2
1750,2
1751,2
1752,2
1753,2
1754,2
1755,2
1756,2
1757,2
1758,2
1759,2
175X,2
175E,2
1760,2
1761,2
1762,2
1763,2
1764,2
1765,2
1766,2
1767,2
1768,2
1769,2
176X,2
176E,2
1770,2
1771,2
1772,2
1773,2
1774,2
1775,2
1776,2
1777,2
1778,2
1779,2
177X,2
177E,2
1780,2
1781,2
1782,2
1783,2
1784,2
1785,2
1786,2
1787,2
1788,2
1789,2
178X,2
178E,2
1790,2
1791,2
1792,2
1793,2
1794,2
1795,2
1796,4
1797,2
1798,2
1799,2
179X,2
179E,2
17X0,2
17X1,2
17X2,2
17X3,2
17X4,2
17X5,2
17X6,2
17X7,2
17X8,2
17X9,2
17XX,2
17XE,2
17E0,2
17E1,2
17E2,2
17E3,2
17E4,2
17E5,2
17E6,2
17E7,2
17E8,2
17E9,2
17EX,2
17EE,2
1800,2
1801,2
1802,2
1803,2
1804,2
1805,2
1806,2
1807,2
1808,2
1809,2
180X,2
180E,2
1810,2
1811,2
1812,2
1813,2
1814,2
1815,2
1816,2
1817,2
1818,2
1819,2
181X,2
181E,2
1820,2
1821,2
1822,2
1823,2
1824,2
1825,2
1826,2
1827,2
1828,2
1829,2
182X,2
182E,2
1830,2
1831,2
1832,2
1833,2
1834,2
1835,2
1836,2
1837,2
1838,2
1839,4
183X,4
183E,2
1840,2
1841,2
1842,2
1843,2
1844,2
1845,2
1846,2
1847,2
1848,2
1849,2
184X,2
184E,2
1850,2
1851,2
1852,2
1853,2
1854,2
1855,2
1856,2
1857,2
1858,2
1859,2
185X,2
185E,2
1860,2
1861,2
1862,2
1863,2
1864,2
1865,2
1866,2
1867,2
1868,2
1869,2
186X,2
186E,2
1870,2
1871,2
1872,2
1873,2
1874,2
1875,2
1876,2
1877,2
1878,2
1879,2
187X,2
187E,2
1880,2
1881,2
1882,2
1883,2
1884,2
1885,2
1886,2
1887,2
1888,2
1889,2
188X,2
188E,2
1890,2
1891,2
1892,2
1893,2
1894,2
1895,2
1896,2
1897,2
1898,2
1899,2
189X,2
189E,2
18X0,2
18X1,2
18X2,2
18X3,8
18X4,2
18X5,2
18X6,2
18X7,2
18X8,2
18X9,2
18XX,2
18XE,2
18E0,2
18E1,2
18E2,2
18E3,2
18E4,2
18E5,2
18E6,2
18E7,2
18E8,2
18E9,2
18EX,2
18EE,2
1900,2
1901,2
1902,2
1903,2
1904,2
1905,2
1906,2
1907,2
1908,2
1909,2
190X,2
190E,2
1910,2
1911,2
1912,2
1913,2
1914,2
1915,2
1916,2
1917,2
1918,2
1919,2
191X,2
191E,2
1920,2
1921,2
1922,2
1923,2
1924,2
1925,2
1926,2
1927,2
1928,2
1929,2
192X,2
192E,2
1930,4
1931,2
1932,2
1933,2
1934,2
1935,2
1936,2
1937,2
1938,2
1939,2
193X,2
193E,2
1940,2
1941,2
1942,2
1943,2
1944,2
1945,2
1946,2
1947,2
1948,2
1949,4
194X,2
194E,2
1950,2
1951,2
1952,2
1953,2
1954,2
1955,2
1956,2
1957,2
1958,2
1959,2
195X,2
195E,2
1960,2
1961,2
1962,2
1963,2
1964,2
1965,2
1966,2
1967,2
1968,2
1969,2
196X,2
196E,2
1970,2
1971,2
1972,2
1973,2
1974,2
1975,2
1976,2
1977,2
1978,2
1979,2
197X,2
197E,2
1980,2
1981,2
1982,2
1983,2
1984,2
1985,2
1986,2
1987,2
1988,2
1989,2
198X,2
198E,2
1990,2
1991,2
1992,2
1993,2
1994,2
1995,2
1996,2
1997,2
1998,2
1999,2
199X,2
199E,2
19X0,2
19X1,2
19X2,2
19X3,2
19X4,2
19X5,2
19X6,2
19X7,2
19X8,2
19X9,2
19XX,2
19XE,2
19E0,2
19E1,2
19E2,2
19E3,2
19E4,4
19E5,2
19E6,2
19E7,2
19E8,2
19E9,2
19EX,2
19EE,2
1X00,2
1X01,2
1X02,2
1X03,2
1X04,2
1X05,2
1X06,2
1X07,2
1X08,2
1X09,2
1X0X,2
1X0E,2
1X10,2
1X11,2
1X12,2
1X13,2
1X14,2
1X15,2
1X16,2
1X17,2
1X18,2
1X19,2
1X1X,2
1X1E,2
1X20,2
1X21,2
1X22,2
1X23,2
1X24,2
1X25,2
1X26,2
1X27,2
1X28,2
1X29,2
1X2X,2
1X2E,2
1X30,2
1X31,2
1X32,2
1X33,2
1X34,2
1X35,2
1X36,2
1X37,2
1X38,2
1X39,2
1X3X,2
1X3E,2
1X40,2
1X41,2
1X42,2
1X43,2
1X44,2
1X45,2
1X46,2
1X47,2
1X48,2
1X49,2
1X4X,2
1X4E,2
1X50,2
1X51,2
1X52,2
1X53,2
1X54,2
1X55,2
1X56,2
1X57,2
1X58,2
1X59,2
1X5X,2
1X5E,2
1X60,4
1X61,2
1X62,2
1X63,2
1X64,2
1X65,2
1X66,2
1X67,2
1X68,2
1X69,2
1X6X,2
1X6E,2
1X70,2
1X71,2
1X72,2
1X73,2
1X74,2
1X75,2
1X76,2
1X77,2
1X78,2
1X79,2
1X7X,2
1X7E,2
1X80,2
1X81,2
1X82,2
1X83,2
1X84,2
1X85,2
1X86,2
1X87,2
1X88,2
1X89,2
1X8X,2
1X8E,2
1X90,4
1X91,2
1X92,2
1X93,2
1X94,2
1X95,2
1X96,2
1X97,2
1X98,2
1X99,2
1X9X,2
1X9E,2
1XX0,2
1XX1,2
1XX2,2
1XX3,2
1XX4,2
1XX5,2
1XX6,2
1XX7,2
1XX8,2
1XX9,2
1XXX,2
1XXE,2
1XE0,2
1XE1,2
1XE2,2
1XE3,2
1XE4,2
1XE5,2
1XE6,2
1XE7,2
1XE8,2
1XE9,2
1XEX,2
1XEE,2
1E00,2
1E01,2
1E02,2
1E03,2
1E04,2
1E05,2
1E06,2
1E07,2
1E08,2
1E09,4
1E0X,2
1E0E,2
1E10,2
1E11,2
1E12,2
1E13,2
1E14,2
1E15,2
1E16,2
1E17,2
1E18,2
1E19,2
1E1X,2
1E1E,2
1E20,2
1E21,2
1E22,2
1E23,2
1E24,2
1E25,2
1E26,2
1E27,2
1E28,2
1E29,2
1E2X,2
1E2E,2
1E30,2
1E31,2
1E32,2
1E33,2
1E34,2
1E35,2
1E36,2
1E37,2
1E38,2
1E39,2
1E3X,2
1E3E,2
1E40,2
1E41,2
1E42,2
1E43,2
1E44,2
1E45,2
1E46,2
1E47,2
1E48,2
1E49,2
1E4X,2
1E4E,2
1E50,2
1E51,2
1E52,2
1E53,2
1E54,2
1E55,2
1E56,2
1E57,2
1E58,2
1E59,2
1E5X,2
1E5E,2
1E60,2
1E61,2
1E62,2
1E63,2
1E64,2
1E65,2
1E66,2
1E67,2
1E68,2
1E69,2
1E6X,2
1E6E,2
1E70,2
1E71,2
1E72,2
1E73,2
1E74,2
1E75,2
1E76,2
1E77,4
1E78,2
1E79,2
1E7X,2
1E7E,2
1E80,2
1E81,2
1E82,2
1E83,2
1E84,2
1E85,2
1E86,2
1E87,2
1E88,2
1E89,2
1E8X,2
1E8E,2
1E90,2
1E91,2
1E92,2
1E93,2
1E94,2
1E95,2
1E96,2
1E97,2
1E98,2
1E99,2
1E9X,2
1E9E,2
1EX0,3
1EX1,2
1EX2,2
1EX3,2
1EX4,2
1EX5,2
1EX6,2
1EX7,2
1EX8,2
1EX9,2
1EXX,2
1EXE,2
1EE0,2
1EE1,2
1EE2,2
1EE3,2
1EE4,2
1EE5,2
1EE6,2
1EE7,2
1EE8,2
1EE9,2
1EEX,2
1EEE,2
2000,2
2001,2
2002,2
2003,2
2004,2
2005,2
2006,2
2007,2
2008,2
2009,2
200X,2
200E,2
2010,2
2011,2
2012,2
2013,2
2014,2
2015,2
2016,2
2017,2
2018,2
2019,2
201X,2
201E,2
2020,2
2021,2
2022,2
2023,2
2024,2
2025,2
2026,4
2027,2
2028,2
2029,2
202X,2
202E,2
2030,2
2031,2
2032,2
2033,2
2034,2
2035,2
2036,2
2037,2
2038,2
2039,2
203X,2
203E,2
2040,2
2041,2
2042,2
2043,2
2044,2
2045,2
2046,2
2047,2
2048,2
2049,2
204X,2
204E,2
2050,2
2051,2
2052,2
2053,2
2054,2
2055,2
2056,2
2057,2
2058,2
2059,2
205X,2
205E,2
2060,2
2061,2
2062,2
2063,2
2064,2
2065,2
2066,2
2067,2
2068,2
2069,2
206X,2
206E,2
2070,2
2071,2
2072,2
2073,2
2074,2
2075,2
2076,2
2077,2
2078,2
2079,2
207X,2
207E,2
2080,2
2081,2
2082,2
2083,2
2084,2
2085,2
2086,2
2087,2
2088,2
2089,2
208X,2
208E,2
2090,2
2091,2
2092,2
2093,2
2094,2
2095,2
2096,4
2097,2
2098,2
2099,2
209X,2
209E,2
20X0,2
20X1,2
20X2,2
20X3,2
20X4,2
20X5,2
20X6,2
20X7,2
20X8,2
20X9,2
20XX,2
20XE,2
20E0,2
20E1,2
20E2,2
20E3,2
20E4,2
20E5,2
20E6,2
20E7,2
20E8,2
20E9,2
20EX,2
20EE,2
2100,2
2101,2
2102,2
2103,2
2104,2
2105,2
2106,2
2107,2
2108,2
2109,2
210X,2
210E,2
2110,2
2111,2
2112,2
2113,2
2114,2
2115,2
2116,2
2117,2
2118,2
2119,2
211X,2
211E,2
2120,2
2121,2
2122,2
2123,2
2124,2
2125,2
2126,2
2127,2
2128,2
2129,2
212X,2
212E,2
2130,2
2131,2
2132,2
2133,2
2134,2
2135,2
2136,2
2137,2
2138,2
2139,2
213X,2
213E,2
2140,2
2141,2
2142,2
2143,2
2144,2
2145,2
2146,4
2147,4
2148,2
2149,2
214X,2
214E,2
2150,2
2151,2
2152,2
2153,2
2154,2
2155,2
2156,2
2157,2
2158,2
2159,2
215X,2
215E,2
2160,2
2161,2
2162,2
2163,2
2164,2
2165,2
2166,2
2167,2
2168,2
2169,2
216X,2
216E,2
2170,2
2171,2
2172,2
2173,2
2174,2
2175,2
2176,2
2177,2
2178,2
2179,2
217X,2
217E,2
2180,2
2181,2
2182,2
2183,2
2184,2
2185,2
2186,2
2187,2
2188,2
2189,2
218X,2
218E,2
2190,2
2191,2
2192,2
2193,2
2194,2
2195,2
2196,2
2197,2
2198,2
2199,2
219X,2
219E,2
21X0,2
21X1,2
21X2,2
21X3,2
21X4,2
21X5,2
21X6,2
21X7,2
21X8,2
21X9,2
21XX,2
21XE,2
21E0,2
21E1,2
21E2,2
21E3,2
21E4,2
21E5,2
21E6,2
21E7,2
21E8,2
21E9,4
21EX,2
21EE,2
2200,2
2201,2
2202,2
2203,2
2204,2
2205,2
2206,2
2207,2
2208,2
2209,2
220X,2
220E,2
2210,2
2211,2
2212,2
2213,2
2214,2
2215,2
2216,2
2217,2
2218,2
2219,2
221X,2
221E,2
2220,2
2221,2
2222,2
2223,2
2224,2
2225,2
2226,2
2227,2
2228,2
2229,2
222X,2
222E,2
2230,2
2231,2
2232,2
2233,2
2234,2
2235,2
2236,2
2237,2
2238,2
2239,2
223X,2
223E,2
2240,2
2241,2
2242,2
2243,2
2244,2
2245,2
2246,2
2247,2
2248,2
2249,2
224X,2
224E,2
2250,2
2251,2
2252,2
2253,2
2254,2
2255,2
2256,2
2257,2
2258,2
2259,2
225X,2
225E,2
2260,2
2261,2
2262,2
2263,2
2264,2
2265,2
2266,2
2267,2
2268,2
2269,2
226X,2
226E,2
2270,4
2271,2
2272,2
2273,2
2274,2
2275,2
2276,2
2277,2
2278,2
2279,2
227X,2
227E,2
2280,2
2281,2
2282,2
2283,2
2284,2
2285,2
2286,2
2287,2
2288,2
2289,2
228X,2
228E,2
2290,2
2291,2
2292,2
2293,2
2294,2
2295,2
2296,2
2297,2
2298,2
2299,2
229X,2
229E,2
22X0,2
22X1,2
22X2,2
22X3,2
22X4,2
22X5,2
22X6,2
22X7,2
22X8,2
22X9,2
22XX,2
22XE,2
22E0,4
22E1,2
22E2,2
22E3,2
22E4,2
22E5,2
22E6,2
22E7,2
22E8,2
22E9,2
22EX,2
22EE,2
2300,2
2301,2
2302,2
2303,2
2304,2
2305,2
2306,2
2307,2
2308,2
2309,2
230X,2
230E,2
2310,2
2311,2
2312,2
2313,2
2314,2
2315,2
2316,2
2317,2
2318,2
2319,2
231X,2
231E,2
2320,2
2321,2
2322,2
2323,2
2324,4
2325,2
2326,2
2327,2
2328,2
2329,2
232X,2
232E,2
2330,2
2331,2
2332,2
2333,2
2334,2
2335,2
2336,2
2337,2
2338,2
2339,2
233X,2
233E,2
2340,2
2341,2
2342,2
2343,2
2344,2
2345,2
2346,2
2347,2
2348,2
2349,2
234X,2
234E,2
2350,2
2351,2
2352,2
2353,2
2354,2
2355,2
2356,2
2357,2
2358,2
2359,2
235X,2
235E,2
2360,2
2361,2
2362,2
2363,2
2364,2
2365,2
2366,2
2367,2
2368,2
2369,2
236X,2
236E,2
2370,2
2371,2
2372,2
2373,2
2374,2
2375,2
2376,2
2377,2
2378,2
2379,2
237X,2
237E,2
2380,2
2381,2
2382,2
2383,2
2384,2
2385,2
2386,2
2387,2
2388,2
2389,2
238X,2
238E,2
2390,2
2391,2
2392,2
2393,2
2394,2
2395,2
2396,2
2397,2
2398,2
2399,4
239X,2
239E,2
23X0,2
23X1,2
23X2,2
23X3,2
23X4,2
23X5,2
23X6,2
23X7,2
23X8,2
23X9,2
23XX,2
23XE,2
23E0,2
23E1,2
23E2,2
23E3,2
23E4,2
23E5,2
23E6,2
23E7,2
23E8,2
23E9,2
23EX,2
23EE,2
2400,2
2401,2
2402,2
2403,2
2404,2
2405,2
2406,2
2407,2
2408,2
2409,2
240X,2
240E,2
2410,2
2411,2
2412,2
2413,2
2414,2
2415,2
2416,2
2417,2
2418,2
2419,2
241X,2
241E,2
2420,2
2421,2
2422,2
2423,2
2424,4
2425,2
2426,2
2427,2
2428,2
2429,2
242X,2
242E,2
2430,2
2431,2
2432,2
2433,2
2434,2
2435,2
2436,2
2437,2
2438,2
2439,2
243X,2
243E,2
2440,2
2441,2
2442,2
2443,2
2444,2
2445,2
2446,2
2447,2
2448,2
2449,2
244X,2
244E,2
2450,2
2451,2
2452,2
2453,4
2454,2
2455,2
2456,2
2457,2
2458,2
2459,2
245X,2
245E,2
2460,2
2461,2
2462,2
2463,2
2464,2
2465,2
2466,2
2467,2
2468,2
2469,2
246X,2
246E,2
2470,2
2471,2
2472,2
2473,2
2474,2
2475,2
2476,2
2477,2
2478,2
2479,2
247X,2
247E,2
2480,2
2481,2
2482,2
2483,2
2484,2
2485,2
2486,2
2487,2
2488,2
2489,2
248X,2
248E,2
2490,2
2491,2
2492,2
2493,2
2494,2
2495,2
2496,2
2497,2
2498,2
2499,2
249X,2
249E,2
24X0,2
24X1,2
24X2,2
24X3,2
24X4,2
24X5,2
24X6,2
24X7,2
24X8,2
24X9,2
24XX,2
24XE,2
24E0,2
24E1,2
24E2,2
24E3,2
24E4,2
24E5,2
24E6,2
24E7,2
24E8,2
24E9,2
24EX,2
24EE,2
2500,2
2501,2
2502,2
2503,2
2504,2
2505,2
2506,2
2507,2
2508,2
2509,2
250X,4
250E,2
2510,2
2511,2
2512,2
2513,2
2514,2
2515,2
2516,2
2517,2
2518,2
2519,2
251X,2
251E,2
2520,2
2521,2
2522,2
2523,2
2524,2
2525,2
2526,2
2527,2
2528,2
2529,2
252X,2
252E,2
2530,2
2531,2
2532,2
2533,2
2534,2
2535,2
2536,2
2537,2
2538,2
2539,2
253X,2
253E,2
2540,2
2541,2
2542,2
2543,2
2544,2
2545,2
2546,2
2547,2
2548,2
2549,2
254X,2
254E,2
2550,2
2551,2
2552,2
2553,2
2554,2
2555,2
2556,2
2557,2
2558,2
2559,2
255X,2
255E,2
2560,2
2561,2
2562,2
2563,2
2564,2
2565,2
2566,2
2567,2
2568,2
2569,2
256X,2
256E,2
2570,2
2571,2
2572,2
2573,2
2574,2
2575,2
2576,2
2577,2
2578,2
2579,2
257X,2
257E,2
2580,2
2581,2
2582,2
2583,2
2584,2
2585,2
2586,4
2587,2
2588,2
2589,2
258X,2
258E,2
2590,2
2591,2
2592,2
2593,2
2594,2
2595,2
2596,2
2597,2
2598,2
2599,2
259X,2
259E,2
25X0,2
25X1,2
25X2,2
25X3,2
25X4,2
25X5,2
25X6,2
25X7,2
25X8,2
25X9,2
25XX,2
25XE,2
25E0,2
25E1,2
25E2,2
25E3,2
25E4,2
25E5,2
25E6,2
25E7,2
25E8,2
25E9,2
25EX,2
25EE,2
2600,2
2601,2
2602,2
2603,2
2604,2
2605,2
2606,2
2607,2
2608,2
2609,2
260X,2
260E,2
2610,2
2611,2
2612,2
2613,2
2614,2
2615,2
2616,2
2617,2
2618,2
2619,2
261X,2
261E,2
2620,2
2621,2
2622,2
2623,2
2624,2
2625,2
2626,2
2627,2
2628,2
2629,2
262X,2
262E,2
2630,2
2631,2
2632,2
2633,2
2634,2
2635,2
2636,2
2637,2
2638,2
2639,2
263X,2
263E,2
2640,4
2641,2
2642,2
2643,4
2644,2
2645,2
2646,2
2647,2
2648,2
2649,2
264X,2
264E,2
2650,2
2651,2
2652,2
2653,2
2654,2
2655,2
2656,2
2657,2
2658,2
2659,2
265X,2
265E,2
2660,2
2661,2
2662,2
2663,2
2664,2
2665,2
2666,2
2667,2
2668,2
2669,2
266X,2
266E,2
2670,2
2671,2
2672,2
2673,2
2674,2
2675,2
2676,2
2677,2
2678,2
2679,2
267X,2
267E,2
2680,2
2681,2
2682,2
2683,2
2684,2
2685,2
2686,2
2687,2
2688,2
2689,2
268X,2
268E,2
2690,2
2691,2
2692,2
2693,2
2694,2
2695,2
2696,2
2697,2
2698,2
2699,2
269X,2
269E,2
26X0,2
26X1,2
26X2,2
26X3,2
26X4,2
26X5,2
26X6,2
26X7,2
26X8,2
26X9,2
26XX,2
26XE,2
26E0,2
26E1,2
26E2,2
26E3,2
26E4,2
26E5,2
26E6,2
26E7,2
26E8,2
26E9,2
26EX,2
26EE,2
2700,2
2701,4
2702,2
2703,2
2704,2
2705,2
2706,2
2707,2
2708,2
2709,2
270X,2
270E,2
2710,2
2711,2
2712,2
2713,2
2714,2
2715,2
2716,2
2717,2
2718,2
2719,2
271X,2
271E,2
2720,2
2721,2
2722,2
2723,2
2724,2
2725,2
2726,2
2727,4
2728,2
2729,2
272X,2
272E,2
2730,2
2731,2
2732,2
2733,2
2734,2
2735,2
2736,2
2737,2
2738,2
2739,2
273X,2
273E,2
2740,2
2741,2
2742,2
2743,2
2744,2
2745,2
2746,2
2747,2
2748,2
2749,2
274X,2
274E,2
2750,2
2751,2
2752,2
2753,2
2754,2
2755,2
2756,2
2757,2
2758,2
2759,2
275X,2
275E,2
2760,2
2761,2
2762,2
2763,2
2764,2
2765,2
2766,2
2767,2
2768,2
2769,2
276X,2
276E,2
2770,2
2771,2
2772,2
2773,2
2774,2
2775,2
2776,2
2777,2
2778,2
2779,2
277X,2
277E,2
2780,4
2781,2
2782,2
2783,2
2784,2
2785,2
2786,2
2787,2
2788,2
2789,2
278X,2
278E,2
2790,2
2791,2
2792,2
2793,2
2794,2
2795,2
2796,2
2797,2
2798,2
2799,2
279X,2
279E,2
27X0,2
27X1,2
27X2,2
27X3,2
27X4,2
27X5,2
27X6,2
27X7,2
27X8,2
27X9,2
27XX,2
27XE,2
27E0,2
27E1,2
27E2,2
27E3,2
27E4,2
27E5,2
27E6,2
27E7,2
27E8,2
27E9,2
27EX,2
27EE,2
2800,2
2801,2
2802,2
2803,2
2804,2
2805,2
2806,2
2807,2
2808,2
2809,2
280X,2
280E,2
2810,2
2811,2
2812,2
2813,2
2814,2
2815,2
2816,2
2817,2
2818,2
2819,2
281X,2
281E,2
2820,2
2821,2
2822,2
2823,2
2824,2
2825,2
2826,2
2827,2
2828,2
2829,2
282X,2
282E,2
2830,2
2831,2
2832,2
2833,2
2834,2
2835,2
2836,2
2837,2
2838,2
2839,2
283X,2
283E,2
2840,4
2841,2
2842,2
2843,2
2844,2
2845,2
2846,2
2847,2
2848,2
2849,2
284X,2
284E,2
2850,2
2851,2
2852,2
2853,2
2854,2
2855,2
2856,2
2857,2
2858,2
2859,2
285X,2
285E,2
2860,2
2861,2
2862,2
2863,2
2864,2
2865,2
2866,2
2867,2
2868,2
2869,2
286X,2
286E,2
2870,2
2871,2
2872,2
2873,2
2874,2
2875,2
2876,2
2877,2
2878,2
2879,2
287X,2
287E,2
2880,2
2881,2
2882,2
2883,2
2884,2
2885,2
2886,2
2887,2
2888,2
2889,2
288X,2
288E,2
2890,2
2891,2
2892,2
2893,2
2894,2
2895,2
2896,2
2897,2
2898,2
2899,2
289X,2
289E,2
28X0,2
28X1,2
28X2,2
28X3,2
28X4,2
28X5,2
28X6,2
28X7,2
28X8,2
28X9,2
28XX,2
28XE,2
28E0,2
28E1,2
28E2,2
28E3,2
28E4,2
28E5,2
28E6,2
28E7,2
28E8,2
28E9,2
28EX,2
28EE,2
2900,2
2901,4
2902,2
2903,2
2904,2
2905,2
2906,2
2907,2
2908,2
2909,2
290X,2
290E,2
2910,2
2911,2
2912,2
2913,2
2914,2
2915,2
2916,2
2917,2
2918,2
2919,2
291X,2
291E,2
2920,2
2921,2
2922,2
2923,2
2924,2
2925,2
2926,2
2927,2
2928,2
2929,2
292X,2
292E,2
2930,2
2931,2
2932,2
2933,2
2934,2
2935,2
2936,2
2937,2
2938,2
2939,2
293X,2
293E,2
2940,2
2941,2
2942,2
2943,2
2944,2
2945,2
2946,2
2947,2
2948,2
2949,2
294X,2
294E,2
2950,2
2951,2
2952,2
2953,2
2954,2
2955,2
2956,2
2957,2
2958,2
2959,2
295X,2
295E,2
2960,2
2961,2
2962,2
2963,2
2964,2
2965,2
2966,2
2967,2
2968,2
2969,2
296X,2
296E,2
2970,2
2971,2
2972,2
2973,2
2974,2
2975,2
2976,2
2977,2
2978,2
2979,4
297X,2
297E,2
2980,2
2981,2
2982,2
2983,4
2984,2
2985,2
2986,2
2987,2
2988,2
2989,2
298X,2
298E,2
2990,2
2991,2
2992,2
2993,2
2994,2
2995,2
2996,2
2997,2
2998,2
2999,2
299X,2
299E,2
29X0,2
29X1,2
29X2,2
29X3,2
29X4,2
29X5,2
29X6,2
29X7,2
29X8,2
29X9,2
29XX,2
29XE,2
29E0,2
29E1,2
29E2,2
29E3,2
29E4,2
29E5,2
29E6,2
29E7,2
29E8,2
29E9,2
29EX,2
29EE,2
2X00,2
2X01,2
2X02,2
2X03,2
2X04,2
2X05,2
2X06,2
2X07,2
2X08,2
2X09,2
2X0X,2
2X0E,2
2X10,2
2X11,2
2X12,2
2X13,2
2X14,2
2X15,2
2X16,2
2X17,2
2X18,2
2X19,2
2X1X,2
2X1E,2
2X20,2
2X21,2
2X22,2
2X23,2
2X24,2
2X25,2
2X26,2
2X27,2
2X28,2
2X29,2
2X2X,2
2X2E,2
2X30,2
2X31,2
2X32,2
2X33,2
2X34,2
2X35,2
2X36,2
2X37,2
2X38,2
2X39,2
2X3X,2
2X3E,2
2X40,2
2X41,2
2X42,2
2X43,2
2X44,2
2X45,2
2X46,4
2X47,2
2X48,2
2X49,2
2X4X,2
2X4E,2
2X50,2
2X51,2
2X52,2
2X53,2
2X54,4
2X55,2
2X56,2
2X57,2
2X58,2
2X59,2
2X5X,2
2X5E,2
2X60,2
2X61,2
2X62,2
2X63,2
2X64,2
2X65,2
2X66,2
2X67,2
2X68,2
2X69,2
2X6X,2
2X6E,2
2X70,2
2X71,2
2X72,2
2X73,2
2X74,2
2X75,2
2X76,2
2X77,2
2X78,2
2X79,2
2X7X,2
2X7E,2
2X80,2
2X81,2
2X82,2
2X83,2
2X84,2
2X85,2
2X86,2
2X87,2
2X88,2
2X89,2
2X8X,2
2X8E,2
2X90,2
2X91,4
2X92,2
2X93,2
2X94,2
2X95,2
2X96,2
2X97,2
2X98,2
2X99,2
2X9X,2
2X9E,2
2XX0,2
2XX1,2
2XX2,2
2XX3,2
2XX4,2
2XX5,2
2XX6,2
2XX7,2
2XX8,2
2XX9,2
2XXX,2
2XXE,2
2XE0,2
2XE1,2
2XE2,2
2XE3,2
2XE4,2
2XE5,2
2XE6,2
2XE7,2
2XE8,2
2XE9,2
2XEX,2
2XEE,2
2E00,2
2E01,2
2E02,2
2E03,2
2E04,2
2E05,2
2E06,2
2E07,2
2E08,2
2E09,2
2E0X,4
2E0E,2
2E10,2
2E11,2
2E12,2
2E13,2
2E14,2
2E15,2
2E16,2
2E17,2
2E18,2
2E19,2
2E1X,2
2E1E,2
2E20,2
2E21,2
2E22,2
2E23,2
2E24,2
2E25,2
2E26,2
2E27,2
2E28,2
2E29,2
2E2X,2
2E2E,2
2E30,2
2E31,2
2E32,2
2E33,2
2E34,2
2E35,2
2E36,2
2E37,2
2E38,2
2E39,2
2E3X,2
2E3E,2
2E40,2
2E41,2
2E42,2
2E43,2
2E44,2
2E45,2
2E46,2
2E47,2
2E48,2
2E49,2
2E4X,2
2E4E,2
2E50,2
2E51,2
2E52,2
2E53,2
2E54,2
2E55,2
2E56,2
2E57,2
2E58,2
2E59,2
2E5X,2
2E5E,2
2E60,2
2E61,2
2E62,2
2E63,2
2E64,2
2E65,2
2E66,2
2E67,2
2E68,2
2E69,2
2E6X,2
2E6E,2
2E70,2
2E71,2
2E72,2
2E73,2
2E74,2
2E75,2
2E76,2
2E77,2
2E78,2
2E79,2
2E7X,2
2E7E,2
2E80,2
2E81,2
2E82,2
2E83,2
2E84,2
2E85,2
2E86,2
2E87,2
2E88,2
2E89,2
2E8X,2
2E8E,2
2E90,2
2E91,2
2E92,2
2E93,4
2E94,2
2E95,2
2E96,2
2E97,2
2E98,2
2E99,2
2E9X,2
2E9E,2
2EX0,2
2EX1,2
2EX2,2
2EX3,2
2EX4,2
2EX5,2
2EX6,2
2EX7,2
2EX8,2
2EX9,2
2EXX,2
2EXE,2
2EE0,2
2EE1,2
2EE2,2
2EE3,2
2EE4,2
2EE5,2
2EE6,2
2EE7,2
2EE8,2
2EE9,2
2EEX,2
2EEE,2
3000,2
3001,2
3002,2
3003,2
3004,2
3005,2
3006,2
3007,2
3008,2
3009,2
300X,2
300E,2
3010,2
3011,2
3012,2
3013,2
3014,2
3015,2
3016,2
3017,2
3018,2
3019,2
301X,2
301E,2
3020,2
3021,2
3022,2
3023,2
3024,2
3025,2
3026,2
3027,2
3028,2
3029,2
302X,2
302E,2
3030,2
3031,2
3032,2
3033,2
3034,2
3035,2
3036,2
3037,2
3038,2
3039,2
303X,2
303E,2
3040,2
3041,2
3042,2
3043,2
3044,2
3045,2
3046,2
3047,2
3048,2
3049,2
304X,2
304E,2
3050,2
3051,2
3052,2
3053,2
3054,2
3055,2
3056,2
3057,2
3058,2
3059,4
305X,2
305E,2
3060,2
3061,2
3062,2
3063,2
3064,2
3065,2
3066,2
3067,2
3068,2
3069,2
306X,2
306E,2
3070,2
3071,2
3072,2
3073,2
3074,2
3075,2
3076,2
3077,2
3078,2
3079,2
307X,2
307E,2
3080,2
3081,2
3082,2
3083,2
3084,2
3085,2
3086,2
3087,2
3088,2
3089,2
308X,2
308E,2
3090,2
3091,2
3092,2
3093,2
3094,2
3095,2
3096,2
3097,2
3098,2
3099,2
309X,2
309E,2
30X0,2
30X1,2
30X2,2
30X3,2
30X4,2
30X5,2
30X6,2
30X7,2
30X8,2
30X9,2
30XX,2
30XE,2
30E0,2
30E1,2
30E2,2
30E3,2
30E4,2
30E5,2
30E6,2
30E7,2
30E8,2
30E9,2
30EX,2
30EE,2
3100,2
3101,2
3102,2
3103,2
3104,2
3105,2
3106,2
3107,2
3108,2
3109,2
310X,2
310E,2
3110,2
3111,2
3112,2
3113,2
3114,2
3115,2
3116,2
3117,2
3118,2
3119,2
311X,2
311E,2
3120,2
3121,2
3122,2
3123,2
3124,4
3125,2
3126,2
3127,2
3128,2
3129,2
312X,2
312E,2
3130,2
3131,2
3132,2
3133,2
3134,2
3135,2
3136,2
3137,2
3138,2
3139,2
313X,2
313E,2
3140,2
3141,2
3142,2
3143,2
3144,2
3145,2
3146,2
3147,2
3148,2
3149,2
314X,2
314E,2
3150,2
3151,2
3152,2
3153,2
3154,2
3155,2
3156,2
3157,2
3158,2
3159,2
315X,2
315E,2
3160,2
3161,2
3162,2
3163,2
3164,2
3165,2
3166,2
3167,2
3168,2
3169,2
316X,2
316E,2
3170,2
3171,2
3172,2
3173,2
3174,2
3175,2
3176,2
3177,2
3178,2
3179,2
317X,2
317E,2
3180,2
3181,2
3182,2
3183,2
3184,2
3185,2
3186,2
3187,2
3188,2
3189,2
318X,2
318E,2
3190,2
3191,2
3192,2
3193,2
3194,2
3195,2
3196,2
3197,2
3198,2
3199,2
319X,2
319E,2
31X0,2
31X1,2
31X2,2
31X3,2
31X4,2
31X5,2
31X6,2
31X7,2
31X8,4
31X9,2
31XX,2
31XE,2
31E0,4
31E1,2
31E2,2
31E3,2
31E4,2
31E5,2
31E6,2
31E7,2
31E8,2
31E9,2
31EX,2
31EE,2
3200,2
3201,2
3202,2
3203,2
3204,2
3205,2
3206,2
3207,2
3208,2
3209,2
320X,2
320E,2
3210,2
3211,2
3212,2
3213,2
3214,2
3215,2
3216,2
3217,2
3218,2
3219,2
321X,2
321E,2
3220,2
3221,2
3222,2
3223,2
3224,2
3225,2
3226,2
3227,2
3228,2
3229,2
322X,2
322E,2
3230,2
3231,2
3232,2
3233,2
3234,2
3235,2
3236,2
3237,2
3238,2
3239,2
323X,2
323E,2
3240,2
3241,2
3242,2
3243,2
3244,2
3245,2
3246,2
3247,2
3248,2
3249,2
324X,2
324E,2
3250,2
3251,2
3252,2
3253,2
3254,2
3255,2
3256,2
3257,2
3258,2
3259,2
325X,2
325E,2
3260,2
3261,2
3262,2
3263,2
3264,2
3265,2
3266,2
3267,2
3268,2
3269,2
326X,2
326E,2
3270,2
3271,2
3272,2
3273,2
3274,2
3275,2
3276,2
3277,2
3278,2
3279,4
327X,2
327E,2
3280,2
3281,2
3282,2
3283,2
3284,2
3285,2
3286,2
3287,2
3288,2
3289,2
328X,2
328E,2
3290,2
3291,2
3292,2
3293,2
3294,2
3295,2
3296,2
3297,2
3298,2
3299,2
329X,2
329E,2
32X0,2
32X1,2
32X2,2
32X3,2
32X4,2
32X5,2
32X6,2
32X7,2
32X8,2
32X9,2
32XX,2
32XE,2
32E0,2
32E1,2
32E2,2
32E3,2
32E4,2
32E5,2
32E6,2
32E7,2
32E8,2
32E9,2
32EX,2
32EE,2
3300,2
3301,2
3302,2
3303,2
3304,2
3305,2
3306,2
3307,2
3308,2
3309,2
330X,2
330E,2
3310,2
3311,2
3312,2
3313,2
3314,2
3315,2
3316,2
3317,2
3318,2
3319,2
331X,2
331E,2
3320,2
3321,2
3322,2
3323,2
3324,2
3325,2
3326,2
3327,2
3328,2
3329,2
332X,2
332E,2
3330,2
3331,2
3332,2
3333,2
3334,2
3335,2
3336,2
3337,2
3338,2
3339,2
333X,2
333E,2
3340,2
3341,2
3342,2
3343,2
3344,2
3345,2
3346,2
3347,4
3348,2
3349,2
334X,2
334E,2
3350,2
3351,2
3352,2
3353,2
3354,2
3355,2
3356,2
3357,2
3358,2
3359,2
335X,2
335E,2
3360,2
3361,2
3362,2
3363,2
3364,2
3365,2
3366,2
3367,2
3368,2
3369,2
336X,2
336E,2
3370,2
3371,2
3372,2
3373,2
3374,2
3375,2
3376,2
3377,2
3378,2
3379,2
337X,2
337E,2
3380,2
3381,2
3382,2
3383,2
3384,2
3385,2
3386,2
3387,2
3388,2
3389,2
338X,2
338E,2
3390,2
3391,2
3392,2
3393,2
3394,2
3395,2
3396,2
3397,2
3398,2
3399,2
339X,2
339E,2
33X0,2
33X1,2
33X2,2
33X3,2
33X4,2
33X5,2
33X6,2
33X7,2
33X8,2
33X9,2
33XX,2
33XE,2
33E0,2
33E1,2
33E2,2
33E3,2
33E4,2
33E5,2
33E6,2
33E7,2
33E8,2
33E9,2
33EX,2
33EE,2
3400,2
3401,2
3402,2
3403,2
3404,2
3405,2
3406,2
3407,2
3408,2
3409,2
340X,2
340E,2
3410,2
3411,2
3412,2
3413,2
3414,2
3415,2
3416,4
3417,2
3418,2
3419,2
341X,2
341E,2
3420,2
3421,2
3422,2
3423,2
3424,2
3425,2
3426,2
3427,2
3428,2
3429,2
342X,2
342E,2
3430,2
3431,2
3432,2
3433,2
3434,2
3435,2
3436,2
3437,2
3438,2
3439,2
343X,2
343E,2
3440,2
3441,2
3442,2
3443,2
3444,2
3445,2
3446,2
3447,2
3448,2
3449,2
344X,2
344E,2
3450,2
3451,2
3452,2
3453,2
3454,2
3455,2
3456,2
3457,2
3458,2
3459,2
345X,2
345E,2
3460,2
3461,2
3462,2
3463,2
3464,2
3465,2
3466,2
3467,2
3468,2
3469,2
346X,2
346E,2
3470,2
3471,2
3472,2
3473,2
3474,2
3475,2
3476,2
3477,2
3478,2
3479,2
347X,2
347E,2
3480,2
3481,2
3482,2
3483,2
3484,2
3485,2
3486,2
3487,2
3488,2
3489,2
348X,2
348E,2
3490,2
3491,2
3492,2
3493,2
3494,2
3495,2
3496,2
3497,2
3498,2
3499,2
349X,2
349E,2
34X0,2
34X1,2
34X2,2
34X3,2
34X4,2
34X5,2
34X6,4
34X7,2
34X8,2
34X9,2
34XX,2
34XE,2
34E0,2
34E1,2
34E2,2
34E3,2
34E4,2
34E5,2
34E6,2
34E7,2
34E8,2
34E9,2
34EX,2
34EE,2
3500,2
3501,2
3502,2
3503,2
3504,2
3505,2
3506,2
3507,2
3508,2
3509,2
350X,2
350E,2
3510,2
3511,2
3512,2
3513,2
3514,2
3515,2
3516,2
3517,2
3518,2
3519,2
351X,2
351E,2
3520,2
3521,2
3522,2
3523,2
3524,2
3525,2
3526,2
3527,2
3528,2
3529,2
352X,2
352E,2
3530,2
3531,2
3532,2
3533,2
3534,2
3535,2
3536,2
3537,2
3538,2
3539,2
353X,2
353E,2
3540,2
3541,2
3542,2
3543,2
3544,2
3545,2
3546,2
3547,2
3548,2
3549,2
354X,2
354E,2
3550,2
3551,2
3552,2
3553,2
3554,2
3555,2
3556,2
3557,2
3558,2
3559,2
355X,2
355E,2
3560,2
3561,2
3562,2
3563,2
3564,2
3565,2
3566,2
3567,2
3568,4
3569,4
356X,2
356E,2
3570,2
3571,2
3572,2
3573,2
3574,2
3575,2
3576,2
3577,4
3578,2
3579,2
357X,2
357E,2
3580,2
3581,2
3582,2
3583,2
3584,2
3585,2
3586,2
3587,2
3588,2
3589,2
358X,2
358E,2
3590,2
3591,2
3592,2
3593,2
3594,2
3595,2
3596,2
3597,2
3598,2
3599,2
359X,2
359E,2
35X0,2
35X1,2
35X2,2
35X3,2
35X4,2
35X5,2
35X6,2
35X7,2
35X8,2
35X9,2
35XX,2
35XE,2
35E0,2
35E1,2
35E2,2
35E3,2
35E4,2
35E5,2
35E6,2
35E7,2
35E8,2
35E9,2
35EX,2
35EE,2
3600,2
3601,2
3602,2
3603,2
3604,2
3605,2
3606,2
3607,2
3608,2
3609,2
360X,2
360E,2
3610,2
3611,2
3612,2
3613,2
3614,2
3615,2
3616,2
3617,2
3618,2
3619,2
361X,2
361E,2
3620,2
3621,2
3622,2
3623,2
3624,2
3625,2
3626,2
3627,2
3628,2
3629,2
362X,2
362E,2
3630,2
3631,2
3632,2
3633,2
3634,2
3635,2
3636,2
3637,2
3638,2
3639,2
363X,2
363E,2
3640,2
3641,2
3642,2
3643,2
3644,2
3645,2
3646,2
3647,2
3648,2
3649,4
364X,2
364E,2
3650,2
3651,2
3652,2
3653,2
3654,2
3655,2
3656,2
3657,2
3658,2
3659,2
365X,2
365E,2
3660,2
3661,2
3662,2
3663,2
3664,2
3665,2
3666,2
3667,2
3668,2
3669,2
366X,2
366E,2
3670,2
3671,2
3672,2
3673,2
3674,2
3675,2
3676,2
3677,2
3678,2
3679,2
367X,2
367E,2
3680,2
3681,2
3682,2
3683,2
3684,2
3685,2
3686,2
3687,2
3688,2
3689,2
368X,2
368E,2
3690,2
3691,2
3692,2
3693,2
3694,2
3695,2
3696,2
3697,2
3698,2
3699,2
369X,2
369E,2
36X0,2
36X1,2
36X2,2
36X3,2
36X4,2
36X5,2
36X6,2
36X7,2
36X8,2
36X9,2
36XX,2
36XE,2
36E0,2
36E1,2
36E2,2
36E3,2
36E4,2
36E5,2
36E6,2
36E7,2
36E8,4
36E9,2
36EX,2
36EE,2
3700,2
3701,2
3702,2
3703,2
3704,2
3705,2
3706,2
3707,2
3708,2
3709,2
370X,2
370E,2
3710,2
3711,2
3712,2
3713,2
3714,2
3715,2
3716,2
3717,2
3718,2
3719,2
371X,2
371E,2
3720,4
3721,2
3722,2
3723,2
3724,2
3725,2
3726,2
3727,2
3728,2
3729,2
372X,2
372E,2
3730,2
3731,2
3732,2
3733,2
3734,2
3735,2
3736,2
3737,2
3738,2
3739,2
373X,2
373E,2
3740,2
3741,2
3742,2
3743,2
3744,2
3745,2
3746,2
3747,2
3748,2
3749,2
374X,2
374E,2
3750,2
3751,2
3752,2
3753,2
3754,2
3755,2
3756,2
3757,2
3758,2
3759,2
375X,2
375E,2
3760,2
3761,2
3762,2
3763,2
3764,2
3765,2
3766,2
3767,2
3768,2
3769,2
376X,2
376E,2
3770,2
3771,2
3772,2
3773,2
3774,2
3775,2
3776,2
3777,2
3778,2
3779,2
377X,2
377E,2
3780,2
3781,2
3782,2
3783,2
3784,2
3785,2
3786,2
3787,2
3788,2
3789,2
378X,2
378E,2
3790,2
3791,2
3792,2
3793,2
3794,2
3795,2
3796,2
3797,2
3798,2
3799,2
379X,2
379E,2
37X0,2
37X1,2
37X2,2
37X3,2
37X4,2
37X5,2
37X6,2
37X7,2
37X8,2
37X9,2
37XX,2
37XE,2
37E0,2
37E1,2
37E2,2
37E3,2
37E4,4
37E5,2
37E6,2
37E7,2
37E8,2
37E9,2
37EX,2
37EE,2
3800,2
3801,2
3802,2
3803,2
3804,2
3805,2
3806,2
3807,2
3808,2
3809,2
380X,2
380E,2
3810,2
3811,2
3812,2
3813,2
3814,2
3815,2
3816,2
3817,2
3818,2
3819,2
381X,2
381E,2
3820,2
3821,2
3822,2
3823,2
3824,2
3825,2
3826,2
3827,2
3828,2
3829,2
382X,2
382E,2
3830,2
3831,2
3832,2
3833,2
3834,2
3835,2
3836,2
3837,2
3838,2
3839,2
383X,2
383E,2
3840,2
3841,2
3842,2
3843,2
3844,2
3845,2
3846,2
3847,2
3848,2
3849,2
384X,2
384E,2
3850,2
3851,2
3852,2
3853,2
3854,2
3855,2
3856,2
3857,2
3858,2
3859,2
385X,2
385E,2
3860,2
3861,2
3862,2
3863,2
3864,2
3865,2
3866,2
3867,2
3868,2
3869,2
386X,2
386E,2
3870,2
3871,2
3872,2
3873,2
3874,2
3875,2
3876,2
3877,2
3878,2
3879,2
387X,2
387E,2
3880,2
3881,2
3882,2
3883,4
3884,2
3885,2
3886,2
3887,2
3888,2
3889,4
388X,2
388E,2
3890,2
3891,2
3892,2
3893,2
3894,2
3895,2
3896,2
3897,2
3898,2
3899,2
389X,2
389E,2
38X0,2
38X1,2
38X2,2
38X3,2
38X4,2
38X5,2
38X6,2
38X7,2
38X8,2
38X9,2
38XX,2
38XE,2
38E0,2
38E1,2
38E2,2
38E3,2
38E4,2
38E5,2
38E6,2
38E7,2
38E8,2
38E9,2
38EX,2
38EE,2
3900,2
3901,2
3902,2
3903,2
3904,2
3905,2
3906,2
3907,2
3908,2
3909,2
390X,2
390E,2
3910,2
3911,2
3912,2
3913,2
3914,2
3915,2
3916,2
3917,2
3918,2
3919,2
391X,2
391E,2
3920,2
3921,2
3922,2
3923,2
3924,2
3925,2
3926,2
3927,2
3928,2
3929,2
392X,2
392E,2
3930,2
3931,2
3932,2
3933,2
3934,2
3935,2
3936,2
3937,2
3938,2
3939,2
393X,2
393E,2
3940,2
3941,2
3942,2
3943,2
3944,2
3945,2
3946,2
3947,2
3948,2
3949,2
394X,2
394E,2
3950,2
3951,2
3952,2
3953,2
3954,2
3955,4
3956,2
3957,2
3958,2
3959,2
395X,2
395E,2
3960,2
3961,2
3962,2
3963,4
3964,2
3965,2
3966,2
3967,2
3968,2
3969,2
396X,2
396E,2
3970,2
3971,2
3972,2
3973,2
3974,2
3975,2
3976,2
3977,2
3978,2
3979,2
397X,2
397E,2
3980,2
3981,2
3982,2
3983,2
3984,2
3985,2
3986,2
3987,2
3988,2
3989,2
398X,2
398E,2
3990,2
3991,2
3992,2
3993,2
3994,2
3995,2
3996,2
3997,2
3998,2
3999,2
399X,2
399E,2
39X0,2
39X1,2
39X2,2
39X3,2
39X4,2
39X5,2
39X6,2
39X7,2
39X8,2
39X9,2
39XX,2
39XE,2
39E0,2
39E1,2
39E2,2
39E3,2
39E4,2
39E5,2
39E6,2
39E7,2
39E8,2
39E9,2
39EX,2
39EE,2
3X00,2
3X01,2
3X02,2
3X03,2
3X04,2
3X05,2
3X06,2
3X07,2
3X08,2
3X09,2
3X0X,2
3X0E,2
3X10,2
3X11,2
3X12,2
3X13,2
3X14,2
3X15,2
3X16,2
3X17,2
3X18,2
3X19,2
3X1X,2
3X1E,2
3X20,2
3X21,2
3X22,2
3X23,2
3X24,2
3X25,2
3X26,2
3X27,2
3X28,2
3X29,2
3X2X,2
3X2E,2
3X30,2
3X31,2
3X32,2
3X33,2
3X34,2
3X35,2
3X36,2
3X37,2
3X38,2
3X39,2
3X3X,4
3X3E,2
3X40,2
3X41,2
3X42,2
3X43,2
3X44,2
3X45,2
3X46,2
3X47,2
3X48,2
3X49,2
3X4X,2
3X4E,2
3X50,2
3X51,2
3X52,2
3X53,2
3X54,2
3X55,2
3X56,2
3X57,2
3X58,2
3X59,2
3X5X,2
3X5E,2
3X60,2
3X61,2
3X62,2
3X63,2
3X64,2
3X65,2
3X66,2
3X67,2
3X68,2
3X69,2
3X6X,2
3X6E,2
3X70,2
3X71,2
3X72,2
3X73,2
3X74,2
3X75,2
3X76,2
3X77,2
3X78,2
3X79,2
3X7X,2
3X7E,2
3X80,2
3X81,2
3X82,2
3X83,2
3X84,2
3X85,2
3X86,2
3X87,2
3X88,2
3X89,2
3X8X,2
3X8E,2
3X90,2
3X91,2
3X92,2
3X93,2
3X94,2
3X95,2
3X96,2
3X97,2
3X98,2
3X99,2
3X9X,2
3X9E,2
3XX0,2
3XX1,2
3XX2,2
3XX3,2
3XX4,2
3XX5,2
3XX6,2
3XX7,2
3XX8,2
3XX9,2
3XXX,2
3XXE,2
3XE0,2
3XE1,2
3XE2,2
3XE3,2
3XE4,2
3XE5,2
3XE6,2
3XE7,2
3XE8,2
3XE9,2
3XEX,2
3XEE,2
3E00,2
3E01,2
3E02,2
3E03,2
3E04,2
3E05,2
3E06,2
3E07,2
3E08,2
3E09,2
3E0X,2
3E0E,2
3E10,2
3E11,2
3E12,2
3E13,2
3E14,2
3E15,2
3E16,4
3E17,2
3E18,2
3E19,2
3E1X,2
3E1E,2
3E20,2
3E21,2
3E22,2
3E23,2
3E24,2
3E25,2
3E26,2
3E27,2
3E28,2
3E29,2
3E2X,2
3E2E,2
3E30,2
3E31,2
3E32,2
3E33,2
3E34,2
3E35,2
3E36,2
3E37,2
3E38,2
3E39,2
3E3X,2
3E3E,2
3E40,2
3E41,2
3E42,2
3E43,2
3E44,2
3E45,2
3E46,2
3E47,2
3E48,2
3E49,2
3E4X,2
3E4E,2
3E50,2
3E51,2
3E52,2
3E53,2
3E54,2
3E55,2
3E56,2
3E57,2
3E58,2
3E59,2
3E5X,2
3E5E,2
3E60,2
3E61,2
3E62,2
3E63,2
3E64,2
3E65,2
3E66,2
3E67,2
3E68,2
3E69,2
3E6X,2
3E6E,2
3E70,2
3E71,2
3E72,2
3E73,2
3E74,2
3E75,2
3E76,2
3E77,2
3E78,2
3E79,2
3E7X,2
3E7E,2
3E80,2
3E81,2
3E82,2
3E83,2
3E84,2
3E85,2
3E86,2
3E87,2
3E88,2
3E89,2
3E8X,2
3E8E,2
3E90,2
3E91,2
3E92,2
3E93,2
3E94,2
3E95,2
3E96,2
3E97,2
3E98,2
3E99,2
3E9X,2
3E9E,2
3EX0,2
3EX1,2
3EX2,2
3EX3,2
3EX4,2
3EX5,2
3EX6,2
3EX7,2
3EX8,2
3EX9,2
3EXX,2
3EXE,2
3EE0,2
3EE1,2
3EE2,2
3EE3,4
3EE4,2
3EE5,2
3EE6,2
3EE7,2
3EE8,2
3EE9,2
3EEX,2
3EEE,2
4000,2
