1: 1,
2: 3, 7, X, 10, 23, 3X, 66, 84, 104, 122, 267, 313, 404, 468, 506, 5E6, 7E8,
3: 1, 2, 5, 12, 18, 56, 89, E8, 115, 116, 136, 365, 886,
4: 2, 5, 13, 43, 41X, 5EE,
5: 1, 3, 4, 7, X, E, 11, 41, 63, 84, 246, 346, 481,
6: 1, 3, 5, 13, 17, 33, 333, 82E, XX4,
7: 2, 3, 6, 10, 12, 14, 18, 28, 30, 34, 42, 44, 50,
8: 1, 2, 5, 8, 31, 35, 75, 1E5, 431, X28, X88,
9: 1, 2, 23, 71, 73, 206, 551, 776, X96, XE1,
E: 3, 4, 2E, 9E, 338, 363,
10:
11: 1, 2, 8, 9, 15, 22, 52, 72, 108, 265,
12: 2, 6, X, 22, 3X, 146, 48X,
13: 1, 2, 4, E, 1X, 20, 97, 98, 114, 35E, 538, 718, E87,
14: 1, 4, 8, 10, 11, 33, 47, 48, E1, 2E0, 6E8,
15: 66, 102, 680,
16: 2, 28, 182,
17: 1, 3, 5, 6, 9, 66, 766,
18: 1, 4, E, 1X, 1E, 21, 67, 95, 1EE, 437,
1X: 2, 4, 7, 8, 18, 2X, 97, 1E4, 258, 26E, 557, 5X2,
1E: 1, 2, 4, 8, 48, 89, 92, 98, 11X, 182, 452, 564, 642,
20: 2, 6, 9, E, 22, 39, 65, 83, 103, 121, 266, 312, 403, 467, 505, 5E5, 7E7,
21: 3, 33, 49, 59, 69, 9E, 193, 195,
22: 1, 13, 14, 33, 43, 89, 263, 264, 464, 487, E97,
23: 2, 8, 12,
24: 1, X, 12, 1X, 82, 1XX, 235,
25: 1, 2, 5, 6, 35, 3X, 41, 4X, 61, 6E7, 726,
26: 100,
27: 1, 3, 13, 109, 150, 1X9, 280,
29: 1, 4, 5, 10, 15, 1X, 49, 170,
2X: 1, 11, 33, 45, X1, 115, 549, 9E3,
2E: 1, 5, 7, 9, E, 11, 17, 3E, 70, 93, 11X, 184, 25E, 398,
30: 1, 4, 11, 17, 55, 88, E7, 114, 115, 135, 364, 885,
31: 147,
32: 1, 25,
33: 6, 15, 42, 5E, 105, X12,
34: 26, EX, 544,
35: 3, 4, E, 27, 28, 53, X33, XX3,
36: 3, 7, X, E, 12, 14, 16, 2X, 38, 57, 6X, 93, E0, 13E, 218, 21E,
38: 2, 6, 7, 29, 56, 91, 216,
39: 1, 2, 3, 21, 22, 93, 153, 229, 293, 2X6, 721,
3X: 5, 28, 90, 340, 825, 989,
3E: 10, 16, 17, 20, 33, 8X, 8E, 217, 453, 74E, 7EE,
40: 1, 4, 12, 42, 419, 5EX,
41: 2, 3, 5, 6, 19, 29, 116, 12X, 626, 7X6, 87E, 929,
42: 1, 5, 6, 37, 47, E6, 115, 11X, 147, 15X, 164, 167, 1X0, 270, 587,
43: 1, 3, 73, 1X7, 293,
44: 2, 7, 12, 4E, 62, 66, 6E, 692, 710,
45: 8, X, 58, X8, 288, 668, 786,
47: 1, 93, E1, 128, 153, 197, 1E9, 269, 2E3, 69E, 9E2,
48: 1, 3, 4, 28, 4E, X9, 237, 898,
49: 2, 6, 7, 1X, 27, E6, 186, 447, 47E, 4XX, E5E,
4X: 2, 4, 26, 184, 2X4, 2E4, 2E6, 364, 42X, 432, X38,
4E: 1, 5, 17, 19, 1E, 51, 6E, 103, 181, 313, 539, 5X9, 8E7,
50: 2, 3, 6, 9, X, 10, 40, 62, 83, 245, 345, 480,
51: 1, 4, 7, 23, 4E, 145, 243, 254,
52: 2, 3, 4, 17, 3E, 42, 17E, 207, 517, 884,
53: 1, 10, 1X, X0, 129, 168, 195, 251, 608,
54: 1, 21, 107, 187,
56: 28, 30, 148,
57: 2, 3, 8, X, 23, 322, 392, 502, 67E, 72E,
58: 4, 9, 10, 14, 20, 25, 66, 149, 78X,
59: 1, 3, 15, 17, 71, 131, 15X, 68E, 695,
5X: 4, X, 10, 17, 114, 278, 2XE, 610, X6E,
5E: 1, 4, 8, 10, 15, 21, 41, 121, 128, 25E, 370, 670,
60: 2, 4, 12, 16, 32, 332, 82X, XX3,
61: 1, 2, 6, 15, 22, E0, 648,
62: 2, 3, 9, 32, 3E, 5E, 96, XX, 2E3, 389,
63: 11, 19, 35, 51, 114, 2X4, 30X,
65: E,
66: 1, 10, 16, 36, 3X, 72, 1X6, X3X,
67: 6, 1X, 4X, 62, 6X, 76, 766, 822,
68: 3, 6, 13, 18, 90, 122, 509, 626, X71, X78, 1000,
69: 3, 23, 38, X4, 100, 175, 478, X2E, E00,
6X: 3, 4, 6, 66, E4,
6E: 1, 2, 19, 59, 82, 89, 829, EEX,
70: 1, 2, 5, E, 11, 13, 17, 27, 2E, 33, 41, 43, 4E,
71: 1, 2, 4, E, 24, 38, 58, 2E5, 401,
72: 1, 3, 19, 67, X7, 213,
74: 95, 109, 185, 589,
75: 1, 13, 25, 55, 65, 433, 736,
76: 3, 7, 83, X5, 189, 989,
77: 1, 5, 8, 9, 14, 99, XE, 159, 180, 243, 50E, 631, 635,
78: 2, 4, 42, 60, 6X, X6, 15X, 558, 600, X70,
79: 1, 4, 8, 21, 54, 100, 889,
7X: 1, 2, 7, 9, E, 32, 33, 35, 93, E5, 132, 18E, 255, 382, 56E, 839,
7E: 2, 4, 16, 18, 20, 54, 63, 6X, 202, 324, 713, 779, 869,
80: 1, 4, 7, 30, 34, 74, 1E4, 430, X27, X87,
81: 4, E, 13, 54,
83: 3E, 46E, 4X2,
84: 1, 2, 3, 4, 8, 17, 1X, 28, 46, 68, 109, 138, 164, 179, 1E4, 296, 3X4, 488, 551, 709, 737, X7X,
85: 1, 7, 13, 18, 3E, 45, 81, E0, 207, 695, 6X5,
86: 4, X, 114, 204, 393, 3E6, 590, 704,
87: 1, 5, 11, 95, 5X1,
88: 1, X, 12, 15, 222, 462, 505, 805,
89: 2, 4, 8, 42, 50, 98, 164, 25X, 80X,
8X: 30, E35,
8E: 6, 7, X, 14, 16, 20, 26, 170, 523,
90: 1, 22, 70, 72, 205, 550, 775, X95, XE0,
92: 1, 7, 11, 13, 45, 56, 17X, 22X, 23X, 27X, 371, 44X, E27,
93: 1E, 23, 29, 44, X5, 313, 569, 5E7, X37,
94: 18, 28, 2E, 33, 5X, 98, 328, 426, 722,
95: 2, 4, 12, 22, 28, 3X, 54, X1, 161, 241, 68X, XX5,
96: 2, 3, 157, 22X,
97: 1, 2, 66, 76, 116, 171, 21E, 5EE,
98: 25, 153, 155, 189, 1X5, 493, 6EE,
99: 4, 7, E4, 2E0, 593,
9X: 2, 4, X, 2X, 38, 3X, 702,
9E: 1, 2, 3, 5, 7, E, 13, 17, 21, 2E, 37, 52, 7E, 111, 126, 156, 196, 64X, 657, 701,
X1: 1, 3, 9, 28, 59, 84, E8, 140, 658, 823,
X2: 2, 12, 47, 302,
X3: 2, 9, 54, 68, 109, 10X,
X4: 1, X, 86, X3, EX, 70X, 786,
X5: 14, 15, 18, 35, 3E, 44, 68, 8E, 105, 42X, 5XX, 9E8,
X6: 5, 11, 17, 3E, 43, 84, X5, 35E, 525, 851,
X7: 2, 4, E, 716, 764,
X8: 2, 4, 10, 20X, 536, 560, 644, E54,
X9: 1, 3, 7, 17, 95, 46E,
XX: 6, 110, 168, 344,
E0: 2, 3, 2X, 9X, 337, 362,
E1: 1, 4, 5, 9, X, 16, 20, 36, 51, 78, 106, 13X, 1X9, 6E2, 781,
E2: 1, 5, 7, 1X, 1E, 21, 32, 61, 115, 117, 11X, 146, 167, 1X7, 747, E4E,
E3: 1, 2, 4, 11, 16, 19, 37, 110, 37X, 457, 970,
E4: 3, 9, 17, 51E,
E5: 3, 43, 54, 204, 410,
E6: 1, 4, 24, 30, 46, 50, 5X, 66, 185, 5E4,
E7: 1, 5, 9, 27, 35, 82, X9, 212, 313, 71E,
E8: 2, 3, 4, 6, 26, 34, 36, 5X, 67, 8X, 109, 234, 4E7, 687, 893, 943,
E9: 1, 7, E, 37, 97, 3E0, 677,
EE: 2, 40, 2X8, 459, 559, E76,
100:
101: 1, 6, 9, 20, 91, 1X1, 306, 3X4, 5E6, 839,
102: 1, 3, 4, 5, 17, 48, 67, 154, 281, 299, 631,
103: 2, 6, 18, 28, 98, 12E, 413, 477, 528,
104: 1, 2, 4, 24, 35, 56, 71, 80, 84, 94, 176, 1X5, 336, 434, 4X5,
105: 1, 3, 16, 17, 21, 51, 52, 102, 182, 599,
106: 1, 2, 3, 8, 16, 26, 2E, 32, 81, 1X6, 268, 308, 5E9, 665,
107: 4, 8, E, 15, 18, 19, 68, 199, 263, 30E, 465, 585, 648, E94,
108: 3, 1X, 124, 136,
10X: 7, E, 52, 66, 89, E3, 15E, 172, 253, 365, 819, 8E3,
10E: 1, 7, 51, 5E, 115, 28E, 66E,
110: 1, 7, 8, 14, 21, 51, 71, 107, 264,
111: 6, 8, 272, 758,
112: 9, 25, 36, 30X, 322, 35X, 395, 488, 514, 872,
113: 9, X, 16, 27, 31, 13X, 71X, 7E1, E6X,
114: 2, 9, 93, 243, 447, 703,
115: 1, 3, 38, 365, 451, 485,
116: 6, 8, 28, 42, 274, 8X4,
117: 2, 6, 136, 782,
119: 2, 3, 5, 6, 12, 16, 29, 2X, 32, 42, 63, XX, 114, 12X, 266, 432, 849,
11X: 1, 9, 10, 10E, 26E, 2X9, 315, 383, 54E, E97,
11E: 2, 3, X, 24, 5X, 97, 98, 22E, 607, 92X,
120: 1, 5, 9, 21, 39, 145, 489,
121: 1, 2, 7, 1X, 8X, 91, 371, 667, 947,
122: 2, 12, 18,
123: 1, 15, 77, 89, X5,
124: 8, 39X, 414, 93E,
125: 9, 5X,
126: 1, 2, 3, 5, 9, E, 1X, 29, 52, 63, 8E, E7, 141, 2EE, 423, 55X, 897, X5E,
128: 1, 7, 8, 20, 5E, 87, 124, 140, 1X1, 258, E50,
129: 3, 6, 13, 16, E2, 102, 367, 666,
12X: 1, 2, 8, 12, 30, 38, 68, 79, 1X2, 212, 231, 396, X99,
12E: 3, 6, E, 16, 10E, 8EE,
130: 1, 3, X, 19, 1E, 96, 97, 113, 35X, 537, 717, E86,
131: 13, 275, 361,
132: 2, 3, 6, E, 14, 24, 38, 3X, 27X, 284, 388, 3X0, 422, 434, 572,
133: 6, X, 14, 546, X36,
134: 2, 6, 7, 1X, 2X, 201, 679,
135: 1, 2, 3, 8, 23, 189, 199, 758, X08,
137: 3, 4, 7, 10, 30, 5X, 6E, 9X, 294, 340, 840,
138: 2, 4, 5, 58, 72, 111, 121, 21X, 265, 31X, 505, 552, 598,
139: 1, 3, X, E, 12, 5E, 169, 63E,
13X: 1, 2, 4, 7, 60, 82, 211, 378,
13E: 1, 14, 18, 60, 134, 208,
140: 3, 7, E, 10, 32, 46, 47, E0, 2XE, 6E7,
141: 2, 4, 8, 22, 85, 89, 102, 159, 18X, 916,
142: 19, 33, 219, 505, 5E3, E8E,
143: 1, 2, 3, 9, 11, 17, 18, 29, 67, 10E, 359, 545,
144: 10, 14, 24, 54, 88, 264, 700, X24,
146: 1, 2, 6, 9, 11, 22, 30, 80, E9, 181,
147: 1, 2, 5, 6, 16, 29, 83, X9, EE, 286, 786,
148: 3, 8, 10, 13, 1E, 20, 40, E9, 2X2, 30E, 495, 5E3, E06,
149: 3, 10, 40, X9, 113, 179, 265, 435,
14X: 7, E, 13, 67,
14E: 1, 8, 16, 32, 39, 96, 131, 236, 470, 518, 732,
150: 65, 101, 67E,
151: 6, 7, X, 11, 13, 14, 19, 21, 23, 61, X7, E7, 122, 199, 240, 4E1, 744, 911, X18, X56,
152: 1, 3, 10, 23, 48, 98, 2X0, 385, E21,
153: 13, 1E,
155: 2, X2, EX, 112, 23X,
156: 1, 2, 4, 7, 10, 72, 11E, 201, 20E,
157: 8, 17, 31, 45, 65, 6E, 194, 418,
158: 2, 4, 14, 8X, E3, 2X7, 450,
159: 1, 11, 15, 21, 36, 316,
15X: 2, 3, 5, 16, 2E, 92, 173, 212, 2E9, 482, 6X3,
15E: X, 24, 26, 13X, 240, 537, 65X, 90X, 923,
160: 1, 27, 181,
161: 2, 3, 12, 26, 53, 113, 19E,
162: 1, 2, 4, 6, 88, 94, 206, 234, 355, 372, 3X6, 42X, 875,
164: 5, 45, 349, 395,
165: 15, 75,
166: 4, 6, X, 14, 1X, 26, 70, 350,
167: 1, 4, 8, 14, 15, 34, 62, 89, E2, 235, E84,
168: 1, 2, 5, X, 19, 2X, 3E, 46, X5, 102, 17X,
169: 2, 5, 12, 37, 7X, X0, XE, 195, 207, 5X0,
16X: 1, 358,
16E: E, 1E, 37, E3, 19E,
170: 2, 4, 5, 8, 65, 765,
171: 1, 7, 16, 6E, 8E, 126,
173: 5, 55, 241, 4EE, 897,
174: 2, 4, 17, 1X, 1E, 26, X4, 882, 924,
175: 1, 21, 39, 101,
176: 13, 15, 42, 53, 587, 705, 776,
177: 4, 10, 12, 14, 16, 26, 140, 582,
178: 1, 17, 19, 33, 50, 149, 435,
179: 2, 12, 24, 32, 6X, 7E, 107, 152, 284, 2E4, 302, 522, 6EE, 7XE, XE7,
17X: 1, 2, 8, 19, 20, 22, 50, 80, 89, 200, 206, 2X6, 2E8, 402, 4X0, 9E5,
17E: 5E, 62, 9E, 35E, 40E,
180: 3, X, 19, 1X, 20, 66, 94, 1EX, 436,
182: 2, 3, 8, E, 28, 30, 98, X8, 1X8, 328, E88,
183: 1, 4, 6, 9, 15, 1X, 4X, 75, 121, 146, 166, 72X,
184: 3, 7, X, E, 17, 82, 247, 37E, X97,
185: 2, 7, 9, 22, 7X, 498, 506, 619, E6X,
186: 1, 21, 7E,
187: 2, 4, 6, 7, X, 10, 33, 43, 5X, 187, 1XX, 218, 304, 4E8, 772, 834,
188: 8, 12, 18, 36, 40, 198, 778,
189: 6, 15, 35, 106, 336,
18X: 1, 3, 4, 6, X, 19, 1X, 21, 23, 24, 29, 34, 37, 3X, 4X, 66, 90, 91, 95, 1X7, 209, 546, 551, 5X1, 893,
18E: 3, 8, 11, 17, 21, 27, 51, 71, 79, 397, 6XE,
191: 1, 2, 5, 6, 8, 2X, 44, 95, 216, 391, 3E0, 426,
192: 1, 3, 6, X, 29, 37, 66, 79,
193: 1, 2, 3, 5, 6, 8, 138, 177, 212,
194: 4, 5, 14, E5, 114, 118, 11E, 184, 1E5, 715,
195: 4, 6, X, 54, 106, 126, 25X, 86E,
196: 4, 128, 13X, 232,
197: 1, 13, 35, 129, 94E,
198: 1, 2, 5, 7, E, 15, 26, 36, 4X, 56, 136, 245, 345, X47,
199: 458, E58,
19X: 23, 37, 128, 200, 3X3,
1X0: 1, 3, 6, 7, 17, 29, 96, 1E3, 257, 26X, 556, 5X1,
1X1: 1, 7, 8, X, 23, 25, 27, 32, 55, 5E, 6X, 113, 129, 213, 2E4, 477, 76E, 8X7, E45,
1X2: 3, 7, 9, 10, 11, 24, 69, 463,
1X3: 2, 4, 6, 17, 24, 40, 134, 16E, 2E0, 478,
1X4: 1, 2, 6, X, 14, 48, 66, 172, 280, 299, 432,
1X5: 1, 2, 7, 11, 45, 47, 75, 76, 89,
1X6: 3, 8, 23, 28E, 394,
1X7: 1, 3, 43, 75, 287, 977,
1X8: 7, 27, 22E, 687, 997,
1X9: 2, 4, X, 3X, EX, 122, 222, 270, 3E6, 812,
1XE: 1, 4, 8, 10, 11, 13, 32, 39, 3X, 41, 24X, 318, 627,
1E0: 1, 3, 7, 47, 88, 91, 97, 119, 181, 451, 563, 641,
1E1: 8, 38, 3X, 72, 10E, 1X6, 20E, 218, 36X, X32,
1E2: 4, 6, 14, 64, E5, 206, 271, 329, 355, 535, 574, 824, E75,
1E3: 2, X, 11, 21, 5E, 85, 14X, 252, 32X, 55X, 892,
1E4: 1, 4, 20, 24, 26, 136, 9E9,
1E5: 1, E, 10, 11, 17, 20, 34, 50, 17E, 308,
1E6: 2, 6, 8, 17, 24, 26, 47, 5X, 38X, 4X8, 538, 780,
1E7: 8, 39, E6, 1X0, 1E2, 718, 955,
1E8: 2, 5, 12, 7E, 1EX, 4X3, 862, E6E,
1EX: 1, 4, 11, 35, 38, 101, 197, 278, 515, 658, 724,
1EE: 6, 12, 3X, 142, 228, 960,
200: 1, 5, 8, X, 21, 38, 64, 82, 102, 120, 265, 311, 402, 466, 504, 5E4, 7E6,
201: 1, 2, 9, 2X, 43, 239, 762,
202: 2, 3, 7, 10, 12, 57, 6E, 86, 125, 291, 371,
203: 4, 15, 28, 49, 113, 129, 6E4, 8EE,
204: 33, X3, 5X4, 826, X67,
205: 1, 2, 5, 22, 51, 101, 451,
206: 1, 2, 3, 5, 9, 12, 37, 52, 66, 6E, 75, 1X1, 263, 332, 449, 4E7,
207: 1, 1X, 21, 27, 34, 295, 51E, 696, 768, 7EE,
209: 56, 70, 113, 360, 41E,
20X: 49,
20E: 3, 5, E, 103, 18E, 39E, 883, 913, 93E,
210: 2, 32, 48, 58, 68, 9X, 192, 194,
211: 1, 3, 4, 10, 15, 128, 143, 467, 62E, EE4,
212: 6, 47,
213: 1, 2, 4, 22, 3X, 5X, 11X, 12X, 131, 14X, 17X, 1E4, 249, 961, X48,
214: 2, 3, 7, E, 12, 23, 27, 4E, 59, 71,
215: 4, 26, 46, 66, 138, 16E, 184, 470, 615,
216: 1, 5, 15, 20, 27, 145, 361, 749,
218: 1, 5, 1E9, 584, E94,
219: 1, 2, 5, 2E2, 3E5, EXX,
21X: 2, 9, 26, 84, E2, 809,
21E: 1, 11, 23, 173, 237, 6X1, 999,
220: 12, 13, 32, 42, 88, 262, 263, 463, 486, E96,
221: 4, 29X,
222: 1, 7, 9, X, 13, 41, 45, 81, 93, 4E7, 9X3,
223: 2, 5, 9, X, 29, 49, 4E, 9E, 144, 1E2, 210, 259, 793, X45,
224: 1, E, 91, 264, 95E, X00,
225: 6, 8, 18, 23, 36, 147, 326, 6X8,
227: 3, 6, E, 16, 33, 3E, 43, 46, 113, 126, 156, X3X,
228: 4, 7, 9, 15, 24, 53, 65, 71, 7E, XE, 140, 313, 31E, 330,
229: 1, 4, 14, 33, 87, 9E, 105, 141, 223, 40E, 485, 655, 774, 993,
22X: 17, 23, 34, 77, 108, 22E,
22E: 1, 15, 2X, 36, 88, 2E0, 628, 754,
230: 1, 7, 11,
231: E, 11, 12, 29, 33, 43, 91, 111, 12E, 137, 2X9, 331, 347, 403, 493, 581, 949,
232: 8, 18, 124, 1X8, 268, E54,
233: 3, 13, 26, 343,
234: 5, 15, 1X, 21, X9, 14X, 18X, 271, 382, 4X9, E4X,
236: 2, 4, 6, 10, 27, 31, 6X, 91, 137, 142, 230, 237, 257, 292,
237: 3, 7, X7,
238: 2, 6, 13, 17, 18, 73, 162,
239: 6, 12, 1X, 29, 44, 6X, 106, 186, 3E2, 4X4, X55,
23X: 3, 9, 1E, 36, 55, 66, 69, 639, 913,
23E: 1, 3, 17, 1X, 197, 334, 495, 783, 897, 9X5,
240: 9, 11, 19, 81, 1X9, 234,
241: 17,
242: 1, 2, 10, 50, 60, 89, E1, 384,
243: 2, 26, 122, 292, 556,
245: 1, 4, E, 17, 21, 23, 24, 33, 53, 237, 804, 8X4,
246: 4, 7, 14, 5E, 64, 73, 88, X8, 14E, 264, 432,
247: 2, 12, 15, 1X, 24, X5, 362, 458, 48X,
248: 1, 2, 5, 42, 132, 197, 546, 715, 76X, X31, E22,
249: 2, 4, 8, X, 12, 23, 28, 4X, 9X, E8, 123, 1E7, 242, 284, 2XX, 564, 856, 9E9,
24X: 1, 3, 9, 13, 1E, 45, 77, 308, 3XE, 5E1, XX3,
24E: 12, 13, 1E, 26, 56, 6X, 8X, 9X, 10E, 123, 13X,
250: 1, 4, 5, 34, 39, 40, 49, 60, 6E6, 725,
251: 11, 39, 89, E1, 137, 2E9,
252: 1, 3, 5, 13, 47, 263, 4E7, 8X5,
254: 10, 12, 14, 8X, 180, 2E8, 30X, 316, 4E4, 4E6,
255: 2, 6, 9, 32, 50, 95, 172, 1X0, 216, 325,
256: 203, E19,
257: 1, 3, 6, 10, 19, 2X, 35, 121, 12E, 267,
258: 1, 4, 17, 29, 34, 5E, 83, 148, 164, 198, 261, 52E, 561, 619, 733,
259: 3, 7, 8, X, 12, 14, 17, 27, 2X, 32, 47, 72, 73, 19X, 602, E07, 1000,
25X: 1, 4, 5, 10, 18, 64, E0, 366,
25E: X, 21, 936,
260: EE,
261: 4, 5, 15, 54, 60, 74, 613,
263: 1, 229, 835, 9X9,
264: 3, 31, 35, 59, 196, 25X, 426, 509, 939,
265: 2, 120, 288, 3X2, 6EX,
266: 13, 17, 33, 51, 59, 137, 261, 323, 733,
267: 3, 7, 10, 2E, 50, 66, 1E2, 273, 8X7, X40,
268: 4, 6, X, 5X, 8X,
269: 15, 193, 6E6,
26X: 1, 2, 3, 17, 1X, 23, 28, 2X, 38, 39, X1, 2E3, 748, XX1,
26E: 3, 4, 7, 17, 33, 44, E0, 139, 150, 638, 96E,
270: 2, 12, 108, 14E, 1X8, 27E,
272: 2, 3, 29, 39, 41, 6E, 76, 469, 869,
273: 2, 5, 6, X, 19, 58, 66, 7E, E0, 10X, 503, 52X,
274: 1, 5, 101, 165, 317, 3X5, 48E,
275: 4, 13, 14, 1E3, E58,
276:
277: 1, 2, 12, 17, 22, 2X, 2E, 57, 10X, 201, 5E1, 96X, E6X,
278: 1, 2, X, 22, 88, 20X, 253, 429, 8E1, X10,
279: 25, 38, 60,
27X: 2, 3, 4, 8, 13, 34, 84, 160, 46X, 52X, EE0,
27E: 1, 5, 1X, 20, 340, 396, 449,
281: 1, 2, 4, 12, 13, 1X, 38, 47, 49, 65, 9X, 1X5, 20E, 438, 678, 716,
282: 4, 2E, 30, 45, 80, 198,
283: 3, X, 27, 120, 176, 443, 843, X0X, E77,
284: 1, 6, 16, 135, 179, 291, 6X0,
285: 3, E, 23, 76E,
286: 3, 11, 2X, 35, 3E, E9, 143, 167, 220, 361,
287: 8, 14, 38, 1E4,
288: 4, 14, 1E, 27, 2E, 56, 5E, 76, 12E, 20X, 276, 367, 384, 530, 564,
289: 6, 8, X, 11, 151, 1E4, 210, 584, 598, 660, 911,
28X: 1, 2, 19, 32, 41, 9X, 18X, 312, 512, 639, 742, 8EX,
290: 3, 4, E, 14, 19, 48, 16E,
291: 7, 17, 27, 64, 13E, 180, 246, 3XX,
292: 21, 24, 7X, 138, 214, 911,
293: 1, 2, 11, 13, 15, 45, 61, 381, 68X, E81,
294: 1, 2, 5, 6, 8, X, 16, 24, 30, 37, 95, 140, 197, 2E5, E0E,
295: 1, 3, 4, 13, 443,
296: E,
297: 6, 19, 42, 74, 139, 286, 638,
298:
299: 1, 2, 7, X, 25, 225, 227, 22E, 369, 762, 992,
29E: 267, 72E,
2X0: 10, 32, 44, X0, 114, 548, 9E2,
2X1: 1, 2, 3, 5, 13, 2E, 56, 256, 299, 5E1, 84E, X31, X89,
2X2: 3, 9, E, 12, 22, 30, 485, E34,
2X3: 1, 4, 19, E01, E91,
2X4: 3, E, 13, E3, 127, 514, 773,
2X5: 1, 2, 4, 8, 12, 22, 2X, 30, 45, 66, 199, 238, 684,
2X6: 1, 2, 26, 27, 3E, 7E, 86, 44X,
2X7: 9, 123, 147, 161, 521,
2X8: 1, 13, 18, 28, 2E, 37, 41E, 641,
2XX: 14, 2X, 140, 644,
2XE: 2, 17, 162, 47X, 58E, 70E,
2E0: 4, 6, 8, X, 10, 16, 3X, 6E, 92, 119, 183, 25X, 397,
2E1: 55, 67, E1, 1X0, 828,
2E2: 3, 6, 7, X, 12, 20, 43, 4X, X6, 208, 210, 218, 408, 802, 91X,
2E3: 1, 2, 8, 31, 75, 91, 152, E56,
2E4: 2, 3, 5, 1E, 83, 92, 306, 545,
2E5: 1, 3, 4, 7, 10, 14, 16, 33, X1, 2X3, X76,
2E6: 1, E, 18, 27, X8, 161, 2X1, 789,
2E7: 3, 4, 133, 17X, 600, 758, 7X3, 7EX, 97E, XE0,
2E9: 13, 2X, 17X, 33X,
2EX: 56,
2EE: 5, 13, 14, 20, 93, 138, 1000,
300: 3, 10, 16, 54, 87, E6, 113, 114, 134, 363, 884,
301: 1, 4, X, 41, 401, 681, X79,
302: 1, 2, 22, 32, 32E, 3E3, 545,
303: 5, 11, 12, 31, 34, 68, 95, 131, 14X, 208, 315, 48X, 51E, X70,
304: 1, 3, 4, 8, 28, 118, 157, 184, 649,
305: 2, 3, 2X6, 3E6, 986,
306: 2, 8, 10, 1X, 188, 865, 98X,
308: 1, 2, 3, 4, 7, 9, 11, 12, 7E, 94, 109, 11E, 18E, 20E, 212, 245, 378,
309: 3, 11, 13, 21, 5E, 113, 181, 2X1, 513, 681,
30X: 2, 4, 8, E, 10, 14, 16, 17, 1E, 28, 117, 177, 207, 568, 748, 754,
30E: 2, 24, 2X, 32, 14X, 550, 6X2, 72X,
310: 146,
311: 2, E, 10, 13, 18, 42, 4E, 50, 88,
312: 5, 7, 9, 15, 20, 59, 74, 81, 139, 174, 531, 663,
313: 12, 23, 2E, 62, 432, 802, E64,
314: 2, 10, 38, 128, 178, 199,
315: 11, 6E, 105, 377, 60X, E8E,
317: 1, 3, E, 1E, 55, 59, 68, 127, 173, 4X8, 688, 1000,
318: 2, 20, 44, 944, X70, E32,
319: 1, 15, 61, 80, 1X4, 544, 569,
31X: 1, 3, 15, 8E, 305, 577,
31E: 2, 3, 5, 8, 9, 24, 53, 61, 72, 112, 139, 164, 17X, 268, 391,
320: 24,
321: 2, 6, 7, 30, 150, 168, 508, 910,
322: 6, 16, 18, 26, 45, 205, 232, 236, 966,
323: 16, 23, 26, EX, 103, 3E6,
324: 1, 3, 14, 15, 73, 90, EE, 411, 50E, 784,
326: 2, 12, 22, 24, 46, 147, 314, EE2,
327: 1, E2, 19X, 956, X81,
328: 1, 9, 12, 83, E37,
329: 1, 7, 47, 5E, 115, 12E,
32X: 3, 5, 8, 9, 23, 30, 9E, 128, 620, 708, 88E,
32E: 3, 553, X7E,
330: 5, 14, 41, 5X, 104, X11,
331: 2, X2, 10X, 346,
332: 1, 42, 68, 7X, 212, 78X,
333: 1, 11, 17, 27, 61, 5E4, X39,
335: 2, 6, 8, 9, 12, 16, 25, 5X, 72, 95, 9X, 100, 138, 172, 1E5, 285, 35X, 574, 769, 9X0,
336: 1, 3, 9, 75, 7E, EE, 423, 48E, 56E, XEE,
337: 1, 5, 4E, 6X, 87, 137, 142, 273, 421, E23,
338: 4, 7, 10, 27, 50, 84, 94, 117, 34E, 608, 940,
339: 6, 17, 3X, 104, 38E, 892,
33X: 1, 4, 8, 9, 12, 19, 26, 36, 90, E1, 106, 124,
33E: 1, 5, 9, 113, 693,
340: 25, E9, 543,
341: 5, 11, 110, 190, 254, 374, 4X1, 541,
342: 4, 4X, E8, 52X,
344: 2, 12, 15, 36, 375, 566,
345: 1, 6, 8, 9, 16, 19, 28, 40, 49, 54, 76, 789,
346: 3, 5, 29, E8, 25E, 7EE,
347: 4, 1E, 66, 7E, 12X, 14E, 150,
348: 1, 5, 11, 1X, 25, 2X, 39, 44, 46, 4X, 6X, 345, 434,
349: 1, 5, X, 15, 29, 3E, 405, 699, X6X,
34X: 1, 3, 8, 11, 12, 16, 25, 399, 611,
34E: 8, 18, 1E, 28, 144, 325, 71E, 768, 790,
350: 2, 3, X, 26, 27, 52, X32, XX2,
351: 5, 19, X5, 349,
353: 6, 14X, 1E6, 1EX,
354: 1, 19, 21, 25, 33, 2X9, 433, 644,
355: 2, 3, 4, E, 4X, 60, 66, 76, 214, 2X0,
356: 2, 4, 5, X, 62, 66, 14X, 175, 52X, 602,
357: 3, 6, 9, 2X, 47, 57, 101, 162, 242,
358: 5, 6, 7, 39, 57, 61, 8E, 151, 200, 303, 323, 325,
359: 3, 8, 10, 149,
35X: 3, 7, 17, 60, 417,
35E: 1, 5, 22, 48, 88, 515, X3X,
360: 2, 6, 9, X, 11, 13, 15, 29, 37, 56, 69, 92, XE, 13X, 217, 21X,
362: 1, 7, 9, 99, 311, 661, E13,
363: 2, 3, 6, 26, 68, 93, 893,
364: 4, 6, 16, 18, 34, 82, 2E4,
365: 3, 5, 9, X, 16, 61, 2XE, 586, X73,
366: 1, 4, 22, 34, 51, 172, 1X1, 228,
367: 1, 5, 39, 54, 55, 58, X9, 121, 747, 75E, E19, E44,
368: 7, 37, 48, 30E, 53E,
369: 11, 14, 58, 84, 179, 330, 359,
36X: 2, 6, 15, 17, X7, EE, 11E, 155, 562,
36E: 2, 3, 4, 14, 49, X5, 122, 133, 302, 39X,
371: 2, 138, 204, 2EX,
372: 1, 5, X, 11, 64, 74, 268, 6E5, 839,
373: 1, 41, 8E, 351, 511, 5X7,
374: 3, 4, 6, 19, 4X, 91, E1, 139, 194, 23X, 254, 264, 338, 354,
375:
376: 2, 3, 8, 70, 940,
377: 1, 5, 10, 19, 41, 71, 1E5, 555, 741,
378: 29, 3X, X5, 139,
379: 1, 4, 9, 19, 1E, 81, 104, 214, 27E, 4X3, 659, X50,
37X: 4, E, 21, 25, 45, 48, 51, E5, 148, 158, 38E, 625, 738, 774,
380: 1, 5, 6, 28, 55, 90, 215,
381: 5, X, 15, 85, 105, 119, 1XE, 335, 66E,
382: 1, 4, 5, 6, E, 1E, 23, 29, 30, 46, E3, 159, 299, 2EX, 636,
383: 1, 4, E, 14, 43, 49, 88, 115, 2E7, 617,
384: E, 1E, 87, 71E, X4E, X73, E87,
385: 1, 2, 6, 10, 21, 22, XX, 104, 250, 4X4, 802,
386: 4X, 372,
387: 1, 2, 13, 17, 2E, 5E, 7E, X9, 18E, 249, 2X8, 437, 457, 542, 955,
388: 5, 49, 60, 104, 105, 224,
389: 10, 14, 27, 36, 5X, 14E, 703, 9X7,
38E: 1, 2, X, 71, 286, 582,
390: 1, 2, 20, 21, 92, 152, 228, 292, 2X5, 720,
391: 4, 7, 8, E9, 118, 249, 443,
392: 2, 3, 7, 8, 37, 66, 68, 72, 77, 9E, 120, 33E, 356, 928,
393: 2, 10, 34, 7X, 9X, 10X, 174, 3E5, 7EX, X5X,
394: 1, 6, 7, 11, 37, 67, X6, 1E9, 205, 23E, 4E6, 566, 72E,
395: 5, 53, 73, 18E, 259, 537,
396: 1, 14, 38, 39, 59, 71, 133, 190, 609,
397: 6, 58, 286, 376, X44,
398: 1, 44, 201, 372,
39X: 2, 3, 15, 19, 55, 89, 13X, 14E,
39E: 3, 4, 5, 17, 1E, 20, 25, 30, 4E, 59, 1E7, 88E, 91E, X9E,
3X0: 4, 27, 8E, 33E, 824, 988,
3X1: 1, 2, 4, 6, 9, 10, 31, 38, 40, X4, 156, 264, 445, E41, E99,
3X2: 2, 5, 7, 36, 7X,
3X3: 1, 9, 13, 47, 57, 81, 149, 214, 862, X57, E28,
3X4: 1, 5, 9, 13, 65, 7E, 93, 127, 1X3, 20E, 625, 983,
3X5: 2, 3, E, 28, 3E, 40, 722, 753,
3X6: 159, 821,
3X7: 1, 3, 5, E, 49, 215, 34E, 633, 713, 75E, E53,
3X9: 1, 5, 11, 1E, 28, 61, 124, 138, 607,
3XX: 2, 4, 12, 13, 14, 1X, 68, 130, 178, 556,
3XE:
3E0: E, 15, 16, 1E, 32, 89, 8X, 216, 452, 74X, 7EX,
3E1: 1, 9, 15, 20, 44, 73, 83, 145, 154, 18E, 199, 2E5, 439, 717, 72X,
3E2: 1, 3, 4, 11, 35, 38, 139, 161, 2X5, 998, X91,
3E3: 2, 6, E, 43, 44, 4E, 53, 78, 283, 7X4, E33, E40,
3E4: 4, 5, 22, 40, 8X, 100, 210, XXX,
3E5: 1, 2, 3, 7, 13, 39, 59, 137, 729,
3E6: 1, 6, 18, 19, 23, 30, 57, 97, 115, 121, 136, 171, 300, 331, 462, X23, X81,
3E8: 3, 4, X, 60, 74, 150, 476,
3E9: X, 28, 338, 3X2,
3EX: 2, 3, 6, X, 13, 27, 2X, 33, 3X, 45, 9XX, E53,
3EE: 4, 12, 21, 24, 34, 61, 88, 97, E2, 157, 700,
400: 3, 11, 41, 418, 5E9,
401: 2, 3, 8, 36, 118, 152, 153, 218, 232, 2E2, 5E6, 642,
402: 2, 6, 8, 18, E08,
403: 1, X, 23, 29, 33, 55, 91, X1, 3E1, 63X,
404: 1, 3, E, 27, 39, 3E, 54, 93, 117, 214, X78,
405: 4, 18, 23, 25, 44, 58, 10E, 115, 345, 95E,
407: 1, 4, 11, 14, 29, 61, X6, 168, 258, 284, 419, 438, 459, 7EX,
408: 3, 7, 19, 1E, 29, X3, 917,
409: 3, 5, 10, 14, 1E, 24, 53, 73, 310, 339,
40X: 4, 14, 60, 124, 2E0, 2E4, E50,
40E: 3, 38, 47, 67, 194, 3X2,
410: 1, 2, 4, 5, 18, 28, 115, 129, 625, 7X5, 87X, 928,
411: 1, X7, 732, 8X5,
412: 2, 6, 8, 11, 17, 54, 5X, 94, E7, 114, 117, 124, 1XX, 236, 262, 656, XX2,
413: 10, 11, 21, 67, 68, 75, 129,
414: 3, 30, 39X, 580, 952, X76,
416: 1, 9, X, 19, 45,
417: 6, E, 19, 1X, 23, 38, 63, X8, 111, 255, 3X5, 830, 908,
418: 4, 24, 141, 161, 361,
419:
41X: 1, 2, 5, 15, 48, 72, X6, 195, 258,
41E: 2, X, 5X, 306, 7EX,
420: 4, 5, 36, 46, E5, 114, 119, 146, 159, 163, 166, 19E, 26E, 586,
421: 1, 3, 4, 27, 45, 145, 19E, 343, 62E, 874, 923,
422: 2, 6, 7, 8, E, 26, 278, 624, 922,
423: 1, 8, X, 16, 54, 224, 46X,
425: 2, 7, 26, 28, 52, 60, 72, 91, 153, 1EE, 43E, 798, 841, X42, XX0,
426: 15, 1E, 23, 68, 84, 129, 164, 1X5, 254, 34E, 470, 709, X64,
427: 3, 4, 54, 3EX, 3EE, 6XE, 714,
428: 1, 2, 5, 4X, X9,
429: 1, 2, 12, 3E, 5E, 142, 211, 312, 44X, X66,
42X: 1, 7, 25, 35, 45, 51, E7, 46E, 487, 737, E87,
42E: 1, 3, 9, 30, 41, 64, 74, 1E9,
430: 2, 72, 1X6, 292,
431: 4, X, 18, 1X, 39, 126, 152, 154, 2XX, 2E2, 406, 589,
432: 1, 3, 6, 7, 9, 17, 21, 57, 59, 71, 9X, X7, 236, 237, 289, 649, XEX,
434: 1, 23, 27, 309, 351, 649,
435: 4, 7, 26, 60,
436: 1, 2, 19, 3X, 4X, 61, 14X, 34X, 538, 576, XEX,
437: 2, 5, 6, 9, 32, 35, 36, 65, 96, 9E, 1E9,
438: 4, 10, 13, 14, 19, 24, 33, 39, 69, 154, X50,
439: 3, 7, 34, 40, 113, 657,
43X: 12, 3X, 5X, 77, 31E, 342, 37E,
43E: 1, 15, 29, 55, 125, 789, E81,
440: 1, 6, 11, 4X, 61, 65, 6X, 691, 70E,
441: 2, 10, XX, 134, 14X, 41X, 500, 782,
443: 2, 52, 154, 6X8,
444: 1, 5, 6, 131, 5E1,
445: 1, 3, 9, 12, 19, 22, 2X, 2E, 39, 42, 43, 47, 73, 105, 379, 6XE, 723, 971,
446: 1, 3, 5, E, 18, 1X, 28, 3E, 49, 156, 1X4, 245, 352, 393, 7E5, X65, E30,
447: 1, 4, 5, 8, 14, 28, 41, XX4,
448: 2, 6, 7, 10, 13, 58, 150, 438, X13,
449: 2, 5, 6, 36, 45, 118, 568,
44X: 2, X, 3X2, 573, 666, 759,
44E: 1, 15, 20, 49, 435, 730,
450: 7, 9, 57, X7, 287, 667, 785,
452: 2, 6, 2X, 168, 184, 25X, 3X4, 474, 650, 682,
453: 1, 3, 7, 101, E07,
454: 1, 15, 17, 18, 62, X6, 126, 857, 935, E7E,
455: 5, 18, 20, 29, 2E, E0, 760, 843,
456: 6, 7, 46, 96, 353, 380,
457: 1, 2, 4, 18, 25, 31, 6X, 212, 3X5, 662, 785,
458: 2, 3, 5, 7, 19, 1X, 25, 49, 5X, 246, 34E, 795, 8XX,
459: 1, 4, 8, E, 11, 12, 17, 22, 32, 67,
45X: 1, 3, 4, 9, 10, 13, 38, 110,
45E: 2, 12, 32, 58, 68, 20E, 256, 3EE,
461: 1, X1,
462: 2, 4, 7, 32, 118, 69X, X13,
463: 14, 70, 74, 108, 110, 398,
464: 2, 8, 16, 57, 6X, 98, 110, 147, 318, 3E2, 472, 580, 992,
465: 2, 14, 39, 40, 66, 23X, 536, X22,
466: E, E5, 2E7, 307, 541,
467: 2, 18, 22, 2E5, E49,
468: 1, E, 13, 25, 39, 55, 115, 16E,
469: 8, 27E,
46X: 6, 11, 15, 12X,
470: 92, E0, 127, 152, 196, 1E8, 268, 2E2, 69X, 9E1,
471: 1, 33, 10E, 190, 698,
472: 3E, 7XE,
473: 5, 6, 16, 21, 4X, 5X, X6, 16X, 246, X15, X81,
474: 2, 6X,
475: 4, 5, 6, 11, 14, 19, 1X, 25, E2, 3E5, 691, 7E8,
476: 1, 5E, 671,
477: 18, 47, 60, 82, 94, E0, 32X, 377, 3E6, 5EX, 84X,
478: 1, 8, 45, 59, 91, 270, 438, 720, 779, 9E8, X20,
479: 2, 3, 9, 13, 1E, 2E, 69, 266, 2X2, 695,
47E: 1, 3, 5, 15, 17, 19, 69, 11E, 218, 295, 343, 655, 6X9, 879, X1E,
480: 2, 3, 27, 4X, X8, 236, 897,
481: 10, 11, 82, 132, 215, 288, 680,
482: 1, 9, 1X, 23, 39, 61, 136, 193, 253, 309, 462, 467,
483: 1, 3, 1XE, 90E,
484: 8, 29, 180, 269, 373, 400, XE3,
485: 4, 10, 24, 30, 394, 5X4,
486: 4, 8, 49, X1, 3E2, 488, 5X1,
487: 2, 16, 1X, 1E, 46, 53, 376, 452,
488: 1, 4, 6, X, 17, 22, 52, 6X, 106, 162, 1E2, 30X, 30E, 721,
48X: 6, 8, 198, 388, 607, X07,
48E: 4, 19, 4X, 85, 8X, 288,
490: 1, 5, 6, 19, 26, E5, 185, 446, 47X, 4X9, E5X,
491: 1, 2, 7, 2X, 31, 64, 141, 16E, 177, 21E, 24X, 645, 671,
492: 1, 5, 8, 10, 14, 17, 30, 47, 75, 80, 99, 9E, X9, 121, 188, 203,
493: 2, 4, 2E, 74, 154, 186, X00,
494: 31, 79, 91, 391, 7E9, 981,
495: 1, 11, 15, 17, 33, 71, 169, 201, 377, 3EE, E79,
496: 14, 20, 94, 598, 72X,
497: 1, 4, 9, 10, 11, 60, X1, 257, 304, 361,
499: 1, 2, 5, 15, 109, 159, 374,
49X: 1, 6, 7, 15, 16, 1E, 61, 71, 7E, 86, 91, 116, 9E6,
49E: 53, X6, 772,
4X0: 1, 3, 25, 183, 2X3, 2E3, 2E5, 363, 429, 431, X37,
4X1: 90, 188,
4X2: 1, 4, 10, 21, 511, 675,
4X3: 1, 5, 13, 15, 19, 3E, 51, 92, 149, 237, 89X, X5X, E49,
4X4: 2, E, 82, 145, 22X, 2X1,
4X5: 11, 195, 21E, 501,
4X6: 2, 3, 4, 17, 22, 33, 292,
4X8: 2, 6, E, 35, 46, 62, 126, 145, 1E2,
4X9: 1, 4, 5, 14, 94, 96, 17X, 637, 64E, 805, 949,
4XX: 7, 15, 21, X1, 141, 407, 4E1,
4XE: 10, 34, 53, X7, 193, 20X, 390, 40X,
4E0: 4, 16, 18, 1X, 50, 6X, 102, 180, 312, 538, 5X8, 8E6,
4E1: 3, 9, X, 23, 31, 51, 59, 96, XX, 143, 152, 177, 9E9,
4E2: 1, 2, 6, 9, 10, 29, 1X6, 217, 711, X06,
4E3: 13, 15, 38, 73, 125, 610,
4E4: 3, 40, 123, 2XE,
4E5: 2, 5, 8, 21, 31, 34, 95, 102, 109, 2E5, 379, 89X,
4E7: 1, X, 14, 17, 1E, 27, 2X, 7X, 607,
4E8: 70, 148,
4E9: 7, E, 22, 36, 87, 100, 216, 380, 41E, 4X7,
4EX: 2, 5, 9, X, 2X, 39, 48, 55, 392, 488, 552, 57X, 744, 762,
4EE: 1, 2X, 59, E3, 156, 1E6,
500: 1, 2, 5, 8, 9, E, 3E, 61, 82, 244, 344, 47E,
501: 4, 21, 31, 38, 39, 64, X5, E93, EX8,
502: 2, 4, X, E, 12, 17, 20, 50, 317, 780, XEX,
503: 1, 2, 4, 8, 14, 24, 40, 58, 84, 86, E4, 196, 431, 482,
504: 1, 25, X91,
506: 1, 3, 2E, 37, 39, 60, 150, 401, 477,
507: E, 17,
508: 1, 4, 5, 9, X, 11, 20, 62, 121, X0X,
509: 15X,
50X: 1, 13, 16, 32, 227, 352, 399, 406,
50E: 5, 7, 8, 29, 105, 1E8, 368, 777,
510: 3, 6, 22, 4X, 144, 242, 253,
511: 10, 90, 709,
512: 7, 11, 71, 13X, 213, 215, 2X3, 351, XX1,
513: 1, 4, 8, 12, 13, X8, 220, 294, 565, X83,
515: 2, 10, 36, XX, E8, 400,
516: 2, 10, 11, 22, 39, 68, 71, 1X1, 1E8, 332, 546, 8E1,
517: 2, 5, 13, 25, 26, 45, 79, 1E9, 945,
518: 3, 9, E, 19, 4E, 69, 89, 997,
519: 1, 14, 17, 69, 177, 181, 36E, 488, 977,
51X: 22, 26, 30, EX, 116, 14X, 512,
51E: 2, 10, 15, E8, 116, 15X, 2E1, 418, 634, 666, 902,
520: 1, 2, 3, 16, 3X, 41, 17X, 206, 516, 883,
521: 1, 3, 5, 35, 45, 70, X7, 320, 369, 465, 683,
522: 1E, 6E, 1E9, 439,
524: 2, 12, 22, 24, 78, 1E9, 402, 479, 619, 9E1,
525: 2, 3, 5, 6, 7, 11, 62, 87, X6, 242, 903,
526: 1, 4, 6, 7, 26, 30, 35, 5X, 72, 107, 117, 15E, 35X, 3E4, 558,
527: 1, 4, 10, 11, 19, 39, 247,
528: 2, 3, 6, 8, E6, 256, 276, 606, 743,
529: 5, 19, 505,
52X: 1, 5, 6, 7, X, E, 16, 1X, 33, 4E, 5X, 83, 97, 155, 303,
52E: 4, X8, 708,
530: E, 19, 9E, 128, 167, 194, 250, 607,
531: 4, 7, 4X, 60, 94, 3XE, 548,
533: 1, 2, 3, 11, 13, 53, 92, 133, 782,
534: 2, 6, X, 13, 14, 18, 25, 50, 68, 89, X9, 176, 208, 21X, 548,
535: 1, 10, 14, 24, 777,
536: 4, 8, 2E, 7X, 167, 187, 284, 2X4, X64,
537: 1, 2, 5, 55, 65, 145, 165, 178, 1X0, 295, 304, 45X, 818,
538: 2, 12, 4E, 72, 846, E32,
539: 1, 2, 7, 72, 178, 2X2, 330, 413, 500, 916,
53X: 3, 17,
53E: 6, 8, 68, 366, 8E3,
540: 20, 106, 186,
542: 1, 2, 5, 16, 18, 2X, 61, 72, 75, X4, 255, 295, 900,
543: 194, 3E5, 495, 710,
544: 4, 7, X, 13, 24, 43, 46, 3E6, 4EX, 590, 930,
545: 1, 9, 29, E9,
546: 5, 6, 13, 15, 23, 2E, 65, 522,
547: X, 10, 11, 24, 25, 3X, 45, 64, 6E, EE, 18X, 20E, 71E,
548: 3, 4, 7, 15, 29, 37, 38, 47, 58, 5E, 65, 121, 13E, 375, 6E8,
549: 3, 4, 10, 16, X8, E7, E8, 228, 457, 52E,
54X: 1, 8, 14, 25, 112, 222,
54E: 1, 33, 57, 91, 279,
551: 4,
552: E, 1X, 2E, 1EE, 217, 397, 9EE,
553: 1, 5, 24, 29, 38X, E65, EE9,
554: 5, 17, 35, 431, 725,
555: 1, 2, 5, 6, 7, 12, 27, 3X, 40, 94, 14E, 154, 170, 1E0, 208, 638, 655, 676, X00,
556: 1, 3, 4, 30, 34, 40, 143, 170, 241, 451, E48, EX3,
557: 2, 3, E, 16, 46, 63, 120, 250, 310, 44E, 578, X26,
558: 4, 5, 215, 218,
559: 3, E, 6X, 421, 499, 549,
55X: 2, 5, 9, X, 3E, 68, X4, 112, 12E, 208, 585, EE8,
560: 27, 2E, 147,
561: 2, 4, 111, 12X, 1E0, 294, 33X, 381, 396, 794,
562: 22, 146,
563: 3, X, E, 16, 112, 14E, 262, 426, 4XX, X23,
564: 10, 1E, 25, 84, XE,
565: 2, 8, 87, 574,
566: 2, 20, 39, 689,
567: 2, 17, 1E, 51, 132, 165, 24X, 255,
568: 1, 2, 4, 9, 11, 36, 142, 211, 471, 52X, 752, 910, E64,
569: 1, 8, 9, E, 15, 18, 29, 43, 137, 17E, 233, 280, 2E9, 4XE, 6XE,
56E: 4, 5, X, X6, 315, 954,
570: 1, 2, 7, 9, 22, 321, 391, 501, 67X, 72X,
571: 1, 3, 13, 43, 57, 277,
572: 7, 18, 27, 297, 63E, 787,
573: 8, EX, 108, 160, 3E8, 740,
574: 1, 10, 42, 95, 1X2, 271, 300, 670, 911, E80,
575: 3, 6, 19, 45, 63, 8E, 199,
576: 1, 4, X, 1E, 21, 70, 87, X6, 103, 11X, 120, 1EX, 443, 470, 475, 736, 804,
577: 1, 3, 11, 39, 12E, 9EE,
578: 2, 3, X, 12, 17, 1X, 23, 86, 107, 233, 316, 517, 68E,
57X: 1, 3, 6, 56, 66, 223, 256, 32X, 381, 541, 5E2, 793, E23,
57E: 1, 2, 6, E3, 125, 336, 431, 522, E38,
580: 3, 8, E, 13, 1E, 24, 65, 148, 789,
581: 3, 16, 23, 46, 50, 70, 126, 170, 216, 243, 42E, 4X3, E1X,
582: 1, 31, 325,
583: 1, 2, 11, 19, 1X, 21, 25, 31, 61, 63, X2, 155, 4X6, 872,
584: 2, 4, X, 26, 2X, 3X, 258, 28X, 6E6,
585: 3, 19, 48, 51, 60, 121, 161, 3X8, 7E4, EE1,
586: 2, 7, 10, 16, 3E, 48, 70, 1E7, 373, 590, 9E6,
587: 5, 9, 22, 3E0,
589: 1, 2, 3, E, 111, 127, 137, 198, 1X2, 231, 295, 383, 719, 849,
58X: 3, 20, 53, 680, 700, E37,
58E: 2, X, 17, 18, 20, 36, 44, X2, 192, 1X4, 1X8, 53E,
590: 2, 14, 16, 70, 130, 159, 68X, 694,
591: 1, 5, 6,
592: 3, 5, X, 19, 34, 103, 84X,
593: 1, 7, 15, 39, 51, 209, 225, 2EE, 573,
594: 2, 3, 4, 12, 42, 144,
595: 2, 4, 882,
596: 1, 2, 5, 15, 22, 2X, 56, 65, EX, 106, 131, 336, 397, 4XX,
598: E, 10, 15, 21, 61, 9E, 1E9, 781,
599: 4, X, 40, 4E, 116, 1XE, 294, 3E6, 418, 640, 734, 9XX, E52,
59X: 4, 6, 100, 284,
59E: 1, 2, 5, 167, 507,
5X0: 3, 9, E, 16, 113, 277, 2XX, 60E, X6X,
5X1: 1, 4, 7, 17, 18, 24, 54, 91, 174, 241, 6E5,
5X2: 3, 8, 43, 70, 138, 1X3, 2X3, 650, 850,
5X3: 46, E2, 110, 268, 319, 901,
5X4: 3, 9, 23, 53,
5X5: 1, 3, 5, 13, 14, 37, 66, 79, 7E, 8E, 145, 681, 90X,
5X7: 3, 10, 1E, 32, 7E, 132, 158, 248, 688, XX6,
5X8: 1, 4, 5, 1X, 34, 426, 554, 625,
5X9: 72, 87, 382, 492, E96,
5XX: 2, 3, 5, 8, 20, 21, 26, 45, 49, 4E, 91, 106, 140, 23E, 4XE, 828, 9E6,
5XE: 3, 28, 38, 75, 9E, 125, 523, 73E,
5E0: 3, 7, E, 14, 20, 40, 120, 127, 25X, 36E, 66E,
5E1: 2, 2X, 162, 1X2, 1XX, 342, 432, 482,
5E2: 5, 7, 19, 1X, 32, 65, 71, 12E, 399, 609,
5E3: 2, 6, 8, 12, 16, 30, 64, 90, XE, E6, 135, 187, 21E, 340, 415, 7E4,
5E4: 1, 14, 74, E4, 534, 798, 9E1,
5E6: 2, 9, 10, 14, 25, 28, X9, 835,
5E7: 6, 5X, 28X,
5E8: 1, 3, 4, 7, 8, 2X, 43, 44, E8, 10X, 16E, 251, 291, 391, 439, 498, 611, 687, 717, 855,
5E9: 1, 3, 4, 10, 47, 83, XE, 170, 207, 24E, 401, 440, 5X1, 734,
5EX: 4, 8, 10, 60, 2X8, 30X, 346, 708, 770, 93X, X02, E68,
5EE: 1, 9, 119, 156, 579,
600: 1, 3, 11, 15, 31, 331, 829, XX2,
601: 2, 4, 3E, 129, 279, 4X4,
602: 10, 69, 6E, 89, XE, 1XE, 343, 6E4,
603: 7, X, 2X, 57, 8E, 257,
605: 1, 5, X, 55, 61, X76, XE5,
606: 7, 27, 69, 73, 151, X23,
607: 1, 3, 7, 13, 65, E1, EE, 103, 159, 648, 789, X93, EX1,
608: 8, 16, 6X, 74, 226, 744,
609: 1, 5, 14, 15, 31, 84, 15X, 1E5, 454, 655,
60X: 3, 22, 32, 85, E3, 193, 265, 312, 4E7, E62,
60E: 1, 2, 4, 5, 7, 11, 16, 57, X1, 138, 264, 2X4, 308, 344, 3E4, 428, 636,
610: 1, 5, 14, 21, XE, 647,
611: 6, 17, 22, 42, 83, 84, 94, 1XX, 238, 534, 777,
612: 2, 6, 8, 9, 48, 101, 118, 176, 190,
614: 5, 7, E, 33, 51, 64, 71, 116, 489, 537, 567, 664, 711, 8E5,
615: 3, 43,
616: 3, 6, 7, 17, 56, 92, 127, 190, 227, 243,
617: 1, 5, 25, 341,
618: 2, 3, 9, 11, 29, 37, 2X7, 389, X21,
619:
61X: 4, 30, 27E, 319,
61E: 6, 10, 34, 5X, 20X, 210,
620: 1, 2, 8, 31, 3X, 5X, 95, X9, 2E2, 388,
621: 6, 7, X, 11, 1E, 25, 36, 49, E5, 131, 387, 431, 496, 787, 92X,
623: 3, 13, 19, 23, 293,
624: 2, 3, E, 12, 17, 2E, 5E, 8E, 143, 16E, 192, 462,
625: 4, 8, X, 14, 56, 60, 62, 70, E4, E6, 204, 736,
626: 1, 5, 57, X5, 2X5, 327,
627: 8, 13, 25, 3E, 41, 1X8, 21X, 312, 4X7, 644, E12,
628: 1, 5, 11, 15, 71, 171, 219, 257, 463,
629: 2, 6, 7, 2X, 2E, 80, 86, X7, 15E, 1E7, 262, 562, 81E, X8X, XE8,
62X: 2, 3X, 46, 492, 692,
62E: 1, 2, 5, E, 32, 135, 14E, 592,
630: 10, 18, 34, 50, 113, 2X3, 309,
632: 7, 14, 3E, 64, 87, X4, 47E,
633: 1, 4, 6, 8, 11, 15, 19, 30, 65, 80, 221, 259, 25X, X39,
634: E, 12, 13X, 422, 57E, 692, 975,
635: 1, 9, 11, 14, 1X, 23, 29, 60, 680, 811,
636: 3, 7, E, 131, 139, 1X9, 310, 3E5, 601, 718,
637: 3, 10, 13, 5X, 164, 4XE, 56X, 728,
638: 10, 22X,
639: 1, 3, 9, 63, 169, 187, 1E5, 233, 23E,
63X: 2, 4, 5, 6, 21, 27, 38, 93, 99, 256, 2X0, 403, 758, E53,
63E:
641: 1, 5, 35, 56, 261, 765,
642: 2, 15, 19, 23, 2X, 2E, 85, X5, 34E, 5X2,
643: 4, 5, X, 13, 1E, 44, 159, 283, 327, 890, E45,
644: 1, 59, 88, 538,
645: 2, 3, E, 57, 82, 16X, 192, E03,
646: 6, 8, X, 72, 8X,
647: 13, 31, 3X, 132, 256, 349, E87,
648: 5, 12, 18, 25, X0, 1E0, 200, 243, 257, 361, 550,
649: 4, 5, 14, 23, 33, 53, 375, 55E, 714, 83E,
64X: 3, 11E,
650: X,
651: 2, 4, 11, 17, 45, 146, 1X4, 207, 445,
652: 1, 8, 9, 11, 101, 153, 274,
653: 3, 6, 17, 56, 76, 77, 83, 142, 923,
654: 2, 4, 5, 12, 14, 22, 26, 12X, 138, X44,
655: 1, 3, 139, 179,
656: 1, X, 21, 49, X3,
657: 1, 3, 5, 15, 38, 78, 81, 99, E7, 403,
658: 7, 94, 1E0, 458, 616,
659: 1, 2, 11, 12, 61, 68, 251, 252, 991,
65E: 19, 299,
660: E, 15, 35, 39, 71, 1X5, X39,
661: 4, 24, 74, 88, 118, 13X, 694, 838,
662: 1, 4, 20, 22, 26, 38, 39, 42, 8X, E0, 150, 169, 349, 564, 698,
663: 5, 6, E, 5E, 106, 145, 155, 497, 80E,
664: 3, 88, 108, 118, 317,
665: 5, 7, 8, 17, 47,
666: 2, 4, X, 14, 18, 32, 3E, 40, 6X, 20E, 3E6, 493, 51X, 714, E30, E5E,
667: 1, 10, 11, 15, 45, 79, 134, 184, 18X, 309, 331, 454, 551, 96X,
668: 1, 2, 31, 61,
66X: 1, 20, 34, 51, 64, 267,
66E: 4, 6, 12, 40, E4, E6, 126, 148, 170, 217, 292,
670: 5, 19, 49, 61, 69, 75, 765, 821,
671: 2, 5, 13, 22, 52, 6E,
672: 10, 2X, 30, X4, 104, 150, 244, 4E4,
673: 25, 41, 48, XE, 107, 111, 337, 351, E11,
674: 2, 46, E3, 116, 154, 207, 24X, 296, 700, E38,
675: 1, 21, 26, 28, 180, 186, 261, 291, 368,
676: 3, 12, 21, 23, 27, 29, 183, 209, 55X, E09,
677: 6, 8, 40, 65, 1X9, 67E,
679: 3, 4, 17,
67X: 1, 249, 959,
67E: 3, E, 16, 2X, 56, 161, 16X, 18E, 30E, 4E1,
680: 2, 5, 12, 17, 8E, 121, 508, 625, X70, X77, EEE,
681: 3, 19, 29, 303,
682: 6, 57, 236, 270, 30E, 623,
683: 4, 18, 94, 176,
684: 6, E, 23, 67, XX, 101, 175,
685: 8, 15, 1E, 32, 25E, 27X, 86E,
686: 1, 3, 9, 18, 40, 98, E4, 191, 1X9, 860,
688: 1, 2, 9, 18, 24, 38, 3X, 58, 99, 1E9, 332, 3X1, 659,
689: 2, 3, 6, 12, 13, EE, 113, 142, 176,
68X: 2, 6, X, 32, 40, 5E, 85, 1E2, 2E0, 30E, 492, 540,
68E: 5, 4E, X9, XE, 1E1, X39,
690: 2, 22, 37, X3, EE, 174, 477, X2X, XEE,
691: 1, 9, 15, 21, 200, 239, 3X0, X22,
692: 1, 5, 25, 845,
693: 1, 2, 3, 6, 12, 18, 27, 30, 46, X8, 144, 301,
694:
695: 2, 8, 10, 12, 18, 22, 58, 128, 490, 568, 5X2, 803, 956,
697: 2, E, 1E, 23, 37, 42, 63, 65, 12E, 132, 163, 199, 285, 383, 3E2, 50X, 89X, E79,
698: 2, 3, X, 2X, 83, 95, E3, 125, 16E, 326, 68X, 9X9,
699: 5, 15, 54, 80, 8E, 130, 145, 231, 270, 424,
69X: X, 10, 24, 32, 40, 102, 160, 177, 19X, 227, 248, 306, 600, 838, 864, 906, X08,
69E: 10, 11, 49, 101, 745,
6X0: 2, 3, 5, 65, E3,
6X1: 1, 9, E, 1E, 21, 37, 4E, 121, 33X, 5EX,
6X2: 1, 3, 4, 14, 27, 65, 129, 2X1, 608, 887,
6X3: 7, E, 43, 253,
6X4: X, 31, 46, 645,
6X6: 7, 65, 75, E0, 267, 282, 335, 426, E88,
6X7: 9, 10, 79, 84, X8, 333, 368,
6X8: 3, 6, X, 13, 23, 86, X0, 12X, 296, 330, 356, 797, X54,
6X9: 2, 4, 18, 1X, 21, 34, 4X, 142, 199, 502, X45,
6XX: 2, 12, 13, 16, 36, 157, 267, 335, 39E, 985, EX9,
6XE: 1, 2, 247, 7X7,
6E0: 1, 18, 58, 81, 88, 828, EE9,
6E1: 2, 6, E, 33, 37, 53, 66, E7, 167, 180, 3E2, 560,
6E2: 4, 6, 2X, 32, 38, 192, 5XX, 9X0,
6E3: 3, 19, 49, 806,
6E5: 20, 90, 98, 123, 281, 331, 368, 644, 873, 929,
6E6: 2, 16, 34, 46, 2X0, 502, 57X,
6E7: 1, 4, X, 64, 132, 134, X58, X62,
6E8: 1, 2, 11, 29, 39, 52, 73, 13E, 243, 501, 537, 795, 803,
6E9: 8, 9, X, 1E, 20, 30, 55, X3, 108, 295, 746,
6EX: 1, 5, 25, 41, 47, 59, 1X1, 1E5, 241,
6EE: 2, 3, 7, E, 12, 97, 14E, 15X, 223, 2X7, 403, 82E,
700: 1, 4, X, 10, 12, 16, 26, 2X, 32, 40, 42, 4X,
701: 1, 6, 7, E, 82, 127, 216, 69E, 707,
702: 2, 3, 4, 8, 12, 18, 19, 22, 24, 32, 52, 54, 227, 2X7, 378, 4XX, 4E6, EE3,
704: 3, 4, 6, 16, 20, 30, 4X, 76, 2X2, 320, 458, E23,
705: 1, 51, 151,
706: 3, 7, X, 2X, 61, 177, 289, 341, 549, 597, 727,
707: 2, 12, 42, 66, 230, 2E8,
708: 10, 1E, 34, 4E, 57, 71, 180, 357, 378, 4X4, 9X0,
709: 2, 4, 7, 17, 20, 66, 78, 107, 147, 288, 7X7,
70X: 6, 8, 9, 18, 212, 3E9, 475,
70E: 5, 6, 9, 39, X3, X6, XE, 1E6,
710: 1, 3, X, 23, 37, 57, 2E4, 400,
711: 1, 3, E, 17, 18, 23, 25, 27, 304, 653, 705,
713: 1, 22, 25, 42, 268, 380, 391, 3E0,
714: 1, 2, 3, 12, 17, 19, 41, X1, 131, 1XX, 261, 307, 336, 402, 517, 647, 812,
715: 1, 3, 28, 32, X3, 1E2, 498, 871, 989,
716: 35, 289,
717: X, 20, 36, 56, 177, 346, 7XE, 9XX,
718: 4, 8, 304, 50X, X68,
719: 13, 51, 137, 319, 359,
71X: 17, 25, 345, 420, 505, 88X, X66,
71E: 1, 3, 4, 7, 13, 14,
720: 2, 18, 66, X6, 212,
722: 1, 3, 21, 6E, 153, 673, 853,
723: 1, 7, 11, 14, 1E, 24, 44, 65, 77, 249, 385, 475, 7X5, 938, EE7,
724: 1, 3, 5, 9, 44, 79, 81, X7, 508, 557,
725: X, E, 34, 3X, 44, 13X, 15X,
726: 1, 4, 14, 16, 40, 54, 441, 87X, 1000,
727: 5, E, 11, 15, 2E, 179, 999,
728: 13, 19, 166, 925, 9X8,
729:
72X: 3, 7, X, 12, 24, 33, 6X, 363, 937,
72E: 1, 2, 5, 6, X, 52, E6, 126, 156, 215,
731: 1, 3, 63, 9E1,
732: 1, 681, 940, X18,
733: 2, 3, 10, 26, 2E, 4E, 11X, 192, 246, 562, X86,
734: 1, 6, X, 15, 16, 21, 7X, 130, 13X, 184, 196, 1X6, 26X, X70,
735: 1, 2, 3, 9, 13, 15, 1E9, 642, 977,
736: 1, 2, 5, 6, 9, 17, 31, 65, 82, 122, 313, 5X7, 895, 935,
737: 1, 4, 30, 97, 160, 9E4,
738:
739: 1, 5, 6, 11, 19, 32, 90, 98, 110, 296, 769, 829,
73X: 106, 172,
740: 94, 108, 184, 588,
741: 496, 754, X6X,
742: 1, 31, 46, 60, 95, 305, 315, 902,
743: 7, 11, 12, 41, 4X, 159, 1E6,
744: 1, 2, 3, 6, E, 10, 16, 28, 82, 8E, 147, 193, 289, 407, 437, 632,
745: 4, 9, 54, 889, 890,
746: 10, 16, 2X, 37, 80, 96, 41E, 634, 897, 966,
747: 1, 2, 11, 18, 25, 55, 74, 859,
748: 6, 11, 31, 47, 82, 103, 157, 1X7, 312, 405, 9X2,
749: 1, 7, 15, 17, 507,
74E: 2, 12, 562,
750: 12, 24, 54, 64, 432, 735,
751: 1, 3, 7, 9, E, 17, 26, 167,
752: 1, 2, 4, 7, 8, 12, 18, 22, 105, 147, 18X, 244,
753: 1, 3, 14, 19, 60, 308, 323, 4E3, 4E9,
754: 2, EE,
755: 19, 41, 166, 421,
756: 1, 5, 23, 33, 41, 47, 85, E5, 559,
757: 5, 6, 12, 19, 73, 116, 188, 3X6, 7X0,
758: 3, 4, 59, 119, 1X0, 279, 333, 495, 560,
75X: 11, 21,
75E: 2, X, E, 16, 36, 4E, 102, 597, 5X1,
760: 2, 6, 82, X4, 188, 988,
761: 1, 3, 5, 8, 18, 4E, 50, 55, 58, 110, 223, 3X9, 4X5, 608,
762: 2, 8, X, 12, 63, 2E2, 502, E23,
763: 5, 9, 10, 19, 66, 76, 11X, 139, 1X1, 1X4, 204, 284, 3X1, 511,
764: 1, 5, 8E, 32X, 581, 63E,
765: 2, 3, 6, 43, 108, 147, 262, 328, 3E8, 457, 873,
766: 1, 8, 30, 48, 61, 68, 91, 95, 130, 134, 181, 190, 347, 754, 771,
767: 7, 17, 143, 4EX, X73,
769: 2, X, 15, 33, 66, 85, 126, 129, 24X, 362, 7EX,
76X: 4, 6, X, 11, 14, 29, 36, X1, 299, 454, 619,
76E: 1, 27, X1, 447,
770: 4, 7, 8, 13, 98, XX, 158, 17E, 242, 50X, 630, 634,
771: 2, 88, 106, 108, 154, 166, 332, 7EX, 892, 9E8, X16, X84,
772: 89,
773: 3, E, 10, 1E, 21, 31, 37, 40, 70, 87, 425, 657, 9E5,
774: 4, 5, 10, 40, 43, 98, 174, 605,
775: 6, X, 23, 27, 44, 67, 1X7, E00,
776: 1, 2, 4, 5, 1X, 42, 604,
778: 4, 5, E, 12, E1, 214, 43X,
779: 13, 41, 127, 827,
77X: 3E, 47, 73, 220, 950, X97,
77E: 5, 8, 260, 2X4,
780: 1, 3, 41, 5E, 69, X5, 159, 557, 5EE, X6E,
781: 3, 5, 7, 8, 14, 34, 38, 6E, 337, 397, 47X, 4X4, 528, 714,
782: 14, 30, 168,
783: 8, 10, 17, 18, 22, 30, 46, 47, 9X, 29X, 786, 928, 97X, X36,
784: 1, 2, 6, 62, E2, 119, 136, 139, 1X2, 1X4, 502, E4X,
785: 1, 2, 3, 71, X3, 1X7, 486, 786,
787: 17, 2E, E3, EE, 230, 297,
788: 3, E, 473, 663, X6E,
789: 10, 14, 2X, 128, 2X5, 390, 922,
78X: 17, 36,
78E: 1, 3, 4, 8, 10, 14, 90, X6, 140, 164, 259, 369, 3E4, 570, 914, 990,
790: 3, 7, 20, 53, EE, 888,
791: 3, 2E, 123, 253, 743,
792: 1, 19, 34, 94, 126, 441,
793: 2, 32, 112,
794: 1, 2, 8, 18, 55, 173, 761, 93E,
796: 2, 4, 8, 16, 17, 3X, 212, 736,
797: 1, 10, E8, 150, 159, 351,
798: 3, E, 15, X3, EE, 50E, 84X,
799: X, 15, 23, 49, 15X, 171, 513,
79X: 1, 3, 4, 7, 9, 11, 1E, 21, 31, 87, X5, X8, 10E, 189, 691, 757, 925,
79E: 2, 3, 10, 14, 23, 56, 86, 9E, 274, 537, 606,
7X0: 1, 6, 8, X, 31, 32, 34, 92, E4, 131, 18X, 254, 381, 56X, 838,
7X1: 2, 3, 6, 12, 16, 17, 27, 32, 42, 82, E7, 219, 336, 392, 472,
7X2: 3, 5, 7, 17, 85, 125, 1X7, 421, 445, 635,
7X3: 3, 4, E, 14, 43, 63, 64, 175, 2X5, 563,
7X5: 1, 11, 5X, 64, X24,
7X6: 9, 11, 36, 37, 4X, 256, 3E6,
7X7: 17, 1X, 37, 40, 128, 697,
7X8: 1, 4, 9, 17, 34, X0, 184, 261, 2X1, 304, 651, 9X8,
7X9: 2, 8, 32, 38, 128, 492,
7XX: 10, 20, 30, 1X6, 790,
7XE: 1, 3, 5, 1X, 6E, 137, 297, 3X1, 499,
7E0: 1, 3, 15, 17, 1E, 53, 62, 69, 201, 323, 712, 778, 868,
7E1: 1, 31, 54, 1E0, 274,
7E2: 2, 7, 14, 22, 54, 142, 1X0,
7E4: 1, 5, 6, 11, 19, 42, 111, 169, 597, 602, 739,
7E5: 2, X, 16, 22, 1XX, 22X, 264, 28X, 79X,
7E6: 3, 147,
7E7: 28, 37, 3X, 67, 303, 333,
7E8: 2, 11, 18, 22, 1X9, 532,
7E9: 1, 2, 15, 2E, 312, 89E, 9EE,
7EX: 2, 3, 4, 7, 13, 20, E7, 120, 153, 172, 368, 529, 786,
7EE: 5, 70, 89, 52E,
800: 3, 6, 2E, 33, 73, 1E3, 42E, X26, X86,
801: 5, 14, 15, 19, 1X, 29, 30, 75, 9X, 1X6, 319, 554,
803: 3, 5, 7, 8, 9, E, 19, 25, 37, 3X, 45, 59, E7, 111, 122, 195, 1E0, 201, 502, 659,
804: 1, 1E, 6E, X27,
805: 2, 3, 6, 16, 23, 2X, 126, 182, 304, 364, 454,
806: 132, 408,
807: 75, 86, 29E, 7EE,
808: 1, 4, 6, 2X, 30, 9X, X5, EE, 100, 625, E87,
809: 1, 4, 5, 8, 6E, 71, 79, 85, 589, 647, 68E,
80X: 2, 8, E, 12, 1E, 4X, 6E, 70, 86, 10E, 207,
80E: 2X, 30, 10X, 145,
810: 3, X, 12, 53,
812: 39, 188, 243, 988,
813: 3, 53, 5E, 116, 353, 627, 726, XX6,
814: 2, 8, 14, 52, 708, 818,
815: 1, 5, 13, 19, 1E, 21, 33, 55, 187, 35E, 3E9, 7E3, E09,
816: 2, X, 25, 28, 210, 258, 4XX, 502, 738,
817: 114,
818: 2, 3, 18, 66, X3, 260, 906,
819: 2, 12, 15, 16, 29, 36, 78, 12X, 17X, 180,
81X: 7, E, 16E, 70E,
81E: 1X, 2E, 49, 91, 93, 103, 159, 1X2, 315, 322, 323, 333,
821: 2, 8, 22, 162, XX8,
822: 2, 9, 10, 12, 16, 3X, 54, 102, 270, 319,
823: 1, 2, 7, 15, 16, 17, 21, 26, 2E, 81, 96, 375, X97,
824: 6, 8, X, 16, 20, 23, 2E, 89, 179, 2E8, 3EE, 534,
825: 1, 3, 4, 10, 11, 20, 5E, 133, 184, 237, 677, 901,
826: 7, 23, 13E, 18E, 2E7,
827: 1, 2, 4, 8, 10, 29, 2X, 40, 4X, 62, 144, 302, 629, 81X, 825, X95,
828: 2, 6, 56, 62, 8X, 18X, 302,
829: 1, 2, 6, 10, 22, 2X, 37, 80, 89, 9X, 164, 176, 190, 206, 209, 213, 248, 2X7, 393, 399,
82X: 3, 28, 3E, 51, 57, 81, X0, 199, 33E,
830: 3X, 46X, 4X1,
831: 3, 5, 52, 125, 135, 659, 8EE,
832: 1, 4, 11, 1E, 37, 39, 41, 67, 69, 170, 181, 185, 379, 5E7,
833: 1, E, 10, 68, 10E, 171, 2EE, 751,
834: 3, 4, 14, 17, 28, 72, 178, 386,
835: 2, 9, 12, 28, 78, 299, X82,
836: 2, 5, X, 1X, 16E, 339, 539,
837: 1, 3, 11, 325, 557, 561,
838: 4, 8, 43, 57, 145, 1E4, 314, 373, 547, 608, 774, E99,
839: 6E0, 954,
83E: 1, 2, 3, 6, 7, 9, 16, 1X, 21, 23, 59, 3X3, 416, 779,
840: 1, 2, 3, 7, 16, 19, 27, 45, 67, 108, 137, 163, 178, 1E3, 295, 3X3, 487, 550, 708, 736, X79,
841: 8, 14, 38, 58, 70, X4, 16E, 4X0,
842: 4, 2X, 150, 320,
843: 1, X, 12, 4X, 54, 47X, 6EX,
844: 1, 6, 13, 16, 21, 22, 49, 8X, 183, 283,
845: 1, 8, 10, 26, 85, 127, 247, 531, 546, 787, XX5,
846: 4, 18, 19, 30, 38, 9E4,
847: 3, 240, 548, X28,
848: 15, 19,
84X: 2, 28, 164, 9XX,
84E: 1, 5, 13, 31, 34, 51, 57, 100, 218, 254, 391, 394,
850: 6, 12, 17, 3X, 44, 80, XE, 206, 694, 6X4,
851: 1, 2, 34, 44, 49, 161, 238, 70X, 1000,
852: E, 306, 636, 961, 96E,
853: 3, 12, 1E, 8X, 179, 1XE, 209, 22X, 248, 669, 6X4,
854: 1, 3, 7, 9, E, 20, 163, 263,
855: X, 52, 102, 257, 902,
856: 2, X, 10, 25, 50, 121, 37X,
857: 1, 5, 11, 105, 515,
859: 1, 3, 5, 7, 9, 31, 149, 227, 301, 511, 749,
85X: 4, 10, 16, 23, 38, 53, 1X6, 43E, E68,
85E: 10, 2X, 30, 50, 56, 520, 576,
860: 3, 9, 113, 203, 392, 3E5, 58E, 703,
861: 2, 3, 5, 6, E, 1X, 23, 36, 68, 76, 79, 276, 366, 39X, 76X, 785,
862: 1, 5, 1E, 27, 2E, 77, 80, 81, 124, 140, 210, 2X8, 365, 595, 840,
863: 16, 82, E6, 1E6, 352, EX3,
864: 1, 6, 19, 55, 199, 241, 329, 335, 475, 969,
865: 2, 6, 9, 39, 119, 132, 335, 552,
866: 6, 16, 23, 43, 3E0,
868: 2, 1E, 42, 64, 78, 94, 1XX, 262, 4X8, X74,
869: 1, 2, 31, 44, 48, 74, 118, 1X2, 282, 78X, X0X,
86X: 69, 143, 211, 717,
86E: 1, 2, 6, 11, 22, 30, 38, 48, 440, 529, 738,
870: 4, 10, 94, 5X0,
871: 17, 33, 56, 76, 100, 154, 383, 464,
872: 4, 5, 9, X, 19, 3X2, 78X,
873: 1, 2, 3, 12, 13, 2X, 37, 43, 745, 813,
874: 2, 5, 6, X, 11, 17, 20, 26, 27, 3X, 50, 61, 81, 188, 1EX, 248,
875: 3, 8, 24, 68, 73, 133, 451, 507, 8E4,
877: 9, 38, 55, 76, X0, 225, 2X5, 415,
878: 1, 13, 39, 4X, 31X, 72X, E8X,
879: 2, 4, 5, 17, 52, 183, 269, 382, X07,
87X: 3, E, 23, X9, 11E, 165, 459, 5X9,
87E: 527,
880: 9, 11, 14, 221, 461, 504, 804,
881: 42, 616,
882: 2, 3, X, 18, 22, 65, 6E, 85, 132, 236, XX3,
883: 1, 3, 19, 237, 4E4,
884: 2, E, 13, 2E, 67, 14X, 2X3, 55X, 94E, E94,
886: 5, E, 25, 31, 4E, 76, 127, 327, 3X1, 50E, 636, 761,
887: 1, 11, 174, 902,
888: 1, 3, 7, 11, 35, 47, 188, 250, 480, 660, 889, X27,
889: 4, 112, 493,
88X: 4, 29, 2X, 44, 4X, 180, 411, 581, 621,
88E: 2, 3, 7, 12, 17, 1X, 23, 22X, 253, 58E, 717,
890: 1, 3, 7, 41, 4E, 97, 163, 259, 809,
891: 230, 944,
892: 2, 362, XX8,
893: 2, 5, 18, 136, 262, 398, 451, 571, 781,
895: 3, 14, 16, 23, 64, 119, 304, 374, 899,
896: 1, E, 31, 45, 49, 51, 55, 153, 213, 51E,
897: X, E, 1E, 2X, 56, 60, 148, 976,
898: 1, 2, 4, 6, 15, 32, 46, 68, 16X, 766, 820, 942,
899: 9, 149, 193,
89X: 1, 5, 45, X2, 111, 162, EE9,
89E: 3, 28, 115, 148, 17E, 903,
8X0: 2E, E34,
8X1: 1, 5, 19, 31,
8X2: 1, 5, 6, 7, X, 12, 32, 65, 14X, 252, 30E, 657, 801,
8X4: 1, 3, 7, 18, 121, 180, 218, 321, 559, 933,
8X5: 3, 7, E, 38, 40, 43, 11E, 587,
8X6: 4, 5, X, 22, 36, 218, 226, 472,
8X7: 1, 9, E, 13, 27, 31, 57, 7X, 109, 406, 489,
8X8: 1, 2, 24, 29, 48, 74,
8X9: 1, 5, 7, 8, 9, 19, 69, 77, 237, 25E, EXE,
8XX: 2, 6, 10, 17, 2E, 46, 47, 2E4, 586, 600, 757, X8X,
8XE: 2, 4, 96, EX, 111, 396,
8E0: 5, 6, 9, 13, 15, 1E, 25, 16E, 522,
8E1: 5, 6, 39, 5X, 136, 653, X30,
8E3: 3, 14, 44, 84, 197, 19X, 363, 557,
8E4: 6, 8, 20, 54, X0, E4,
8E5: 17, 1E, 25, 32, 56, 5E, 61, 62, 161, 186, 21X, 21E, 2EX, 51E,
8E6: 3, 8, 28, 31, 38, 42, 59, 67, 112, 121, 36X, 430, 4X4, 682, 780, 9EX, E97,
8E7: 1, 13, 17, XE, 115, 149, 211, 541,
8E8: 2, X, 34, 123,
8E9: X, 1EX, 23X,
8EX: E, 19, 1X, 25, 32, 4X, 5E, EE, 137, 22E, 392, 515, 68E,
8EE: 1, 2, 6, X, E, 15, 24, 25, 60, 84, 12X, 151, 334, 416, EE7,
900: 21, 6E, 71, 204, 54E, 774, X94, XXE,
902: 6, 9, 20, 68, 381, 548, X52,
903: 99,
904: 1, 7, 16, 19, 25, 37, 50, 55, X5, E0, 110, 301, 770, 8E3, E93,
905: 8, 148, 4E4,
906: 6, 17, 1E, 22, 26, 164, 276,
907: 2, 4, 40, 58, 60, 65, 9X, X6, 186, 1X2,
908: 1, 16, 57, 153, 157, 2X1, 339,
909: 1, 2, 5, 1E, 25, 32, 35, 353, 3E9, 47E, 559, 756,
90X: 68, 84, 284, 333,
90E: 4, 6, E, 30, 7E, 103, 13X, 29E,
911: 7, 15, 19, 1X, E9, 1EX, 5E2,
912: 44, 82, 101, 1X8, 71X, 801, 851,
913: 1, 11, 19, 24, 29, 53, 99, E4, 104, 130, 194, 1E0, 620, 8E1, 9X4, E54,
914: 7, 247, 57E,
915: 4, 8, 9, 1X, 29, 39, 44, 52, 11X, 15X, 27X, 31X, 946, 969,
916: 6, 136, 8EX,
917: 2, 3, 4, 5, X, 12, 93, 12X, 1E1, 347, 401, 44E, 584, 781, 833, 8X2, E37,
918: 3, 4, 8, 48, 49, 70, 3X8,
919: 4, X, 14, 58, 87, 292, 334, 440, 62E, 6E7,
91X: 1, 62, 16X, 200, 344, 46X, 874, E19,
920: 6, 10, 12, 44, 55, 179, 229, 239, 279, 370, 449, E26,
921: 4, 5, 19, 69, 127, 429, 651, 9X4,
922: 2, 14, 4X, 168, 174, 6X4, 77X,
923: 1, 5, 10, 14, 15, 34, 60, 86, 169, 270, 340,
924: 1, 2, 5, 21, 32, 3X, 13E, 172, 287, 501, 552, 9E5,
925: 1, 3, 19, 53,
926: 1, 17, 7E, 93, 1X8, 355, 533, 5E1, 647, 76E, E63,
927: 2, X, 14, 38, 236, 946, E6X,
928: 1, 6, 61, EX, 181, 281, 314, 595, X25,
929: 25, 95,
92E: 1, 11, 18, 24, 25, 28, 88, 101, 195, 307,
930: 1X, 22, 28, 43, X4, 312, 568, 5E6, X36,
931: 2, 35,
932: 2, 3, 9, 55, 256, 2XX, 453, 713,
933: 3, 10, 24E, 407, 420, 655, 857, X15, X41,
934: 1, 3, 5, E, 2E, 22E, 319, 415,
935: 2, 4, 6, 7, 17, 24, 36, 78, 180, 1E7, 2E4,
936: 1, 11,
937: 1, 2, 9, 12, 16, 29, 31, 97, 1X7, 437, 793, X97,
938: 2, 52, 76, 168,
93X: 127, 244, 24X, 45E, 886, 950,
93E: 2, 4, 8, X, 11, 78, 114, 131, 144, 278, 51X, 905,
940: 17, 27, 2X, 32, 59, 97, 327, 425, 721,
941: 1, 4, 10, 14, 1E, 32, 41, 13E, 648, X20, X41, X94, E3E,
942: 7, 10, 70, 80, 88, 873,
943: 6, 16, 52, 96, X8, 236, 426, 553, 793, 982,
944: 2, 45, 69, X9, 135, 27X, X32,
945: 1, 5, E, 17, 2X, 143, 245, 775,
946: 4, 7, 8, 3E, 5X, 5E, 71, 14X, 29E, 61X, 8E2, X9E,
947: 115, 141, 1X5,
949: 10, 24, 2X, 66, 170, 180, 1X6, 40X,
94X: 1, 2, 3, 7, 37, X3, 173,
94E: 2, 5, E, 13, 15, 24, 25, 35, 3X, 64, 74, 8X, 102, 249, 276, 68E, 739, 84X,
950: 1, 3, 11, 21, 27, 39, 53, X0, 160, 240, 689, XX4,
951: 57,
952: 4, 9, 51, EX, 100, 174, 175, 192, 3E4, 456, 7X6, X19,
953: 2, 6, E, 1E, 21, 32, 37, 46, 6X, X2, E2, 162, 1E2, 215, 23X, 242, 777,
954: 3, 4, 6, 13, 1X, 2X, 74, 123, 183, 206, 22X, 649, 929,
955: 1, 17, 27, 30, 43, 7E, E1, 121, 230, 319, 827,
956: 13, 22, 143, X36,
958: 1, 5, 9, 19, 1E, 21, 67, 97, 105, 115,
959: 1, 2, 3, 4, 6, 7, 11, 23, 2X, 2E, 42, 56, X8, E0, 142, 1X4, 345, 448, 629, 639, 652, 7X2, 824,
95X: 4, 48,
95E: 4, 8, 1X, 28, 78, 117, 122, 694, 788,
960: 1, 2, 156, 229,
961: 2, 22, 25, 55, 56, 285, 805, E5E,
962: 3, X, 11, 14, 16, 5X, 60, E0, 10E, 12E, 194, 384, 474, 4E4, E71,
963: 1, 17, 18, 21, E9, 17E, 28E,
964: 2, 4, 8, 8X, 45X, X30,
965: 1, 2, 46, 54, 64, 10X, 276, 325,
967: 12, 107, 1X7, 952,
968: 3, 9, E, 10, 15, 55, 3E0, 759, X7E,
969: 3, 2E, 33, 153, 40E,
96X: 4, 5, 29, X1, 254, 7E8, 889, 8E9, X64, EX4,
96E: 366, 992,
970: 1, 65, 75, 115, 170, 21X, 5EX,
971: 1, 3, 54, 63, 120, 157, 2X0, XX1,
972: 3, 1E, 5E, 197, 218, 250, 347, 5XE, 766, 798,
973: 2, 4, 16, 20, 4X, 78, 136, 160, 162, 524, 818,
974: 6, X, 13, 19, 39, 177, 20E, 50X, 575, 99E, 9E1, E37,
976: 1, 3, 4, 5, 8, 11, 19, 35, 163, 195, 225, 248,
977: 2, 6, X, 28, 30, 3X, 42, 84, 118,
978: 1, 2, 66, 141, 224,
979: 2, E, 76, 902, X02, X57,
97X: 15, 103, 129, 42E, 763, X5E,
97E: 1, 5, 33, 347, 553, X01, X11,
980: 24, 152, 154, 188, 1X4, 492, 6EX,
981: 4, 5, 15, 21, 69, X1, 110, 1E9,
982: 1, 87, E7, 101, 162, 421, 747,
983: 1, 2, 11, 13, 16, X6, X9, 306, 373, 436, 750, E62,
985: 4, X, 10, 12, 16, 22, 2X, 46, 64, 82, 742,
986: 4, 5, 6, 26, 29, 55, 85, 9X, 10X, 154,
987: X, 21, 5E, 197, 201, 399,
988: 4, 10, 12, 59, 67, 108, 150, 158, 183, 226, 386, 523,
989: 4, 110, 164, X91,
98X: 2, 3, 78, 112, 13X, 162, 233,
98E: 5, 11, 321, 635,
990: 3, 6, E3, 2XE, 592,
991: 33X,
992: 8, 9, 11, 15, 23, 31, 34, 41, EE, 111, 155, 211, 265, 334, 569, 809,
994: 2, 5, X, 30, 45, 48, 95, 238, 362, 4X8, 750,
995: 11, 12, 21, 39, 71, X9, 8E2,
996: 1, 8, 15, 26, 161, 238, 2EE, X09,
997: 4, 9, 49, 9E, XE, EE, 263, 358, 633, 715,
998: 4, E, 22E, 3XE, 564,
999: 8, 18, 78, 114, 961,
99X: 2, 5, 6, 15, 16, 26, 27, X5, 125, 2X3, 61E,
99E: 1, 2, 6, 18, 1X, 20, 2X, 31, 3X, 244, 335, 488, 594, 791, 828, X3E,
9X0: 1, 3, 9, 29, 37, 39, 701,
9X1: 1E, 48, X0, 2X8, 442, 846, X10,
9X3: 1, 3, 16, 53, 79, X7, E7, 307, 52X, 8X3,
9X4: 1, 2, 11, 61, 9X, 115, 227, 49X, 5XX, 967,
9X5: 1, 8, 23, 25, 65, 77, 7E, 360, 640, X23,
9X6: 4, 7, 10, 70, 74, 114, 167,
9X7: 1, 2, X, 16, 22, 72, 81, 169, 182, 259, X76,
9X8: 3, 5, E, 37, 72, 312, 747, X17,
9X9: 2, 3, 8, 5X, 13X, 15X, 266, 2E3, 428,
9XX: 3E, 760,
9XE: X, 64, 97, 4X3, 56X, 7EX, 80E, X53,
9E0: 1, 2, 4, 6, X, 12, 16, 20, 2X, 36, 51, 7X, 110, 125, 155, 195, 649, 656, 700,
9E2: 4, 6, X, 10, 48, 51, 64, 66, 121, 124, 148, 158, 340, 380, 4E1, 619,
9E3:
9E4: 2, 3, 13, 84, 140, 154, 16X, 2XX, E84,
9E5:
9E6: 1, 9, 12, 72, EE, 141, 22X, 561, 935,
9E7: 2, 6, 21, 23, 25, 36, 3X, 50, 82, 14E, 343, 605, 7X7, 810,
9E8: 1E, 114, 454, 615, 850,
9E9: 3, 4, 34, 40, X7, 187, 707, E16,
9EX: 1, 2, 6, 111, 231, 236, 246, 2X2, 532, 719,
9EE: 3, 6, 16, 33, 4E, 53, 79, 89, EX, 165, 35X, 373, 75X,
X01: 1, 8, 28, 57, 6E, 135, 219, 627, X55,
X02: 3, 5E, X7, 1X7,
X03: 1, 4, 24, 142, 341, 65X,
X04: 6, 16, 10X, 252,
X05: 1, 7, E, 32, 120, 13E, 141, 297,
X06: 3, 4, 5, 19, 300, 355, 9X9, E6E,
X07: 3, 6, 30, 117, 140, 1E4, 227, 346, 5E0, 98E,
X08: 1, 2, 14, 22, 7X, 101, 268, 302, 429, 468,
X09: 1, 2, 3, 7, 15, 76, 141, 79X,
X0X: 1, 7, 12, 15, 21, 3X, 46, 64, 8X, X6, 10X, 118, 132, 174, 208, 44E, 5E1,
X10: 2, 8, 27, 58, 83, E7, 13E, 657, 822,
X11: 2, 9, 15, 68, 74, 114, 169, 439, 499,
X12: 1, 3, X, 1E, 23, 39, 195, 545,
X13: 3, 15, 195, 67E, 695,
X14: 9, 10, 11, 57, X93,
X15: 2, 4, 36, 60, 134, 162,
X16: 1, 2, X, 6E4, 982, X99,
X17: 1, 2, 3, 12, 26, 32, 53, 6E, 87, 97, 153, 26E,
X18: 2, 3, 83, X6, 180, 184, 365, 452, 679, 6E3, 75E,
X19: 4, 50, 51, 243, 334, 431, 573, 879, 9X7,
X1E: 6, 9, 12, 25, 64, 75, 128, 16X, 235, 31X, 68X, E70,
X20: 1, 11, 46, 301,
X21: 1, 2, 6, 10, 12, 44, 58, 112, 123, 147, 180,
X22: 15, 25, 2E, 1E7, 228, X51, E0E,
X23: E0, EX, 166, 28X, 302,
X24:
X25: 7, 9, E, 13, 2X, 52, 167, 25E, 6X5, 751, 879,
X26: 2, 18, 22, 34, 58, 134, 2X6,
X27: 8, 220, 388,
X28: 2, 3, 7, 1X, 37, 53, 242, 273, 348,
X2X: 3, 6, 12, 43, 53, 219, 24E, 38E,
X2E: 5, 6, X, 14, 19, 20, 2X, 80, 197, 429, 621, 813, 823, E46,
X30: 1, 8, 53, 67, 108, 109,
X31: 4, E, 30, 54, 97, E7, 102, 94E,
X32: 1, 13X, 146, 182, 356, 436,
X33: 1, 163, EE7,
X34: 1, 3, 15, 17, 101, 157,
X35: 5,
X36: E, 1X, 26, 2X, 77, 107, 154, 307,
X37: 2, 48, 4X,
X39: 4, 5, 7, 8, 17, 41, 58, 102,
X3X: 3, 4, 18, 34, 47, E7, 194, 333, 371, 513, 603, X13,
X3E: 2, 8, 10, 13, 5E, 127, 362, 538,
X40: 9, 85, X2, E9, 709, 785,
X41: 3, 16, 7X, 141,
X42: 1, 2, 3, 7, E, 12, 13, 37, 38, 39, 43, 78, 117, 153, 242, 2E7, 375, 452, 609,
X43: 34, 63, 863,
X44: 2, 10, 12, 27, 54, 8X, X7, 140, 212, 247, 37X,
X45: 2, 6, 8, X, 60, 76, X9, 116, 190, 1E4,
X46: 1, 3, 5, 7, 13, 19, 1E, 75, 99, X3, 111, 5EE,
X48: 110, 174, 2E0,
X49: X, 17, 22, 37, 58, 514, 782,
X4X: 1, 8, 9, 18, 71, 94, E2, 109, 11X, 2EX, 708, E80,
X4E: 1, 2, 5, 41, 7E, 115, 161, 192, 612, 615, E3E, EE2,
X50: 13, 14, 17, 34, 3X, 43, 67, 8X, 104, 429, 5X9, 9E7,
X51: 1, 3, 20, 29, 30, 31, 55, 149, 217, 223, 359, 823, X59,
X52: 2, 8, 28, 44, 60, 24X, 2E0,
X53: 9, X, 44, 51, 116, 135, 8E0,
X54: 1, 2, 3, 5, 39, X2, 7X2, 852,
X55: 1, 13, 14, 32, 44, 56, 71, 87, E6, 159, 188, 302, 69E,
X57: 13, 23, 417,
X58: 1, 6, 21, 46, 168, 1E6, 2X9, 352, 780,
X59:
X5X: 1, 7, 10, 13, 85, 186, 226, 291, X99, E36, E40,
X5E: 1, 3, 5, 8, 13, 19, 27, 28, 48, 59, 69, 107, 18E, 351, 433, 547, 735, 8E9, E18,
X60: 4, 10, 16, 3X, 42, 83, X4, 35X, 524, 850,
X61: 21, 201, 4X0, 880,
X62: 1, 3, 6, 12, 21, 51, 156, 499, 6X1, 831, E03,
X63: 1, 10, 11, 13, 1E, 31, 32, 46, 48, 153, 369, 449, 520, E2E,
X64: 4, 13, 24, 9E, 164, 35E, E38,
X66: 1, X, 35, 45, EX, 24X,
X67: 1, 2, 7, 15, 33, 37, 71, 9E, 31E, 387, 442, XE1,
X68: 37, 18E,
X69: 1, 38, 3X7, 3E8,
X6X: 2, 10, 36, 7E2, 890, 902,
X6E: 2, 4, 10, 14, 25, 4X, 59, 66, 17X, 410, 508, 596, 7XX,
X70: 1, 3, X, 715, 763,
X71: 1, 8, 1X, 39, 79, XX, 201, 215, 714,
X72: 1, 3, 7, 11, 24, 51, 88, 100, 251, 265, 5X8,
X73: 2, 6, 7, 16, 18, 9X, E2,
X75: 2, 12, 25, 32, 36, 76, 345, 4E7, X86,
X76: 8, 1E, 2E, 49, 559,
X77: 3, 4, 9, E, 19, 1E, 25, 29, 39, 49, 213, 313, 705,
X78: 4, X, 63, 6E, XE, 14X, 433, 7EX,
X79: 1, 9, 281, 5E1,
X7X: 2, X, E, 1E, 26, 47, 6E, E5, 12E, 15X,
X7E: 8, 20, 140, 142, 518, 726,
X80: 1, 3, E, 209, 535, 55E, 643, E53,
X81: 3, 6, 22, 3E, 43, 44, 4E, 6X, EX, 102, 154, 216, 254, 262, 353, 74E, 924,
X82: 1, 11, 14, 471, 885, 939,
X84: 1, 5, 6, 7, 8, X, 15, 20, 22, 48, 4E, 50, 71, 87, 88, 8X, X6, E1, 106, 237, 874, 970, E45,
X85: 1, 25, 40, 68, 84, 39E, 491,
X86: 3, 4, 18, 24, X7, E7, 1E8,
X87: 1, 2, 26, 39, 52, 59, 142, 291, 489, 759, 7X8,
X88: 2, X, 83, 169,
X89: 1, 4, 21, 26, 63, 226,
X8X: 1, 3, 7, 53, 99, 2X7, 2E3,
X8E: 3, 122, 167, 340, 496, 642, 953, X70,
X90: 2, 6, 16, 94, 46X,
X91: 3, 6, 7, 13, 1X, 43, 15X, 367, X66,
X93: 19, 109, 24E, 5E4,
X94: 3, 6, 7, 30, 36, 94, E7, 547,
X95: 1, 2, 5, X, 18, 32, 54, X9, 1X1, 214, 41X, 761, X45, X62,
X96: 11, 6X, 136, 211,
X97: 1, 2, 7, X, 16, 1E, 62, 80, 90, 110, 166, 241, 28X, 30X, 344, 792, 87E, E52,
X98: 4, 9, 11, 28, 40, 48, 70, 324, 3E1,
X99: 2, 3, 13, 18, 27, 32, 113, 388,
X9X: 6, 10, 26X, 296, X79,
X9E: 5, 27, 341, 8E7, X85,
XX0: 5, 10E, 167, 343,
XX2: 2, 14, 1X, 32, 19E, 20E, 594, 66X, 942, X92,
XX3: 1, 4, 8, X, 16, 19, E1, 199, XX6, E19,
XX4: 2, 16, 22, 26, 55, 127, 181, 189,
XX5: 12, 272,
XX6: 1, 5, 7, 15, 35, 335,
XX7: 7, 14, 128, X68,
XX8: 5, 9, 12, 15, 25, 28, 46, 2X1, 320, 445, 760, 885,
XX9: 5, X, 35, 5X, 5E, EX, 1E2, 615, E52,
XXX: 4, 6, 20, 176, 1X0, 353, 5X9, 786, 923,
XXE: 8, 25, 27, 145, 208, 3X0, 430, 628, 74E, X10,
XE1: 4, 5, 20, 39, 56, 74, 76, 384, 61X, X1X, E46,
XE2: 2, 72, 5X2,
XE3: 4, 9, E, 11, 14, 11X, 137, 654, 8X8,
XE4: 1, 28, 64, 10E, 127, 157, 437, E35,
XE5: 2, 3, 7, 12, 17, 24, 34, X2, E54,
XE6: 2, 10, 16, 20, 30, 102, 128, 232, 272,
XE7: 2, 7E, 529,
XE8: 3, 1X, 33, 43, 59, EE, 166, 1E4, 203, 215, 295, 326, 4EX, 87X,
XE9: 1, 5, 8, 29, 4E, 7X7, 88E,
XEX: 3, 10, X6, 116, 1EX, 277, 880,
E00: 1, 2, 29, 99, 336, 361,
E01: 7, 15, 23, 42E, 469, 8E5,
E02: 8, 9, 2E, 40, 109, 358, 649, 663,
E03: X, 84, 214, 220,
E04: 8, X, 12, 2X, 9X, 128, 598,
E05: 1, 5, 11, 27, 3E, XE, 366, 387, 5E7, X45, XX9,
E06: 1, 2, 4, 14, 20, 42, 97, 8X4,
E07: 7, 8, 13, 40, 58, 233, 298, 563, E69,
E08: 2, 56, 70, 10E, 156, 198, 708,
E09: 2, 5, X, 68, 79, 1E2, 1E4, 270,
E0E: 1, 2, 3, 22, 32, 84, 111, 59E,
E10: 3, 4, 8, 9, 15, 1E, 35, 50, 77, 105, 139, 1X8, 6E1, 780,
E11: 4, 48, X7, 372, 388, 416, 620, 734, 737,
E12:
E13: 2, 22, 25, 41, 53, 59, 115, 476, 552,
E14: 4, 24, 98, 144, 176, 43X, 4X8, 506,
E15: 1, 4, 9, E, 19, 44, 53, 1E3, 239, 4E0,
E16: 8, X, 14, 17, 93, 122, 917,
E17: 1, 2, 26, 156, 160, 188, 531, 721, 791,
E18: 1, 2, 5, E, 16, 76, E7, 471, 7X6, E92,
E1X: 1, 7, 10, 23, 5E, 350, 708, X6E, E90,
E1E: 2, 6, 10, 14, 68, 222, 320,
E20: 4, 6, 19, 1X, 20, 31, 60, 114, 116, 119, 145, 166, 1X6, 746, E4X,
E21: 1, 3, 7, 11, 13, X7, 15X, 17X, 189, 2E7, 35X, 923, E75,
E22: 2, 3, 5, 9, 18, 24, 2E, 31, 40, 45, 67, 76, 91, E1, 182, 368, 617, 770, 96E,
E23: 1, 5, 7, 415, 53E,
E24: 2, 4, 54, E4, 1X4, 1X6, 316,
E25: 6, 16, 250, 548,
E26: 2, 5, 13, 29, 2X, 3E, 89, XX, 302, 30X,
E27: 1, 3, 7, 9, X, 13, 1E, 56, 6X, 99, 229, 300, 344, 43E, 47E, 50X, 5X7, 627, 943, 955,
E29: 6, 12, 1E, 27, 28, 43, 5E, 107, 187, 2XE, 403, 433, 4X6,
E2X: 1, 4, 11, 36, 41, 7X, 135, 13X, 166, 192, 194, 435, 498, 984,
E2E: 1, 6, 43, 57, 71, 81, 1E1, 4E1, 603, 841,
E30: 1, 3, 10, 15, 18, 36, 10E, 379, 456, 96E,
E31: 9, 13, 1E, E5, 129, 263, 299, 440, 4E8, 69E, 748, 769, 8E3,
E32: 4, 66, 1E0, 4X6,
E33: 1, 2, 12, 35, 379,
E34: 1, 21, 53, EE, 241, 465, 521, 579, 697, 6X7, 73E,
E35: 1, 4, 5, 80, 380,
E36: 4, 18, 524,
E38: 6, 9, 154, 348,
E39: 3, 7, 29, 33, 43, 5X, X5, 115, 6X9,
E3X: 2, 13, 18, 19, 24, 25, 38, 49, 87, 183, 212, 31E, 451, 46E, 758,
E3E: 3, 18, 2E,
E40: 2, 8, 16, 51X,
E41: 1, 9, 12, 32, 6X, 71, 431, XE9,
E42: 1, 9, E, 13, 33, 43, 93, E3, 117, 161, 253, 4X5, 647,
E43: 2, 4, E, 14, 18, 1E, 56, E4, 130,
E44: 7, E, 2E, 44, 117, 157, 274, 2X7, 333, 397,
E45: 1E, XE,
E47: 2, 32, 102,
E48: 1, 3, 7, 68, X4, 156, 200, 676, 7X4,
E49: 90, 148, 580, 701, 770,
E4X: 2, 3, 8, 140, 3X6, 4E0, 522,
E4E: 1, 6, 11, 81, 13X, 18X,
E50: 2, 42, 53, 203, 40E,
E51: 2, 12, 20, 54, 63, XX, E8, 114, 134, 138, 23E, 454, 528, 59X, 820, X4E, X65,
E52: 1, 4, 5, 7, 10, 20, 87, 1E0, 444,
E53: 12, 13, 17, 28, 30, 58, 112,
E54: 1, 2, 10, 139, 188, 520, 681, XX9,
E56: 1, E, 5E, 197, 439, 68E, X97,
E57: 1, 4, 28, 45, 65, 75, 1E9, 6X9, 95E,
E58: 22, 52, 5X, 41X, X1X,
E59: 4, 6, 31, 40, 48, 1X1, 425, 966,
E5X: 17, 301,
E5E: 1, 2, 135, 14E, 206, 28E,
E60: 3, 23, 2E, 45, 4E, 59, 65, 184, 5E3,
E61: 7, E, 24, 27, 33, 34, E4, 27X, 5X7, X54,
E62: 8, 20X, 90X,
E63: 2, 3, 15, 1X, 26, 7E, E2, 113, 54X, 572, 6E1, 6E9, E3E,
E65: 9, 43, 93,
E66: 2, 3, 8, 33, 67, 78, 82, 138, 150, X8E,
E67: 29,
E68: 3, 6, 35, 11E, 285,
E69: 4, 64, X04,
E6X: 1, 3, 18, 23, 28, 29, 30, 37, 68, E4, 103, 12E, 1E1, 278, 3E0, 6X1,
E6E: 2, 4, E, 6X, 77, 7E, 104, 186,
E70: 4, 8, 26, 34, 81, X8, 211, 312, 71X,
E71: 1, 6, 9, 32, 15E, 172, 211, 276, 3E9, 4E9, 6X5,
E72: 4, 9, 25, 26, 48, 82, 9X, 365, 39X, X8X,
E74: 2, 3, 7, 27, 54, E7, EE, 154, 183, 1E7, 76E,
E75: 2, 5, 14, 25, 32, 1E0, 435, 671,
E76: 1, 5, E, 11, 12, 2E, 76, 8E, 2X5, 2XX,
E77: 1, 8, X, 17, 19, 30, 46, X1, 131, 962,
E78: 1, 55, 29E, 591,
E79: 2, 8, E, 23, 3X, 196, 210, 226, 494, 56X,
E7X: 3X, 84, 16X, 604,
E7E: 1, 3, 9, 11, 17, 1X, 23, 43, 7X, 102, 277, 363, 703,
E80: 1, 2, 3, 5, 25, 33, 35, 59, 66, 89, 108, 233, 4E6, 686, 892, 942,
E81: 1, 7, 11, 17, E7, 187,
E83: 5, 9, 19, 20, 29, 30, 265,
E84: 9, 25, 26, 55, 73, 96, 199, 209, 38X, 446, 569, 676,
E85: 4, 9, E, 17, 3X, 57, 5X6, E14,
E86: 1, 9, 18, 263, 2E7, 445,
E87: 3, 4, 6, 7, E, 20, 44, 6E, 80, 107, 122, 182, 204, 54X, 997,
E88: 2, 5, 6, 11, 16, 18, 24, 31, 1EX, 321, 676,
E89: 1, 3, 9, 47, 71, 119, 183, 329, 769,
E8X: 3, 5, 207, 225, 257, 362,
E8E: 4, 90, 680,
E90: 6, X, 36, 96, 3XE, 676,
E92: 6, 23, 92, 51E, 83X,
E93: 1, 8, E, 20, 82, 137, 486, 931,
E94: 1, 3, 8, 11, 13, 34, 537, 6X0,
E95: 7, 8, 12, 47, X2, 196, 306,
E96: 4, 9, 19, 28, 59, 64, 86, 134, 369, 392, 4X8, 6XX, 824,
E97: 1, 9, 16, 316,
E98: 3, 189, 302, 303, 747, 7E1,
E99: 4, 13, 14, 28, 2E, 55, 5E, 97, 238, 53E, 5XE, E6E,
E9X: 45E, 69E,
E9E: 6, 16, 1X, 30, 224, 560, X61,
EX1: 2, 3, 5, E, 10, 15, 29, 33, 158, 223, 368, 42E,
EX2: 2E, 31, 45, 275,
EX3: 7, 23,
EX4: 4, 8, X, 10, 15, 18, 19, 26, 2X, 62, 82, 94, 214, 238, 805, 809,
EX5: 1, 2, X, E, 17, 2E, 16X, 1X1, 2XE, 987,
EX6: 1, 2, 12, 43, 52, 96, 112, 11X, 182,
EX7: 1, 10, 21, 48, 58, 77, 81, 140, 300, 72E,
EX8: 4, 20, 4E, 180, 1X3, 778, 883,
EX9: 11, 1X,
EXX: 2, 21, 2X, 102, 165, 19E, 399, 43E, 485, 609, 8E1,
EE0: 1, 3E, 2X7, 458, 558, E75,
EE1: 2, 6, 8, 52, 138, 186, 486,
EE2: 2, 5, 31, 40, 95, 162, 1X6, 5E6, 601, E65,
EE3: 3, 5, 6, X, 12, 1E, 92, 219, 349, 369, 399, 613,
EE4: 1, 5, 7, X, 11, 15, 173, 205, 231, 307, 407, 4E7, 920, 989, E13,
EE5: 3, 4, 9, 14, 153, 28E, 2XE, 305,
EE6: 7, 1X, 6X, E3, 2X6, 374, 566, 647, 674, 67X, 703, 814,
EE7: 16, 20, 36, E6, 2E4,
EE8: 2, 3, 42, 61, 76, 89, 103, 34X, 49X, 549,
EE9: 2, 3, 7, 4E, 82,
EEE: 6, 7, 14, 104, 45X,
1000:
