2: 2, 3, 4, 5, 6, 7, 8, 9, 10, 12, 13, 14, 15, 16, 17, 19, 22, 24, 26, 27, 30, 31, 32, 33, 34, 38, 40, 42, 46, 49, 56, 61, 62, 65, 69, 77, 78, 80, 85, 86, 89, 90, 93, 98, 107, 120, 122, 126, 127, 129, 133, 145, 150, 158, 165, 170, 174, 184, 192, 195, 202, 208, 234, 254, 261, 280, 296, 312, 322, 334, 345, 366, 374, 382, 398, 410, 414, 425, 447, 471, 507, 521, 550, 567, 579, 590, 600, 607, 626, 690, 694, 712, 745, 795, 816, 897, 909, 954, 990,
3: 2, 3, 4, 5, 6, 8, 9, 12, 14, 15, 17, 18, 20, 22, 24, 27, 28, 29, 31, 39, 44, 45, 48, 53, 54, 59, 68, 70, 76, 80, 101, 120, 125, 138, 164, 166, 170, 174, 192, 212, 213, 224, 230, 264, 267, 277, 298, 320, 330, 355, 370, 399, 430, 436, 446, 504, 546, 570, 633, 638, 647, 668, 670, 685, 687, 812, 824, 848, 872, 884, 895, 960,
4: 2, 3, 6, 7, 8, 9, 10, 12, 17, 21, 24, 25, 32, 33, 35, 38, 51, 59, 74, 80, 81, 91, 92, 96, 115, 120, 133, 156, 159, 183, 216, 243, 264, 283, 291, 311, 333, 345, 346, 351, 383, 385, 422, 442, 454, 477, 499, 521, 541, 599, 602, 621, 669, 703, 912,
5: 3, 4, 8, 10, 14, 20, 30, 33, 36, 38, 43, 48, 56, 58, 59, 60, 77, 78, 104, 122, 138, 160, 191, 223, 253, 274, 284, 304, 321, 349, 390, 392, 452, 480, 484, 504, 527, 563, 568, 709, 722, 743, 747, 864, 920,
6: 2, 4, 5, 6, 10, 11, 12, 13, 15, 16, 18, 23, 25, 28, 30, 32, 34, 61, 68, 78, 83, 90, 102, 108, 126, 168, 189, 234, 304, 344, 351, 421, 485, 534, 603, 612, 620, 656, 695, 794, 818, 846, 870, 951,
7: 2, 3, 6, 7, 8, 12, 15, 18, 24, 29, 32, 35, 41, 48, 67, 98, 106, 117, 132, 147, 166, 220, 247, 308, 344, 387, 418, 567, 801, 872, 899, 921, 974, 988, 1015,
8: 4, 7, 11, 12, 14, 17, 20, 24, 26, 29, 31, 32, 35, 62, 68, 76, 79, 86, 102, 113, 129, 131, 139, 144, 205, 216, 264, 350, 355, 405, 538, 544, 560, 663, 706, 731, 766, 792, 870, 894, 895, 896, 915, 1010,
9: 2, 6, 7, 8, 9, 14, 26, 29, 31, 38, 51, 54, 64, 67, 72, 78, 81, 96, 149, 152, 159, 160, 200, 221, 238, 270, 343, 365, 368, 392, 401, 437, 490, 530, 583, 609, 614, 632, 744, 759, 846, 854,
10: 2, 3, 4, 7, 8, 11, 12, 14, 18, 19, 29, 36, 119, 134, 146, 153, 159, 168, 182, 212, 216, 230, 401, 536, 709, 840, 951,
11: 3, 5, 9, 12, 19, 20, 24, 27, 28, 56, 64, 91, 100, 106, 108, 110, 245, 260, 288, 311, 317, 319, 327, 516, 578, 728, 822, 842, 950,
12: 2, 3, 7, 21, 27, 30, 36, 39, 40, 48, 68, 69, 89, 94, 101, 112, 125, 130, 147, 176, 216, 240, 252, 258, 293, 330, 415, 802, 1018,
13: 4, 6, 8, 17, 18, 22, 26, 31, 41, 47, 55, 64, 86, 109, 124, 134, 144, 145, 160, 163, 170, 176, 208, 218, 294, 304, 324, 355, 403, 413, 481, 492, 516, 544, 576, 620, 643, 780, 792, 801,
14: 3, 8, 11, 14, 15, 21, 26, 40, 50, 55, 83, 84, 120, 161, 268, 327, 461, 535, 622, 659, 686, 810,
15: 2, 3, 4, 6, 8, 18, 20, 21, 24, 32, 40, 43, 50, 60, 112, 164, 173, 180, 193, 234, 254, 454, 583, 616, 804,
16: 2, 6, 10, 15, 25, 26, 43, 48, 54, 56, 68, 105, 211, 303, 376, 434, 468, 580, 777, 798,
17: 5, 7, 8, 15, 21, 24, 33, 36, 56, 66, 69, 79, 80, 82, 124, 147, 148, 171, 180, 184, 194, 234, 244, 265, 305, 371, 390, 392, 410, 416, 471, 523, 530, 571, 864, 868, 896,
18: 3, 4, 6, 9, 13, 16, 42, 44, 71, 88, 94, 106, 155, 164, 168, 190, 339, 510, 516, 628, 690, 695, 800, 846,
19: 2, 10, 18, 28, 30, 33, 36, 50, 119, 175, 216, 236, 352, 357, 446, 622, 627, 759,
20: 4, 5, 9, 17, 20, 22, 36, 75, 96, 98, 109, 183, 194, 533, 866,
21: 2, 6, 9, 19, 21, 30, 41, 43, 50, 56, 106, 114, 168, 245, 248, 337, 479, 576, 818, 885,
22: 2, 6, 10, 14, 18, 24, 26, 27, 32, 34, 40, 48, 50, 52, 58, 80, 105, 127, 147, 195, 248, 334, 413, 424, 501, 877, 994, 1006,
23: 4, 12, 20, 22, 28, 48, 49, 64, 110, 180, 229, 234, 241, 246, 297, 354, 375, 393, 429, 452, 483, 492, 495, 507, 540, 591, 673, 680, 729, 777, 912, 1016,
24: 2, 3, 12, 16, 22, 24, 31, 36, 84, 124, 135, 164, 168, 196, 234, 285, 340, 356, 368, 398, 460, 481, 483, 520, 584, 825, 968,
25: 3, 4, 5, 6, 15, 27, 28, 29, 46, 174, 192, 202, 209, 234, 258, 290, 336, 670, 705, 783,
26: 3, 4, 7, 8, 10, 12, 15, 21, 25, 26, 65, 69, 97, 109, 124, 164, 336, 401, 431, 649, 895,
27: 2, 8, 9, 12, 13, 28, 30, 49, 56, 75, 88, 124, 157, 170, 190, 206, 219, 294, 626, 924, 976,
28: 3, 5, 6, 8, 19, 26, 31, 34, 48, 95, 144, 154, 165, 257, 284, 335, 343, 360, 460, 528, 773, 872,
29: 3, 21, 25, 28, 42, 51, 68, 74, 84, 156, 176, 216, 294, 444, 495, 845, 1005,
30: 2, 4, 9, 30, 33, 34, 45, 54, 66, 72, 75, 76, 84, 98, 149, 206, 244, 283, 316, 340, 376, 583, 611, 633, 680, 738, 830, 853, 954,
31: 2, 3, 4, 5, 9, 14, 15, 52, 95, 132, 144, 148, 174, 186, 211, 232, 306, 696, 704, 856, 954,
32: 5, 8, 12, 15, 26, 30, 32, 62, 104, 120, 123, 176, 198, 256, 693, 730, 763, 901,
33: 3, 4, 7, 16, 20, 30, 35, 74, 143, 159, 174, 220, 329, 412, 420, 446, 483, 547, 777,
34: 2, 6, 8, 12, 14, 16, 23, 34, 57, 58, 63, 75, 78, 80, 95, 102, 114, 116, 154, 162, 210, 211, 236, 326, 351, 445, 715, 797,
35: 3, 4, 5, 8, 9, 11, 28, 32, 68, 76, 85, 99, 111, 121, 143, 157, 175, 184, 200, 220, 246, 290, 332, 366, 538, 544, 748, 753, 806, 960,
36: 2, 4, 5, 7, 16, 23, 28, 30, 34, 42, 54, 77, 84, 94, 138, 234, 246, 390, 417, 558, 868, 980,
37: 2, 8, 10, 15, 24, 27, 30, 78, 83, 104, 113, 129, 134, 174, 275, 308, 327, 424, 588, 834,
38: 3, 8, 20, 30, 34, 45, 69, 95, 118, 188, 204, 224, 256, 379, 383, 518, 526, 594, 598, 708, 736, 867, 930, 1014,
39: 3, 6, 7, 8, 10, 12, 13, 18, 26, 41, 45, 48, 150, 192, 201, 328, 374, 517, 550, 734, 762, 770, 792,
40: 2, 4, 10, 16, 28, 37, 38, 45, 61, 94, 156, 204, 227, 309, 340, 360, 385, 405, 525, 665, 732, 858, 900, 926, 928,
41: 7, 8, 11, 13, 27, 67, 80, 159, 184, 188, 220, 278, 585, 634, 636, 970,
42: 2, 3, 5, 6, 9, 15, 25, 32, 34, 36, 38, 47, 60, 67, 70, 81, 82, 86, 103, 138, 170, 242, 294, 299, 308, 326, 336, 352, 640, 784, 903, 974,
43: 3, 4, 12, 13, 16, 21, 22, 43, 72, 81, 84, 86, 129, 211, 220, 294, 318, 448, 549, 645, 689, 777, 805,
44: 8, 37, 78, 85, 90, 114, 259, 283, 290, 318, 404, 450, 594, 954,
45: 2, 5, 10, 18, 20, 24, 45, 63, 77, 81, 86, 151, 195, 223, 282, 302, 313, 422, 469, 549, 570, 588, 690, 837, 974,
46: 3, 20, 32, 34, 55, 76, 124, 187, 395, 399, 466, 510, 717, 741, 808, 969,
47: 5, 17, 33, 45, 66, 67, 73, 96, 98, 161, 201, 286, 321, 450, 480, 530, 691, 736, 765,
48: 4, 25, 26, 35, 39, 45, 54, 60, 62, 119, 140, 200, 207, 237, 287, 360, 404, 678, 850,
49: 2, 3, 7, 8, 9, 48, 77, 80, 379, 387, 447, 456, 612, 624, 644, 649, 703, 745, 765, 932, 982,
50: 3, 10, 30, 31, 40, 42, 57, 67, 72, 80, 154, 174, 197, 225, 351, 405, 475, 645, 774, 870, 978,
51: 2, 4, 6, 7, 10, 36, 46, 92, 139, 155, 158, 189, 190, 207, 383, 458, 578, 688,
52: 2, 12, 15, 29, 62, 72, 108, 109, 162, 168, 179, 198, 560, 899, 982, 987,
53: 3, 12, 15, 19, 24, 29, 35, 37, 39, 42, 45, 48, 66, 86, 170, 236, 333, 510, 534, 629, 724, 794, 834,
54: 2, 9, 14, 54, 56, 106, 174, 207, 250, 292, 309, 330, 441, 451, 479,
55: 2, 5, 6, 7, 8, 9, 30, 33, 38, 40, 45, 50, 54, 58, 65, 92, 102, 116, 169, 200, 326, 572, 622, 701, 712, 724, 855,
56: 3, 14, 17, 30, 34, 50, 90, 120, 132, 144, 228, 293, 395, 546, 576, 740, 780, 850, 958,
57: 2, 19, 32, 54, 63, 84, 102, 111, 168, 238, 318, 418, 616, 640, 769, 773, 780, 946, 1016,
58: 5, 6, 9, 14, 24, 30, 42, 48, 55, 99, 116, 182, 320, 488, 660, 735, 844,
59: 3, 7, 14, 33, 38, 58, 108, 130, 132, 168, 261, 278, 365, 442, 534, 781, 792,
60: 6, 18, 20, 26, 75, 100, 130, 225, 290, 350, 436, 543, 624, 721, 1024,
61: 4, 10, 20, 21, 24, 54, 60, 87, 104, 134, 198, 226, 234, 324, 407, 510, 553, 580, 648, 708, 722, 790,
62: 17, 23, 39, 104, 225, 275, 305, 339, 360, 407, 408, 421, 698, 788, 813,
63: 3, 6, 12, 14, 30, 40, 59, 70, 74, 80, 81, 100, 122, 219, 220, 300, 382, 432, 454, 662, 786, 814,
64: 2, 3, 8, 11, 15, 31, 50, 82, 84, 90, 134, 159, 349, 372, 379, 428, 608, 780,
65: 5, 12, 28, 31, 62, 66, 120, 140, 141, 156, 240, 258, 294, 316, 340, 390, 936, 950, 986,
66: 2, 4, 7, 10, 14, 20, 47, 50, 55, 61, 73, 85, 94, 138, 140, 150, 168, 203, 256, 317, 335, 455, 680, 753, 906,
67: 3, 5, 6, 10, 16, 28, 32, 43, 48, 114, 120, 145, 184, 228, 304, 393, 514, 678, 847,
68: 3, 8, 14, 30, 33, 38, 56, 60, 75, 86, 165, 175, 178, 216, 247, 251, 744, 1017,
69: 2, 8, 12, 16, 17, 18, 28, 49, 55, 63, 120, 124, 196, 249, 254, 264, 282, 398, 484, 560, 562, 568, 596, 612, 847, 990,
70: 2, 4, 6, 11, 21, 22, 72, 102, 122, 325, 385, 528, 632, 925, 987,
71: 4, 12, 15, 20, 32, 38, 42, 47, 63, 72, 76, 139, 224, 227, 230, 244, 394, 960,
72: 6, 10, 12, 14, 18, 44, 48, 61, 88, 99, 117, 130, 138, 220, 237, 250, 357, 444, 724,
73: 4, 8, 19, 22, 74, 82, 83, 118, 140, 255, 323, 333, 497, 816, 858, 896,
74: 9, 23, 30, 38, 40, 45, 50, 72, 129, 168, 193, 267, 332, 495, 552, 811, 898,
75: 2, 3, 8, 12, 20, 36, 48, 49, 53, 84, 101, 121, 198, 202, 223, 518, 738, 781, 1010,
76: 2, 5, 6, 18, 24, 25, 32, 42, 55, 61, 75, 97, 167, 234, 426, 433, 690, 944, 1017,
77: 10, 16, 19, 27, 49, 51, 87, 88, 90, 101, 111, 138, 188, 194, 220, 415, 438, 466, 519, 564, 592, 602, 633, 663, 730,
78: 6, 7, 20, 22, 33, 105, 152, 264, 396, 514, 702, 766,
79: 2, 5, 6, 7, 8, 16, 41, 42, 74, 77, 79, 124, 144, 171, 178, 196, 218, 297, 320, 332, 480, 625, 758,
80: 4, 7, 49, 52, 65, 70, 87, 208, 259, 277,
81: 3, 6, 10, 12, 27, 32, 43, 57, 60, 72, 84, 113, 157, 170, 269, 387, 400, 428, 474, 709,
82: 2, 3, 12, 13, 14, 50, 86, 104, 298, 758, 787, 797, 857, 934,
83: 4, 8, 15, 26, 55, 98, 184, 188, 331, 332, 442, 458, 796, 933,
84: 2, 14, 18, 24, 41, 51, 67, 134, 145, 202, 265, 278, 414, 465, 474, 484, 623, 872, 951,
85: 4, 27, 28, 38, 45, 52, 74, 84, 88, 90, 95, 123, 150, 179, 209, 254, 465, 479, 717, 735, 798, 1012,
86: 4, 5, 9, 11, 25, 27, 56, 57, 62, 69, 86, 99, 103, 104, 153, 192, 227, 348, 512, 585, 588, 605, 630, 642, 656, 663, 758, 763, 966, 981,
87: 2, 3, 26, 46, 47, 48, 75, 92, 150, 512, 574, 603, 925,
88: 4, 5, 7, 8, 19, 20, 24, 35, 44, 54, 124, 126, 132, 140, 241, 244, 326, 394, 607, 654, 675, 692, 707, 725, 894,
89: 3, 5, 8, 12, 124, 189, 234, 260, 264, 455, 539, 540, 582, 660, 997,
90: 2, 6, 8, 20, 22, 32, 34, 48, 109, 122, 161, 164, 222, 229, 372, 385, 474, 578, 744,
91: 2, 3, 4, 6, 16, 18, 24, 36, 56, 70, 85, 92, 101, 350, 455, 471, 490, 706, 740, 951, 963,
92: 3, 22, 34, 42, 48, 77, 84, 117, 184, 192, 206, 252, 442, 827, 902, 912,
93: 17, 25, 26, 42, 44, 76, 164, 261, 315, 381, 456, 470, 609, 768, 794, 798, 994,
94: 3, 10, 24, 32, 38, 57, 79, 80, 84, 114, 147, 166, 216, 259, 670, 836, 868, 960,
95: 51, 56, 61, 72, 125, 138, 157, 160, 234, 426, 494, 765, 823, 858, 877, 927, 942,
96: 2, 3, 7, 10, 14, 22, 33, 70, 114, 128, 243, 263, 300, 347, 688, 720,
97: 2, 27, 32, 42, 45, 60, 85, 152, 306, 621, 885,
98: 4, 7, 8, 24, 30, 36, 38, 49, 68, 150, 264, 361, 635, 692, 806,
99: 2, 8, 12, 28, 50, 56, 87, 96, 111, 144, 203, 205, 352, 709, 784, 885, 913,
100: 2, 4, 5, 6, 15, 19, 20, 27, 50, 59, 138, 188, 328, 344, 484, 489, 546, 1013,
101: 4, 24, 34, 43, 51, 59, 64, 91, 96, 121, 158, 213, 279, 390, 459, 661,
102: 5, 6, 12, 32, 40, 43, 78, 85, 120, 162, 177, 268, 438, 565, 590, 633, 679, 829, 958, 1012, 1022,
103: 4, 9, 13, 14, 20, 22, 31, 54, 72, 104, 120, 168, 186, 302, 446, 547, 566, 585, 673,
104: 7, 12, 22, 52, 56, 150, 170, 214, 229, 257, 287, 289, 324, 497, 696, 984,
105: 4, 5, 8, 9, 12, 44, 67, 70, 186, 195, 324, 408, 420, 435, 510, 535, 613, 620, 826, 981,
106: 2, 3, 6, 8, 10, 30, 49, 152, 159, 185, 208, 269, 372, 434, 500, 597, 942,
107: 122, 168, 204, 230, 266, 328, 342, 801, 875, 897, 994,
108: 27, 59, 61, 90, 106, 124, 126, 268, 347, 354, 488, 903,
109: 3, 19, 66, 208, 272, 317, 353, 406, 555, 979,
110: 4, 5, 8, 10, 12, 17, 24, 50, 57, 129, 147, 183, 192, 220, 233, 335, 492, 529, 639, 716, 762, 812,
111: 4, 5, 6, 8, 24, 25, 57, 114, 181, 255, 462, 497, 647, 825, 900, 1003, 1012,
112: 2, 6, 8, 12, 38, 48, 56, 60, 65, 113, 174, 209, 300, 308, 426, 588, 689, 724, 1022,
113: 5, 7, 20, 22, 48, 92, 103, 106, 160, 188, 234, 278, 282, 576, 715, 756, 786,
114: 2, 16, 75, 77, 119, 171, 351, 360, 444, 564, 621, 688,
115: 2, 9, 57, 60, 104, 105, 126, 139, 147, 182, 206, 340, 354, 362, 372, 477, 527, 528, 960,
116: 4, 66, 69, 189, 269, 279, 300, 317, 384, 407, 532, 546, 728, 922,
117: 2, 14, 32, 40, 44, 48, 72, 75, 84, 110, 169, 177, 490, 620, 668, 875,
118: 6, 7, 12, 15, 30, 86, 122, 320, 424, 538, 657, 667, 774, 827, 844, 984, 1004,
119: 13, 16, 26, 56, 57, 59, 68, 93, 102, 103, 146, 147, 205, 231, 244, 260, 323, 470, 515,
120: 2, 3, 6, 7, 8, 13, 24, 38, 45, 79, 87, 117, 150, 164, 273, 316, 349, 397, 721, 775,
121: 2, 5, 14, 15, 82, 121, 142, 164, 880,
122: 5, 8, 10, 24, 41, 46, 72, 112, 142, 159, 186, 225, 313, 676, 835, 837, 874,
123: 4, 7, 8, 12, 23, 49, 62, 75, 77, 114, 126, 132, 140, 174, 210, 368, 426, 542,
124: 3, 8, 53, 63, 82, 117, 134, 332, 356, 462, 604, 638, 774,
125: 15, 46, 72, 90, 96, 100, 106, 360, 750, 954,
126: 2, 3, 76, 82, 213, 394, 578, 691, 862, 990,
127: 36, 39, 41, 42, 93, 110, 196, 234, 263, 286, 305, 332, 380, 390, 452, 608, 948,
128: 32, 59, 71, 76, 100, 132, 144, 249, 296, 367, 372, 436, 473, 545, 610, 621, 882, 989,
129: 2, 3, 14, 45, 48, 71, 79, 88, 170, 326, 347, 360, 409, 463, 631, 645, 826, 944,
130: 3, 8, 12, 16, 26, 33, 56, 187, 192, 203, 207, 300, 446, 458, 486, 552, 592, 705, 780,
131: 4, 12, 44, 68, 74, 114, 144, 290, 417, 732, 972,
132: 2, 6, 9, 14, 34, 35, 85, 101, 115, 121, 125, 151, 160, 197, 216, 274, 417, 549, 552, 939,
133: 12, 46, 167, 168, 195, 252, 360, 364, 604, 705, 803, 896,
134: 12, 30, 80, 145, 198, 258, 412, 488, 616, 665, 702,
135: 2, 7, 9, 20, 28, 33, 44, 58, 66, 152, 162, 171, 210, 282, 337, 442, 498, 525, 606, 652, 671,
136: 2, 4, 7, 12, 20, 26, 53, 96, 103, 123, 124, 172, 236, 330, 345, 368, 580, 621, 824, 889, 926, 974, 1014,
137: 3, 9, 42, 56, 57, 60, 125, 294, 351, 370, 622, 693,
138: 4, 12, 14, 20, 24, 26, 172, 332, 544,
139: 2, 6, 35, 54, 110, 113, 154, 162, 225, 270, 323, 324, 384, 402, 460, 476, 650, 774, 968,
140: 4, 39, 46, 82, 86, 90, 93, 100, 154, 182, 234, 240, 246, 302, 480, 519, 636, 762, 830, 840, 882,
141: 2, 3, 9, 12, 13, 50, 56, 85, 106, 122, 150, 160, 173, 260, 333, 634, 882,
142: 2, 6, 7, 26, 38, 39, 60, 115, 184, 248, 464, 560, 621, 950,
143: 3, 12, 32, 66, 120, 146, 252, 281, 415, 695, 702,
144: 6, 10, 34, 42, 155, 159, 236, 268, 332, 430, 453, 480, 481, 580, 628, 674, 862,
145: 4, 5, 13, 20, 30, 31, 33, 51, 112, 120, 198, 224, 264, 292, 345, 408, 456, 538, 553, 774, 829, 867,
146: 7, 8, 15, 28, 42, 70, 101, 117, 240, 320, 572, 666, 678, 880, 1002,
147: 2, 13, 18, 19, 38, 42, 64, 66, 150, 164, 174, 296, 365, 391, 392, 445, 469, 560, 864, 899, 931,
148: 3, 6, 13, 14, 18, 19, 24, 26, 42, 45, 85, 113, 189, 210, 216, 288, 328, 379, 460, 801, 828, 993,
149: 5, 9, 12, 13, 42, 47, 68, 127, 215, 258, 360, 414, 551, 570, 870, 880, 957, 990,
150: 4, 22, 32, 40, 60, 72, 98, 140, 190, 271, 306, 492, 588, 662, 800, 917,
151: 6, 13, 22, 38, 45, 61, 80, 182, 295, 423, 581, 766, 785, 893,
152: 24, 27, 59, 60, 71, 78, 93, 170, 255, 341, 388, 436, 510, 637, 861,
153: 16, 36, 68, 104, 112, 194, 240, 246, 328, 334, 351, 375, 402, 422, 424, 692, 705, 746,
154: 2, 3, 6, 24, 48, 90, 94, 200, 468, 552, 581, 804,
155: 4, 24, 43, 64, 66, 76, 100, 106, 120, 148, 177, 192, 234, 310, 522, 587, 742, 883,
156: 2, 6, 7, 9, 12, 15, 78, 224, 231, 266, 294, 356, 410, 467, 556, 576, 859,
157: 2, 3, 7, 8, 17, 18, 30, 48, 76, 87, 129, 182, 195, 322, 360, 661,
158: 3, 4, 8, 15, 26, 37, 61, 72, 96, 122, 150, 385, 477, 489, 507, 512, 596,
159: 2, 3, 17, 80, 91, 94, 107, 195, 250, 436, 459, 510, 625, 886, 986,
160: 7, 10, 28, 34, 87, 133, 258, 360, 379, 429, 486, 527, 661, 676, 801, 824, 1016,
161: 4, 9, 13, 25, 30, 31, 51, 104, 151, 159, 219, 264, 454,
162: 6, 7, 17, 41, 57, 60, 102, 167, 170, 173, 258, 357, 386, 515, 539, 590, 720, 966, 998,
163: 4, 6, 8, 30, 32, 33, 35, 36, 40, 48, 54, 57, 84, 161, 312, 375, 389, 408, 428, 638, 780, 793, 841,
164: 8, 9, 15, 22, 24, 47, 216, 558, 702, 726, 828, 977,
165: 3, 4, 6, 15, 22, 26, 36, 39, 41, 48, 50, 57, 78, 133, 243, 352, 392, 405, 542, 566, 569, 626, 1014,
166: 2, 3, 5, 24, 33, 54, 68, 114, 220, 393, 420, 694, 720, 739, 773, 817, 825, 934,
167: 8, 13, 86, 104, 164, 186, 224, 229, 261, 274, 286, 324, 328,
168: 4, 6, 8, 30, 32, 36, 68, 78, 118, 120, 167, 210, 230, 390, 524, 582, 833, 993,
169: 2, 6, 11, 15, 21, 52, 132, 158, 186, 229, 354, 553, 776, 791, 816,
170: 12, 17, 33, 60, 67, 70, 79, 81, 86, 110, 146, 150, 344, 450, 578, 736, 812, 873,
171: 3, 10, 11, 40, 47, 126, 140, 142, 171, 200, 306, 375, 659, 756, 760, 800, 894,
172: 3, 12, 25, 28, 32, 38, 46, 66, 117, 142, 144, 222, 282, 382, 425, 574, 587, 750, 755, 962,
173: 3, 4, 7, 8, 9, 21, 39, 43, 150, 270, 282, 302, 374, 504, 675, 701, 756, 907, 934, 960, 1022,
174: 2, 6, 8, 19, 27, 50, 84, 92, 124, 187, 259, 414, 551, 933,
175: 2, 4, 5, 9, 12, 19, 27, 42, 43, 71, 87, 99, 104, 149, 218, 263, 289, 294, 314, 330, 654,
176: 3, 7, 24, 49, 50, 53, 80, 109, 267, 348, 355, 592, 684, 685,
177: 2, 6, 30, 32, 37, 159, 246, 255, 302, 425, 546, 904,
178: 18, 21, 154, 164, 176, 236, 260, 269, 300, 314, 429, 451, 702, 810,
179: 5, 12, 30, 79, 90, 112, 148, 160, 353, 416, 510,
180: 2, 3, 8, 12, 14, 27, 73, 92, 400, 403, 499, 918,
181: 8, 18, 19, 26, 27, 60, 164, 474, 534, 547, 821, 935,
182: 9, 10, 16, 43, 51, 62, 69, 91, 702,
183: 8, 12, 14, 20, 43, 66, 91, 92, 208, 658,
184: 2, 10, 11, 14, 33, 40, 183, 264, 318, 320, 502, 663, 664, 712,
185: 3, 8, 12, 20, 30, 80, 104, 123, 202, 282, 316, 366, 368, 410, 624,
186: 3, 4, 15, 32, 45, 49, 59, 75, 77, 117, 150, 264, 424, 493, 579, 1016,
187: 2, 3, 8, 9, 10, 14, 16, 27, 67, 72, 396, 528, 948,
188: 4, 8, 45, 77, 93, 116, 129, 132, 156, 245, 301, 348, 402, 515, 559, 890, 918,
189: 6, 12, 13, 16, 24, 48, 66, 77, 166, 185, 345, 455, 477, 528, 857,
190: 2, 4, 6, 8, 15, 25, 33, 41, 44, 69, 176, 218, 248, 290, 343, 424, 439, 740,
191: 14, 32, 40, 51, 53, 58, 73, 163, 169, 374, 512, 765, 1018,
192: 2, 3, 10, 24, 48, 61, 70, 73, 75, 112, 121, 123, 215, 252, 256, 257, 638, 884, 910,
193: 5, 6, 9, 21, 24, 25, 26, 32, 34, 40, 110, 266, 324, 422, 615,
194: 3, 7, 17, 23, 24, 25, 58, 94, 98, 182, 387, 417, 532, 677,
195: 2, 6, 10, 12, 24, 32, 88, 100, 180, 555, 758, 813, 822, 945,
196: 3, 4, 8, 18, 24, 38, 42, 44, 213, 294, 512, 548, 666, 678, 680, 713, 804, 902,
197: 3, 44, 82, 90, 147, 184, 234, 321, 552, 990,
198: 5, 8, 23, 26, 28, 38, 45, 47, 77, 109, 130, 150, 252, 449, 488, 625, 913, 978,
199: 2, 9, 10, 16, 27, 39, 49, 55, 62, 68, 150, 152, 221, 240, 393,
200: 4, 15, 27, 31, 32, 34, 39, 72, 328, 448, 477, 556, 662, 681, 692, 816,
201: 2, 8, 14, 52, 59, 72, 78, 80, 127, 188, 201, 207, 248, 252, 328, 367, 375, 780,
202: 8, 9, 13, 15, 45, 75, 88, 138, 141, 270, 363, 462, 818, 948,
203: 4, 12, 15, 95, 96, 312, 330, 495, 782,
204: 6, 8, 26, 50, 138, 270, 369, 378, 398, 636, 990, 1003,
205: 2, 4, 8, 19, 24, 27, 41, 60, 83, 160, 167, 177, 252, 398, 532, 594, 654, 777, 876, 955,
206: 3, 9, 31, 57, 78, 81, 146, 168, 189, 219, 446, 707, 860,
207: 6, 8, 68, 111, 142, 160, 248, 311, 984, 993,
208: 3, 4, 8, 11, 48, 136, 168, 247, 308, 377, 389, 577, 848, 951,
209: 17, 27, 30, 48, 50, 113, 129, 140, 176, 193, 234, 264, 364, 607, 636, 984, 1016,
210: 2, 3, 6, 7, 27, 54, 57, 104, 182, 366, 460, 494, 506, 694, 727, 735, 788, 835, 870, 979,
211: 2, 5, 8, 9, 13, 21, 24, 57, 117, 126, 200, 206, 246, 408, 487, 620, 658, 756, 774, 932,
212: 19, 76, 176, 257, 266, 268, 407, 444, 526, 598, 666,
213: 3, 4, 20, 30, 39, 60, 62, 82, 126, 271, 314, 348, 480,
214: 10, 19, 44, 78, 84, 366, 528, 724,
215: 28, 33, 44, 82, 92, 122, 138, 147, 194, 196, 217, 402, 497, 684, 777, 846, 901,
216: 2, 6, 30, 32, 45, 53, 57, 77, 105, 140, 186, 240, 269, 620, 638,
217: 2, 3, 31, 42, 58, 62, 70, 77, 166, 216, 273, 356, 396, 450,
218: 4, 5, 8, 15, 20, 28, 33, 70, 104, 131, 145, 150, 157, 167, 168, 171, 302, 423, 547, 558, 895, 984,
219: 6, 7, 8, 12, 32, 33, 72, 145, 165, 174, 252, 290, 399, 897,
220: 2, 3, 7, 20, 25, 31, 34, 54, 64, 90, 140, 180, 214, 275, 412, 484, 657, 698, 789, 852, 960,
221: 3, 4, 7, 13, 16, 19, 20, 28, 33, 37, 38, 69, 123, 541, 724,
222: 2, 7, 8, 16, 24, 28, 121, 186, 450, 690,
223: 4, 5, 17, 75, 168, 237, 304, 477, 560, 872, 875, 966, 985, 1017,
224: 7, 11, 12, 14, 29, 32, 38, 62, 82, 97, 104, 129, 540, 954, 998,
225: 2, 3, 4, 9, 14, 46, 211, 296, 424, 547, 746, 780, 826, 867,
226: 4, 5, 10, 32, 96, 145, 168, 214, 215, 285, 356, 393, 396, 486, 920,
227: 38, 59, 75, 102, 120, 170, 260,
228: 3, 8, 12, 17, 22, 30, 52, 56, 80, 91, 160, 221, 304, 597, 954,
229: 2, 8, 9, 18, 31, 60, 87, 94, 159, 168, 482, 489, 599, 640, 777, 994,
230: 4, 5, 8, 16, 24, 44, 57, 68, 82, 89, 160, 208, 416, 444, 551, 622, 780,
231: 2, 4, 8, 14, 22, 48, 60, 69, 84, 140, 213, 221, 259, 270, 320, 380, 418,
232: 2, 6, 7, 16, 32, 42, 245, 254, 332, 450, 844, 996,
233: 94, 135, 281, 378, 901,
234: 2, 3, 7, 53, 81, 96, 135, 266, 377, 496,
235: 40, 84, 106, 108, 316, 332, 336, 411, 562, 680,
236: 4, 21, 25, 26, 30, 37, 38, 66, 78, 126, 143, 151, 154, 202, 241, 244, 318, 344, 396, 477, 554, 662, 840,
237: 6, 12, 25, 44, 53, 58, 183, 185, 308, 647, 747, 752, 968,
238: 3, 8, 15, 25, 28, 30, 39, 51, 111, 157, 161, 216, 255, 260, 268, 290, 342, 406, 476, 542, 703, 720,
239: 3, 9, 28, 32, 140, 145, 273, 280, 291, 377, 440, 445, 758, 763,
240: 2, 5, 13, 32, 33, 58, 79, 94, 262, 269, 566, 661, 670, 816,
241: 12, 20, 30, 44, 55, 96, 218, 298, 310, 354, 868, 951,
242: 8, 15, 24, 40, 65, 77, 112, 117, 148, 184, 452, 620, 654, 821, 934,
243: 3, 15, 22, 57, 63, 96, 125, 151, 158, 450, 533, 883,
244: 2, 5, 9, 12, 24, 42, 74, 90, 98, 120, 154, 168, 960,
245: 5, 8, 12, 24, 50, 51, 159, 932, 984,
246: 2, 3, 6, 8, 24, 50, 78, 81, 94, 110, 152, 231, 393, 440, 583, 612, 830, 958,
247: 6, 7, 10, 13, 15, 18, 23, 24, 64, 152, 240, 247, 272, 402, 854, 909,
248: 11, 12, 141, 201, 416,
249: 8, 41, 42, 43, 50, 72, 85, 102, 105, 120, 149, 180, 197, 303, 499, 680, 788,
250: 2, 12, 19, 26, 70, 90, 94, 121, 174, 377, 378, 1002,
251: 12, 26, 56, 60, 84, 117, 149, 157, 220, 260, 262, 420, 728,
252: 2, 3, 8, 14, 34, 42, 44, 46, 376, 558, 619, 996,
253: 8, 12, 18, 21, 45, 48, 60, 65, 86, 134, 207, 208, 210, 342, 505, 693, 719,
254: 14, 15, 41, 68, 83, 385, 407, 444, 490, 598, 634, 841, 895,
255: 2, 8, 22, 24, 27, 67, 94, 140, 171, 184, 422, 688, 910,
256: 5, 13, 22, 30, 44, 66, 79, 85, 138, 143, 149, 152, 255, 256, 257, 399, 573, 825, 834, 951,
257: 10, 22, 28, 58, 76, 124, 156, 329, 612, 813,
258: 24, 37, 150, 166, 196, 414, 464, 467, 681,
259: 3, 15, 66, 88, 217, 222, 234, 246, 296, 304, 378, 424, 492, 628, 742, 793,
260: 3, 4, 12, 13, 38, 84, 107, 152, 185, 246, 280, 311, 352,
261: 2, 4, 12, 18, 26, 30, 31, 74, 94, 99, 208, 220, 358, 524, 623, 728, 729, 866,
262: 2, 5, 39, 145, 148, 246, 416, 939,
263: 70, 75, 84, 91, 140, 150, 184, 236,
264: 8, 13, 17, 87, 90, 118, 184, 191, 228, 238, 348, 396, 430, 532, 576, 636, 681, 819, 847,
265: 4, 13, 26, 32, 296, 310, 370, 414, 669, 929,
266: 49, 61, 77, 88, 91, 135, 139, 140, 154, 420, 462, 703, 770,
267: 3, 6, 14, 33, 38, 73, 75, 160, 170, 336, 371, 547, 560,
268: 4, 9, 12, 20, 25, 26, 30, 38, 65, 120, 132, 135, 158, 188, 207, 208, 216, 338, 461, 468, 597, 616, 742,
269: 19, 24, 59, 84, 109, 209, 220, 292, 302, 319, 380, 392, 424, 671, 740, 762, 845,
270: 8, 17, 32, 35, 45, 64, 111, 190, 207, 212, 213, 224, 487, 495, 522, 536, 660, 800, 810,
271: 2, 12, 14, 38, 96, 217, 251, 274, 296, 456, 713, 794,
272: 42, 99, 144, 176, 220, 410, 418, 470, 481, 534, 833,
273: 4, 6, 21, 44, 72, 106, 114, 127, 186, 228, 361, 390, 420,
274: 2, 36, 42, 93, 119, 264, 300, 347, 420, 440, 723, 792, 852, 872,
275: 20, 90, 267, 323, 372, 538, 544,
276: 8, 9, 11, 13, 20, 24, 32, 80, 117, 132, 133, 134, 175, 270, 372, 411, 456, 461, 543, 576, 806, 808, 1010,
277: 24, 75, 82, 183, 205, 360, 470, 580, 770, 871, 936,
278: 3, 23, 51, 56, 60, 63, 98, 108, 171, 200, 269, 334, 520, 528, 639, 798,
279: 2, 6, 8, 26, 80, 94, 190, 396, 415, 456, 582, 845, 884,
280: 3, 4, 6, 10, 47, 100, 248, 364, 389, 401, 696, 836, 955,
281: 7, 8, 30, 45, 52, 309, 451, 556, 715, 850,
282: 2, 14, 15, 23, 33, 35, 42, 70, 79, 93, 120, 159, 195, 340, 850,
283: 9, 12, 31, 33, 44, 152, 174, 180, 185, 212, 252, 267, 293, 348, 524, 636,
284: 3, 12, 13, 68, 80, 150, 156, 210, 248, 260, 278, 449,
285: 2, 4, 52, 105, 140, 164, 174, 459, 592, 1014,
286: 2, 4, 15, 28, 33, 170, 185, 219, 592,
287: 3, 5, 30, 31, 36, 38, 63, 98, 139, 144, 190, 199, 295, 327, 334, 390, 529, 592, 621, 712, 859, 885, 946,
288: 4, 6, 15, 16, 38, 44, 64, 194, 220, 234, 256, 450, 510, 587, 702, 894,
289: 2, 6, 40, 41, 50, 154, 197, 243, 271, 273, 275, 294, 918, 1008,
290: 3, 4, 13, 17, 21, 30, 52, 60, 80, 170, 194, 264, 317, 437, 524,
291: 4, 6, 7, 49, 72, 162, 188, 263, 471, 680,
292: 5, 11, 34, 59, 60, 85, 148, 149, 233, 263, 300, 325, 333, 496, 600, 767, 913,
293: 14, 28, 41, 63, 78, 80, 99, 100, 123, 216, 248, 435, 462, 562, 588, 693, 734,
294: 2, 6, 10, 13, 14, 15, 42, 48, 68, 78, 147, 192, 207, 229, 404, 446, 496, 535, 587, 638, 660, 678, 714, 783, 808,
295: 3, 5, 21, 24, 30, 133, 155, 190, 247, 380, 467, 586, 993,
296: 9, 15, 34, 42, 56, 58, 69, 98, 120, 301, 759, 826,
297: 2, 3, 5, 7, 15, 18, 25, 33, 67, 72, 75, 80, 88, 242, 333, 408, 605,
298: 4, 5, 7, 19, 48, 79, 88, 93, 148, 368, 823, 888,
299: 3, 60, 85, 360, 711, 778, 939, 961,
300: 2, 5, 15, 18, 24, 27, 55, 80, 451, 526, 794,
301: 2, 10, 16, 35, 63, 84, 190, 234, 263, 409, 416, 518, 520, 819, 834, 841, 890, 1003,
302: 36, 60, 82, 119, 167, 182, 205, 218, 252, 352, 542, 756,
303: 8, 25, 76, 82, 128, 132, 138, 154, 266, 300, 365, 507, 571, 588, 754, 917,
304: 2, 3, 8, 9, 50, 118, 297, 302, 329, 373, 555, 966, 972,
305: 4, 7, 30, 44, 118, 218, 245, 449, 501, 992,
306: 3, 12, 37, 55, 87, 168, 207, 246, 290, 405, 435, 477, 558, 643,
307: 2, 11, 12, 16, 18, 24, 68, 84, 127, 156, 178, 214, 282, 319, 392, 595,
308: 3, 5, 9, 16, 22, 59, 84, 87, 152, 201, 302, 354, 651, 924,
309: 2, 3, 10, 12, 13, 24, 34, 70, 79, 117, 122, 159, 192, 302, 384, 532, 806,
310: 2, 6, 7, 8, 64, 149, 160, 192, 236, 284, 302, 759, 869, 890,
311: 7, 15, 33, 38, 72, 76, 92, 98, 106, 163, 378, 395, 697,
312: 7, 9, 12, 16, 38, 50, 70, 123, 129, 138, 202, 204, 218, 228, 339, 422, 424, 434, 523, 540, 561, 628, 640, 668, 1004,
313: 3, 24, 26, 28, 51, 57, 92, 109, 174, 456, 570, 894,
314: 5, 8, 32, 39, 48, 87, 92, 104, 255, 380, 390, 449, 616, 649, 783, 811, 894, 964,
315: 3, 6, 30, 62, 105, 164, 182, 227, 240, 560, 675, 742, 988,
316: 2, 3, 4, 12, 14, 21, 44, 81, 124, 442, 484, 765, 800,
317: 8, 13, 16, 30, 42, 43, 48, 72, 84, 102, 130, 139, 149, 252, 295, 496, 546, 756, 795, 833, 856,
318: 25, 26, 60, 79, 84, 92, 105, 121, 170, 178, 231, 339, 345, 470, 472, 497,
319: 5, 12, 17, 18, 24, 47, 60, 71, 101, 105, 448, 489, 606, 621, 730, 903, 966,
320: 4, 9, 10, 19, 36, 38, 40, 87, 99, 221, 400, 401, 665, 736, 996,
321: 2, 4, 8, 18, 20, 22, 33, 38, 50, 90, 96, 118, 138, 150, 168, 186, 189, 230, 254, 436, 497, 957,
322: 2, 3, 12, 30, 32, 48, 62, 120, 142, 297, 355, 556, 716, 942,
323: 7, 8, 9, 11, 12, 14, 36, 90, 171, 206, 288, 771, 780,
324: 2, 8, 26, 62, 101, 129, 152, 179, 241, 332, 678, 767, 858, 997,
325: 4, 14, 55, 96, 98, 102, 120, 222, 240, 276, 510, 812, 915,
326: 10, 12, 74, 213, 745,
327: 2, 10, 21, 26, 27, 32, 54, 80, 84, 87, 96, 136, 229, 240, 554, 678,
328: 5, 7, 38, 66, 71, 72, 137, 160, 235, 332, 410, 630, 744, 825, 972, 1008,
329: 14, 40, 44, 45, 120, 275, 362, 440, 666, 768, 775,
330: 2, 6, 10, 21, 23, 28, 40, 42, 59, 94, 99, 102, 165, 184, 207, 218, 357, 498, 674, 887,
331: 2, 4, 18, 24, 34, 93, 112, 214, 246, 278, 568, 792,
332: 3, 8, 14, 15, 24, 45, 56, 142, 180, 195, 207, 414, 519, 852, 868, 894,
333: 6, 13, 15, 18, 21, 22, 44, 72, 116, 175, 203, 227, 228, 378, 506, 607,
334: 3, 23, 28, 69, 92, 114, 120, 387, 412, 878,
335: 4, 39, 80, 83, 117, 252, 314, 792,
336: 3, 5, 7, 10, 73, 74, 86, 95, 104, 273, 492, 610, 644, 864,
337: 2, 6, 22, 24, 30, 46, 64, 109, 160, 208, 211, 225, 274, 696,
338: 7, 8, 11, 37, 56, 118, 252, 333, 426, 556, 821, 850, 944, 965,
339: 2, 12, 13, 27, 34, 36, 84, 164, 180, 245, 656,
340: 15, 141, 216, 393, 678, 712, 856,
341: 3, 5, 7, 12, 25, 30, 94, 136, 151, 179, 280, 286, 365, 386, 474, 598,
342: 2, 10, 51, 73, 76, 85, 191, 318, 407, 460, 476, 504, 931,
343: 3, 4, 6, 8, 19, 35, 39, 42, 48, 49, 174, 195, 213, 290, 313, 323, 490, 533, 808, 1006,
344: 5, 12, 15, 25, 36, 45, 72, 98, 195, 430, 698, 759, 973,
345: 4, 6, 9, 11, 12, 13, 17, 61, 94, 103, 114, 206, 254, 340, 449, 460, 993,
346: 2, 10, 13, 24, 57, 312, 329, 865, 946, 969,
347: 3, 5, 13, 24, 37, 90, 152, 154, 194, 1010,
348: 4, 12, 14, 18, 20, 35, 36, 48, 62, 66, 155, 210, 266, 322, 366, 368, 536, 570, 621,
349: 6, 7, 10, 16, 59, 80, 154, 172, 252, 286, 441, 617,
350: 4, 57, 77, 112, 152, 351, 358, 359, 394, 517, 561,
351: 2, 3, 15, 25, 187, 228, 308, 398, 464, 633,
352: 6, 60, 62, 84, 122, 328, 344, 374, 456, 560, 567, 855,
353: 3, 8, 11, 14, 34, 43, 51, 59, 66, 95, 177, 267, 291, 446, 548, 574, 972,
354: 3, 5, 9, 60, 90, 182, 275, 557, 649, 675, 862, 978, 983,
355: 2, 3, 5, 7, 18, 19, 58, 168, 328, 344, 714,
356: 4, 36, 90, 96, 123, 235, 355, 372, 495, 588, 972,
357: 7, 8, 50, 54, 66, 106, 135, 147, 230, 261, 341, 499, 508, 564, 824,
358: 3, 4, 6, 9, 25, 42, 54, 76, 87, 103, 129, 178, 248, 270, 376, 495, 556, 569, 660, 662,
359: 38, 48, 95, 105, 188, 578, 924,
360: 2, 3, 7, 24, 30, 78, 92, 142, 256, 264, 280, 286, 425, 630, 839,
361: 12, 25, 99, 103, 142, 364, 376, 457, 614, 627, 930, 984,
362: 8, 12, 35, 87, 207, 325, 383, 525, 570, 675, 791,
363: 14, 16, 30, 35, 38, 45, 84, 102, 108, 237, 276, 294, 486, 558, 592, 632, 870,
364: 2, 5, 10, 26, 39, 42, 47, 55, 114, 240, 257, 261, 290, 316, 417, 708, 829, 842,
365: 3, 7, 14, 20, 22, 24, 33, 38, 68, 93, 147, 170, 300, 324, 740, 787, 882,
366: 18, 24, 60, 120, 177, 390, 396, 480, 504, 722,
367: 2, 7, 12, 47, 75, 120, 126, 135, 187, 193, 305, 328, 350, 580, 674, 783, 871, 988,
368: 140, 239, 361, 463, 578, 765,
369: 3, 7, 10, 24, 28, 57, 110, 127, 137, 140, 178, 267, 290, 528, 706, 858,
370: 2, 4, 6, 12, 27, 34, 63, 76, 100, 133, 235, 663, 753,
371: 9, 52, 116, 150, 160, 286, 536, 972,
372: 2, 8, 9, 19, 28, 35, 47, 179, 206, 228, 318, 807, 956,
373: 4, 26, 67, 72, 132, 194, 328, 433,
374: 24, 64, 72, 168, 225, 234, 933,
375: 18, 32, 45, 48, 50, 116, 161, 225, 385, 521, 529, 701, 900, 968,
376: 2, 3, 4, 24, 31, 32, 40, 49, 50, 135, 258, 320, 841, 903,
377: 5, 8, 12, 14, 31, 34, 38, 78, 244, 336, 430, 642, 650, 662,
378: 8, 105, 154, 171, 195, 311, 635, 705, 845, 892,
379: 2, 6, 30, 31, 40, 49, 72, 82, 112, 189, 234, 324, 415, 528,
380: 5, 10, 28, 30, 45, 63, 144, 168, 170, 406, 492, 945,
381: 2, 16, 22, 24, 122, 123, 160, 223, 673,
382: 3, 6, 11, 15, 33, 36, 42, 43, 48, 92, 120, 177, 246, 339, 382, 671, 798, 1002,
383: 5, 8, 28, 33, 93, 129, 132, 150, 242, 645, 939, 1014,
384: 5, 6, 8, 28, 36, 65, 175, 218, 263, 337, 682, 795, 958, 993, 997,
385: 2, 5, 12, 33, 139, 200, 258, 429, 487, 521, 654, 668, 698, 897, 929,
386: 5, 24, 53, 394, 534, 909, 997,
387: 2, 7, 15, 18, 32, 108, 345,
388: 7, 9, 21, 28, 98, 198, 204, 208, 213, 494, 834,
389: 3, 38, 39, 72, 85, 118, 161, 177, 218, 780, 902,
390: 4, 7, 9, 19, 36, 59, 103, 167, 236, 260, 376, 509, 626,
391: 4, 5, 68, 110, 134, 145, 160, 231, 248, 335, 492, 670,
392: 3, 9, 11, 17, 30, 38, 45, 303, 402, 407, 846, 955,
393: 6, 12, 24, 54, 64, 74, 105, 114, 124, 125, 174, 217, 294, 494, 635, 755, 758, 948,
394: 2, 7, 8, 15, 57, 129, 360, 396, 458,
395: 8, 13, 20, 23, 44, 79, 200, 212, 216, 217, 236, 714, 742, 784, 870,
396: 4, 6, 7, 8, 12, 13, 21, 30, 45, 53, 65, 76, 114, 182, 444, 640, 730, 952,
397: 5, 7, 18, 38, 77, 78, 96, 393, 438, 490,
398: 7, 11, 20, 28, 40, 41, 89, 98, 113, 122, 176, 240, 314, 356, 412, 988,
399: 2, 3, 6, 21, 40, 43, 54, 64, 70, 102, 105, 392, 448, 458, 697, 702, 792,
400: 3, 4, 7, 9, 12, 48, 90, 134, 420, 519, 600, 712,
401: 11, 33, 42, 132, 140, 174, 252, 349, 822,
402: 8, 16, 30, 38, 53, 71, 79, 134, 239, 938,
403: 6, 9, 24, 25, 26, 57, 111, 118, 134, 258, 307, 335,
404: 12, 44, 50, 94, 145, 257, 369, 391, 405, 800, 954,
405: 2, 6, 8, 11, 17, 20, 24, 25, 30, 32, 37, 59, 66, 92, 98, 117, 165, 303, 376, 763, 1010,
406: 2, 3, 6, 7, 13, 18, 33, 53, 71, 121, 342, 354, 367, 407, 420, 865, 912,
407: 5, 12, 14, 83, 84, 92, 174, 324, 434, 448, 477, 484, 615, 675,
408: 4, 13, 19, 38, 56, 60, 108, 110, 152, 219, 234, 502, 1002,
409: 8, 12, 19, 30, 74, 96, 133, 217, 440, 450, 493, 530, 675,
410: 4, 16, 76, 105, 250, 279, 283, 286, 874,
411: 2, 4, 14, 32, 107, 127, 154, 168, 248, 283, 384, 501, 770, 973,
412: 2, 17, 18, 42, 57, 130, 154, 188, 318, 357, 602, 945,
413: 24, 34, 60, 84, 93, 140, 176, 203, 224, 226, 792, 902,
414: 2, 56, 57, 118, 134, 216, 284, 362, 460, 539, 681,
415: 2, 6, 14, 16, 34, 42, 80, 95, 108, 228, 330, 335, 454, 612, 681, 844, 872,
416: 8, 87, 202, 228, 286, 350,
417: 6, 12, 22, 24, 26, 32, 40, 102, 107, 141, 203, 210, 239, 302, 958,
418: 3, 8, 74, 92, 173, 824,
419: 10, 15, 29, 30, 32, 36, 44, 51, 66, 144, 166, 198, 199, 234, 253, 321, 332, 441, 468, 496, 794, 847, 895,
420: 2, 3, 7, 9, 13, 14, 15, 32, 115, 352, 461, 517, 568, 620, 770, 777, 952,
421: 4, 9, 14, 71, 234, 422, 511, 654, 771,
422: 12, 14, 60, 67, 180, 212, 216, 307, 308, 420, 512, 553, 607, 816,
423: 19, 24, 76, 102, 177, 216, 354, 596, 875, 978,
424: 28, 30, 47, 64, 289, 300, 334, 380, 770, 968, 986,
425: 7, 17, 28, 31, 40, 52, 76, 88, 198, 222, 290, 374, 564, 678,
426: 8, 20, 34, 66, 118, 126, 132, 238, 352, 553, 710,
427: 2, 5, 6, 9, 12, 16, 30, 33, 53, 54, 56, 78, 335, 477, 521, 572, 848,
428: 4, 5, 9, 32, 63, 67, 126, 132, 190, 313, 568, 702,
429: 2, 5, 12, 34, 35, 188, 283, 468, 504,
430: 2, 3, 96, 121, 206, 365, 434, 587, 595, 723, 751, 882,
431: 4, 20, 57, 163, 191, 192, 313, 701, 762,
432: 2, 12, 13, 19, 29, 40, 88, 106, 184, 245, 489, 505, 564, 754, 781, 810,
433: 8, 17, 26, 30, 36, 39, 42, 45, 108, 111, 125, 138, 270, 363, 385, 516, 732, 740, 957,
434: 7, 30, 38, 46, 47, 58, 154, 214, 216, 224, 506, 692, 748, 894,
435: 4, 6, 14, 24, 49, 50, 82, 85, 88, 102, 106, 109, 216, 285, 328, 392, 405, 452, 492, 536, 614, 694, 720,
436: 6, 12, 30, 102, 247, 300, 457, 776,
437: 7, 32, 141, 164, 171, 189, 290, 312, 420, 433, 492, 572, 598, 660, 857,
438: 3, 4, 9, 27, 32, 43, 129, 140, 141, 154, 283, 342, 407, 634, 875, 1017,
439: 2, 5, 12, 34, 41, 43, 86, 106, 222, 255, 354, 392, 690, 756, 906, 960,
440: 8, 10, 48, 79, 115, 142, 208, 236, 254, 305, 387, 436, 476, 694, 735, 738, 752, 845, 888, 899,
441: 2, 4, 20, 24, 51, 64, 98, 186, 392, 821,
442: 2, 3, 5, 8, 13, 38, 90, 402, 516, 847, 854,
443: 4, 7, 8, 12, 20, 46, 48, 69, 84, 102, 216, 258, 288, 320, 323, 378, 389, 572, 956, 1007,
444: 2, 3, 16, 19, 24, 30, 37, 66, 105, 128, 159, 164, 254, 465, 758, 807,
445: 3, 12, 32, 48, 709, 769, 895, 960,
446: 3, 26, 32, 44, 168, 195, 347, 499, 623, 715, 750, 986,
447: 17, 27, 32, 56, 60, 78, 160, 234, 390, 441, 522, 534, 552, 627, 684, 738, 812,
448: 6, 12, 13, 65, 93, 113, 122, 138, 151, 171, 240, 384, 429, 462, 474, 490, 525, 558,
449: 3, 5, 15, 24, 62, 151, 152, 270, 565,
450: 5, 8, 12, 22, 45, 50, 64, 79, 85, 103, 157, 204, 210, 258, 332, 374, 480, 571, 618, 706, 835,
451: 3, 4, 8, 52, 208, 244, 353, 469, 558, 741,
452: 3, 40, 42, 63, 89, 116, 144, 192, 210, 436, 583, 600, 604, 738,
453: 5, 7, 9, 27, 33, 208, 211, 237, 570, 582, 773, 877,
454: 2, 6, 13, 16, 18, 26, 54, 93, 159, 223, 307, 308, 488, 496, 560, 660,
455: 3, 4, 8, 42, 254, 267, 380, 408, 1004,
456: 2, 6, 7, 28, 48, 51, 484, 534, 566,
457: 6, 8, 13, 14, 18, 34, 74, 152, 158, 235, 240, 397, 839, 924,
458: 3, 30, 119, 216, 310, 311, 391, 418, 582, 650, 802, 807,
459: 12, 15, 94, 213, 223, 252, 287, 361, 745, 746,
460: 2, 30, 50, 90, 145, 190, 458, 483, 582, 648, 711, 937, 942,
461: 4, 7, 25, 33, 36, 43, 68, 299, 385, 420, 452, 715,
462: 5, 10, 15, 86, 122, 129, 189, 306, 536, 888,
463: 4, 12, 24, 26, 43, 56, 71, 84, 170, 210, 333, 365, 463, 546, 552, 583,
464: 14, 29, 36, 40, 56, 63, 118, 129, 152, 267, 372, 442, 450, 454, 997,
465: 2, 4, 7, 16, 23, 30, 36, 44, 49, 158, 203, 234, 399, 539, 552, 693, 883,
466: 3, 27, 48, 170, 242, 300, 713,
467: 8, 30, 48, 80, 147, 249, 308, 379, 706, 730, 946,
468: 4, 8, 17, 25, 38, 107, 150, 170, 464, 536, 843, 858,
469: 2, 3, 8, 22, 48, 62, 132, 141, 150, 161, 225, 289, 417, 440, 516,
470: 10, 11, 38, 117, 124, 150, 197, 238, 250, 264, 344, 572, 897, 1023,
471: 2, 18, 26, 37, 42, 102, 264, 366,
472: 3, 5, 24, 43, 76, 102, 161, 180, 184, 235,
473: 24, 30, 126, 153, 164, 222, 255, 258, 311, 406, 478, 758, 807,
474: 2, 11, 13, 25, 62, 78, 107, 117, 166, 175, 216, 266, 321, 360, 426, 611, 768, 808,
475: 4, 12, 30, 76, 78, 91, 103, 204, 287, 982,
476: 4, 8, 20, 36, 38, 74, 85, 214, 278, 285, 295, 396, 447, 582, 746, 870, 1000,
477: 2, 6, 8, 19, 46, 64, 162, 195, 284, 413, 979,
478: 4, 7, 18, 32, 69, 231, 244, 456,
479: 8, 9, 10, 12, 17, 19, 21, 61, 157, 158, 163, 187, 266, 293, 308, 405, 462, 560, 799, 880,
480: 3, 4, 7, 8, 15, 21, 32, 47, 105, 526, 709, 763, 898, 954, 1017,
481: 3, 8, 10, 32, 38, 131, 326, 344, 381, 416, 528, 536, 587, 654, 968,
482: 5, 15, 60, 72, 83, 95, 156, 210, 505, 570, 642, 704,
483: 3, 5, 18, 24, 42, 44, 81, 84, 385, 418, 524,
484: 2, 29, 40, 82, 95, 112, 227, 349, 384, 525, 643, 787,
485: 8, 14, 36, 142, 206, 311, 501, 554, 596, 644, 775, 892,
486: 2, 3, 5, 9, 24, 112, 145, 202, 330, 393, 504, 658,
487: 13, 15, 42, 43, 156, 474, 640,
488: 16, 37, 45, 46, 70, 72, 82, 208, 269, 303, 478, 497, 526,
489: 2, 10, 14, 19, 123, 135, 159, 282, 296, 535, 564, 568, 582, 766, 894,
490: 4, 6, 14, 18, 20, 44, 67, 71, 80, 86, 159, 182, 183, 318, 554, 973,
491: 4, 8, 15, 21, 30, 40, 202, 221, 242, 426, 584,
492: 2, 44, 72, 93, 118, 142, 151, 192, 258, 283, 395, 490, 492, 794,
493: 4, 5, 11, 14, 26, 56, 62, 70, 102, 124, 167, 224, 254, 298, 396, 622, 646, 657, 820,
494: 28, 37, 38, 41, 77, 104, 304, 372, 539,
495: 3, 4, 15, 20, 24, 26, 30, 90, 113, 186, 255, 270, 297, 691,
496: 2, 4, 6, 14, 27, 58, 139, 492, 666, 688, 1003, 1023,
497: 9, 15, 32, 214, 318, 602,
498: 3, 42, 48, 73, 145, 514,
499: 2, 10, 39, 40, 87, 91, 177, 404, 537, 896,
500: 12, 20, 69, 102, 224, 248, 377, 394, 418, 435, 607, 627, 726, 854, 868,
501: 4, 6, 7, 8, 17, 35, 42, 47, 144, 162, 326, 476,
502: 36, 84, 120, 342, 414, 557, 1016,
503: 20, 34, 70, 84, 190, 195, 220, 402, 582, 604, 636, 929,
504: 3, 7, 16, 25, 60, 62, 130, 194, 233,
505: 2, 5, 7, 12, 13, 30, 32, 41, 58, 512, 581, 634, 774,
506: 4, 8, 15, 58, 63, 78, 130, 137, 207, 216, 334, 516, 821, 900,
507: 2, 3, 8, 12, 48, 240, 700, 819,
508: 3, 31, 90, 95, 186, 225, 394, 406, 432, 510, 774,
509: 14, 16, 17, 22, 30, 44, 46, 73, 130, 135, 225, 263, 320, 338, 377, 456, 752, 778,
510: 2, 10, 12, 15, 33, 60, 76, 81, 120, 386, 402, 578, 809, 858,
511: 2, 16, 20, 51, 149, 156, 158, 216, 227, 282, 351, 525, 744, 798, 854,
512: 3, 16, 24, 40, 74, 80, 182, 276, 291, 396, 456, 608, 773, 990,
513: 4, 6, 8, 13, 19, 75, 118, 141, 148, 243, 278, 360, 369,
514: 3, 7, 24, 40, 54, 62, 140, 672, 820,
515: 4, 9, 43, 56, 159, 280, 516, 570, 750,
516: 2, 4, 45, 59, 60, 64, 577, 848, 950, 1005,
517: 2, 8, 17, 34, 103, 227, 620, 735, 753, 930,
518: 8, 57, 77, 109, 156, 165, 189, 416, 487, 740,
519: 6, 30, 87, 150, 184, 186, 330, 336, 387, 547, 688, 1016,
520: 2, 4, 5, 24, 28, 45, 54, 78, 87, 160, 170, 382, 579, 609, 762, 763, 985,
521: 3, 7, 8, 49, 59, 93, 278, 346, 397, 606, 904, 951,
522: 24, 39, 40, 139, 160, 172, 214, 352, 368, 542, 774,
523: 5, 18, 36, 106, 182, 219, 470, 766, 768, 816,
524: 10, 40, 42, 68, 108, 110, 350, 654, 765, 835, 984,
525: 2, 3, 9, 18, 26, 99, 140, 144, 234, 289, 301, 320, 495, 802,
526: 2, 4, 6, 22, 31, 96, 199, 222, 225, 286, 767,
527: 12, 37, 50, 65, 207, 242, 449, 708,
528: 4, 12, 14, 51, 136, 213, 216, 262, 444, 480, 596, 634, 693,
529: 3, 7, 9, 54, 73, 90, 187, 233, 257, 343, 384, 536, 972, 1000,
530: 15, 24, 88, 144, 195, 225, 253, 330, 390, 550, 615,
531: 2, 6, 19, 20, 58, 178, 248, 280, 578,
532: 2, 3, 6, 26, 34, 37, 44, 60, 196, 249, 549, 638, 662, 668, 884,
533: 22, 65, 88, 118, 365, 405, 828,
534: 6, 9, 12, 28, 42, 43, 50, 232, 268, 402, 428, 720, 850, 882, 996, 1002,
535: 2, 4, 7, 10, 26, 50, 72, 162, 172, 196, 325, 327, 343, 567, 828,
536: 8, 12, 78, 155, 158, 310, 330, 477, 648, 712, 853, 914,
537: 3, 12, 17, 21, 28, 76, 118, 248, 258, 507, 872,
538: 5, 6, 22, 39, 63, 81, 114, 142, 222, 346, 366, 469, 667, 878,
539: 5, 7, 24, 160, 200, 211, 264, 528, 663, 840, 962,
540: 8, 12, 18, 54, 71, 135, 167, 235, 334, 512,
541: 4, 6, 12, 15, 45, 64, 80, 87, 104, 134, 144, 177, 184, 230, 236, 497, 550, 551, 1014,
542: 3, 22, 75, 112, 176, 210, 327, 462, 814, 830,
543: 27, 49, 95, 290, 462, 483, 613, 699, 874, 1020,
544: 2, 3, 12, 14, 44, 45, 54, 65, 132, 170, 225, 234, 310, 533, 618, 768, 841, 850,
545: 45, 63, 86, 96, 120, 314, 858, 984,
546: 2, 4, 66, 110, 122, 165, 173, 462, 588, 647, 654, 672, 756, 766, 880,
547: 2, 3, 18, 60, 74, 128, 155, 156, 165, 208, 282, 428, 635, 812, 932,
548: 4, 8, 9, 15, 33, 43, 103, 535, 636, 667,
549: 2, 9, 22, 28, 38, 72, 92, 104, 360, 380, 504, 711,
550: 4, 10, 12, 20, 26, 38, 42, 50, 84, 85, 92, 148, 152, 184, 225, 232, 338, 704, 982, 1000,
551: 3, 10, 13, 35, 58, 85, 94, 123, 212, 288, 523, 622,
552: 2, 6, 50, 72, 94, 108, 121, 387, 814, 870,
553: 3, 9, 14, 23, 54, 200, 210, 280, 300, 390, 558, 587, 595, 784,
554: 21, 26, 72, 94, 171, 217, 250, 273, 376, 549, 576, 687, 1009,
555: 2, 6, 7, 14, 66, 91, 172, 186, 231, 261, 501, 600, 681, 768, 832, 906, 995, 1001,
556: 3, 4, 13, 14, 19, 28, 55, 98, 132, 141, 426, 578, 735,
557: 3, 8, 12, 70, 120, 142, 223, 433, 696, 992,
558: 3, 21, 24, 25, 38, 49, 64, 74, 79, 112, 220, 231, 342, 490, 748,
559: 2, 7, 12, 27, 53, 58, 102, 201, 205, 225, 289, 352, 420, 492, 767, 771,
560: 3, 17, 30, 38, 71, 147, 228, 254, 582, 632, 700, 720, 844,
561: 6, 10, 15, 16, 21, 43, 44, 155, 259, 348, 576, 925,
562: 2, 28, 54, 55, 68, 138, 268, 398, 604, 789, 902,
563: 4, 12, 13, 20, 31, 38, 48, 96, 149, 220, 230, 252, 283, 537, 624, 844, 850, 899, 976,
564: 3, 7, 41, 50, 358, 393, 548, 606, 972, 987,
565: 2, 4, 12, 35, 46, 49, 56, 57, 63, 126, 136, 176, 438, 444, 910,
566: 8, 117, 126, 198, 318, 331, 357, 566, 597, 695, 750, 1006,
567: 5, 6, 10, 48, 60, 70, 80, 82, 84, 121, 126, 130, 150, 160, 175, 366, 402, 642, 984,
568: 6, 8, 9, 62, 84, 107, 360, 412, 490,
569: 8, 15, 24, 185, 186, 260, 354, 478, 585, 668, 725, 790,
570: 3, 18, 20, 27, 57, 58, 127, 174, 260, 588, 626, 846, 988,
571: 3, 5, 9, 11, 60, 66, 106, 120, 240, 456, 603, 965, 988,
572: 8, 10, 13, 24, 79, 110, 195, 252, 368, 722, 954,
573: 6, 9, 15, 16, 19, 38, 40, 46, 55, 130, 144, 160, 167, 294, 295, 505, 676, 744, 757,
574: 3, 5, 17, 147, 175, 198, 255, 374, 465, 717, 804,
575: 3, 11, 12, 26, 36, 46, 397, 405, 446, 724, 764,
576: 2, 4, 18, 54, 137, 466, 575, 607, 660,
577: 2, 3, 10, 23, 24, 34, 54, 58, 72, 84, 92, 263, 315, 379, 632,
578: 4, 8, 24, 28, 129, 135, 286, 388, 744,
579: 8, 30, 45, 57, 210, 255, 423, 446, 462, 608, 609, 628,
580: 6, 11, 72, 101, 133, 160, 578, 705,
581: 4, 5, 9, 14, 44, 57, 80, 85, 146, 160, 225, 243, 294, 365, 375, 430, 496, 856,
582: 2, 60, 62, 72, 105, 135, 158, 281, 332, 510, 609, 936,
583: 6, 38, 55, 83, 96, 182, 200, 270, 555, 613, 621, 736,
584: 3, 5, 15, 24, 120, 146, 214, 215, 276, 386, 426, 460, 620, 763, 882,
585: 3, 5, 6, 12, 21, 30, 34, 62, 90, 108, 243, 530, 963,
586: 2, 4, 31, 32, 72, 80, 114, 116, 117, 130, 138, 166, 168, 177, 192,
587: 8, 17, 44, 51, 60, 78, 92, 112, 216, 402, 666, 712, 880,
588: 3, 38, 42, 193, 243, 258, 524, 584, 758, 777, 994,
589: 8, 9, 12, 36, 55, 386, 926,
590: 4, 10, 15, 22, 33, 187, 248, 398, 475, 602,
591: 2, 4, 7, 11, 12, 20, 117, 317, 324, 334, 393, 428, 510,
592: 18, 154, 219, 627, 986,
593: 4, 5, 7, 24, 38, 60, 126, 130, 133, 156, 160, 203, 234, 318, 381, 518, 564, 610, 633, 896, 956,
594: 2, 10, 16, 30, 73, 116, 118, 133, 165, 167, 230, 270, 289, 351, 470, 589, 654, 662, 766, 787, 802, 987,
595: 10, 12, 14, 26, 27, 30, 39, 42, 43, 61, 84, 98, 120, 139, 144, 180, 399, 430, 583, 613, 644, 768,
596: 43, 340, 360, 838, 1007, 1011,
597: 2, 24, 48, 62, 95, 178, 315, 352, 383,
598: 11, 30, 60, 138, 193, 202, 211, 244, 560, 802, 945, 954,
599: 3, 12, 28, 41, 70, 112, 132, 180, 306, 350, 798, 1010,
600: 4, 5, 37, 43, 48, 49, 98, 108, 109, 353, 531, 743,
601: 2, 19, 24, 75, 115, 263, 290, 312, 658, 1001,
602: 3, 12, 33, 49, 283, 314, 318, 338, 536,
603: 4, 19, 31, 32, 47, 48, 106, 184, 662, 736, 845,
604: 6, 19, 40, 41, 56, 66, 79, 90, 119, 232, 290, 308, 565, 573, 598, 804, 810,
605: 14, 31, 34, 102, 147, 195, 416, 601, 780, 934,
606: 6, 7, 8, 26, 62, 88, 110, 115, 136, 140, 246, 305, 380, 408, 613, 757, 780,
607: 2, 34, 35, 47, 85, 123, 132, 230, 451, 560, 695, 870,
608: 20, 44, 120, 134, 210, 238, 354, 640, 990,
609: 2, 3, 14, 17, 22, 28, 36, 69, 81, 91, 164, 183, 255, 280, 576, 663, 987, 1016,
610: 3, 4, 6, 26, 33, 48, 60, 62, 86, 120, 130, 170, 210, 247, 465, 684, 730, 956,
611: 9, 10, 30, 56, 67, 92, 121, 129, 213, 364, 416, 566, 682, 874, 996,
612: 2, 9, 10, 15, 19, 30, 44, 46, 58, 67, 68, 94, 124, 157, 239, 258, 339, 389, 454, 840, 868,
613: 3, 4, 6, 22, 24, 46, 74, 75, 178, 323, 354, 666, 763, 805, 1010,
614: 5, 17, 36, 74, 94, 105, 144, 159, 201, 290, 353, 759,
615: 2, 5, 8, 19, 32, 39, 45, 57, 63, 70, 89, 174, 264, 306, 402, 417, 449, 468, 828, 872,
616: 2, 30, 35, 45, 63, 90, 93, 129, 185, 235, 803,
617: 12, 15, 33, 55, 62, 102, 213, 224, 317, 398, 456, 598, 754, 854,
618: 5, 24, 39, 82, 122, 537, 609, 758, 762,
619: 2, 7, 48, 55, 98, 270, 575, 956, 964, 970,
620: 8, 10, 15, 28, 31, 33, 80, 86, 108, 196, 408, 492, 639,
621: 3, 4, 7, 8, 12, 20, 28, 50, 76, 139, 142, 148, 189, 209, 836,
622: 6, 8, 10, 24, 48, 160, 316, 366, 434, 512,
623: 7, 56, 67, 80, 84, 126, 168, 352, 364, 516, 597, 754, 878, 888,
624: 10, 15, 17, 28, 44, 68, 99, 158, 167, 359, 368, 480, 790, 816, 1002,
625: 2, 6, 29, 34, 48, 67, 72, 80, 146, 198, 206, 318, 368, 720, 940,
626: 4, 14, 15, 23, 34, 98, 194, 671, 780, 802,
627: 3, 6, 8, 12, 24, 116, 156, 158, 171, 197, 230, 329, 381,
628: 3, 4, 12, 21, 32, 110, 150, 167, 217, 830, 992,
629: 5, 16, 30, 64, 758, 770, 840,
630: 2, 7, 8, 18, 20, 71, 79, 81, 176, 221, 411, 474, 582, 824, 863, 874,
631: 12, 57, 78, 110, 354, 386, 541, 589, 678,
632: 12, 28, 124, 203, 208, 285, 330, 389, 420, 520, 665, 708, 957,
633: 4, 66, 107, 138, 141, 237, 253, 267, 282, 314, 672, 702, 900,
634: 8, 18, 22, 31, 50, 84, 92, 127, 131, 164, 230, 252,
635: 7, 92, 124, 138, 514, 685, 902,
636: 6, 8, 19, 31, 45, 46, 48, 65, 662, 817, 825, 872,
637: 3, 12, 21, 24, 40, 45, 62, 252, 304, 664, 830,
638: 7, 14, 32, 38, 129, 140, 146, 168, 300, 523, 567, 823,
639: 2, 5, 24, 45, 54, 97, 200, 290, 381, 693, 817, 936,
640: 2, 18, 20, 24, 34, 102, 137, 176, 211, 474, 527, 684, 720, 807, 898,
641: 4, 13, 56, 66, 99, 129, 168, 192, 335, 341, 355, 404, 564, 598, 662, 752,
642: 2, 8, 13, 21, 27, 44, 80, 84, 92, 163, 168, 218, 445, 464, 550, 798, 810,
643: 4, 6, 8, 30, 42, 154, 168, 286, 397, 579, 1001,
644: 21, 60, 70, 74, 90, 108, 110, 144, 180, 228, 240, 480, 518, 603, 712,
645: 2, 6, 12, 15, 16, 17, 27, 30, 31, 38, 58, 66, 80, 144, 194, 394, 506, 624, 849,
646: 2, 9, 10, 14, 19, 36, 42, 44, 50, 54, 99, 135, 177, 209, 375, 392, 553, 678, 758,
647: 3, 7, 9, 16, 24, 41, 165, 289, 324, 624, 648, 778,
648: 12, 15, 20, 91, 96, 114, 208, 402, 492, 570,
649: 2, 8, 13, 21, 50, 145, 177, 235, 240, 285, 409, 426, 609, 730,
650: 4, 27, 36, 66, 76, 106, 270, 310, 345, 861, 963,
651: 2, 5, 7, 19, 34, 107, 126, 149, 175, 208, 216, 350, 905,
652: 2, 24, 31, 42, 60, 114, 204, 254, 340, 684,
653: 8, 25, 38, 71, 85, 140, 195, 252, 300, 377, 420, 424, 572,
654: 2, 3, 12, 14, 18, 105, 108, 185, 200, 555, 991,
655: 3, 10, 27, 35, 61, 74, 78, 114, 121, 234, 582, 976,
656: 4, 7, 10, 12, 20, 24, 32, 66, 122, 143, 150, 153, 203, 300, 357, 604,
657: 7, 8, 24, 45, 53, 72, 92, 318, 321, 390, 714,
658: 4, 14, 15, 18, 21, 30, 35, 57, 66, 74, 80, 90, 107, 236, 273, 275, 525, 685, 708, 968,
659: 28, 154, 172, 196, 349, 452, 753,
660: 2, 10, 13, 17, 27, 30, 34, 41, 86, 396, 686,
661: 2, 50, 88, 122, 158, 282, 874,
662: 5, 30, 70, 118, 119, 152, 171, 186, 192, 338, 349, 459, 740, 885,
663: 5, 12, 16, 25, 30, 86, 95, 258, 520,
664: 2, 42, 47, 82, 126, 242, 609, 628, 645, 708, 930,
665: 3, 4, 53, 107, 121, 197, 230, 288, 436,
666: 3, 9, 10, 38, 126, 168, 198, 225, 264, 322, 468, 482, 697, 844,
667: 9, 30, 112, 126, 134, 280, 372, 881, 931,
668: 21, 22, 34, 126, 168, 246, 291, 315, 984,
669: 6, 55, 75, 182, 272, 278, 281, 468, 483, 804, 878,
670: 12, 22, 24, 36, 69, 175, 307, 504, 524, 760, 945, 956, 1001,
671: 20, 24, 33, 53, 71, 81, 91, 168, 182, 228, 276, 838,
672: 5, 6, 14, 24, 25, 64, 78, 130, 343, 464, 472, 778,
673: 4, 9, 18, 20, 52, 144, 161, 366,
674: 8, 11, 118, 232, 408, 606, 711, 772, 806, 972,
675: 4, 21, 32, 45, 94, 117, 312, 385, 498, 610, 724, 797, 826, 899,
676: 34, 38, 87, 106, 130, 137, 176, 499, 770,
677: 3, 9, 19, 21, 40, 56, 60,
678: 6, 7, 20, 22, 27, 45, 58, 117, 209, 351,
679: 7, 23, 33, 122, 133, 160, 297, 320, 360, 364, 394, 482, 771, 850,
680: 4, 8, 50, 60, 201, 279, 350, 426, 530, 538, 606, 608, 819, 844,
681: 2, 4, 8, 11, 20, 24, 57, 132, 261, 324, 417, 782, 850, 957,
682: 5, 7, 21, 28, 50, 78, 152, 207, 226, 242, 386, 444, 456, 669, 701,
683: 8, 47, 94, 107, 208, 234, 294, 517,
684: 2, 14, 21, 48, 54, 165, 188, 220, 255, 257, 566, 636,
685: 7, 13, 23, 39, 100, 129, 198, 276, 294, 524, 582, 614, 744, 933,
686: 3, 7, 10, 40, 66, 75, 240, 904,
687: 2, 6, 10, 44, 47, 78, 84, 108, 222, 431, 532,
688: 8, 19, 44, 469, 612, 620, 850,
689: 3, 24, 26, 36, 148, 154, 187, 218, 285, 340, 616, 825, 860,
690: 3, 7, 8, 10, 12, 38, 89, 105, 138, 391, 416, 477, 594, 621,
691: 2, 27, 56, 85, 94, 108, 208, 407, 528, 756, 789, 924, 988, 1020,
692: 12, 14, 16, 27, 28, 35, 117, 174, 298, 362, 558, 769, 973,
693: 13, 15, 21, 38, 45, 288, 318, 391, 494, 670, 722, 906, 922, 992,
694: 3, 64, 66, 118, 192, 261, 413, 720,
695: 4, 24, 27, 30, 37, 152, 154, 172, 323, 435, 457, 532, 596, 705, 779, 828,
696: 3, 4, 5, 15, 52, 56, 60, 102, 106, 117, 308, 405, 444, 499, 501,
697: 6, 10, 11, 38, 87, 123, 292, 306, 342, 396, 415, 418, 514, 670, 938,
698: 8, 16, 25, 57, 240, 323, 364, 740,
699: 56, 71, 180, 188, 228, 378, 473, 565, 676, 697, 724, 952, 1000, 1004,
700: 2, 8, 10, 20, 24, 32, 589, 744, 824, 947, 951, 960, 980, 1020,
701: 13, 17, 44, 48, 149, 266, 506, 590, 714, 810,
702: 6, 14, 42, 59, 78, 118, 135, 153, 246, 385, 544, 579, 648,
703: 3, 4, 9, 16, 20, 33, 34, 74, 77, 80, 98, 141, 186, 314, 506, 802,
704: 3, 9, 16, 40, 50, 140, 183, 204, 217, 366, 401, 421, 888, 899, 952,
705: 2, 10, 12, 14, 33, 54, 95, 244, 246, 488, 546, 571, 842, 1003,
706: 4, 8, 12, 40, 42, 68, 80, 120, 158, 181, 538, 594,
707: 8, 30, 40, 84, 91, 94, 298, 463, 672, 840,
708: 18, 59, 214, 222, 349, 468, 477, 679,
709: 30, 40, 81, 90, 112, 158, 190, 402, 540, 645, 995,
710: 4, 14, 24, 48, 57, 65, 75, 108, 118, 124, 138, 142, 205, 336, 577, 642, 700,
711: 4, 17, 31, 33, 78, 92, 135, 157, 276, 546, 780, 823, 942,
712: 2, 9, 15, 21, 24, 38, 40, 129, 270, 360, 368, 456, 762,
713: 73, 74, 103, 138, 199, 532, 633, 647, 870,
714: 2, 3, 8, 15, 17, 22, 24, 171, 245, 525, 570, 581, 698, 762,
715: 2, 7, 13, 22, 31, 47, 108, 117, 137, 217, 234, 315, 381, 470, 541, 591,
716: 10, 64, 93, 184, 185, 205, 231, 242, 258, 296, 368, 507, 591, 594, 845,
717: 2, 13, 19, 49, 104, 155, 382, 439, 688, 872,
718: 5, 48, 68, 74, 99, 104, 134, 180, 339, 348, 426, 737, 783, 924,
719: 36, 48, 368, 465, 542, 545,
720: 2, 4, 9, 17, 24, 30, 80, 242,
721: 5, 6, 9, 76, 94, 102, 118, 133, 156, 184, 195, 300, 327, 406, 469, 993,
722: 12, 42, 49, 70, 264, 361, 464, 634, 695, 823,
723: 37, 52, 69, 84, 108, 111, 149, 332, 336, 585, 896, 911, 994,
724: 2, 3, 14, 15, 30, 32, 36, 45, 55, 67, 120, 122, 295, 445, 459,
725: 7, 9, 32, 36, 370, 413, 603, 618, 940, 946,
726: 2, 3, 12, 28, 31, 33, 35, 36, 72, 110, 147, 234, 417, 420, 448, 878, 882,
727: 2, 6, 8, 39, 203, 342, 420, 542, 732,
728: 5, 12, 14, 27, 37, 48, 60, 90, 434, 436, 506,
729: 6, 102, 1015,
730: 2, 4, 13, 76, 77, 80, 129, 132, 292, 582,
731: 3, 20, 21, 49, 207, 394, 548, 731, 762, 893,
732: 3, 12, 16, 30, 32, 35, 85, 118, 138, 200, 284, 288, 351, 827, 829,
733: 3, 4, 7, 9, 82, 93, 140, 166, 252,
734: 7, 28, 30, 32, 40, 56, 57, 64, 118, 154, 184, 216, 333, 409, 440, 800, 1007,
735: 3, 4, 8, 30, 44, 60, 149, 208, 237, 249, 259, 323, 376, 750, 836, 995,
736: 2, 6, 19, 44, 75, 77, 90, 198, 242, 305, 456, 551, 603, 741, 806,
737: 10, 11, 24, 40, 49, 80, 120, 168, 408, 462, 708, 721, 748, 798, 888,
738: 12, 20, 22, 85, 169, 257, 267, 306, 396, 462, 518, 749, 888,
739: 12, 43, 104, 140, 183, 240, 404, 480, 613, 767,
740: 5, 8, 25, 48, 77, 90, 182, 270, 532, 609, 910,
741: 2, 18, 57, 72, 90, 124, 276, 643, 662, 754, 984,
742: 2, 32, 174, 187, 358,
743: 3, 9, 16, 120, 123, 174, 204, 234, 336,
744: 2, 6, 9, 10, 24, 39, 51, 120, 161, 205, 399, 581, 692, 738, 750,
745: 2, 3, 4, 9, 179, 284, 361, 1020,
746: 3, 20, 34, 36, 42, 44, 57, 66, 266, 305, 377, 422, 488, 889, 958, 1005,
747: 2, 14, 38, 64, 76, 78, 167, 244, 346, 350, 401, 416, 792, 982,
748: 4, 6, 25, 39, 110, 114, 198, 407, 916,
749: 9, 10, 30, 31, 212, 248, 303, 357, 444, 506, 624, 873,
750: 2, 4, 13, 32, 41, 90, 104, 158, 216, 234, 254, 383, 393, 423, 440, 454, 622, 657,
751: 4, 5, 14, 22, 30, 48, 55, 68, 82, 247, 370, 495, 975,
752: 24, 40, 72, 120, 126, 159, 170, 525, 935, 954,
753: 15, 70, 71, 94, 120, 179, 191, 232, 471, 546, 580, 714, 1016,
754: 3, 10, 32, 34, 35, 110, 389, 404, 434, 588, 732,
755: 8, 12, 27, 168, 204, 206, 542, 579,
756: 2, 6, 7, 10, 24, 34, 54, 96, 128, 142, 157, 205, 488,
757: 414, 546, 634, 696, 954,
758: 4, 7, 34, 48, 142, 960,
759: 3, 5, 9, 114, 164, 349,
760: 4, 9, 12, 25, 118, 170, 324, 492, 528, 774,
761: 4, 5, 13, 21, 36, 122, 160, 212, 517, 549, 852,
762: 2, 6, 15, 38, 79, 90, 160, 264, 285, 319, 380, 448, 513, 590, 752, 895, 1005,
763: 6, 7, 8, 20, 35, 86, 104, 164, 195, 258, 264, 320, 370, 770, 801, 1014,
764: 3, 12, 17, 37, 45, 151, 370, 446, 458, 584, 742, 780, 956,
765: 5, 11, 16, 30, 80, 117, 160, 182, 266, 322, 422, 558,
766: 2, 3, 4, 8, 10, 16, 34, 36, 39, 40, 60, 65, 208, 240, 571, 914, 920, 972,
767: 48, 68, 113, 217, 389, 400, 451, 466, 559, 644, 728, 914,
768: 4, 14, 30, 36, 51, 72, 78, 105, 117, 131, 150, 580, 612, 884, 952,
769: 6, 7, 24, 26, 33, 52, 90, 134, 161, 194, 216, 223, 376, 446, 584, 720,
770: 15, 26, 35, 94, 159, 167, 205, 210, 242, 461,
771: 4, 9, 12, 32, 56, 123, 198, 358, 448, 621,
772: 2, 18, 24, 28, 45, 50, 55, 56, 69, 98, 394, 442, 464, 750,
773: 4, 5, 8, 24, 45, 52, 53, 63, 151, 154, 161, 220, 227, 307,
774: 6, 10, 16, 19, 35, 76, 126, 296, 342, 445, 489, 666, 939,
775: 2, 7, 8, 61, 66, 88, 130, 142, 234, 375, 430, 480, 510, 544, 681,
776: 20, 27, 33, 44, 45, 60, 67, 434, 500, 520, 565, 640, 794, 795, 832,
777: 2, 9, 12, 19, 54, 82, 122, 175, 271, 390, 454, 687,
778: 12, 23, 24, 35, 36, 95, 154, 192, 208, 216, 238, 328, 442, 518, 554, 754,
779: 14, 25, 45, 67, 210, 905,
780: 2, 61, 66, 88, 120, 140, 188, 220, 269, 327, 452, 523,
781: 28, 40, 41, 51, 64, 560, 573, 607, 706,
782: 15, 19, 38, 70, 98, 372, 419, 826,
783: 6, 7, 8, 14, 16, 22, 30, 47, 167, 282, 425, 462, 502, 544, 547, 602, 707, 861,
784: 2, 12, 24, 30, 42, 86, 95, 185, 378, 383, 884, 898, 988,
785: 3, 4, 32, 38, 310, 333, 364, 666, 684, 782, 822,
786: 2, 6, 12, 14, 15, 40, 51, 96, 378, 416, 559, 562, 580,
787: 3, 11, 12, 13, 36, 39, 41, 115, 168, 182, 256, 373, 405, 435, 708, 716, 942,
788: 12, 23, 28, 34, 53, 114, 166, 200, 425, 482, 616, 720, 728, 890,
789: 16, 114, 184, 263, 344, 470, 543, 572, 760, 835,
790: 2, 106, 190, 217, 314, 500, 520, 528, 567, 582, 668, 731, 937,
791: 8, 14, 15, 20, 21, 68, 102, 104, 130, 160, 174, 199, 318, 572,
792: 2, 43, 46, 81, 140, 141, 302, 507, 511, 619,
793: 6, 7, 14, 32, 52, 93, 121, 158,
794: 3, 71, 76, 220, 257, 332, 420, 579,
795: 4, 30, 39, 144, 153, 264, 372, 450, 548, 654, 662, 938,
796: 14, 24, 34, 58, 78, 105, 260, 404, 492, 610,
797: 12, 14, 19, 57, 231, 450, 661, 788, 975,
798: 18, 60, 121, 130, 132, 151, 160, 215, 693, 830, 913,
799: 2, 6, 10, 12, 31, 127, 202, 302, 350, 962,
800: 4, 23, 38, 84, 200, 248, 540, 607,
801: 2, 16, 40, 113, 145, 160, 339, 353, 418,
802: 6, 26, 28, 51, 55, 90, 646,
803: 4, 8, 44, 55, 59, 80, 112, 115, 223, 360, 435, 471, 861, 980, 993,
804: 2, 17, 26, 27, 44, 82, 90, 158, 450, 525, 968,
805: 2, 7, 20, 24, 30, 38, 50, 96, 148, 159, 160, 550, 555, 568,
806: 11, 13, 39, 57, 92, 99, 133, 288, 422, 468, 696,
807: 2, 8, 63, 75, 136, 179, 189, 798, 932, 954,
808: 3, 4, 8, 9, 48, 60, 61, 92, 93, 100, 144, 720,
809: 10, 12, 15, 19, 180, 279, 352, 680, 774,
810: 2, 10, 15, 20, 26, 63, 104, 154, 180, 202, 227, 424, 984,
811: 2, 36, 44, 51, 63, 109, 165, 305, 311, 328, 349, 359, 423, 462, 485, 723, 852,
812: 12, 15, 30, 32, 55, 103, 111, 283, 387, 470, 776,
813: 3, 5, 6, 7, 34, 59, 90, 109, 145, 168, 176, 264, 463, 508, 539, 888,
814: 2, 5, 8, 12, 31, 55, 80, 88, 93, 120, 264, 310, 339, 399, 926,
815: 4, 9, 10, 41, 48, 60, 186, 290, 492, 602,
816: 3, 16, 86, 146, 260, 538, 730, 750,
817: 8, 15, 18, 24, 29, 39, 60, 72, 84, 221, 257, 286, 358, 590,
818: 4, 14, 16, 17, 22, 29, 41, 42, 104, 117, 142, 264, 585, 647, 894,
819: 2, 3, 6, 7, 9, 36, 40, 48, 54, 111, 129, 147, 154, 212, 274, 290, 635, 810,
820: 4, 6, 12, 20, 40, 67, 82, 99, 206, 408, 417, 571, 598, 614, 747, 782,
821: 7, 8, 10, 24, 33, 84, 308, 1016,
822: 3, 18, 32, 58, 66, 72, 133, 184, 280, 308, 318, 370, 387, 837,
823: 5, 28, 66, 67, 70, 93, 99, 107, 155, 305, 342, 373, 405, 496, 604, 733,
824: 3, 15, 46, 52, 57, 61, 204, 209, 231, 426, 494, 716,
825: 5, 7, 35, 42, 60, 90, 117, 144, 162, 224, 324, 435, 730, 980,
826: 3, 5, 6, 29, 124, 189, 217, 314, 567, 988,
827: 12, 24, 42, 50, 290, 308, 636, 998,
828: 6, 11, 27, 45, 165, 200, 255, 266, 288, 402, 746, 999,
829: 2, 10, 18, 41, 90, 154, 310, 352, 354, 696, 954,
830: 7, 21, 24, 48, 63, 73, 84, 105, 107, 252, 293, 535, 682,
831: 3, 4, 15, 24, 30, 71, 101, 165, 184, 269, 348, 420, 492, 534, 597,
832: 2, 12, 16, 23, 41, 66, 68, 87, 98, 263, 294, 640, 654, 1002,
833: 3, 8, 30, 38, 51, 144, 167, 272, 326, 566, 629, 666, 714, 859, 882, 969,
834: 2, 8, 9, 15, 50, 96, 340, 365, 387, 410, 596, 801, 1011,
835: 2, 9, 20, 27, 29, 76, 78, 141, 164, 355, 583,
836: 8, 10, 15, 35, 86, 122, 153, 407, 752,
837: 3, 6, 10, 81, 92, 137, 245, 256, 275, 379, 470,
838: 59, 93, 102, 188, 240, 311, 328, 541, 714, 717, 899, 942,
839: 15, 50, 111, 173, 201, 208, 234, 625, 945, 960, 984,
840: 6, 10, 14, 31, 40, 182, 468,
841: 8, 36, 62, 83, 88, 337, 500, 618, 705,
842: 10, 30, 186, 294, 340, 365, 389, 440, 565, 590, 924, 978,
843: 3, 15, 30, 38, 116, 133, 187, 270, 275, 422, 513, 889, 954,
844: 29, 44, 46, 91, 103, 142, 167, 294, 325, 413, 552, 664, 852, 1002,
845: 3, 4, 12, 30, 90, 108, 300, 377, 505, 569, 865,
846: 4, 14, 15, 30, 96, 140, 296, 414, 475, 530, 663,
847: 2, 3, 6, 9, 21, 74, 424, 630, 640, 664, 853, 880,
848: 12, 22, 30, 71, 104, 120, 160, 206, 539, 802,
849: 2, 7, 14, 18, 64, 117, 184, 189, 356, 364, 477, 586, 944,
850: 2, 16, 30, 71, 84, 199, 392, 475,
851: 4, 16, 37, 128, 158, 170, 454, 524, 723,
852: 10, 13, 24, 45, 108, 209, 660,
853: 4, 8, 12, 18, 25, 30, 42, 45, 58, 94, 197, 588, 632,
854: 3, 58, 65, 68, 80, 215, 279, 321, 325, 383, 437, 560, 732, 825,
855: 2, 4, 45, 51, 74, 91, 99, 118, 196, 410, 414, 468, 696, 785, 796,
856: 6, 14, 75, 90, 93, 116, 123, 159, 264, 294, 684, 812,
857: 3, 5, 30, 31, 38, 39, 60, 84, 102, 114, 150, 161, 175, 245, 255, 375, 380, 425, 469, 528, 819,
858: 4, 5, 6, 20, 23, 34, 38, 82, 84, 99, 112, 270, 392, 474, 552, 765,
859: 8, 9, 12, 15, 24, 96, 129, 423, 529, 720, 758,
860: 5, 38, 58, 65, 69, 108, 115, 323, 402, 616, 624,
861: 2, 3, 5, 6, 12, 33, 50, 53, 74, 81, 83, 149, 180, 208, 254, 814, 861,
862: 2, 3, 13, 31, 42, 154, 164, 199, 242, 320, 476,
863: 8, 15, 24, 31, 36, 79, 81, 85, 90, 91, 123, 143, 202, 261, 361, 362, 517, 518,
864: 12, 31, 48, 61, 86, 198, 208, 255, 350, 361, 392, 423, 630, 692,
865: 6, 51, 52, 86, 90, 321, 424, 500, 672, 721, 732, 906, 997, 1014, 1024,
866: 20, 27, 31, 45, 65, 72, 74, 75, 119, 156, 258, 267, 279, 295, 348, 518, 680, 731, 732,
867: 2, 7, 16, 25, 30, 57, 278, 357, 482, 502, 541, 730, 767,
868: 5, 31, 84, 108, 114, 124, 186, 210, 242, 330, 416, 524, 531, 822, 917,
869: 3, 7, 12, 16, 90, 114, 120, 165, 181,
870: 10, 17, 28, 33, 36, 42, 44, 90, 93, 104, 110, 724, 890,
871: 2, 3, 4, 7, 57, 71, 164, 186, 230, 267, 287, 309, 320, 352, 406, 444, 632, 980, 994,
872: 47, 68, 72, 74, 77, 104, 123, 160, 252, 254, 420, 783,
873: 225, 290, 370, 474, 480, 924,
874: 2, 26, 74, 97, 152, 285, 544, 1022,
875: 3, 4, 5, 70, 124, 237, 265, 312, 465, 694, 804, 808, 980, 1016,
876: 6, 16, 40, 48, 75, 492, 539,
877: 2, 10, 28, 38, 45, 77, 84, 210, 290, 362, 372, 383, 442, 850,
878: 3, 12, 30, 94, 157, 410, 444, 716, 726, 836,
879: 5, 6, 16, 47, 54, 62, 82, 128, 175, 187, 193, 219, 248, 376, 385, 518, 660, 717, 958,
880: 2, 8, 34, 57, 64, 104, 144, 216, 237, 277, 357, 447, 615, 645, 773,
881: 12, 57, 95, 168, 212, 230, 378, 398, 489, 790, 925,
882: 3, 7, 12, 18, 60, 217, 360, 572, 664, 984,
883: 4, 21, 36, 38, 43, 45, 48, 90, 94, 130, 131, 184, 186, 258, 264, 316, 450, 475,
884: 76, 118, 130, 180, 290, 863, 912,
885: 7, 9, 36, 38, 56, 120, 140, 195, 214, 500, 668, 748, 890, 920,
886: 4, 5, 15, 19, 34, 250, 386, 921,
887: 19, 46, 50, 84, 85, 96, 130, 159, 186, 198, 223, 231, 296, 339, 368, 576, 846, 881,
888: 37, 60, 68, 190, 252, 318, 444, 510, 721,
889: 2, 3, 5, 40, 74, 108, 180, 186, 360, 380, 484, 494, 576, 912,
890: 40, 42, 357, 494, 644, 1021,
891: 6, 8, 11, 19, 27, 30, 65, 123, 132, 164, 245, 522, 822,
892: 2, 9, 10, 21, 40, 60, 117, 169, 180, 198, 1001,
893: 3, 5, 23, 24, 26, 28, 30, 45, 59, 87, 254, 264, 333, 402, 426,
894: 2, 8, 13, 14, 18, 30, 43, 44, 54, 90, 101, 267, 274, 801,
895: 2, 6, 10, 86, 99, 223, 365, 400,
896: 10, 24, 32, 37, 100, 113, 114, 150, 330, 512, 516, 695,
897: 5, 9, 35, 75, 87, 114, 150, 177, 364, 423, 768, 774, 1007,
898: 6, 18, 60, 91, 146, 170, 266, 384, 544, 578, 770, 818, 870, 954,
899: 3, 7, 10, 22, 26, 28, 62, 86, 175, 297, 446, 479, 702,
900: 3, 6, 15, 24, 32, 33, 126, 214, 328, 494, 500,
901: 2, 7, 8, 24, 84, 91, 134, 198, 283, 371, 492, 500, 535, 610, 800, 804,
902: 8, 37, 110, 171, 180, 192, 206, 300, 936,
903: 4, 17, 21, 25, 31, 35, 51, 67, 93, 108, 528, 803,
904: 3, 8, 9, 30, 32, 51, 106, 142, 176, 230, 268, 438,
905: 8, 9, 32, 69, 161, 273, 277, 285, 625, 730,
906: 2, 3, 4, 15, 24, 34, 180, 212, 223, 295, 564, 649, 840,
907: 3, 80, 94, 204, 218, 291, 360, 372, 391, 429,
908: 5, 14, 24, 47, 56, 86, 120, 243, 420, 492, 507, 621, 724,
909: 27, 35, 50, 51, 77, 95, 135, 197, 202, 234, 416, 609, 745,
910: 25, 26, 68, 106, 276, 328, 444, 523, 538, 585, 590, 960, 1010,
911: 8, 24, 30, 50, 122, 135, 181, 214, 237, 280, 622, 798,
912: 2, 6, 7, 8, 16, 39, 58, 94, 132, 150, 264, 266, 378, 436, 511, 686,
913: 14, 20, 47, 57, 85, 186, 219, 364,
914: 9, 10, 24, 39, 45, 64, 77, 88, 160, 175, 188, 201, 270, 348, 390, 440, 588, 600, 744, 868,
915: 7, 18, 23, 34, 58, 60, 75, 96, 121, 179, 195, 381, 450, 538, 549, 645, 965,
916: 2, 4, 5, 6, 11, 24, 32, 35, 38, 62, 77, 123, 684,
917: 15, 19, 35, 40, 44, 48, 65, 88, 326, 376, 429, 447, 469, 551, 777,
918: 8, 17, 18, 21, 24, 106, 108, 114, 162, 213, 224, 277, 413, 671, 718, 724,
919: 6, 24, 26, 30, 54, 58, 121, 174, 202, 250, 356, 528, 596, 686, 687, 990,
920: 23, 66, 142, 146, 152, 169, 170, 175, 225, 242, 308, 615, 642, 858,
921: 3, 6, 8, 10, 15, 17, 114, 182,
922: 5, 28, 30, 32, 47, 66, 126, 162, 302, 422, 614, 623, 744, 934,
923: 4, 12, 38, 45, 86, 95, 120, 154, 165, 224, 298, 356, 394, 424, 510, 610, 738, 757,
924: 2, 9, 15, 30, 48, 78, 611, 626, 745,
925: 3, 10, 26, 30, 39, 42, 48, 54, 64, 126, 195, 204, 257, 278, 296, 404, 440, 602,
926: 12, 19, 32, 87, 99, 165, 186, 442, 752, 966,
927: 29, 48, 64, 106, 238, 322, 330, 337, 558, 884, 891, 985,
928: 4, 6, 26, 34, 38, 174, 306, 445, 504, 518, 687,
929: 7, 13, 17, 40, 72, 121, 144, 279, 325, 378, 379, 420, 468, 522, 611, 675, 702,
930: 4, 7, 36, 51, 61, 182, 227, 429, 921,
931: 2, 23, 40, 56, 59, 78, 190, 231, 308, 650, 852, 1014,
932: 3, 15, 65, 91, 110, 116, 567, 798, 806,
933: 5, 12, 28, 156, 225, 338, 382, 462, 779,
934: 2, 14, 18, 84, 112, 165, 177, 184, 404, 422, 451, 916,
935: 3, 4, 25, 26, 35, 71, 114, 142, 246, 275, 401, 440, 798,
936: 2, 3, 10, 25, 36, 41, 76, 110, 159, 260, 267, 439, 686,
937: 2, 39, 42, 55, 74, 291, 338, 549, 725, 730,
938: 3, 4, 7, 14, 17, 20, 21, 64, 193, 207, 289, 366, 534, 549, 782, 874,
939: 2, 10, 59, 153, 202, 250, 267, 315, 414, 489, 654, 706, 753, 954, 1022,
940: 2, 48, 68, 87, 149, 182, 210, 291, 398, 769, 806, 858, 900, 918,
941: 3, 16, 26, 46, 53, 107, 123, 339,
942: 10, 24, 56, 59, 69, 77, 134, 261, 330, 344,
943: 7, 57, 60, 78, 160, 518, 685, 732, 810,
944: 5, 46, 68, 251, 415, 474, 595, 879, 919, 1002,
945: 2, 3, 5, 8, 48, 53, 62, 120, 140, 234, 361, 490,
946: 19, 20, 22, 30, 43, 56, 74, 105, 213, 340, 686, 704, 892,
947: 7, 9, 15, 345, 574, 908,
948: 7, 11, 17, 20, 147, 167, 184, 229, 255, 270, 570, 723,
949: 12, 111, 184, 206, 264, 455, 844, 888,
950: 4, 10, 14, 154, 160, 438, 501, 594, 623, 666,
951: 2, 4, 6, 7, 36, 45, 66, 469, 540, 560, 745, 971,
952: 8, 10, 30, 42, 71, 83, 106, 312, 379, 505, 879, 912, 983,
953: 8, 85, 156, 230, 552, 830, 850, 954, 961,
954: 2, 9, 32, 39, 45, 61, 92, 125, 137, 484, 525, 606, 690, 797,
955: 12, 14, 18, 19, 44, 54, 85, 303, 410, 550, 710, 822, 834,
956: 3, 8, 12, 30, 73, 241, 257, 308,
957: 2, 24, 107, 142, 284, 759, 830,
958: 4, 17, 175, 332, 354,
959: 9, 12, 13, 29, 80, 168, 174, 177, 187, 220, 467, 730,
960: 6, 8, 12, 30, 47, 94, 164, 177, 226, 247, 336, 482, 505, 645,
961: 6, 8, 10, 25, 26, 42, 60, 96, 186, 341, 459, 895,
962: 3, 9, 10, 36, 142, 675, 851,
963: 12, 57, 128, 157, 192, 230, 255, 289, 736, 993,
964: 3, 18, 35, 43, 47, 59, 70, 80, 501, 570, 792, 929,
965: 7, 10, 33, 183, 197, 207, 214, 264, 580, 672, 784,
966: 2, 8, 22, 83, 101, 124, 179, 285, 288, 898,
967: 2, 5, 15, 24, 65, 91, 141, 157, 270, 326, 497,
968: 4, 5, 32, 60, 140, 151, 214, 231, 309, 456, 499,
969: 3, 10, 24, 51, 108, 140, 170, 210, 335, 372, 526, 759, 808, 942, 953,
970: 6, 45, 68, 92, 114, 126, 408, 422, 539, 690, 978,
971: 34, 84, 107, 373, 490, 582, 708, 806,
972: 12, 17, 144, 148, 324, 398, 452, 582, 724, 871, 885, 980,
973: 14, 33, 48, 104, 148, 175, 731, 885, 970, 1011,
974: 3, 78, 134, 204, 260, 265, 360, 384, 540, 599, 600, 613, 764, 810,
975: 2, 4, 6, 10, 19, 24, 32, 39, 42, 64, 91, 95, 108, 312, 528, 724, 782,
976: 2, 8, 12, 20, 64, 133, 236, 248, 264, 381, 480, 588, 951, 962,
977: 3, 7, 43, 80, 335, 393, 564, 602, 666, 732, 739, 828,
978: 3, 8, 9, 22, 24, 28, 57, 63, 82, 90, 132, 155, 450, 677, 759, 918,
979: 8, 9, 24, 31, 60, 68, 146, 205, 247, 994,
980: 144, 175, 247, 300, 334, 391, 452,
981: 12, 13, 54, 288, 303, 368, 409, 538, 671,
982: 6, 14, 68, 266, 616, 686,
983: 7, 30, 47, 58, 90, 434, 448, 480, 687, 823, 921,
984: 10, 24, 90, 128, 204, 254, 316, 752, 942, 988,
985: 3, 24, 86, 103, 108, 118, 121, 165, 331, 404, 434, 549, 706, 866,
986: 12, 28, 72, 144, 225, 268, 347, 368, 425, 436, 540, 594, 923,
987: 2, 10, 54, 60, 72, 90, 95, 97, 111, 142, 145, 203, 654, 705, 980,
988: 3, 5, 6, 7, 12, 38, 56, 117, 788, 802,
989: 12, 24, 83, 84, 128, 168,
990: 2, 5, 7, 17, 39, 48, 93, 127, 145, 216, 226, 385, 558, 642, 779, 941,
991: 6, 8, 12, 35, 37, 724,
992: 3, 15, 22, 32, 33, 56, 108, 134, 168, 306, 396, 594, 625,
993: 6, 20, 39, 54, 63, 83, 222, 362, 364, 669,
994: 2, 6, 7, 10, 13, 116, 117, 160, 265, 293, 460, 814, 908,
995: 3, 10, 16, 44, 56, 67, 94, 110, 627,
996: 7, 10, 24, 105, 116, 130, 133, 141, 330, 412, 865, 986,
997: 2, 9, 13, 30, 39, 66, 108, 132, 206, 282,
998: 15, 16, 21, 24, 80, 86, 130, 222, 348, 384, 640, 890, 1017,
999: 2, 5, 8, 14, 15, 24, 47, 76, 150, 441, 533, 703, 872,
1000: 2, 14, 87, 100, 176, 199, 240, 274, 353, 392, 417, 510,
1001: 4, 7, 8, 20, 26, 33, 334, 435,
1002: 2, 6, 7, 10, 12, 18, 109, 134, 195, 295, 414, 548, 990,
1003: 6, 20, 30, 59, 78, 780, 816,
1004: 48, 60, 72, 127, 154, 188, 217, 313, 354, 608,
1005: 4, 10, 16, 356, 421, 579, 799, 887,
1006: 2, 14, 20, 24, 29, 44, 81, 82, 168, 209, 214, 296, 382, 444, 798, 840,
1007: 5, 11, 12, 24, 26, 38, 42, 62, 432, 574, 671, 744,
1008: 3, 6, 19, 56, 93, 126, 191, 240, 341, 374, 522, 582, 775,
1009: 2, 13, 17, 31, 36, 42, 102, 134, 152, 160, 207, 229, 252, 338, 477, 756, 781, 900,
1010: 24, 62, 75, 234, 436, 461, 550, 792,
1011: 4, 19, 21, 30, 38, 90, 124, 140, 222, 307, 332, 484, 667, 732,
1012: 3, 6, 10, 24, 41, 44, 170, 185, 188, 230, 267, 636, 644, 728, 793, 874,
1013: 14, 48, 81, 216, 282, 802, 958,
1014: 2, 12, 50, 63, 258, 486, 747, 789,
1015: 2, 13, 21, 35, 128, 137, 302, 399, 472, 522, 656,
1016: 30, 42, 91, 113, 146, 168, 222, 360, 422, 488, 912,
1017: 6, 9, 12, 14, 40, 51, 58, 79, 88, 106, 134, 300, 301, 521,
1018: 4, 21, 31, 49, 118, 155, 230, 374, 585, 829, 866,
1019: 71, 452, 512, 757, 859,
1020: 2, 19, 21, 28, 62, 93, 120, 201, 310, 311, 777,
1021: 5, 6, 17, 24, 132, 234, 236, 340, 408, 988,
1022: 43, 60, 66, 122, 288, 387, 558, 560, 623, 870,
1023: 5, 6, 26, 33, 34, 93, 172, 184, 187, 204, 305, 390, 510, 698, 795, 806,
1024: 5, 7, 11, 15, 24, 43, 96, 124, 322, 422, 583, 612, 790,
