2: 1, 2, 3, 4, 8, X, 12, 13, 20, 22, 30, 53, 82, 92, X3, X6, E7, 177, 183, 223, 263, 282, 287, 352, 7X3, 858, X53,
4: 1, 2, 3, 6, 9, X, 1X, 26, 36, 49, 73, 126, 143, 146, 3XX, 6XX,
8: 1, 2, 4, 5, 8, 11, 12, 18, 32, 38, 65, 74, X4, 108, 184, 3X5,
X: 1, 2, 3, 6, 8, 16, 30, 82, 96, E2, E6, 158, 190, 370, 812,
12: 1, 2, 3, 5, 6, 9, X, 21, 82, X2, 109, 13X, 196, 367, 399, E9E,
14: 1, 3, 4, 7, 8, 9, 10, 11, 13, 23, 27, 41, 49, 50, 63, E7, 103, 1E7, 233, 348, 424, 4X4, 589, 638, 737, 748, 853,
18: 1, 2, 3, 4, 5, 7, 8, X, E, 12, 38, 47, 58, 5E, 68, X3, 112, 159, 164, 1X8, 478, 505, 619, 7X4, E79,
1X: 2, 4, 6, 12, 20, 2E, 67, 12X, 136, 172, 234, 352, 474, 59E, 77E, E7X,
22: 1, 3, 4, 5, 7, 9, E, 14, 20, 24, 41, 45, 53, 74, E5, 134, 161, 20E, 210, 510, 57E, 6E3, 877, 920, 985, E70,
24: 1, 2, 4, 5, 6, X, 12, 14, 21, 42, 46, 56, 64, 91, X4, X9, 10X, 149, 156, 169, 230, 5X4, X04,
28: 2, 3, 4, 6, 1E, 20, 32, 118, 124, 128, 153, 160, 18E, 1X8, 2E4, 788, 91X,
2X: 1, 2, 3, 5, 7, 9, X, 15, 23, 2X, 43, 49, 51, 75, 82, 123, 397, 3E5, 541, 60X, 781,
32: 1, 2, 5, 8, 51, 72, X5, 165, 392,
34: 1, 3, 5, 6, 10, 1X, 23, 30, 85, 90, 153, 205, 3E1, 463, 804,
38: 1, 2, 3, 6, 9, X, 13, 42, 49, 66, 76, 7X9, X3X,
3X: 3, 4, 8, 18, 39, 64, 95, 98, 138, 228, 715,
42: 1, 2, 4, 5, 7, 15, 18, 30, 31, 44, 7E, 97, X1, 124, 174, 184, 207, 275, 395, 5E8, 664, 870,
44: 2, 3, 7, 37, 3E, 46, 47, 143, 167, 33E, 416, 7E3, 91E, E56,
48: 1, 3, 4, 7, 9, 10, 13, 17, 19, 27, 40, 87, X0, E4, 103, 134, 149, 2E0, 5X3, 603, 729,
4X: 1, 2, 4, 6, 8, X, 14, 22, 2X, 50, 7X, 18X, 219, 244, 302, 4X1, 568, 56X, 598, 60X, 680, 749, E4X,
52: 2, 3, E, 1E, 23, 48, 73, 69E,
54: 1, 2, 5, 7, X, E, 11, 15, 2E, 37, 45, 47, 4E, 55, 65, X5, 151, 177, 18X, 2E5, 445, 50X, 937, E8E,
58: 1, 4, 5, 6, 9, 14, 20, 26, 2X, 3X, 41, 69, 90, 144, 271, 309, 4XX, 789, 825,
5X: 1, 2, 3, 4, 5, 9, X, E, 12, 16, 18, 24, 28, 29, 35, 62, 7E, 110, 136, 13E, 166, 280, 2X2, 38X, 396, 527, 625, 693, 836, 8E5, X5E,
62: 2, 3, 5, X, 12, 13, 23, 12E, 139, 302, 43E, 763,
64: 1, 3, 4, 8, 9, E, 35, 59, X1, 108, 29E, 339, 514, 608, 654,
68: 1, 2, 3, 6, 7, 9, 10, 11, 27, 29, 42, 51, 62, 75, 100, 123, 191, 1E6, 226, 286, 293, 300, 343, 383, 448, 479, 482, 501, 502, 576, 660, 912,
6X: 3, 4, 6, 7, 1X, 24, 33, 97, 100, 277, 287, 5E6,
72: 1, 3, 4, 7, 13, 19, 30, 40, 64, 204, 228, 257, 293, 477, 4X7, 714,
74: 2, 5, 15, 28, 56, 100, EE8,
78: 2, 4, 6, 8, X, E, 12, 1X, 24, 2X, 30, 37, 54, 9E, 1X0, 200, 244, 29X, 306, 33X, 350, 3E8, 634, 6E7, 734, 880,
7X: 1, 2, 5, 6, 7, 9, 21, 26, 2E, 31, 47, 182, 18E, 277, 2E7, 5X7, 725, 81E, X26,
82: 1, 2, 4, 6, 8, 11, 12, 19, 29, 44, 45, 46, 61, 126, 12X, 240, 291, 322, 339,
84: 1, 2, 3, 4, 6, 7, 8, X, 16, 20, 22, 46, 53, 76, 77, 81, 110, 124, 172, 19X, 248, 29X, 303, 3X4, 446, 458, 477, 696, 822, 831, E51,
88: 1, 2, 3, 5, 17, 21, 39, 51, 59, 119, 157, 1XE, 449, 709, 823, 877, 95E, X09,
8X: 1, 5, 7, 10, 15, 1E, 27, 90, 164, 191, 1E4, 1EE, 645, 820,
92: 1, 3, 4, 5, 6, 7, 9, X, E, 10, 11, 14, 1E, 23, 24, 33, 41, 45, 5X, 67, 80, X0, 133, 141, 151, 159, 181, 1X3, 244, 713, X03, X51,
94: 3, 4, 8, 24, 27, 3X, 40, 42, 43, 7X, E2, 114, 46X, 476, 91E,
98: 4, 5, 35, 88, X5, E8, 668, 73E, 845,
9X: 2, 4, 8, 9, X, 34, 99, 124, 169, 179, 1E4, 269, 385, 3XX,
X2: 2, 3, 7, E, 17, 18, 22, 23, 27, 52, 93, X3, 19E, 363, 427, 57E,
X4: 1, 3, 5, 6, 7, 13, 2X, 35, 47, 49, 53, 61, 69, 6X, 85, 595, 5E3, 767,
X8: 1, 2, 6, 8, 10, 11, 16, 21, 28, 30, 50, 66, 74, 296, 409, 742,
XX: 2, 3, 4, 5, 6, 8, 9, 10, 12, 22, 23, 24, 25, 29, 59, 5E, 62, 63, 85, E4, 10E, 218, 252, 270, 395, 420, 43X, 6E0, 710, E36, EX9,
E2: 1, 6, X, 2X, 4E1,
E4: 1, 3, 5, 9, E, 11, 17, 28, 39, 50, 53, 75, 78, 80, X0, 110, 149, 201, 237, 260, 357, 513, 720, X27,
E8: 2, 3, 5, 8, 10, 12, 15, 16, 23, 28, 2E, 33, 42, 45, 50, 52, 60, 66, 212, 236, 2E2, 4X9, 54E, 633, 890, 8E3,
EX: 2, 4, 8, 27, 6X, 262, 978, E18,
102: 1, 3, 4, 5, 7, 14, 1E, 24, 29, 34, 45, 54, E3, E9, 11E, 2X9, 405, 409, 571, X31, X51,
104: 1, 2, 4, 6, 8, X, 10, 11, 15, 22, 26, 3X, 40, 52, 55, 62, 78, 84, XX, 138, 165, 192, 2E5, 380,
108: 3, 4, 6, 7, 13, 16, 17, 1E, 23, 37, 97, 1E7, 297, 523, 53X,
10X: 1, 2, 3, 5, 6, 7, E, 11, 19, 1E, 2E, 39, 71, 83, 8E, 102, 152, 19E, 24E, 333, 702, 985, E89,
112: 2, 4, 5, 6, 8, 9, X, 1X, 4X, 59, 7X, 85, 89, E5, 122, 180, 188, 260, 262, 278, 294, 346, 406, 429, 520, 908, E59,
114: 1, 4, 7, 9, X, 59, EX, 113, 123, 363, 394,
118: 1, 2, 3, 7, X6, 103, 107, X9E,
11X: 3, 5, 15, 19, 80, 159, 235, 359, 545, 765,
122: 1, 2, 3, 4, 7, 9, X, 10, 18, 19, 20, 24, 31, 32, 37, 86, 8X, 11X, 1X7, 201, 214, 2X0, 314, 464, 4E2, 6X8, 756, 837,
124: 2, 3, 8, X, E, 10, 1E, 24, 28, 2E, 48, 68, 93, 120, 28E, 616,
128: 1, 4, 5, 8, E, 15, 24, 121, 124, 175, 204, 270, 321,
12X: 1, 5, 6, 9, 12, 32, 38, 178, 4E6, 719, X62,
132: 2, 4, 6, 10, 12, 1X, 5E, 94, E2, 136, 13E, 178, 1E8, 37X, 490, E50,
134: 2, 3, 7, 9, X, 17, 23, 83, 113, 30X, 3X2, 3E3, 697, 81X,
138: 1, 2, 4, 5, 12, 14, 15, 2X, 32, 35, 42, 44, 69, 79, 119, 155, 198, 199, 1X5, 231, 439, 475, 52X, 5X1, 635, 98X,
13X: 1, 2, 4, 5, 6, 7, X, E, 10, 14, 16, 17, 20, 38, 40, 51, 5E, 68, X8, 111, 114, 140, 164, 190, 45E, 526, 592, X67,
142: 1, 7, X, 11, 21, 107, 2EX, 2EE, 387, 6E7, 887,
144: 1, 3, 4, 5, 7, 10, 13, 18, 1E, 31, 33, 41, 59, 64, 68, 79, 99, E1, 111, 123, 179, 1E3, 213, 358, 473, 688, 758, 908, X40, E98,
148: 3, 4, 5, 6, 8, E, 12, 13, 16, 20, 2E, 45, 46, 5E, 85, E6, 144, 19E, 20X, 24X, 260, 276, 28E, 322, 37X, 412, 415, 508, 57E, 5E4, 625, 986, 99E,
14X: 2, 3, 4, 7, 8, 14, 17, 1X, 1E, 23, 42, 44, 5E, 7E, 82, 197, 22E, 297, 304, 6E3, 92X,
152: 3, 5, 7, 9, 11, 15, 60, 63, 71, 159, 16E, 221, 437, E03,
154: 1, 6, 9, 15, 54, 74, 150,
158: 3, 4, 6, 7, 13, 17, 23, 47, 73, 104, 214, 21X, 233, 2E3, 300, 4X7, 606, X60, E8X, EE3,
15X: 2, 3, 5, X, 13, 79, 1XE, 715, 79E,
162: 2, 5, 6, 8, 12, E8, 2X6, 838,
164: 1, 2, 5, 8, 17, 18, 35, 58, 111, 117, 141, 208, 6XE, XE2,
168: 1, 2, 3, 5, 6, 7, X, 13, 16, 69, 12E, 196, 2E2, 337, 381, X73,
16X: 1, 4, 10, 20, 31, 33, 49, 69, E4, 108, 231, 5X0, 728, 841, E99,
172: 1, 2, 3, 4, 7, 8, 9, 11, 31, 33, 49, 51, 57, 58, 73, 95, E4, 108, 117, 145, 4X7, 618, 841,
174: 2, 4, 8, X, E, 10, 14, 16, 1X, 26, 34, 38, 78, 88, 8X, 94, 190, 230, 237, 23X, 260, 286, 3E2, 528, 630, 928,
178: 1, 3, 4, 5, 7, 9, E, 11, 14, 15, 20, 2E, 47, 69, 6E, 77, 85, 89, X4, 103, 123, 167, 209, 279, 304, 393, 49E,
17X: 1, 6, 14, 26, 36, 49, E4, 524, 590,
182: 2, 3, 6, 8, 13, 14, 16, 23, 2X, 62, 6X, 6E, 8E, X4, EX, 102, 2X8, 386, 59X, 702, 854,
184: 3, 5, 9, 13, 55, 93, 105, 125, 192, 26E, 483, E42, E65,
188: 1, 2, 5, 6, 10, 56, 76, 126, 158, 178, 182, 238, 280, 2E1, 458, 512, 608, 642, 932, 941, 9X9, X91,
18X: 3, 4, 7, 11, 13, 1X, 26, 34, 3E, 4X, 6E, 74, 130, 14E, 161, 209, 28E, 425, 8E3, E4E,
192: 1, 2, 3, 6, 7, 9, 12, 17, 19, 32, 37, 47, 71, 86, 9X, X7, 117, 12X, 151, 156, 16X, 176, 323, 499, 686, 967, E53,
194: 3, 4, 5, 15, 19, 33, 38, 45, 50, 54, 15E, 184, 278, 2X5, 305, 358, 400, 429, 510, 538, 815,
198: 1, 2, 5, 7, 10, 14, 18, 1X, 1E, 26, 4X, 5E, 11X, 178, 186, 220, 388, 396, 612, 685, 7X4, 804,
19X: 2, 6, 8, E, 13, 1E, 27, 33, 48, 50, 80, 106, 116, 11E, 237, 24E, 277, 2X8, 698,
1X2: 1, 3, 4, 5, 8, 9, 18, 1E, 2E, 30, 33, 84, 22E, 239, 251, 979, 981, X01,
1X4: 1, 2, 4, 6, 8, 16, 21, 32, 40, X2, X6, 11X, 148, 149, 151, 394, XE9,
1X8: 2, 4, 7, 8, 1X, 34, 67, 7X, 3XE,
1XX: 1, 2, E, 11, 45, 67, E5, 111, 121, 261, 302, 33E, 38X, 471, 561,
1E2: 1, 4, 5, 9, 15, 19, 1X, 31, 59, 149, 17X, 3EX, 444, 729, 9E1,
1E4: 1, 3, 5, 6, 7, 8, 9, E, 14, 17, 27, 29, 32, 46, 51, 5X, 73, 77, 84, 86, X8, E4, EE, 107, 109, 14E, 197, 226, 251, 413, 441,
1E8: 2, 3, 6, X, E, 13, 1E, 26, 36, 3E, 56, 102, 142, 14E, 253, 366, 702, 7E9, 96E, X0E, E33,
1EX: 3, 4, 7, E, 13, 19, 2E, 35, 45, 47, 63, 73, 7E, 91, 127, 1E8, 24E, 27E, 451, 465, 849,
202: 1, 3, 6, 7, 9, 10, 16, 17, 29, 30, 153, 173, 301, 770, 790, E61,
204: 4, 6, X, 14, 23, 2X, 3E, 76, 86, 8E, X6, 964,
208: 8, 9, 29, 59,
20X: 2, 4, 5, 18, 2X, 34, 48, 85, 224, 302, 3EX,
212: 2, 4, 6, 8, X, 1X, 66, 6X, 92, 94, X2, 232, 242, 28E, 332, 398, 40X, 562, 644, 882, 8EX,
214: 1, 2, 3, 5, 6, 13, 23, 82, 8E, 102, 111, 115, 167, 329, 499, 872,
218: 1, 2, 4, 8, 9, X, 11, 16, 18, 31, 34, 36, 6X, 78, 79, 7X, 140, 270, 6X6, 70X, E88,
21X: 1, 3, 6, 8, 9, X, 11, 12, 20, 21, 27, 29, 51, 59, 68, 80, 83, 8X, XX, 113, 1X2, 37X, 806, E72,
222: 1, 5, 9, 12, 17, 35, 41, X1, E2, 101, 245, 281, 30X, 329, 44X, 45X, 471, 5X1, E2E,
224: 4, 7, 11, 40, 57, 70, 201, 360,
228: 3, 4, 5, 6, X, E, 11, 13, 19, 1X, 27, 30, 39, 4X, 71, 86, 110, 114, 123, 185, 264, 371, 416, 42X, 536, E09,
22X: 2, 3, 6, 8, 12, 50, 66, 6E, 193, 20E, 242, 5E2, 693,
232: 3, 5, E, 14, 44, 45, 53, 65, 99, 13E, 31E, 340, 5X5, 790,
234: 1, 2, 4, 5, 9, X, 15, 162, 1E8, 218,
238: 3, 6, 17, 42, 4E, 72, 117, 156, 18E, 333, 4E8, X80,
23X: 1, 5, 6, 7, E, 11, 15, 16, 17, 25, 2E, 31, 43, 47, 55, 61, 76, X6, 129, 22E, 487, 795,
242: 2, 4, 8, 9, X, 11, 20, 49, 50, X4, 108, 111, 164, 311, 350, 3E6, 404, 850, 881,
244: 2, 3, 4, 6, 9, E, 19, 22, 3X, 4X, 52, 56, 72, X4, 102, 124, 19E, 436, 45E, 70X, 823, 930, 98E,
248: 1, 2, 5, 7, X, 17, 25, 26, 37, 51, 55, 57, 5E, 72, 81, 12E, 152, 161, 185, 1X6, 212, 23E, 241, 402, 415, 501, 7X1,
24X: 1, 3, 8, 9, E, 11, 13, 17, 21, 23, 53, 69, 1E7, 1EE, 269, 2X3, 359, 501, 817, X23, E15,
252: 1, 2, 4, 5, 8, X, 17, 1X, 21, 32, 44, 62, 15X, 241, 284, 335, 39E, 5EE, 60X, 647, 655, 678, 704,
254: 3, 4, 7, 10, 12, 13, 23, 3X, 43, 72, 77, 96, X2, 126, 137, 20X, 288, 388, 40X, 430, 923,
258: 1, 3, 5, 7, 8, 21, 24, 25, 29, 38, 39, 44, 45, 48, 63, 6E, 93, 148, 173, 185, 1E5, 265, 398, 4E3, 535, 727, 733,
25X: 2, 4, 5, 6, X, 10, 12, 25, 2X, 30, 51, 56, 151, 18X, 190, 192,
262: 3, 4, 6, 7, 1X, 1E, 20, 2X, 43, 6X, 104, 11X, 1X0, 1XX, 216, 217, 250, 386, 48X, 573, 966, XEE,
264: 1, 2, 5, 6, 7, 9, E, 16, 1E, 25, 29, 55, 63, 8X, 8E, 137, 199, 1X9, 236, 319, 6X5,
268: 4, 6, 9, X, 19, 1X, 2X, 3X, 49, 56, 6X, 136, 144, 350, 369, 526,
26X: 1, 2, 3, 5, 7, X, 11, 14, 15, 1X, 1E, 23, 82, X5, 283, 2E1, 32X, 334, 367, 469, 629, 6E2, 713, X28,
272: 2, 3, 5, 6, 12, 13, 16, 19, 26, 43, 102, 146, 1X3, 1XE, 279, 372, 38E, 3X2, 3XE, 445, 763, 859,
274: 1, 4, 5, 14, 27, 34, 84, XE, 114, 12E, 167, 2E4, 577, 5X1, 5EE,
278: 1, 2, 4, 6, 9, 10, 12, 18, 22, 2X, 39, 3X, 42, 52, 6X, 70, 168, 206, 3X4, 412, 542, 556, X72,
27X: 3, 4, 10, 1E, 63, 73, E0, 108, 146, 162, 180, 372, 393, 688, 6E2, 8X2, X26, X52,
282: 1, 4, 8, E, 10, 11, 21, 24, 58, X1, 117, 150, 334, 444, 628, EX0,
284: 2, 5, 6, 8, 9, 25, 42, 61, 65, 560,
288: 2, 3, 7, X, E, 10, 13, 14, 16, 1X, 22, X3, X8, 21X, 223, 24E, 26E, 2X2, 36E, 476, 526, 5XX, 826,
28X: 1, 3, 6, X, 13, 16, 19, 23, 1E6, 29X, 473, 607, 729,
292: 1, 4, 5, 8, X, 11, 19, 22, 4X, 72, 152, 361, 558, 799, 931,
294: 2, 5, 6, 8, 10, 12, 15, 25, 40, 50, 92, X8, 108, 166, 228, 386,
298: 3, 5, 7, X, 1E, 25, 2E, 59, 65, 76, 166, 635, 79E, 8EX, X97,
29X: 1, 3, 4, 7, 8, 9, E, 10, 11, 17, 1E, 23, 51, 58, 65, 115, 137, 150, 187, 225, 321, 341, 3X1, 408, 77E, X20,
2X2: 2, 4, 5, 8, 13, 1E, 48, X2, XE, EE, 126, 145, 1EX, 295, 425, 589, 6X4, 759, 820, 874, 928,
2X4: 2, 3, 24, 3X, 48, 11X, 13X, 233, 294, 2E8, 802, 857,
2X8: 1, 3, 5, 8, 10, 19, 23, 2E, 110, 165, 191, 230, 288, 28E, 291, 38E, 3X3, 557, 778, 860, X00,
2XX: 1, 4, 5, 9, X, 14, 46, 69, 75, 101, 209, 2EX, 356, 551, 555, 91X, X75,
2E2: 2, 3, 4, 6, 7, 8, X, 10, 12, 23, 24, 30, 34, 40, 54, 70, E3, 124, 14X, 162, 1E7, 1EX, 797, X02,
2E4: 2, 6, 9, X, 22, 26, 2X, 36, 3E, 46, 59, 102, 105, 14X, 676, 76X, 829,
2E8: 1, 4, 14, 24, 2X, 74, E4, 20X, 3XX, 711, 87X,
2EX: 1, 2, 3, 5, 7, 8, 9, 10, 12, 13, 15, 17, 1E, 27, 45, 95, 118, 309, 329, 355, 475, 597, 677, 927, X27,
302: 2, 3, 5, 6, 7, 9, 16, 1X, 21, 25, 27, 33, 3X, 3E, 59, 6E, 71, 83, X5, 125, 166, 179, 193, 1X5, 303, 387, 511, X33,
304: 1, 3, 8, 10, 14, 48, 1E7, 237, 261, 324, 368, 377, 483, 970,
308: 1, 2, 3, 4, 5, 8, 9, 11, 14, 15, 17, 28, 53, 71, E7, 139, 143, 203, 415, 472, 64E, 83E, 844, 872, 998, E77,
30X: 4, 6, E, 12, 2E, 97, 130, 232, 284, 2XE, 2E0, 314, 71E,
312: 1, 7, 9, 13, 19, 20, 34, 69, 77, 93, 94, 151, 157, 173, 187, 1X0, X94,
314: 2, 5, X, 11, 1X, 45, 6X, 76, 139, 210, 284, 3XX, 458, 685, 700, 784, X0X,
318: 2, 3, 6, 8, 16, 20, 32, 33, 48, 380, 713, 746, 933,
31X: 1, 2, E, 22, 3E, 57, X7, 10E, 15X, 227, 40X,
322: 1, 2, 5, 6, 8, 15, 18, 42, 56, 60, 66, 79, 90, E0, 188,
324: 1, 3, 4, 7, 9, X, 10, 11, 13, 15, 16, 19, 27, 30, 33, 36, 39, 53, 55, 6E, 79, 83, 89, 91, 15E, 161, 16E, 1E0, 210, 231, 430, 804, 82E, 921, E53, E90,
328: 1, 3, 6, 9, X, 12, 22, 66, 8X, 97, 119, 201, 329, 533, 633, 697, 902, 903,
32X: 4, 5, 8, 9, 23, 30, 44, 45, 140, 154, 264, 2EE, 300, 805, 940, X74,
332: 2, 7, 10, 11, 12, 16, 20, 21, 25, 4E, X8, E18,
334: 3, 6, 7, 23, 67, 96, X3, 603, E60,
338: 1, 3, 4, 5, 7, E, 14, 30, 31, 3E, 5E, 60, 77, 140, 141, 170, 245, 380, 3E1, 408, 4X5, 67E, 7E7, 840, 9X4, 9E1,
33X: 2, 8, 9, 10, 12, 18, 19, 52, 60, 179, 2X9, 329, 489, 769,
342: 2, 3, 4, 8, 12, 32, 52, 64, 6E, 77, 98, X4, 532, 657, X82,
344: 1, 5, 6, 7, 11, 1X, 1E, 32, 35, 37, 47, 95, E2, 106, 127, 14X, 15E, 17X, 211, 35X, 3X1, 5EE, 912, X4X,
348: 1, 4, 6, 14, 20, 24, 25, 30, 35, 39, 40, 44, 91, 96, 130, 209, 255, 386, 51X, 564,
34X: 2, 4, 5, 7, 9, X, 13, 19, 1X, 23, 30, 36, 38, 39, 5X, 70, 77, 102, 1XX, 235, 248, 264, 354, 3XX, 482, 4E6, 607, 608, 653, 682, 883,
352: 2, 3, 6, 9, 19, 25, 35, 52, 56, 59, 7X, 95, 18E, 232, 255, 399, 743, E66,
354: 1, 3, 4, 5, 7, 8, 11, 23, 59, 85, 107, 1E7, 4X5, 501, 528, 923, X87, E71,
358: 1, 2, 5, 6, 7, 9, E, 12, 13, 18, 21, 25, 32, 33, 3E, 77, 88, 240, 363, 488, 509, 527, 913, X02,
35X: 6, 7, 1E, 37, 3X, 44, 7E, 13E, 153, 1XE, 213, 24E, 25X, 346, 64E, 843,
362: 1, 4, 7, 27, 47, 54, 94, 267, 4X7, 788, X51,
364: 5, 6, 8, X, 19, 50, 90, 144, 198, 255, 532, 58X, X79,
368: 2, 4, 7, X, 18, 4E, 57, 7X, 262, 408, 4XX,
36X: 2, 3, 5, 11, 13, 15, 25, 33, 101, 113, 193, 233, 75E, E25,
372: 1, 4, 5, 8, 9, X, 12, 14, 19, 1X, 20, 24, 30, 46, 48, 55, 105, 259, 261, 2E1, 309, 364, 484, 522, 630, 854, E78, E91,
374: 1, 3, 4, 6, 7, 12, 17, 33, 50, 53, X4, X6, E4, 130, 19X, 1X1, 1E6, 304, 316, 320, 327, 407, 540, 556, 5X6, 60X, 64X, 714, E41,
378: 7, 23, 3X, 57, 111, 897,
37X: 4, 5, 7, 11, 15, 17, 25, 58, 8E, 265, 297, 3E5, X25,
382: 3, 5, 6, E, 16, 20, 26, 30, 43, 46, 236, 306, 670, 680,
384: 2, 4, 7, X, E, 12, 18, 42, 58, 5E, 64, 6X, X4, 157, 172, 347, 37X, 784,
388: 3, 4, 9, 10, 13, 28, 53, 55, E3, 124, 189, 234, 288, 2X9, 454, 830,
38X: 1, 2, 4, 11, 25, 3X, 62, 85, 105, 132, 161, 1E8, 512, 818,
392: 3, 7, 8, 10, 1E, 20, 22, 42, 43, 4E, 8E, 98, X3, E7, 138, 163, 1X3, 367, 587, 810, 87E, E13,
394: 1, 3, 5, 7, E, 11, 17, 21, 27, 2E, 31, 45, 8E, 93, 12X, 131, 563, 63X, 847,
398: 2, 6, 8, 9, 10, 11, 14, 24, 6X, 179, 306,
39X: 3, 4, 6, 9, 14, 20, 44, 74, 126, 21X, 269, 323, 366, 496, 50X, X99,
3X2: 1, 2, 5, 6, 7, 12, 1E, 2E, 35, 36, 41, 172, 301, 425, 575, 745, 7E1, 865,
3X4: 10, 13, 15, 28, 60, X5, 115, 16E, 2X9, 455,
3X8: 1, 2, 3, 4, 6, 8, 10, 11, 20, 22, 23, 32, 44, 48, 66, 81, 90, E2, EX, 109, 112, 171, 190, 212, 456, 623, 634,
3XX: 2, 4, 6, 7, X, 12, 13, 16, 28, 2X, 42, 76, E8, 132, 256, 266, 2X8, 2E2, 412, 472, 607,
3E2: 1, 3, 4, 5, 7, 8, 9, 13, 17, 18, 1E, 27, 29, 47, 4E, 8E, 95, X1, E3, 144, 197, 1E3, 415, 498, 4E4, 781, 7X1, 893, 949,
3E4: 1, 2, 5, 6, 8, X, 10, 18, 24, 26, 31, 34, 36, 6X, 84, 94, 104, 114, 132, 145, 148, 158, 200, 261, 38X, 558, 615, 728, 9X0, X58, E30,
3E8: 3, 4, 6, X, 23, 26, 30, 6X, 73, 7X, 80, 103, 120, 243, 4X0, 550, E5E,
3EX: 1, 3, 6, 11, 17, 21, 76, 91, X6, 143, 172, 196, 556, 5EE, 652, 88E,
402: 2, 4, 5, 6, 9, X, 18, 19, 25, 2X, 5X, 65, 105, 1X2,
404: 3, 4, 5, 7, X, 11, 1E, 2X, 2E, 57, 141, 145, 16E, 17E, 291, 307, 41E, 424,
408: 1, 2, 5, 12, 8E, X2, 321, 33E, 57E, 70E,
40X: 3, 5, 9, 10, 11, 14, 1E, 24, 2E, 33, 63, 75, 97, 110, 143, 19E, 350, 405, 47E, 621, 6X1, 6EE,
412: 1, 2, 3, 6, 7, 8, 16, 1X, 21, 26, 42, 43, 94, 97, X2, 1X7, 260, 290, 518, 544, 55X, 75X,
414: 2, 3, 4, 6, E, 10, 1E, 20, 34, 48, 58, 73, 92, 100, 102, 182, 196, 234, E28,
418: 1, 4, 5, E, 30, 38, 41, 10E, 455, 524, 568, X68,
41X: 1, 2, 6, 8, 11, 12, 18, 19, 20, 32, 45, 69, 96, X8, 100, 201, 528, X60,
422: 4, 7, X, 16, 23, 24, 37, 76, 100, 14X, 226, 2X6, 3X3, 7EX,
424: 1, 2, 3, 7, 9, 11, 16, 1X, 2X, 57, 73, 87, EX, 102, 121, 15X, 261, 269, 343, 711, 952,
428: 2, 12, 15, 25, 49, 108, 115, 175, 2E9, 409, 798,
42X: 1, 2, 4, 5, 7, X, 11, 17, 18, 1X, 21, 28, 32, 35, 4X, 5E, 68, 85, XX, E5, 105, 108, 141, 19E, 208, 227, 318, 401, 497, 511, 658, 787,
432: 1, 3, 5, 7, 9, X, E, 11, 13, 17, 25, 37, 41, 51, 91, E9, 2X1, 2XE, 327, 4X7, 573, 953, 9X7, X6E, E9E, EXE,
434: 1, 3, 5, 7, 8, E, 17, 21, 25, 28, 41, 73, 79, 105, 111, 169, 177, 279, 283, 291, 329, 408, 428, 791, 815, E67,
438: 3, 4, 5, X, 10, 12, 13, 1E, 28, 30, 40, 46, 68, 69, 72, 76, 86, 138, 145, 149, 346, 46E, 800, 969, E08, E95,
43X: 2, X, 17, 18, 22, 27, 44, 102, 2X4, 433, 62E,
442: 3, 8, 23, 40, E5, 183, 203, 271, 285, 365, 553,
444: 1, 4, 10, 11, 1X, 31, 59, 66, 6X, X1, X9, 196, 1X9, 2E1, 3E4, 5X9, 626, 821,
448: 2, 3, 6, 7, 8, 14, 18, 30, 37, 43, 90, E6, 117, 1E2, 478, 5E2, 774,
44X: 2, 3, 5, 16, 2E, 32, 45, 66, 8E, EE, 103, 153, 1XE, 356, 412,
452: 1, 2, 4, 5, 6, 11, 15, 1X, 28, 34, 52, 60, 92, 158, 195, 212, 240, 282, 381, 3X1, 750, 7E4, 831,
454: 1, 5, 9, E, 29, 47, 69, 71, E7, 333, 388, 403, 785, 81E, 883, 890,
458: 1, 2, 5, 6, 9, X, E, 17, 22, 27, 3E, 49, 4E, 57, 101, 10X, 113, 157, 16X, 253, 316, 353, 406, 427, 447, 462, 562, X22,
45X: 3, 4, 7, 8, 28, 39, 91, 100, 134, 254, 401,
462: 1, 2, 3, 7, 8, 9, X, E, 13, 15, 17, 2X, 31, 33, 37, 64, 67, 138, 251, 26X, 274, 2X1, 393, 431, 4X9, 643, 69E, 6EX, 859, 967, X3E,
464: 2, 4, 6, 8, 10, 24, 3E, 84, 156, 167, 39X, 457, 498, 500, 594, X2X,
468: 1, 3, 7, 13, 19, 71, E5, 127, 231, 2X7, 393, 407, 614, 803,
46X: 1, 4, 8, 9, X, 10, 14, 22, 34, 38, 90, X5, 130, 495, 510, 548, 56X, 589, 7E4,
472: 4, 12, 18, 1E, 2X, 38, 64, 118, 25X, 838, 878,
474: 2, 3, 5, 7, 9, E, 11, 15, 17, 1X, 21, 32, 33, 3E, 52, 67, 85, 103, 197, 1X7, 23E, 307, 48X, 515, 5E2, 601,
478: 2, 5, 8, 15, 16, 40, 42, 58, 1E2, 209, 210, 2X0, 682, 759, 800, E09,
47X: 1, 4, 6, 7, 9, 19, 1X, 1E, 29, 75, 129, 13E, 159, 190, 196, 19X, 1X0, 225, 255, 29X, 309, 3X9, 44X, 469, 720, 776, X04,
482: 1, 2, 3, 7, 9, X, 12, 21, 23, 26, 41, 62, 92, 107, 307, 717, 901, 9E3, X47, XX3,
484: 4, 5, 8, 9, E, 13, 18, 1E, 20, 25, 29, 44, 45, 65, 7E, 80, 85, 105, 128, 373, 439, 485, 4X0, 853, E40,
488: 1, 4, 6, X, 11, 14, 17, 24, 4X, 67, 76, 91, E1, EX, 107, 201, 214, 261, 276, 526, 58X,
48X: 2, 3, 8, 12, 17, 18, 26, 56, 138, 212, 258, 282, 392, 917,
492: 5, 8, 9, 15, 20, 60, 63, 80, 83, E5, 13E, 309, 3E8, 513, 7XE, 928,
494: 1, 4, 18, 1X, 31, 64, 92, E2, 472, 57X, 724, 77X, E98,
498: 2, 3, 4, 7, 8, E, 17, 3E, 4X, 82, E2, 117, 137, 184, 1E3, 242, 247, 5XE, 784,
49X: 5, 6, X, E, 17, 22, 36, 46, 52, 76, 8E, 10E, 136, 13X, 167, 196, 352,
4X2: 1, 5, 6, X, 25, 76, 99, 116, 281, 2X6, 316, 505, 555, 631, 735, 780, 955, X81,
4X4: 2, 3, 6, 7, 10, 13, 15, 16, 1X, 22, 28, 48, 52, 55, 81, 103, 10E, 110, 1X6, 1XE, 213, 215, 226, 267, 332,
4X8: 5, 6, X, 12, 16, 1X, 2X, 42, 4X, 62, 66, 82, 89, 93, E5, E9, 112, 136, 32X, 545, 833, E7X,
4XX: 1, 3, 4, 9, 13, 17, 39, 47, 77, 83, 139, 183, 271, 273, 317, 694, 739,
4E2: 2, 5, 6, 7, 9, 15, 17, 2E, 42, 55, 83, 155, 193, 212, 262, 26E,
4E4: 3, 10, 13, 1E, 23, 64E,
4E8: 1, 3, 4, 7, 9, 13, 17, 18, 24, 48, 53, 74, 83, 88, 143, 231, 270, 280, 3E0, 413, 4E1,
4EX: 2, 6, 10, 14, 1X, 24, 29, 2X, 5X, 65, 86, 89, 92, 99, 114, 136, 156, 1XX, 519, 752, 8X8,
502: 6, 7, 8, X, 10, 1X, 27, 28, 2E, 58, 5X, 6E, X6, EE, 11X, 157, 317, 80E, 868, X2E, E1X, EX7,
504: 1, 2, 3, 5, 6, 9, 11, 15, 97, X6, 155, 156, 157, 271,
508: 4, 5, 9, 11, 12, 35, 59, 130, 131, 142, 146, 192, 3E4, 49X, 57X, 784, E06,
50X: 1, 2, 3, 4, 6, 7, X, 11, 12, 13, 16, 18, 23, 24, 27, 29, 5X, 61, 123, 330, 638, 643, 782, E27,
512: 2, 3, 5, 11, 13, 15, 29, 2X, 32, 83, 91, 9E, 113, 119, 145, 1E1, 201, 242, 38E, 4XE, 65X, 752, 827, X32,
514: 1, 8, E, 14, 15, 27, 35, 40, 110, 6X7, 768, X5E,
518: 1, 4, 5, 7, E, 11, 14, 15, 31, 57, 5E, 67, 75, 7E, X1, 184, 2XX, 31E, 587, 66X, 72E, 765,
51X: 2, 3, 4, 6, X, E, 10, 16, 18, 1E, 32, 34, 47, 4X, 5X, 86, 94, X4, 104, 347, 3EX, 402, 456, 49X, 4E0, 588, 632, 642, 75X, EE2,
522: 3, 4, 8, E, 10, 13, 15, 19, 20, 25, 45, 6E, 89, 94, 105, 173, 1E9, 274, 314, 33E, 47E, 6X4, 973, 984, X50,
524: 1, 2, 4, 5, 8, 9, X, 11, 12, 1X, 39, 41, 6X, 211, 368, 439, 515, 6X2, 6E1, 7X2, X7X, X88,
528: 2, 6, 7, 10, 12, 20, 60, 72, 132, 150, 156, 212, 320, 3X8, 3E2, 550, 568, 940, 976,
52X: 1, 5, 6, 13, 15, 1X, 69, 71, 93, X6, 157, 257, 269, 556, 84X, 857,
532: 1, 4, 6, 9, 10, 11, 3X, 44, 6X, 96, 120, 31X, 701, 83X, 984,
534: 2, 3, 6, 8, 9, X, E, 12, 13, 1X, 26, 30, 32, 36, 49, 56, 5X, 73, 7X, X5, EX, 140, 150, 178, 1X9, 228, 404, 458, 4X9, 866, X0E,
538: 2, 6, 16, 22, 52, 56, 76, 196, 292, 2E5, 455, 632, 6EE,
53X: 1, 5, 7, E, 18, 27, 58, 265, 2E5, 37E, X0E,
542: 1, 3, 5, 6, 7, 8, E, 12, 17, 19, 28, 29, 2E, 54, 5E, 6E, X9, XE, 13X, 147, 189, 223, 25X, 374, 99X,
544: 4, 8, 12, 13, 34, 38, 64, 162, 184, 404, 474, 512, X5X,
548: 4, 5, 7, 14, 65, 98, 207, 41E, 65E, 99E,
54X: 2, 4, 5, 11, 15, 26, 36, 44, 65, 71, 9X, 161, 17X, 231, 298, 2E5, 398, 9X1,
552: 3, 4, 6, 7, E, 13, 14, 20, 34, 44, 73, 77, 93, E7, 196, 1X4, 1E3, 237, 27X, 473, 70E, 84X,
554: 1, 3, 7, X, 16, 29, 56, X7, 12X, 153, 213, 359, 3E9, 459, 629, 766,
558: 2, 5, 8, 45, 69, E9, 116, 14X, 190, 194, X78, X90,
55X: 5, 8, 15, 18, 23, 25, 29, 38, 68, X3, 113, 2E5,
562: 1, 3, 6, 9, 11, 216, 297, 511, 656, 9X7,
564: 3, 4, 5, 9, E, 13, 17, 19, 45, 53, 83, 12E, 235, 294, 891,
568: 2, 3, 4, 9, 10, 12, 13, 26, 28, 42, 7X, 140, 142, 170, 180, 222, 273, 292, 332, 39X, 496, 5X3, 5E3, 763, 964, X04,
56X: 2, 3, 4, 6, E, 1X, 3X, 6X, 78, 9X, 186, 1E8, 2E6, 423, 464, 774, 77X,
572: 1, 4, 5, E, 15, 30, 31, 44, 68, E5, 135, 215, 288, 458, 925, E48,
574: 1, 5, 8, 10, 15, 16, 19, 28, 35, 56, 66, 98, 101, 245, 669,
578: 2, 3, 7, 12, 13, 1E, 20, 32, 62, 77, 82, 97, 1X0, 21E, 272, 307, 31E, 592, 84E, XEE, E46,
57X: 2, 6, 7, X, 16, 2X, 46, 62, E1, 149, 1X2, 341, 396, 632, 6E2,
582: 1, 2, 5, 12, 22, 48, 64, 24X, 322, 325, 43X,
584: 1, 2, 5, 6, E, 10, 14, 22, 27, 35, 41, 50, XX, 132, 160, 227, 382, 3XX, 456, 4X6, 594, 694, X20,
588: 1, 6, 7, 9, 15, 1E, 3X, 61, 69, 99, 121, 153, 1X7, 225, 75E,
58X: 1, 3, 4, 5, 9, 10, 11, 13, 14, 24, 30, 38, 40, 79, E8, 111, 11E, 148, 171, 278, 449, 818,
592: 2, 3, 4, 6, X, 14, 18, 50, 5E, 66, 6X, 86, X2, E0, EE, 143, 144, 148, 180, 22E, 23E, 428, 462, 528, 5X4, 896,
594: 3, 7, 8, E, 22, 23, 27, 43, 9X, 173, 19E, 28E,
598: 1, 3, 7, 10, 20, 23, 30, 31, E7, 100, 110, 271, 351, 3E0, 401, 430,
59X: 4, 6, 9, X, 16, 19, 21, 40, 20X, 231, 280,
5X2: 6, 10, 13, 26, 72, 93, 528,
5X4: 2, 5, 225, 252, 352, X6X,
5X8: 2, 4, 5, 14, 15, 16, 18, 21, 22, 24, 40, 5X, 64, 6X, X0, 155, 202, 221, 224, 225, 248, 341, 454, 518, 608, 65X, X70,
5XX: 1, 2, 3, 5, 6, 7, 8, 9, 11, 12, 15, 18, 27, 33, 43, 49, 50, 53, 77, 93, 103, 11E, 147, 185, 343, 458, 4X7, 663, 847,
5E2: 1, 2, 3, 5, 6, 7, E, 15, 19, 29, 2E, 106, 119, 131, 157, 165, 223, 4E9, EE1, EE2,
5E4: 1, 3, 4, 8, 24, 68, 101, 208, 8X4,
5E8: 1, 3, 4, 5, 9, 12, 17, 1E, 24, 29, 39, 58, 92, 115, 197, 21X, 295, 462, 4X5, 538, 595,
5EX: 7, 14, 1X, 26, 46, 37X,
602: 4, 5, 9, 10, 11, 13, 1E, 23, 24, 29, 83, 99, 130, 329, 617,
604: 2, 6, 9, 12, 28, 30, 32, 69, 126, 149, 246, 479, 730,
608: 2, 4, 6, 8, X, 10, 13, 18, 1X, 22, 82, 108, 164, 1X0, 1E0, 1E4, 28X, 326,
60X: 1, 2, 5, 7, E, 11, 13, 15, 21, 22, 27, 32, 45, 5E, 87, 92, E3, 107, 247, 465,
612: 1, 2, 6, 11, 15, 16, 18, 19, 20, 36, 46, 59, X6, 220, 630, X85,
614: 1, 3, 5, 6, 7, 9, X, 1X, 20, 37, 39, 41, 46, 63, 66, 6E, 7E, XX, 104, 16E, 1E0, 216, 29X, 779, 856, X19,
618: 1, 3, 6, 12, 16, 22, 36, 91, 363, 571, 622, 663,
61X: 4, 5, 10, 13, 19, 48, 110, 2E5, 44E, 555, 565, 925,
622: 4, 6, 8, E, 10, 11, 12, 14, 15, 1X, 25, 27, 36, 37, 38, 40, 41, 45, 95, 105, 160, 178, 195, 1E0, 250, 300, 360, 398, 3X4, 437, 906,
624: 3, 6, 7, E, 10, 12, 18, 27, 28, 2E, 58, 93, E3, E8, 186, 213, 250, 273, 37E, 4X8, 622, X33,
628: 4, 7, 8, 11, 14, 18, 1E, 37, 67, 144, 18E, 21E, 30E, XEE,
62X: 2, 6, 8, 14, 66, 90, E6, 140, 161, 182, 660, 784, 90X, X82,
632: 2, 3, 4, 7, X, 23, 33, 53, 62, 68, 94, X2, 1X2, 364, 512, 667, 787, EE8,
634: 1, 12, 17, 25, 5E, 82, 91, E7, 1X7, 206, 237, 2X6, 412, 6XX, 941,
638: 1, 5, 6, X, 10, 94, 151, 349, 3X9, 459, 476,
63X: 2, 3, 4, 5, 9, 13, 18, 28, 29, 33, 34, 46, 47, 6X, 8E, 94, 155, 169, 1X4, 209, 217, 264, 291, 300, 301, 315, 465, 646, 95E, E29,
642: 3, 23, 49, 7X, 166,
644: 1, 4, 8, 9, 11, 15, 24, 27, 98, 147, 1X5,
648: 2, 3, 5, 8, E, 16, 19, 53, 55, 63, 76, 78, 423, 519, 679, 6XE, 6E5, 876, 8X6, 939, XE8,
64X: 7, X, E, 14, 2X, 214, X27,
652: 1, 3, 8, 17, 24, 29, 30, 33, 37, 63, 119, 1X1, 348, 468, 543, 929, X77, E10,
654: 2, 4, 5, 6, 8, 9, 16, 29, 59, 72, 74, 76, 78, 86, 94, 180, 192, 215, 21X, 362, 379, 394, 474, 630, 634, 688, 94X,
658: 2, 4, 7, X, 10, 17, 1X, 2E, 32, 3E, 44, 6X, 78, 8E, 9E, 120, 13X, 162, 188, 24E, 326, 55X, 810, E90,
65X: 1, 6, 7, 15, 17, 1E, 33, 69, 201, 21E, 3X5, 48E, 963,
662: 1, 2, 4, 5, 6, 8, 10, 20, 25, 26, 2X, 31, 46, 4X, 79, 84, 86, 90, 94, 128, 178, 214, 408, 426, 5X9, 5E2, 704, 810, 902, X16, XX6,
664: 3, 4, 6, 13, 16, 17, 23, 26, 53, 97, 99, X0, 159, 164, 286, 290, 394, 3E1, 693,
668: 1, 2, 3, 5, 9, E, 11, 19, 1X, 27, 33, 39, 42, 45, 4E, 51, 5E, 69, 77, 7X, 83, 91, E9, 12E, 13X, 169, 197, 309, 51X, 551, 612, 853,
66X: 8, E, 18, 40, 95, 11E, 138, 14E, 15E, 1XE, 235, 26E, 270, 66E, 88E, X55,
672: 1, 3, 4, 5, 7, X, 10, 11, 23, 25, 27, 2X, 2E, 43, 44, 57, 74, 80, XE, 173, 207, 26E, 384, 410, 653, 941,
674: 4, 20, 22, 42, 43, 73, 14X, 178, 236, 408, 450,
678: 3, 8, 9, E, 25, E4, 149, 250, 253, 274, 755,
67X: 2, 4, 5, 9, 14, 15, 22, 25, 41, 42, 45, 85, X5, 174, 194, 259, 285, 2E5, 324, 601, 78X, 879,
682: 2, 8, 10, 17, 22, 28, 33, 42, 62, 88, E2, 173, 1X0, 6X8, E72,
684: 1, 3, 6, X, 11, 15, 21, 36, 3E, 77, 95, 19X, 209, 29E, 337, 497, X93,
688: 1, 2, 4, 6, 8, X, 2X, 32, 36, 38, 4X, 58, 72, X9, 131, 142, 259, 281, 479, 674, 6E4, 788, X69, X92, XE2,
68X: 3, 4, 5, 6, E, 14, 16, 18, 19, 22, 55, 62, 64, X9, 106, 156, 175, 186, 198, 1XE, 1E8, 5X8, 702, 882, X3X, E5X, E8E,
692: 1, 2, 5, 17, 67, 11X, 16X, 19X, 717,
694: 7, 8, 10, 15, 33, 108, 168, 1X8, 231, 265, 9E5, EX1,
698: 1, 4, 5, 6, 7, 8, 9, X, E, 10, 15, 1X, 25, 26, 43, 54, 81, 84, 99, X4, 189, 1E8, 254, 406, 438, 478, 507, 635,
69X: 2, 3, 4, 7, 14, 16, 18, 1X, 27, 28, 32, 34, 36, 3X, 42, 44, 48, 60, 63, 66, 73, 86, X7, XX, 128, 16X, 2EX, 52X, 556, 657, 90X, X83,
6X2: 3, 5, 8, 11, 14, 15, 19, 35, 73, 1X8, 217, 374, 398, 4X7, E78,
6X4: 1, 2, 4, 5, 8, X, 11, 18, 21, 22, 26, 2X, 34, 35, 45, 85, 102, 110, 150, 1X4, 205, 20X, 271, 2X8, 341, 42X, 431, 792, 7E8, X6X,
6X8: 3, 6, X, 16, 17, 24, 26, 2X, 40, 43, 230, 853, X43,
6XX: 1, 3, 5, 6, 7, E, 11, 13, 17, 26, 29, 66, 67, 13E, 166, 17E, 1X3, 2X6, 31X, 367, 3XE, 57E, 6X3, 872, 8E6,
6E2: 8, 9, 10, 20, 36, 40, 138, 179, 1X0, 328, 538, 5X9, 739,
6E4: 2, 7, 8, 11, 14, 1E, 24, 27, 44, 58, 6X, 75, 85, 8X, 10X, 132, 192, 1E1, 2X5, 402, 484, 644, 831,
6E8: 2, 3, 6, 7, E, 11, 12, 13, 27, 41, 67, 6E, 76, 83, X5, E1, E6, 211, 215, 2XE, 557, 695, 742, 942,
6EX: 1, 3, 4, 5, 10, 24, 25, 33, 37, 45, 59, 7E, 115, 153, 177, 253, 510, 944, 963,
702: 1, 2, 4, 9, 10, 12, 14, 33, 4X, 58, 107, 131, 168, 207, 379, 476, 5X8, 653, 711, 759, 962, X34, XE7,
704: 2, 3, 4, 6, 8, 10, 13, 1X, 23, 42, 43, 54, 58, 60, 64, 7X, E2, 113, 114, 160, 20E,
708: 1, 4, 5, 7, 8, 11, 14, 1E, 21, 27, 30, 35, 57, E7, 121, 128, 135, 174, 211, 511, 64E,
70X: 1, 6, 20, 21, 86, 1X1, 336, 370, 640,
712: 2, 3, 4, 7, 8, E, 22, 3E, 56, 64, 93, 13E, 14X, 883,
714: 2, 3, 6, 9, 12, 29, 32, 66, E9, 129, 136, 1X2, 2E9, 406, 436, 706, 842, 869, X43,
718: 1, 4, 8, X, 12, 22, 68,
71X: 1, 2, 6, 7, 8, 15, 16, 28, 2E, 36, 44, 52, 74, 76, 1X2, 226, 270, 375, 555, 615, X08,
722: 3, 5, 7, 9, X, 11, 16, 21, 2X, 39, 57, 59, 63, 6X, 171, 177, 387, 60E,
724: 1, 3, 4, 5, 9, E, 17, 33, 4E, 75, 88, 21E, 284, 3X7, X30, E25,
728: 2, 5, X, E, 12, 13, 15, 20, 28, 4E, 84, 93, E3, 163, 176, 1X3, 260, 265, 326, 52E, X02,
72X: 2, 3, 4, 7, 8, X, 18, 23, 54, 57, 5X, E2, 19X, 3EX, 4EE, 542, 568, E48,
732: 1, 5, 8, 11, 25, 30, 98, 171, 281, 3X1, 908,
734: 1, 4, 5, 6, 9, 10, 19, 26, 49, 109, 131, 15X, 166, 1E5, 220, 240, 265, 45X, 6X4,
738: 2, X, 22, 58, 6X, 164, 172, 284, 362, 472,
73X: 2, 5, 6, X, 13, 15, 19, 1X, 32, 46, 62, 76, 153, 165, 203, 209, 362, 36X, 492, 5EE, 835,
742: 1, 5, 6, X, 11, 16, 35, 90, 91, 92, X6, E1, 15X, 175, 206, 271, 364, 36X, 46X, 705, 824, E28,
744: 1, 2, 3, 5, 6, 8, 9, E, 10, 15, 16, 17, 20, 21, 25, 2E, 30, 37, 43, 66, 80, 83, 96, 99, E9, 137, 177, 190, 1E6, 200, 227, 240, 313, 363, 398, 749, X00,
748: 3, 5, 7, 9, 36, 53, 103, 251, 339, 705, 725, E43, EEE,
74X: 1, 3, 7, 9, 11, 17, 33, 57, 81, 124, 139, 613,
752: 3, 4, 7, 9, 11, 13, 1X, 27, 29, 83, 174, 237, 251, 2E3, 379,
754: 4, 6, 7, 1E, 32, 36, 42, 50, 78, 92, 124, 150, 177, 27E, 2E7, 306, 514,
758: 3, 5, 9, E, 15, 30, 33, 40, 60, X9, 269, 283, 33E, 349, 383, 519, 793, 813, 933,
75X: 2, 5, 8, X, 11, 32, 41, 85, 172, 275, 308, 411, X08,
762: 2, 3, 4, 6, 8, 10, 22, 24, 26, 102, 118, 144, 194, 1XE, 220, 242, 24X, 2E8, 342, 392, 41E, 584,
764: 1, 2, 5, 7, X, E, 1X, 27, 35, 3X, 4E, 131, 1XX, 212, 232, 279, 347, 387, 549, 5XE,
768: 1, 2, 8, 9, 10, 12, 22, 29, 35, 38, 61, 79, 421, 492,
76X: 1, 3, 4, 9, X, 10, 15, 17, 19, 20, 21, 23, 26, 45, 57, 67, 93, 96, 105, 123, 14X, 16X, 180, 190, 24X, 3X6, 570, 577, E26,
772: 1, 2, 6, 11, 13, 16, 17, 1X, 29, 31, 82, X1, 167, 1EX, 351, 392,
774: 3, 10, 63, E4, 153, 1X9, 539,
778: 1, 2, 4, X, E, 14, 18, 32, 36, 48, 50, 57, E5, 101, 104, 125, 146, 178, 1EE, 411, 417, 41E, 436, 43E, 47X, 487, 5E4, 66X, 750, 89X, 934, 984, 9X7,
77X: 3, 6, E, 12, 13, 18, 22, 58, 62, 6E, 9E, 102, 306,
782: 1, 4, 9, 10, 13, 27, 2E, 33, 39, 49, 70, E3, 164, 223, 227, 253, 269, 45E, 483, 549, 59E, 687,
784: 2, 8, 11, 20, 29, 2X, 5X, 66, 91, 120, 122, 141, 17X, 260, 960,
788: 4, 7, 8, X, E, 23, 28, 4E, 64, 72, 82, E8, 107, 112, 127, 16X, 287, 4E3, 547, 91X, E5X,
78X: 1, 2, 7, E, 11, 17, 1X, 21, 26, 156, 23X, 345, 387, 561, 856,
792: 5, 6, X, 14, 16, 19, 45, 86, 89, 8X, 154, 294, 4E0, 551, 660, 754, 774, 859, E45,
794: 1, 2, 4, 7, 8, X, 10, 14, 15, 18, 1X, 36, 3E, 77, 10E, 120, 147, 151, 217, 258, 45E, 513, 8X5, 929, X7E,
798: 3, 5, 9, 12, 19, 26, 33, 35, 42, 43, 7E, X9, 133, 196, 349, 43E, 69E, 952,
79X: 1, 3, 7, 8, 9, 13, 17, 23, 28, 6E, 81, 88, 94, E3, 221, 354, 831,
7X2: 5, 8, 11, 32, 7E, 88, 192, 1E8, 228, 532, 645, 6E8, 881,
7X4: 4, 6, 7, 16, 20, 24, 30, 3E, 40, 66, X4, 147, 31X, 35X, 77X, X6X, X7X, XX6,
7X8: 3, 4, 7, 17, 18, 38, 63, 64, 180, 197, 204, 2E4, 321, 770, 983,
7XX: 5, 6, 8, 12, 15, 19, 24, 2X, 34, 36, 59, 6X, 82, 98, 99, 11X, 18X, 259, 450, 4X9, 5E2, 938,
7E2: 2, 4, 6, 7, 8, E, 1X, 24, 36, 40, 4E, 168, 16X, 17X, 300, 602, 7X7, 906,
7E4: 2, 3, 6, 7, 13, 16, 23, 29, 3E, 42, 132, 162, 249, 38E, 621,
7E8: 1, 4, 6, 14, 1X, 21, 2X, 51, XX, 130, 314,
7EX: 1, 4, 6, 17, 2X1, 466, 504, 6E9, 751, 798, 7X3, 976,
802: 2, 3, E, 15, 32, 325, 41E, 883,
804: 4, 5, 7, 8, 14, 18, 2E, 37, 78, X5, 108, 15E, 171, 1E4, 8XE,
808: 1, 3, 6, 7, X, E, 10, 11, 1X, 20, 33, 61, 67, X9, 189, 26E, 443, 55E, 75X, E75,
80X: 2, 8, 10, 16, 1X, 28, 42, 44, 50, 5X, 60, XX, 13E, 17X, 64X, 806, 882, E08, E90,
812: 3, 5, 8, 9, 10, 14, 25, 3E, 48, 60, 9E, X0, 15E, 198, 209, 215, 235, 258, 265, 699, 858, 874, 890, X75, E54,
814: 1, 4, X, 21, 24, XX, 21X, 261, 289, 57X, 9X5,
818: 2, 6, 7, 12, 13, 17, 33, 48, 142, 147, 24E, 45E, 576,
81X: 3, 7, 9, X, 17, 21, 23, 63, 71, 76, 536, 561, 6X1,
822: 1, 2, 4, 6, 10, 14, 16, 20, 2X, 42, 58, 5X, 192, 280, 288, 304, 640, 9EX,
824: 5, 8, E, 10, 12, 25, 28, 40, 48, 75, 440, 58E, 59E, 910, 95E, X78,
828: 1, 2, 5, 6, 7, 11, 47, 6E, 116, 125, X81,
82X: 3, 5, 7, E, 20, 39, 113, 160, 168, 1E1, 271, 483, XE0, EX8,
832: 1, 3, 5, 9, 11, 19, 37, 3X, 41, 42, 47, 51, 56, 72, 74, 75, E1, 127, 177, 377, 407, 463, 51E, 5X6, 61X, 642, 702, 7XE, 963, 9EE, X11,
834: 2, 8, 10, 14, 16, 18, 36, 317, 552, 58X,
838: 3, 4, 5, 8, 9, 13, 18, 21, 44, 49, 71, 343, 581,
83X: 1, 4, 8, 10, 48, 58, 65, 98,
842: 3, 4, 6, 7, X, E, 20, 2X, 2E, 3X, 56, 94, 9E, X7, EX, 103, 117, 156, 217, 21E, 22E, 236, 396, 3X3, 454, 6E4, 767, 7X3, XE3,
844: 2, 3, 5, 6, 7, 9, E, 11, 19, 27, 51, 62, 67, 71, 99, E7, 145, 209, 365, 53E, 84E, 8XX, 9EX,
848: 2, 4, 5, X, 15, 1X, 22, 3X, 42, 6X, 11X, 1X4, 1E2, 555, 93X, X7X,
84X: 1, 3, 4, 5, X, 14, 15, 17, 18, 24, 32, 57, 64, 72, 78, 114, 128, 12E, 131, 167, 1E8, 43X, 46X, 46E, 495, 4X8, 507, 5X8, 61E, 778, 8X2, 934, X58,
852: 1, 2, 9, E, 12, 15, 16, 22, 35, 49, 4E, 72, 77, X2, E5, E7, 186, 202, 349, 485, 846, X3E,
854: 4, 5, 9, 17, 21, 30, 43, 44, 55, 60, X1, 241, 430, 489, 810,
858: 1, 2, 4, 6, 7, 9, 14, 1X, 23, 36, 51, 56, X1, 17X, 181, 2X8, 3E2, 499, 69X, 856, X66,
85X: 2, 3, 4, 6, X, 10, 14, 24, 28, 2X, 44, 60, 80, 84, 8X, 96, 108, 10X, 124, 130, 132, 143, 20E, 21E, 233, 25X, 386, 496, 762, 844, 924, E76,
862: 1, 4, 7, 14, 17, 20, 21, 47, 70, 80, 177, 257, 374, 711, 921,
864: 1, 2, 5, 8, 10, 22, 26, 29, 82, 231, 240, 259, 312, 5X5, 651,
868: 3, 8, 13, 23, 43, 68, X0, XE, 170, 248, 26E, 34E, EE8,
86X: 1, 11, 3X, 4X,
872: 4, 5, 9, 34, 35, 39, 44, 8X, 94, 228, 409, 714,
874: 2, 4, 5, X, 1E, 26, 45, 47, 11E, 14X, 164, 252, 436, 544, 9EX, X5X,
878: 5, 6, X, 11, 13, 15, 16, 19, 1X, 33, 5E, 65, 69, 116, 165, 1E3, 211, 431, 61E, 71X, 815, E4X,
87X: 1, 4, 5, 7, 9, E, 10, 13, 15, 23, 29, 55, 71, X4, 109, 129, 130, 237, 277, 309, 317, 561, 67E, 887, E60,
882: 2, 3, 5, 6, E, 10, 14, 15, 1E, 34, 3X, 40, 44, 55, 93, X3, 106, 4E9, 53E, 794,
884: 3, 47, 57, 223, 38X,
888: 1, 3, 5, 8, 9, E, 13, 33, 39, 59, 90, 95, 97, 9E, 131, 240, 287, 2E5, 325, 407, 60E, 918, X33,
88X: 6, 20, 26, 50, 86, 99, E6, 150, 176, 1E6, 275, 396, 430, 550, 656, 8X5,
892: 3, 7, 8, 13, 33, 63, 68, 97, 3X7, 634, 6E2,
894: 3, 6, 9, 16, 2X, 35, 36, 46, 86, 28X, 386, E89,
898: 2, 5, 6, 8, X, 10, 12, 14, 20, 28, 38, 44, 45, 65, 85, 86, 10X, 13X, 156, 202, 218, 380, 3X4, 500, 510, X06,
89X: 2, 3, 6, 7, E, 11, 12, 52, 56, 82, 186, 19E, 325, 512, 5E2, 825, E53,
8X2: 1, 2, 3, 6, 7, 12, 17, 21, 22, 27, 33, 37, 41, 115, 121, 13X, 1E6, 242, 257, 3XX, 4E2, X56, E77,
8X4: 1, 3, 7, 9, 21, 30, 39, 51, 64, 70, 79, 83, E8, 193, 297, 3X9, 593,
8X8: 1, 2, 3, 4, 5, 7, 8, 9, 21, 23, 53, EE, 245, 2X8, 33E, X48,
8XX: 2, 6, 7, X, 4E, 54, 150, 488, 542, 642,
8E2: 1, 4, 1E, 44, 11E, 154, 174, 264, 501, 734, E24,
8E4: 1, 2, 5, 6, X, 11, 15, 18, 21, 29, 51, 74, 91, 125, 144, 145, 2E6, 471, 708, E39,
8E8: 2, 3, 4, 8, E, 10, 13, 20, 2X, 50, 68, 6E, E8, 113, 252, 344, 388, 44X, 492, 510, 55X, 684, 8X4, X16, E5X,
8EX: 1, 2, 3, X, E, 13, 21, 22, 23, 39, 5E, 10E, 179, 1X2, 1E1, 1E7, 207, 273, 359, 371, 47E, 653, 989, E52,
902: 1, 2, 6, 9, 10, 12, 18, 21, 31, 62, 106, 195, 251, 289, 922,
904: 1, 3, 4, 5, 6, 9, E, 11, 13, 14, 47, 59, 5E, 84, 93, 1E9, 279, 294, 30E, 415, 499, 4X5, 514, 561,
908: 1, 7, X, 13, 1X, 21, 23, 577, 586, 686, 756, 816, E43,
90X: 5, 8, 13, 25, 28, 2E, 33, 60, 148, 1EE, 2E8, 360, 493, 5E3, E25,
912: 2, 5, 6, 10, 12, 18, 28, 32, 14E, 16E, 21E, 345, 41E, 518, 695, 772, 898,
914: 2, 7, 8, 12, 18, 32, 62, 77, 97, EE, 118, 127, 1X7, 218, E8E, EE8,
918: 1, 5, 8, 10, 23, 47, 80, 85, 275, 515, 705,
91X: 1, 2, 4, 8, 9, 12, 14, 16, 1X, 21, 30, 31, 32, 41, 50, 68, 158, 349, 528, 720, 95X, 990,
922: 8, E, 17, 42, 48, 5E, 72, 97, 104, 107, 228, 237,
924: 1, 5, 6, 7, X, 11, 15, 16, 2X, 3E, 46, 7E, 8X, 9X, 136, 436, 70E, 932,
928: 4, 5, 9, 15, 2X, 41, 61, 76, 185, 310, 785,
92X: 7, 9, 10, 11, 17, 19, 1X, 40, 43, 61, 67, 74, 99, 134, 250, 427, 506, 53X, 647,
932: 3, 6, 9, X, E, 12, 15, 26, 29, 2E, 45, 46, 49, 59, 69, 136, 152, 283, 346, 36E, 372, 525, 963, X5E,
934: 5, 9, 18, 1E, 28, 3E, 53, X9, E8, 143, 4X9, 53E,
938: 3, 5, 6, 7, 8, 9, E, 10, 13, 21, 25, 30, 52, 53, 56, 70, 89, X6, E7, 123, 13E, 1X1, 3X6, 8EE, E37, E89,
93X: 4, 7, E, 10, 13, 17, 11X, 127, 173, 204, 210, 38X, 457, 50X, 637,
942: 3, 4, 7, 8, 11, 14, 53, 58, 70, 71, 1X3, 207, 274, 284, 469, 670, 923, 944,
944: 4, 9, X, 10, 12, 14, 18, 1X, 54, 8X, 119, 124, 126, 14X, 164, 224, 618,
948: 2, 4, 6, 7, 12, 1X, 64, 166, 2X4, 312, 718,
94X: 3, 5, 6, 7, E, 19, 22, 23, 2E, 43, 65, 185, 402,
952: 1, 2, 4, 5, 6, 8, 15, 16, 1X, 2X, 35, 38, 39, 48, 80, 82, 9X, 108, 158, 1X0, 258, 340, 3X2, 915,
954: 6, 7, 10, 1X, 27, 31, 47, 61, X0, 156, 209, 326, 367, 7XX,
958: 1, 2, 5, X, 17, 2E, 41, 71, 97, 121, 125, 19E, 211, 262, 307, 36E, 562, 88E, E05,
95X: 4, 5, 8, E, 30, 48, 58, 118, 200,
962: 1, 4, 5, 6, 7, 10, 15, 19, 20, 27, 47, 50, 59, 6X, 76, X5, E9, 304, 33E, 485, 500, 575, E97,
964: 2, 3, 4, 7, 8, 12, 13, 17, 26, 44, 62, E0, 150, 1E7, 242, 294, 70E, XEX,
968: 5, 8, 9, 15, 18, 24, 44, 64, E5, 135, 143, 224, 26E, 273, 339, 378, 46E, 639, 820, 855,
96X: 1, 4, 5, 9, X, 11, 19, 1X, 39, 49, 9X, X1, 131, 224, 28X, 2XX, 2E8, 354, 4EX,
972: 3, 6, 10, 13, 57, 350, 413, 686,
974: 5, 6, 7, 9, E, 13, 15, 25, 46, 6X, 179, 1E6, 285, 525,
978: 8, 20, 22, 30, 38, 90, 229, 458, 488, 4E2, 520,
97X: 2, 4, 8, E, 22, 48, 8E, 165, 195, 21E, 235, 45X, EE2,
982: 5, 7, X, 15, 16, 1E, 126, 2E7, 966,
984: 1, 3, 7, 11, 17, 41, 51, 99, 199, 641, E31,
988: 2, 3, 4, 6, X, 11, 14, 1X, 28, 34, 46, 50, 62, 65, 12E, 130, 140, 153, 16X, 172, 490, 4XE, 672, 694, 846, X23,
98X: 3, 4, 6, 8, 14, 27, 33, 48, 64, 78, 133, 243, 2X6, 618,
992: 1, 3, 4, 7, 9, 11, 13, 17, 18, 1E, 6E, 83, 97, 9E, 147, 269, 673, 741, 955,
994: 4, 6, X, 10, 11, 16, 20, 3X, 116, 264, 571,
998: 3, 4, 6, E, 10, 13, 16, 17, 27, 40, 50, 86, 227, 323, 446, 4X3, 656, 746, E77,
99X: 2, 5, 6, E, 2E, 43, 93, 223, 28E, X63,
9X2: 2, 4, 9, 14, 1X, 2X, 32, 38, 52, 104, 110, 126, 229, 268, 398, 5E6, EXX,
9X4: 1, 2, 3, 5, 7, E, 11, 13, 15, 29, 32, 39, 41, 45, 49, 57, 83, 183, 274, 402, 582, 819,
9X8: 1, 2, 3, 5, 6, 9, E, 15, 1E, 27, 31, 33, 35, 53, 95, E2, 119, 175, 317, 623, 69E,
9XX: 1, 3, 5, 7, 10, 11, 14, 15, 2E, 93, X3, E0, 19E, 313, 327, 661, 824, 8E1, X3E,
9E2: 1, 2, 4, 7, 13, 21, 28, 33, 36, 67, 68, 76, 7X, 91, 98, 114, 131, 136, 167, 1X0, 2E4, 391, 500, 6X2,
9E4: 3, 6, 8, 12, 16, 1E, 2E, 32, 40, 56, 172, 180, 200, 32X, X72,
9E8: 1, 7, 27, 31, 3E, 68, 8E, 100, 427,
9EX: 2, 9, 16, 21, 49, 55, 78, X9, 129, 3X8, 456, 495,
X02: 2, 4, 12, 14, 18, 24, 44, 57, 138, 24E, 348, 3EX, 8E8, X87,
X04: 1, 2, 3, 7, X, 11, 17, 19, 22, 33, 36, 63, 76, X7, 229, 236, 24X, 442, 589,
X08: 1, 8, X, 11, 19, 4X, 5X, 68, 208, 234, 244, 284, 441, 845, 851, 8X9,
X0X: 1, 2, 4, 5, 6, 7, 8, E, 12, 14, 21, 35, 42, 46, 60, 62, 64, 68, 6X, 80, 86, 128, 178, 184, 202, 2E0, 2E1, 548, 788, XE4, E14,
X12: 3, 5, E, 16, 17, 1E, 53, 59, 197, 235, 247, 437, 473, 623, X3X,
X14: 1, 3, 5, 7, 8, 9, E, 17, 25, 31, 34, 55, 5E, 12E, 410, 583, 783, 814, 879, 8E1, 934, X5E,
X18: 3, 9, X, 24, 36, 6X, XX, 134, 256, 319, 423, 42X, 494, 670, 674, XX9,
X1X: 2, 3, 4, E, 12, 17, 4E, 64, 83, 134, 232, 26E, 284, 62X, 76E,
X22: 3, 5, 9, E, 10, 13, 73, 88, 148, 14E, 3X8, 669, 735, 92E,
X24: 1, 4, 35, 81, 135, 651, 6E5, 714, 745,
X28: 2, 3, 4, 7, X, 20, 2X, 32, 42, 44, 47, 60, E6, 220, 274, 284, 322, 403, 536, 647, 7X2, X43,
X2X: 2, 6, 9, E, 12, 13, 15, 22, 29, 2E, 36, 46, 5E, 283, 286, 80E,
X32: 1, 2, 4, 5, 6, 8, X, 10, 11, 18, 25, 30, 31, 75, 7X, 105, 115, 145, 148, 186, 201, 374, 438, 576, 701, 922, E11,
X34: 1, 2, 5, 9, E, 13, 15, 17, 30, 50, 103, 142, 149, 17E, 4E2, 541, 562, 5E7, 905, X57,
X38: 1, 2, 3, 6, 7, 22, 29, 81, 133, 246, 271, 363, 46X, 582,
X3X: 1, 4, 7, 9, 21, 23, 54, 60, 123, 147, 344, 989,
X42: 1, 2, 4, 5, 7, X, 11, 14, 25, 39, 47, 4X, 81, 164, 2EX, X65, X6X, XXX, EE4,
X44: 6, 8, E, 16, XE, 19E, 208, 240, 69E,
X48: 1, 3, 9, E, 11, 14, 27, 31, 41, 51, 54, 60, 6E, 71, 89, X3, X4, 107, 110, 137, 143, 170, 18E, 225, 445, 447, 481, 585, 58E, 781, 857, 909, 914, 963,
X4X: 4, 5, 8, 12, 18, 19, 20, 24, 2X, 50, 90, 240, 28X, 534, 635, 715, 784,
X52: 2, 4, 26, 28, 2X, 3E, 44, 48, 6X, 94, E2, 126, 152, 2EX, 30X, 50E,
X54: 3, 5, 7, 9, 11, 15, 1E, 23, 29, 39, 47, 49, 4X, 62, 63, 8E, E2, 132, 1E2, 2X7, 44X, 931,
X58: 1, 6, 8, 9, 10, 11, 15, 20, 25, 28, 35, 52, 55, 69, 90, X0, E8, 135, 180, 279,
X5X: 5, 6, 7, 9, 10, 11, 13, 1E, 21, 26, 31, 36, 45, 49, 57, 89, 93, E3, 105, 16X, 170, 1EE, 240, 259, 263, 2X3, 524, 554, 857,
X62: 2, 6, 7, 13, 16, 19, 26, 157, 166, 211, 8XX, XE6,
X64: 3, 4, 5, 125, 139, 37E, 563, 5EE, 6X3, 813,
X68: 1, 4, 8, 14, 27, 47, 48, 4X, 77, 128, 178, 1X1, 337, 338, 395, 9EX,
X6X: 2, 3, 6, 7, 18, 30, 37, 40, 52, 72, 73, 83, 88, 92, 96, 130, 186, 188, 190, 213, 257, 266, 286, 412, 503, 75E,
X72: 3, 4, 8, 1E, 44, 103, 174, 187, 259,
X74: 1, 4, 8, 9, 16, 19, 1X, E9, 341, 360, 700,
X78: 3, 4, 7, 8, 12, 14, 2X, 33, 4E, 5E, 73, 8X, 17X, 1X7, 278, 2X2, 444, 512, 697, 763, 97X, 9EE, X63, X78,
X7X: 2, 5, E, 11, 12, 1E, 35, 4E, 6X, 91, 9X, 29X, 537,
X82: 4, 6, 9, 11, 24, 26, 29, 3X, 40, 71, 136, 1X0, 279, 40X, 451, 789,
X84: 1, 2, 3, 4, 5, 6, 7, 8, X, 10, 11, 22, 26, 28, 35, 43, 89, 98, E6, 102, 103, 107, 122, 152, 181, 1X6, 266, 316, 329, 382, 401, 9E8,
X88: 2, 3, 5, 6, 9, E, 16, 19, 23, 2E, 43, 422, 483, 4E9, 623, 635, 759, 7E5,
X8X: 1, 4, 5, 7, E, 2E, 47, 48, 4E, X7, 107, 164, 16E, 258, 627, 66E, 6X7,
X92: 1, 2, 8, E, 15, 16, 20, 22, 27, 29, 4E, 53, 66, 70, 83, X7, 112, 205, 256, 282, 2XE, 365, 50E, 548, 647, 687, 859,
X94: 3, 6, 7, X, 10, 14, 17, 1X, 27, 2E, 64, E0, 193, 1XE, 23E, 67E, 943, E93,
X98: 1, 3, 4, 8, 20, 41, 49, 53, 59, 88, 134, 179, 304, 310, 317, 350, 511, 5X4, 643,
X9X: 2, 5, 6, X, 10, 30, 32, 34, 45, 64, 90, 92, 94, X6, 104, 13X, 1X6, 1E9, 239, 532, 976, X0X,
XX2: 2, 8, X, 10, 1X, 20, 27, 56, 58, 64, E6, 1X4, 1EE, 29X, 324, 478, 522, 604,
XX4: 1, 6, 9, 11, 16, 17, 27, 51, X3, E6, 147, 1X7, 1E3, 316, 407, 509, 511, 683,
XX8: 1, 5, 6, X, 10, 19, 21, 25, 28, 34, 49, 52, 76, 89, E2, 108, 129, 1X0, 1E4, 310, 359, 454, 549, 690, 9E4, X25, X81, E71,
XXX: 2, 3, 10, 32, 52, 112, 153,
XE2: 2, 3, 7, X, 12, 13, 1X, 33, 52, 5X, 111, 141, 1XX, 1EE, 251, 283, 371, 553, 841,
XE4: 1, 4, 14, 21, 37, 40, 47, 48, 57, 5E, 61, 67, X0, X4, 147, 174, 235, 620,
XE8: 1, 3, 5, 6, 7, 11, 15, 23, 2E, 31, 64, 66, 116, 216, 24X, 291, 2E7, 326, 363, 391, 427, 707, 977, XE3,
XEX: 3, 4, 6, 7, X, 16, 17, 23, 40, 44, 52, 66, 68, 9X, EX, 176, 1EX, 247, 2E6, 2E8, 368, 53E, 6X6, 8XE, 976,
E02: 3, 4, 8, 9, 14, 90, X8, 143, 909,
E04: 2, 4, 5, X, 24, 32, 38, 39, 5X, 9X, X4, 129, 175, 262, 2E2, 328, 32X, 369, 372, 404, 742,
E08: 2, 3, 7, 10, 17, 37, 38, 87, 168, 22E, 352, 3X3,
E0X: 1, 3, 9, 27, 29, 31, 41, 43, 46, 66, 93, E5, 19E, 313, 549, E13,
E12: 1, 2, X, 61, 53X,
E14: 2, 3, 8, 9, X, 13, 23, 26, 2E, 34, 39, 3X, 54, 60, E3, 208, 212, 222, 275, 319, 352, 453, 596, 5E6, 614, 96X, E42, E60,
E18: 1, 2, 5, 6, 11, 16, 2E, 32, 41, 57, X6, 112, 1EE, 262, 395, 396, 7EE,
E1X: 1, 7, 8, E, 11, 15, 2E, 38, 57, 1X9, 565, 92E, 1000,
E22: 1, 2, 3, 6, 7, 8, X, E, 10, 13, 15, 1E, 25, 29, 49, 62, 89, 107, 108, 10E, 121, 123, 19E, 1E5, 217, 218, 243, 253, 330, 351, 450, 521, 5E3, 849, E02,
E24: 2, 4, 6, X, 10, 18, 22, 30, 33, 96, E2, 18X, 656, X33,
E28: 1, 4, 7, 14, 44, 194, 203, 227, 313, 429, 871,
E2X: 1, 2, 4, 5, 6, 8, 2X, 31, 36, 58, 122, 208, 290, 295, 305, 3E1, 445, 490, 518,
E32: 6, 10, 16, 1E, 50, 93, 96, X0, 1E0, 546, 806,
E34: 1, 5, 1X, 1E, 52, 71, 9X, XX, 161, 165, 5XE, 6X7, 9X7,
E38: 2, 4, 5, 6, 12, 16, 20, 28, 35, 85, 95, 9X, 172, 334, 340, 37X, 460, 4E5, 802,
E3X: 3, 5, 8, 9, X, 11, 13, 17, 18, 21, 22, 25, 32, 47, 51, 62, 83, X5, 123, 24X, 2X7, 329, X32, E47,
E42: 1, 5, 7, 9, E, 13, 22, 25, 2E, 43, 5E, 67, 89, 9E, E9, 102, 107, 143, 199, 1E3, 207, 4X5, 4E7, 6E6, 7E9, E13,
E44: 3, 5, 7, 9, 10, 13, 17, 1E, 20, 25, 2E, 59, 6E, 71, 7E, 8E, X5, 134, 219, 301, 3E9, 760,
E48: 3, 4, 9, X, 13, 38, 3X, 4X, 52, 64, 91, 101, 162, 210, 328, 4E4, 689, 6X9,
E4X: 3, 4, 6, 13, 14, 43, 4X, 6X, 74, 80, 114, 174, 280, 296, 4EX, 74X, 974,
E52: 5, 7, E, 1E, 27, 31, 35, 48, 85, 97, X1, 145, 268, 284, 388, E24, E67,
E54: 2, 6, 8, 10, 12, 15, 18, 20, 88, 198, 289, 386, 599, 7X9,
E58: 4, 6, E, 14, 17, 18, 1E, 22, 34, 4E, 58, 12X, 14E, 15E, 172, 207, 228, 327, 7X0, 93E, X88,
E5X: 1, 2, 6, X, 19, 26, 27, 72, 196, 202, 407, 4X9, 546, 787, 887,
E62: 2, 5, 8, 9, 12, 15, 31, 109, 182, 25X, X91,
E64: 1, 2, 4, 6, 7, 8, E, 11, 12, 1E, 20, 28, 41, 60, 85, X6, 157, 161, 168, 1E6, 1E7, 232, 23X, 262, 2XX, 325, 350, 3EX, 411, 634,
E68: 1, 5, 6, 7, 9, 13, 15, 1X, 21, 2X, 35, 47, 56, 81, 8E, X5, 305, 455, 84X,
E6X: 1, 3, 4, 7, E, 13, 17, 35, 40, 67, X0, 144, 164, 174, 233, 3E9, 407, 587, 66E, 7XE, 80E,
E72: 3, 5, 6, 8, X, E, 10, 1X, 26, 33, 63, 109, 10X, 114, 124, 176, 20X, 213, 288, 800,
E74: 3, 4, 8, E, 12, 13, 14, 1X, 54, 5X, EE, 103, 168, 16E, 198, 71X, 972, XEE,
E78: 7, 8, 27, 117, 3E8, 478, 497, 545, 597, 655, 868,
E7X: 4, X, 25, X4, E9, 546, 751, 779, 916,
E82: 3, 6, 8, 22, 66, 83, 88, 9X, 14X, 152, 166, 173, 1E2, 23X, 263, 503, 53X, 70X,
E84: 2, X, E, 4X, 93, 1EE, 57X, 582, 64E, 9EX, X2X, X83,
E88: 2, 5, 6, X, 10, 14, 16, 22, 26, 36, 3X, 5X, 80, 84, E1, E6, 106, 175, 17X, 18X, 330, 481, 624, 8E6, 935,
E8X: 1, 2, 5, 7, 11, 1E, 35, 48, X3, 185, 288, 410, 9E7, X3E,
E92: 1, 3, 6, 7, 9, 1X, 2X, 4X, 61, 77, 99, 1E1, 1E3, 243, 941,
E94: 1, 3, 4, 9, 13, 14, 37, 39, 167, 173, 184, 1E3, 207, 263, 353, 558, E69,
E98: 2, 9, 12, 13, 2E, 39, X9, 118, 135, 178, 298, 3E2, 759,
E9X: 4, 7, 8, 18, 24, 92, 124, 228, 2E7, 328, 73E,
EX2: 1, 3, 4, 5, E, 11, 15, 27, 2E, 50, 84, 1E5, 281, 2X1, 527, 537, 627, 705, 76E,
EX4: 4, 5, 6, 8, 9, X, 10, 12, 28, 29, 41, 45, 46, 50, 58, 65, 76, 78, 88, 94, 112, 124, 160, 206, 306, 334, 360, 512,
EX8: 2, 6, 8, X, E, 34, 42, 4X, 94, 16E, 180, 1E2, 220, 24E, 522, 550, 552, 656, 768, 784, 884,
EXX: 2, 3, 9, X, 12, 17, 1X, 22, 23, 27, 31, 32, 3X, 42, 43, 73, 82, 91, 16X, 217, 307, 851, 877,
EE2: 1, 6, 9, 12, 18, 21, 29, 30, 55, 80, 85, 89, 180, 242, 390, 3E5, 438, 649,
EE4: 1, 3, 4, 7, 11, 26, 29, 34, 44, 51, 103, 141, 24X, 2EX, 3X7, 654, 806, 890,
EE8: 2, 7, 9, X, 11, 12, 13, 16, 33, 52, 116, 1X3, 3X3, X29,
EEX: 3, 8, E, 10, 19, 1E, 29, 58, 78, 80, XE, 423, 74E, 82E,
