5: 1, 2, 3, 4, 5, 6, 8, X, E, 12, 25, 5X, 79, 82, 22E, 44X, 569, E18,
7: 1, 2, 3, 8, 13, 17, 18, 36, X3, 122, 156, 157, 192, 1E6, 413,
E: 5, 6, 16, 29, 53,
11: 2, 6, 14, 15, 16, 2X, 38, 54, 64, X8, 11X, 136, 326, 448, 632, EE6,
15: 1, 2, 4, 14, 16, 38, 3X, 60, 66, 9X, 272, 286, 2XX, 346, 790,
17: 1, 3, 4, 5, 8, 9, 10, 18, 19, 1E, 30, 3E, 40, 27E, 350,
21: 1,
25: 1, 3, 4, 7, 9, 23, 38, 3E, X8, 638, 804,
27: 1, 2, 3, 6, X, 13, 2X, 166, 31X, 5XX, X86,
2E: 1, 2, 3, 5, 6, 7, 8, 9, X, 11, 16, 26, 34, 44, 47, 8X, X6, X7, E6, 125, 13X, 199, 28X, 513, 541, 6E4, 736,
31: 2, 6, 8, 18, 20, 32, 87, 1E8,
35: 1, 2, 6, 3E, 8E, X7, 537,
37: 1, 2, 4, 5, 11, 18, 34, 39, X8, 142, 735, E82,
3E: 2, 32, XE, 163, 1X8, 214, 33X, 40X, 77E, E7X, E9E,
41: 1, 5, 7, 11, 29, 55, 79, 135, 645, 64E,
45: 1, 5, 9, 99,
47: 1, 2, 4, 20, 34, 54, 66, 101, 147, 284, 331, 91E,
4E: 1, 3, 7, 9, 21, 29, 99, 169, 343, 831,
51: 2, 3, E, 12E, 1X3, 769,
55: 1, 2, 3, 9, 12, 19, 60, 82, X3, 108,
5E: 1, 2, 3, 7, E, 42, 11E, 12X, 165, 17E, 323, 672,
61: 1, 2, 4, 11, 46, 111, 114, 196, 279, 452, 59X,
65: 2, 142,
67: 1, 5, 25, 39, 53, 7E, 159, 393, 629, E23,
6E: 1, 2, 5, 6, 16, 140,
71: 1, 2, X, 1X, 54, 138, 13E, 245, 24E, 779, 797, 9X3,
77: 1, 2, 3, 6, 7, 9, 29, 33, 105, 2EE, 682, X67, X95,
7E: 1, 4, 5, X, 25, 37, 57, 1X4, 256, 310, 387, 6EX, XE7,
81: 2, 4, 8, X, 4X, 66, 87, 88, 98, X0, 10X, 25E, 488, 4EE, 95E,
85: 1, 2, 3, X, 13, 32, E2, E9, 133, 14X, 18X, 20X, 64X, 66X,
87: 2, 6, 12, 18, 46, 160, 584, E04,
8E: 2, 3, 8, 13, 30, 52, 80, 153, 2E3, 960,
91: 1, 3, 4, 5, 10, 11, 23, 25, 2E, 51, 63, 8E, 224, 460, 993,
95: 1, 2, 5, 14,
97: 1, 2, 3, 8, 57, 59, 101, 119, 188, 1E3, 273, 409, 817,
9E: 1, 3, 1E, 20, 5E, 401,
X1: 1, 2, 3, 23, 27, X9, 1X5, 297, 6X7,
X5: 1, 2, 4, 5, X, 21, 67, 6E, EE, 10X, 141, 185, 214, 235, 254, 52E, 814, X47,
X7: 2, 3, X, 14, 33, 54, 193, 323,
XE: 2, 3, 5, 19, 85, 445, 653,
E5: 2, 4, 6, 3X, 53, 96, 183, 453,
E7: 1, 2, 11, 15, 27, 51, 178, 314, 397, 500, 97E,
EE: 1, 4, 9, 10, 11, 19, 20, 32, 4X, 59, 79, X1, 112, 30X, 311, 8E6,
101: 3, 94, 126, 180, 2XX, 590, 719,
105: 1, 2, 3, 5, 7, 20, 50, 75, 311, 335, 4EE, 643, 713, X97,
107: 1, 2, 21, 45, 65, EE, 136, 43E,
111: 2, 3, 277,
115: 1, 2, 3, 7, 32, 189, 68X,
117: 1, 2, 20, 71, 81, X1, 166, 549,
11E: 2, 6, E, 14, 16, 18, 40, 4X, 96, XX, 1X6, 1X8, 380, X44,
121: 1, 3, 9, E, 15, 63, 6E, 24E, 423, 445,
125: 2, 4, 8, 15, 20, 40, 89, 128, XE8, E65,
127: 1, 2, 3, 5, 6, 23, 143, 257, 279, 555, 607, E01,
12E: 1, 3, 11, 24, 279, 590,
131: 2, 12, 56, 426, E96,
135: 1, 2, 3, 4, 8, X, 10, 16, 17, 24, 37, 76, 96, 141, 144, 2E1, 2E3, 349, 547,
137: 2, 4, E, 14, 22, 28, 53, 186, 202, 313, 6E0, XX8,
13E: 1, 2, 5, 9, 19, X2, 139, 371, 435, 475, 872,
141: 1, 4, 5, X, 8X, 1X9, 81X, 889,
145: 2, 3, 7, 8, 38, 48, 412, 622,
14E: 1, 2, 4, 6, 15, 24, 26, 32, 100, 101,
151: 1, 2, 3, 5, 7, 8, E, 10, 12, 16, 22, 30, 31, 50, 72, 79, 20E, 793, 831, 953,
155: 1, 11, 3E, X5, 267,
157: 1, 2, 5, 12, 13, 21, 3E, 7E, 721,
15E: 2, 4, 10, 12, 14, 28, 32, 66, 74, 94, 166,
161: 2, 3, 24, 37, 68, 77, 108, 148,
167: 1, 2, 5, 10, 36, 51, 165, 16X, 388, 702,
16E: 2, 4, 8, 27, 294, 754,
171: 3, 4, 19, 23, 24, 29, 169, X25,
175: 2, 6, 412,
177: 1, 3, 5, 7, E, 7E, 9E, XE, 185,
17E: 1, 3, 5, 7, 13, 31, 8E, X5, 109, 147, 2EE, 325, 55E, 729,
181: 1, 2, 3, 9, 12, 67, 162, 309, 336, 417, 69X,
185: 1, 2, 3, 5, 6, 11, 20, 44, 4X, 99, 114, 123, 230, 377, 480, 679, 756, 928, X38,
187: 2, 3, 18, 32, 46, 310, 538, 70E,
18E: 1, 2, 6, 7, E, 16, 15E, 377, 455,
191: 1, 2, 4, 5, 14, 45, 49, 62, 88, 264, 26X,
195: 2, 3, 4, X, E, 22, 23, 34, 66, 6X, 16E, 5XX, 5EX, 8X4,
197: 4, 74, 534, 644,
19E: 1, 5, X, 36, 54, 66, 85, 8X, X5,
1X5: 1, 3, 17, 41, 57, E3, 333, 363, 794, E19,
1X7: 2, 6, 5X, 72, 86, 8X, 115,
1XE: 1, 2, 3, 9, E, 10, 12, 15, 3E, 4E, 67, 9E, 121, 397,
1E1: 3, 13, 4E, 177, 42X, 6XX, X6X,
1E5: 1, 2, 3, 9, 11, 17, 29, 31, 65, 152, 16X, 193, 589,
1E7: 1, 2, 6, 11, 12, 16, 1X, 30, 31, 5X, 81, 111, 209, 218, 26X, 278,
201: 1, 3, 5, 7, 11, 17, 21, 95, 2X9,
205: 1, 2, 4, 6, 11, 254, 45X,
207: 1, 2, 3, 4, 5, 8, X, 12, 24, 45, 58, 64, 71, 84, E8, 311, 658, 93X, X08,
20E: 3, 5, 8, 14, 43, 54, 70, 85,
211: 2, 3, 9, 13, 16, 20X,
215: 1, 3, 4, E, 25, 31, 117, 1X3, 243, 2X9,
217: 2, 6, X, 18, 6E4,
21E: 2, 6, 16, 36, 542,
221: 9, 79,
225: 2, 6, 7, 8, 18, 30, 37, 80, E7, 130, 148, 172, 182, 2X6, 356,
227: 1, 3, 9, 17, 19, 40, 55, 111,
22E: 1, 2, 5, 8, 11, 18, 21, 71, 185,
231: 1, 2, 4, 7, X, 13, 23, 54, 70, 17X,
235: 1, 3, 4, 8, 9, 10, 15, 20, 21, 28, 301, 3X5,
23E: 2, E, 26, 45, 50, 194, 340, 48E, 4XX, 605, 6X2,
241: 2, 4, 8, 518, 74X, 89X,
245: 2, 35, 4E, 216, 2E2, 5XE, 672, 735,
247: 1, 2, 4, 8, X, 14, 22, 2X, X5, 262, 322, 5X2,
24E: 3, 4, E, 10, 27, 26E, 56E, 714,
251: 1, 5, E, E5,
257: 2, 3, 5, 6, X, 32, 3E, X3, 106, 413, 79X,
25E: 1, 5, 7, 15, 27, 39, 53, 87, 111, 121, 368, 720,
261: 1, 3, 19, 27, 37,
265: 1, 9, 69, X1, X9, 191, 2E9, 345,
267: 2, 3, 4, 6, 14, 2X, 43, 7X, 350, 486, 592, 687,
26E: 1, 2, 5, 6, E, 1E, 27, 49, 71, 166, 81X, 98X,
271: 2, 6, 16, 28, 142, 176, 495, 4E6,
275: 2, 4, 14, 20, 3E, 67, 934,
277: 1, 4, 8, 11, 1E, 128, EE4,
27E: 2, 4, 6, 18, 25, 44, 5X, 159, X56,
281: 1, 2, 5, 7, 8, 11, 15, 16, 19, 38, 63, 65, 87, X7, 211, 244, 2X1, 409, 452, 554, 856,
285: 4, E4, 124, 360,
287: 1, 5, 15, 21, 55, 91, E7, 115, 147, 21E, 547, X67,
28E: 1, 2, 4, 7, 16, 20, 21, 41, 48, 12X, 198, 1X2, 206,
295: 1, 2, 3, 5, 6, 7, 17, 23, 45, 295,
297: 4, 9, 14, 19, 20, 26, 89, 4E1,
29E: 2, 3, 22, 1EX, 46X,
2X1: 1, 3, 4, 9, 19, 37, 49, 111, 153, 157, 2E4, 360, 8E7,
2X5: 1, 2, 4, 6, 58, 74, 410, 458,
2X7: 2, 18, 90,
2E1: 1, 2, 3, X, 25, 29, 2X, 82, 442, 567, XXX, XE1,
2E5: 2, 3, 5, 8, 10, 12, 29, 63, 222, 242, 248, 283, 698, 6X9, 766, 818,
2E7: 2, 3, 8, 18, 23, 33, 3E, 52, 170, 9X8,
2EE: 1, 3, 5, 6, 7, 11, 13, 27, 39, 3X, 6E, 75, 129, 185, 26X, 406, 473, 629,
301: 1, 6, 14, 34, 78, 146, 315, 47X, 866,
305: 2, 3, 6, 8, 12, 14, 28, 4X, 68, 70, 73, 87, 14X, 154, 286, 288, 330,
307: 3, 4, 8, 9, 10, 33, 149, 20E, X23, E24,
30E: 1, 5, 15, 21, 31, 41, 981,
311: 1, 3, 6, 7, 27, 29, 40, 79, 144, 196, 22X,
315: 3, 4, E, 14, 18, 23, 2E, 68, 149, 1E5, 2EE,
317: 1, 2, 3, 16, 2X, 43, 49, 53, 32X, 397, 447, 61X, 731, 763,
31E: 1, 2, 6, X, 10, 11, 12, 15, 17, 27, 2E, 31, 4E, 60, EX, 382, 3X5, 59E, 675, 834, 9E1, E12,
321: 2, 7, E, 8E, 287, 4X3,
325: 1, 2, 5, X, 322, 3E5, 477,
32E: 4,
331: 1, 3, 11, 63, 85, E5, 143, 16E, 225, 305, 375, 6E5,
335: 1, 6, X, 20, 24, 30, 36, 44, X0,
337: 1, 2, 4, 5, 12, 15, 18, 25, 2E, 30, 116, 40E, 5X8,
33E: 1, 3, 7, 9, 160, 3E3, 453, 5E7, XE7,
341: 2, 5, 6, X, 12, 19, 102, 162,
347: 4, 10, 20, 24, 80, 41E,
34E: 1, 2, 3, 7, 2X, 37, XX, 182, 307, 672,
351: 2, 6, 12, 5X, 122, 198, 1X0, 280,
355: 2, 3, 8, X, 144, 246,
357: 1, 3, 59, 185, 230, 539,
35E: 1, 2, 4, X, 10, 12, 24, 54, 246, 400, EE1,
361: 3, 4, 2X, 37, 44, 83, 11X, 13X, 24E,
365: 5, E, 10, 18, 23, 175, 265,
367: 1, 2, 3, E, 12, 1X, 35, 52, 77, 132, 146, 197, 249, 263, 275, 721, X51, E41,
36E: 1, 3, 5, X, E, 16, 70, 84, 271, 320, 759, 950,
371: 2, 4, 6, 8, 1X, 30, 74, 282, 284, 3EE, 540, 646, 836,
375: 1, 9, 91,
377: 2, 5, 2X, 39, 356, 476,
37E: 2, 3, 6, E, 13, 16, 30, 82, 3X2, E58,
385: 1, 2, 5, X, 25, 42, X8, 289, 2X1, 725, 832, 87X,
387: 1, 3, 4, 7, 9, 18, 35X, 624,
38E: 5, 11, 80, 89, 1X0, 249, 3E9, 720,
391: 2, 3, 5, 6, 7, 9, E, 15, 35, 43, 97, 141, 441,
395: 2, 8, X, 10, 1X, 26, 50, 66, 262, X46,
397: 3, 7, 13, 93, X3, 107,
3X1: 1, 2, 4, 6, 9, 12, 19, 24, 25, 160, 17X, 359, 459,
3X5: 3, E, 10, 37, 54, 57, 114, 187, 1E6, 576, 94X, X80,
3X7: 1, 4, 10, 11, 17, 38, 57, 84, 137, 914,
3XE: 2, 4, 20, 2X, 64, 144, 1X4, 268, 2X4,
3E1: 2, 3, 5, 18, 2E, 33, 53, 109, 11E, 139, 18X, 312, 325, 326, E35,
3E5: 1, 8, E, 17, 25, 55, 5E, 67, X5, E1, 125, 12E, 211, 327, 387,
3E7: X, 96X,
3EE: 1, 2, 3, 4, 5, X, 71, 77, 92, X1, 4XX, 4E8, 7X9, 92E,
401: 2, 3, 12, 68, 98, 1E3, 2X3, X57,
405: 1, 7, 9, X, 15, 36, 81, 14X, 1EE, 527, 7EX, E7X,
407: 1, 2, 10, 11, 29, 39, 1E8,
40E: 2, 4, 6, 7, 8, 18, 50, 52, 7X, 102, 20E, 312, 880,
411: 1, 4, 5, 7, 9, 13, 18, 24, 47, 129, 27E, 381, 579, 941,
415: 2, 4, 6, 38, 40, 58, 16X, 250,
41E: 1, 3, 7, 15, 17, 31, 93, 151, 331, 337, 397, 627,
421: 2, 5, 36, 285, 695, 6X5,
425: 1, 2, 3, 6, 7, 10, 16, 18, 23, 3X, 48, 76, 77, 144, 187, 240, 281, 299, 483, E79,
427: 2, 4, 8, 18, 1X, 108, 136, 50X, 8E0,
42E: 1, 2, 3, 6, 9, 27, 33, 52,
431: 1, 4, 9, 20, 26, 29, X1, E1, 10X, 616,
437: 1, 3, 4, 11, 17, 120, 124, 191, X34,
43E: 2, 4, 24, 254, 282, 870,
441: 1, 3, 15, 73, 91, 263, X75, XE9,
445: 1, 4, 5, 14, 31, 65, 68, 187, 38E, 415, E51,
447: 1, 2, 3, 5, 7, E, 42, 61, 141, 153, 333, 492, 503, 852,
44E: 2, 3, 4, 8, 12, 13, 5X, 6X, 8X, 216, 846, 8E0,
451: 3, 8, 18, 24, 53, 218, 400,
455: 3, 7, 25, 33, 45, 7E, 293, 307, 32E, E11,
457: 1, 2, 5, 10, 12, 21, 3X, 48, 56, 88, 13X, 195, 464, 4X0, 505, 586,
45E: 2, 4, 8, X, 2X, 34, 58, 63, 112, 282, 884,
461: 8, 78, 84,
465: 1, 2, 5, 8, 11, 16, 36, 66, 462, 911,
467: 1, 5, 6, 9, 30, X5, 330, 891, X44,
46E: 1, 3, E, 27, 79, X9, 1E8, 253, 497, 547, 755,
475: 1, 2, 3, 4, 5, 7, 8, 13, 14, 22, 33, 63, X4, 218, 230, 26E, 271, 274,
477: 2, 3, 6, 8, 1E, 27, 32, 266, 552, 5X3, 806,
47E: 1, 5, 15, 77, 271,
481: 1, 4, 19, 48,
485: 3, E, 19E, 66E, X83,
487: 3, 7, E, 13, 18, 28, 44, 4E, 67, E3, 200, 630,
491: 1, 2, 4, 8, X, 22, 62, 141, 205, X9X,
495: 1, 3, 4, 11, 14, 651, X81,
497: 2, 5, 6, X5, E2, 175, 233, 64E,
49E: 1, 3, 5, E, 127, 140, 179, 313, 330, 337, E17,
4X1: 3, 6, 7, X, 17, 106, 99E,
4X5: 2, 2X, 92,
4X7: 1, 49, 181,
4XE: 2, 3, 4, 8, 2E, 33, 36, E3, 120, 170, 190, 223, 32E, 73X,
4E1: 3, 7, 8, 57, 60, 8E, 111, 239, 2E5, 418, 721, XX7,
4E5: 1, 2, 4, 5, 16, 25, 2X, 30, 41, 55, 56, 162,
4E7: 2, 3, 4, 5, 9, E, 1X, 25, 2X, 65, 108, 185, 2X2, 84X, 882, X79,
4EE: 3, 10, 14, 19, 1E, X4, 15E, 195, 415,
501: 1, 2, 6, 316, 46X, 5X7,
505: 4, 6, X, 30, 90, 370, 5X6, 5EX, 661, 8EX, 920, X71,
50E: 1, 2, 3, 6, 7, 9, X, 33, 3X, 57, 66, 36X, 7E7,
511: 5, 9, 16, 20, 34, 45, XX, E0, 78X, 880, X2X,
515: 2, 3, 6, 166, 333, 926, 987,
517: 1, 4, 9, 19, 75, 350, 5X7, 897, 8X3,
51E: 2, 4, 5, X, 14, 59, 72, 91, 14X, 165, 175, 184, 188,
521: 1, 2, 3, 4, X, 12, 21, 28, 37, 48, 69, 86, 90, 174, 194, 261,
527: 1, 2, 3, 15, 22, 27, 41, 47, 93, 249, 369, 993,
52E: 1, 5, 25, 27, 37, 3E5, 421,
531: 2, 3, 4, 7, 13, 1X, 3X, 77, 188, 372, 65X,
535: 2, 3, 5, 9, 22, 32, 35, 43, 7X, 492,
537: 1, 2, 4, 6, 24, 41, 168, 186, 206, 215, 268, 2E1, 3X0, 802,
53E: 2E, 150,
541: 1, 5, 8, 27, 31, 3E, 57, 8E, 221, 355, 608,
545: 1, 4, 6, 9, 11, 22, 88, 114, 224, 621, 908,
547: 2, 3, 4, 5, 6, X, E, 12, 19, 26, 2X, 30, 46, 72, 89, 9E, E6, 122, 168, 195, 228,
54E: 8, 20, 50, 598,
551: 1, 3, 5, 3E, 69, 79, X5, 291, 429, 431,
555: 1, 2, 7, 1X, 24, 38, XX, 141, 173, 215, 43E,
557: 2, 3, 4, 8, 10, 1X, 28, 3X, 6X, 72, 108, 153, 2E7, 417, 546,
55E: 2, 3, 5, 9, E, 19, 3E, 52, 65, 10E, 1EE, 452,
565: 2, 6, 10, 30, 38, 58, X2, 372, XE0, E76,
567: 1, 3, 4, 5, 8, 9, 14, 41, 4E, 53, 87, 221, 283, 284, 2E3, 49E, 774, E64,
56E: 2, 8, 30, 46, 75, 80, 144, 189, 235, 2X8, 322, 346, 639, 68X, X25,
571: 2, 6, 116, 152, 456, XX0,
575: 1, 3, 4, 7, E, 77, 240, 390, 3X3,
577: 5, 21, 31, 37, 6E, 111,
581: 2, 3, 4, X, E, 16, 3X, 7X, 304, 4EE, 96E,
585: 1, 2, 3, 6, E, 15, 2E, 66, 79, 157, 315, 4EE, 886,
587: 1, 4, 9, 36, 90, 11X, 406, X0X, EE0,
58E: 2, 7, 8, 13, 5X, 9E, X4, E8, 1E4, 2X7, 353, 37X, 5XX, 792, 96X, E02,
591: 50, 108, 190, 2X8, 328, 689,
595: 1, 5, 25, 609,
597: 1, 2, 5, E, 10, 17, 36, 4E, 265, 377, 416, 436, 488,
59E: 1, 5, 7, 18, 20, 28, 85, 95, 127, 23E, 355, 394, 627, 967,
5X1: 1, 3, 5, E, 15, 21, 113, 163, 33E, 4X7, X0E,
5X5: 2, 3, 4, 8, X, E, 26, 42, 50, 76, 96, E5, EX, 139, 163, 184, 2X3, 550,
5X7: 3, 4, X, 30, 36, 40, 64, 147, 473, 4E7,
5XE: 1, 3, 6, 7, 39, 7X, 211, 285, 336, 575,
5E1: 2, 8, 10, 18, 16X, 35X,
5E5: 6, 16, 26, 7X, 330, 45X, 466, 882,
5EE: 2, 8, 12, 22, 26, 49, 90, 102, 180, 199, 328, 468, 746, E09,
601: 1, 3, 9, X, 2E, 43, 5X, 1X3, 4XX,
605: 1, 3, 4, 8, 13, 18, 21, 43, 4E, X5, 163, 218, 608,
607: 1, 2, 3, 6, 7, 29, 706,
60E: 1, 3, 4, 5, 7, 9, 11, 14, 15, 17, 21, 25, 3X, 54, 58, 5X, 87, 107, 198, 20E, 23X, 553, 5X1, 6E2,
611: 2, 6, 18, 297, 2X8, 380,
617: 2, 4, X, 3E2, 462, 984,
61E: 2, 1X, 86, 176,
621: 1, 3, 5, 13, 20, E1, 757, 914,
625: 1, 4, 5, 9, 10, 16, 24, 35, 231, E5X,
627: 1, 2, 4, 32, 4X, 5E, 292, 94X,
62E: 1, 3, 7, 18, 24, 38, 117, 119, 247, 3X9,
631: 2, 3, 13, 16, 23, 39, 82, 83, 139, 48X, 763,
635: 2, 3, 6, E, 4E, 56, 182, 24E, 5X0, 789, X62,
637: 3, 6, 7, 2E, 33, 46, 127, 294,
63E:
641: 2, X, 31, 72, 78, 334, 368, 739, 79X,
645: 2, 3, 4, 6, 1X, 22, 184, 23E, 340, 407, 626,
647: 1, 3, 5, 9, E, 13, 20, 21, 35, X9, 10E, 150, 25E, 2X9,
64E: 1, 4, 6, 10, 16, 26, 5X, 64, 754, 946,
655: 9, 293,
657: 1, 2, 3, 5, 12, 31, 75, 443, 9X1, X1X,
65E: 4, 10, 14, 10X,
661: E, 4E, 18E, 207,
665: 1, 2, 3, 12, 19, 22, 33, 113, 399,
667: 4, 5, X, 15, 58, 10X, 162, 24X, 258, 49X, 775,
671: 1, 7, 245, 281, 315,
675: 1, 2, 5, 12, 2X, 61, E9, 12X, 182, 21X, 545,
677: 2, 3, 6, 9, 14, 26, 54, X9, 103, 458, 532, 693, 74X, 9X8, X77,
67E: 1, 3, 4, 5, 10, 24, 35, 55, 74, 170, 303, 588,
681:
685: 1, 2, X, 14, 1E, 20, 22, 25, 57, 78, 3E7, 815, X55,
687: 2, 3, X, 17, 1E, 22, 4E, 198, 2XE, 30X,
68E: 2, 3, 9, X, E, 1E, 56, X2, 14E, 269, 273,
691: 2, 4, 6, 11, 12, 21, 9X, 101, 392, 491, 861, 90X,
695: 3, 4, 6, 17, 43, 57, 11X, 133, 146, 50X, E24,
697: 1, 5, 7, 8, 128, 145, 66E,
69E: 1, 2, 4, 6, 8, X, 12, 20, 24, 28, 40, 44, 64, 68, 8X, X0, 144, 559,
6X1: 3, 4, 5, 25, 28, 95, 138, 84E, 8E8,
6X5: 1, 3, 7, 9, 1E, 21, 33, 41, 229, 261, 677,
6XE: 1, 3, 7, 51, 5E, 1E3, 213, 237, 293, 452,
6E1: 2, 4, 7, X, 12, 3X, 147, 352, 367, 453, 5X2,
6E5: 2, 3, 19, 29, 2E, 33, 35, 36, 49, 96, 29X, 42X, 843, X16,
6E7: 1, 2, 5, 9, 11, 12, 21, 35, 2X8, 358, 616,
6EE: 2, 6, 7, 8, 1X, 1E, 34, 3X, 42, 74, 42E, 807,
701: 1, 3, 4, 8, 15, X8, 108, 174, 205, 3E3, 757, 83E,
707: 17, 67, 247,
70E: 3, 4, 5, E, 10, 39, XE, 185, 18E, 4X5, 853,
711: 1, 2, 5, 7, E, 11, 21, 37, 191, 29E,
715: 1, 2, 11, 2X, 124, 198, 382, 631, XX7,
717: 2, 3, 4, 8, 13, 2E, 12E, 258, 3X8, 524, 558, 848,
71E: 1, 2, 6, 9, 11, 12, 15, 49, 131, 132, 175, 212, 34E, 361,
721: 1, 5, 6, 19, 21, 31, 40, 261, X61,
725: 3, 4, 7, 1X, 134, 66E, 70E, EX3,
727: 4, 14, 60, 74, E4, 448, 920, E74,
72E: 1, 49, 175, 819,
731: 1, 3, E, 11, 17, 19, 29, 55, 66, 141, 187, 1X3, 1E5,
735: 4, 10, 21, E5, 414, 460, 61E, 945, X37, EE0,
737: 1, 2, 3, 5, 9, 1X, 21, 49, 4X, 63, X3, 12E, 755, EX9,
73E: 2, 3, 4, E, 29, 44, 5X, 145, 263, 348,
745: 1, 5, 11, 31, 169, 199, 245, 309, 705, X76,
747: 1, 2, 5, 6, 41, 44, 46, 70, 88, EX, 131, 134, 484,
74E: 3, 243, 937,
751: 3, 38, 45, 63, 3X3,
755: 1, 2, 5, 8, 9, 12, 16, 52, E9, 201,
757: 1, 3, 4, 6, 17, 27, 37, 5X, 71, 7X, 280, 511, 545,
761: 1, 2, 3, 6, X, 59,
765: 2, 3, 6, 8, 33, 44, 293, 2E6, 51E, 55E, 804, 8E2,
767: 3, 7, 10, 22, 5E, E3, 190, 722, 827,
76E: 2, 12X, 68X, 792,
771: 5, 419, 579,
775: 2, 3, 6, 12, 30, 53, 58, 130, 308, 343, 503, 84E, E14,
777: 1, 7, 8, 9, 18, 80, 144, 701, 765, XX4,
77E: 1, 5, X, 1X, 41, 45,
781: 1, 8, 12, 25, 26, 45, 140, 15X, 26X, 311, E18,
785: 1, 3, 9, 23, 59, 113, 221, 3X8,
787: 2, 3, 6, 152, 362,
78E: 1, 2, 3, 5, 18, 23, 28, 82, X1, XE, 16E, 2E5, 2E8, 358, 3X9,
791: 6, 2X, 3X, 406,
795: 1, 2, 3, 5, X, E, 1X, 22, 23, 35, 4X, 6X, 237, 479, 57X,
79E: 2, 3, 4, 8, 16, 56, 7X, 83, 103, 112, 12X, X43,
7X1: 1, 3, 29, 88, 89, X8, 2E0, 311, 363, 843,
7X5: 4, 8, X, 10, 15, 16, 30, 32, 44, 5X, 112, 116, 178, 395, 6X2,
7X7: 1, 2, 3, 5, 9, X, E, 25, 2E, 32, 37, 38, 129, 355, 60X,
7XE: 4, 5, 8, E, 24, 5E, 145, 358, 368, 425, 648,
7E1: 1, 2, 3, 5, 7, 11, 17, 29, 4E, 6E, 143, 167, 213, 273, 527, X6E, E93,
7E7: 7, 8, 17, 20, 2E, 32, 6E, 70, 76, E6, 192, 310, 607, E18,
7EE: 3, 6, 7, 9, X, 26, 127, 531, X49, X6X,
801: 2, 4, 6, X, 1X, 35, 110, 169, 182, 304, 386, 469, 52X, X95,
805: 2, 3, 16, 17, 26, 62, XE, 11E, 423, 646,
807: 3, 4, 35, 37, 241, 41E, 883, 950, X53,
80E: 1, 2, 9, 14, 18, 24, 32, 9X, 1X2, 38X, 395, 3E8, 432, 451, 60X, E3X,
811: 1, 2, 3, 4, 8, 10, 42, 57, 89, 196, 304, 342, 358, 412, 690, 8E4,
815: 14, 354,
817: 3, 13, 103, 135,
81E: 1, 2, 7, 11, 15, 16, 17, 18, 24, 26, 31, 35, 87, 88, X2, 1X5, 635,
821: 2, 4, X, 14, 22, 11X, 35X,
825: 3, 5, 6, X, E, 1X, 3X, EX, 28X, 73E, E36,
827: 1, 2, 4, 5, 9, 10, 50, 379, X58,
82E: 3, X, 36, 43, 57, 9E, X3, 243, 253, 2E7, 38E, 557, E93,
835: 1, 2, 4, 11, 18, 66, 92, 262, X46,
837: 2, 4, 8, 128, 12X, 23X, 276, 2E8, 59X, 790,
83E: 1, 5, 8, 15, 53, 87, 121, 133,
841: X, E, 27, 273,
845: 1, 2, 3, 4, 38, 59, 72, 1E1, 1E7, 531, 693,
847: 2, 3, 6, 62, 86, 162, 230, 2E0, 486,
851: 1, 2, 6, 8, 28, 29, 32, 642, 882,
855: 57, E7, 204, 3X4, 747,
857: 3, 5, 27, 31, 259, 327, 333, XEE,
85E: 5,
861: 1, 3, 5, 7, 15, 17, 69, E1, X11, X13,
865: 1, 3, 4, 5, 14, 23, 29, 31, 39, 64, 15E, 29E, 33E, 39E,
867: 2, 5, X, 15, 97, 1X7, 21X, 235, 321, 34E, 476,
86E: 1, 2, 4, 6, 8, 11, 12, 18, 28, 32, 3X, 1E2, 251, 2X9, 452, 51X, E00, E79,
871: 2, 3, 8, X, 12, 4E, 1X3, 29X,
875: 1, 2, 3, 5, 6, 37, 47, 62, 73, 167, 2E6, 596,
877: 1, 4X, 211, 629,
87E: 2, 4, 24, 38, 7X, 82, 144, 1XX, 312,
881: 1, 3, 11, 237, 627,
885: 2, 4, 5, 6, 10, 14, 16, 2X, X0, 282, 624, 76X,
88E: 4, 70, 7X4,
891: 1, 2, 3, 9, 15, 1E, 29, 37, 43, X5, E3, 11E, 2E7, 542, 763, 95E, 9E5,
895: 3, 4, 55, 56, 60, 189, 200,
897: 2, 3, 4, 6, 8, 20, 32, 43, 7E, 1E0, 30E,
89E: 1, 3, 6, 7, 9, 16, 26, 27, 39, 43, 91, 1X7, 215, 246, 366, 597, X69,
8X1: 2, 4, 20, 2X, 38, 48, 194, 494, 650, 696, 848, EX4,
8X7: 3, 4, 5, 13, 14, 58, 658, 673,
8XE: 6, 8, 11, 40, 101, 189,
8E1: 3, 5, E, 15, 16, 50, 56, 69, 233, 324, 404, 429, 605, X20,
8E5: 1, 3, 4, 14, 21, 27, 4E, 68, 81, 449,
8E7: 1, X, 11, 26, 3X, 47, 76,
8EE: 1, 2, 3, 4, 6, 10, 2X, 5E, 154, 1X8, 329, 378, 435, 64X,
901: 2, 3, 10, 67, 113, 158, 183, 668,
905: 1, 5, E7,
907: 1, 4, 5, 9, 11, 2X, 79, 1E5, 264, 3E4, 691,
90E: 2, 3, 4, 30, 76, 18X, 19E, 246, 610, 913,
911: 1, 3, 4, 8, 37, 61, 70, 87, E8, 245, 315, 411, 440, E18,
915: 1, 4, 5, 6, 9, 31, 56, 249, 449, 61X, 675, 87X,
917: 1, 2, 4, 7, 8, 58, E0, 141, 167, 295, X67,
91E: 1, 3, 4, 23, 39, 78, 79, E7, 104, 171, 274, 6X4, 818,
925: 2, 16, 128, 146, 7E8, X42, XE8,
927: 3, 23, 67, XE, 157,
92E: 1, 2, 3, 5, 17, 1X, 2X, 4E, 8X, 472, 495, 502,
931: 1, 4, 8, 10, 59, 288, 344,
935: 2, 7, 16, 122, 133, 268, 332, 84E,
937: 1, 3, 7, 8, 27, 45, 78, X8, 147, 375, 841, 963,
941: 2, 3, 4, 9, E, 11, 19, 25, 2E, 805, X28,
945: 3, 4, 8, 19, 49, 90, X5, 124, 15E, 1E9, 228, 27E, 364, 834, E54,
947: 26, 18X, 766,
94E: 3, 4, 6, 17, 27, 46, 5X, 61, 76, 87, 99, 123, 151, 197, 231, 5X4, E91,
951: 2, 4, 12, 28, 37, 90, 104, 158, 327, 437, 692, 922, E32,
955: 2, 3, 6, 12, 1X, 29, 43, X6, 129, 149,
957: 4, 6, 8, 9, 10, 16, 30, 52, 130, 29X, 2X2, 315, 548, 63X,
95E: 2, 12, 30, 60, EE, 102,
961: 3, 5, E, 25, 31, 67, 79, 161, 385, 431,
965: 1, 2, 31, 6X, 182, 208, 442, 98X,
967: 2, 3, 6, 10, 18, 38, E38,
96E: 1, 3,
971: 2, 3, 5, 6, 7, 9, 15, 19, 4E, 3E9, 453,
975: 1, 6, 28, 75, X4, 367, 8X4, E1E,
97E: 3, 7E, 375,
981: 1, 2, 5, 6, X, 49, 51, 55, 66, 79, 8X, 1EX, 479, 511,
985: 3, 7, 1E, 4E, EE, 134, 24X, 42E, 597, 7E7, X1E,
987: 5, 15, 58, 644, X9E, E24,
98E: 2, 4, 6, 12, 18, 2X, 54, X6, 15X, 178, 220, 234, 242, 378, 888,
991: 15,
997: 1, 3, 5, 7, 9, 13, 41, 85, 109, 113, 187, 253, 387, E73,
99E: 3, E, 15, 17, 18, 85, E9, 1X3, 308,
9X1: 3, 4, 6, 7, X, 10, 13, 56, 57, 87, E6, 194, 56X,
9X5: 1, 2, 3, 6, E, 12, 17, 19, 87, XE, 1E5, 2X9, 3XE, 442,
9X7: 2, 5, 6, 11, 62, 108, 232, 309,
9XE: 2, 4, 7, 10, 24, 78, X4, 158, 24E, 307,
9E1: 8, 18, 34, 44,
9E5: 2, X, 10, 22, 38, 92, 788,
9E7: 1, 2, 3, 4, 17, 41, 49, 76, 7E, 85, 118, 32X, 41X, 637, XXX,
9EE: 1, 5, 7, 10, 19, 33, 39, 65, 123, 131, 3E7,
X01: 1, 2, 5, 7, X, 16, 92, 525, 805,
X05: 1, 2, 3, X, 13, 17, 18, 24, 72, 7X, 13X, 198, 1X3, 4X7,
X07: 2, 3, 4, X, 12, 34, 4E, 22E, 418,
X0E: 1, 2, 3, 5, 6, 7, 2E, 239, 276, 35E, 56E,
X15: 3, E, 4E, 203, 367, 96E,
X17: 1, 3, 7, 9, 20, 24, 50, 59, 129, 228, 2X0,
X1E: 1, 2, 4, 5, 6, 8, 19, 2X, 32, 22X, 2E5, 918,
X21: 1, 2, 3, 10, 18, 100, 172, 17E, E32,
X25: 4, 5, 8, 41, 45, 55, 101, 184, 56E, 78E,
X27: 1, 2, 3, 12, 59, 22X, 397, 71X, 843,
X31: 3, 4, E, 1X, 33, 4E, 73, 8X, 11X, 2XE, 30E, 432, 533, 763, 7XX, 833,
X35: 66, 866, E3X,
X37: 1, 61, X25,
X3E: 3, 4, 7, 10, 20, 22, 4X, 34X, 524, X60,
X41: 3, 5, E, 39, 73, 8E, 1X5, 565, X88,
X45: 1, 5, 15, 29, 341,
X47: 1, 3, 5, XX, 116, 280, 446,
X4E: 1, 3, 4, 29, 139, 155, 163, 188, 191, 223, 228, 428, 651, 655, 6X8,
X51: 1, 3, 7, 29, 106, 177,
X55: 1, 2, 3, 4, 6, 9, 10, 16, 1X, 28, 2E, 49, 83, 8E, 90, E8, 371, 574,
X57: 98,
X5E: 1, 2, 11, 41, 46, 121, 181, 3E6,
X61: 8, 9, 1X,
X65: 2, 3, 4, 8, X, 12, 1E, 30, 7X, X3, X6, XX, 174, 204, 39X, 972,
X6E: 1, 4, 5, 6, 16, 19, 29, 30, 109, 185, 4X5, 821,
X71: 2, 4, 8, 10, 14, 16, 1X, 7X, 88, 108, 198,
X75: 3, 4, 19, 167, 197, 693,
X77: 3, 5, 15, X6, 115, 169, 203, 37X, 56E, 8XX,
X7E: 1, 3, 7, E, 1E, 81, 195, 585,
X81: 3, 6, 16, 50, 83, 196, 227, 39X,
X87: 1, 2, 6, 8, 14, 16, 66, 71, 160, 312,
X8E: 3, 7, 24, 43, 63, 82, 84, 93, 143, 190, 3E7,
X91: 3, 7, 18, 20, 23, 878,
X95: 2, 4, 5, X, 16, 20, 45, 131, 2E4, 344, 410, 465,
X97: 1, 3, 4, 7, 1E, 34, 3X, 45, 47, 48, 4E, 94, X2, 163, 174, 1X4, 203, 3X5, 432, 587, 804, 81E,
X9E: 18, 64, 174,
XX1: 1, 3, 9, 57, 83, 93, 97, E1, E7, 39E, 829,
XX5: 1, 3, 39, XX3,
XX7: 2, 6, E, 27, 127, 157, 20X, EEE,
XXE: 1, 2, 3, 17, 21, 462,
XE1: 2, 4, 5, 19, 1X, 25, 68, X4, 329, 966, EEX,
XE5: 2, 3, 6, 8, 20, 7E, 97, 12E, 173, 266,
XE7: 1, 3, 4, 7, 1E, 2E, 35, 5XE, 657,
XEE: 1, 2, 5, 8, X, 18, 51, 61, E8, 108, 26X, 584, 601,
E05: 3, 8, 15, 34, 54, 69, 88, 188, 233, 294, 354, 745, 754, 999,
E07: 1, 2, 3, 5, 2E, 39, 56, 76, 87, 96, XE, 139, 156, 319, 32E, 6XE,
E0E: 1, 2, 4, 6, 21, 122, 158, 428, 952, EE2,
E11: 2, 3, 4, 14, 18, 23, 68, EE, 222, 3E3, E9E,
E15: 3, 16, 6E, 142, X42,
E17: 2, 5, 10, 15, 46, 65, 4X9,
E21: 1, 5, 8, 47, 55, 75, X8, 185, 2X4, 8E8,
E25: 1, 389, 631,
E27: 2, 3, 4, 10, 16, 1X, 20, 29, 39, 69, XX, 154, 172, 189, 385, 70X, 764, 85E, E18, E28,
E2E: 1, 3, 7, E, 20, 30, 118, 55E,
E31: 1, 3, 6, 11, 19, 27, 36, 45, 86, 429,
E35: 1, 2, 3, 7, 17, 1X, 95, 263, 58X, 832, 9E9,
E37: 2, 3, 6, 8, 10, 20, 43, 50, 56, 93, 493, 78X, E94,
E3E: 1, 2, 3, 5, 12, 13, 19, 22, 33, 4X, X7, 122, 131, 192, 207, 20E, 6X1, 862, EE2,
E41: 1, 2, 6, 8, 11, 18, 31, 32, 41, 2X2, 302, XE8,
E45: 2, 8, 28, 4X, 104, 1E6,
E47: 1, 3, 5, 241,
E4E: 2, 8, 10, 12, 26, 45, 46, 65, 96, 132, 159, 45X, 525, 798,
E51: 3, 9, 16, 27, 29, 37, 40, 47, 6E, 9E, 21E, 24E, 323,
E55: 1, 3, 4, 5, 9, E, 10, 14, 29, 33, E0, 5XE,
E5E: 2, 3, 4, 9, X, 16, 26, 36, 42, 49, 62, 132, 174, 1E0, 222, 357, 479,
E61: 3, 4, 6, 14, 23, 26, X0, 170, 250, 55X, 6X3,
E65: 3, 7, 2X7, 486, 816, 886, X99,
E67: 4, 3X, 64, 94, 17X, 516, 616,
E6E: 2, 3, 4, 12, 1E, 2X, 43, 31X, 36E,
E71: 1, 3, 8, 23, 30, 34, X9, 203, 227, 330, 434, 823,
E77: 1, 2, 3, 7, 9, 18, 28, 39, 41, 70, 99, X9, 138, 160,
E7E: 1, 20, 2E, 40, 18E, 19E, 338,
E81: 1, 3, E, 13, X3, 78E, 793,
E85: 3, 4, 10, 36, 7E, X6, 104, 14E, 153, 389, 538, 679, 743, X0X,
E87: 2, 3, 6, X, 1X, 5E, 132, 144, 182, 286, 5X2,
E8E: 3, 5, 7, 9, 2E, 99, 15E,
E91: 2, 6, 10, 28, 90, 360, 782,
E95: 2, 3, 6, X, 36, 56, 12X, 13X,
E97: 3, 4, 9, 300,
E9E: 2, 6, 28, 638,
EX1: 1, 3, 4, 7, 16, 20, 31, 6E, 159, 385, 60X, 699,
EX5: 1, 3, 8, E, 14, 24, 71, 91, 97, 621, 9E4,
EX7: 1, 2, 3, 23, 31, 111, 113, 302, 44X, 869, 927, 9X1, X11,
EXE: 2, 3, 6, 10, 4X, 222,
EE5: 1, 3, 6, 7, X, 11, 15, 27, 35, 6E, 91, 117, 165, 431, 445, 891, XX6,
EE7: 2, 3, 4, 8, X, 12X, 164, 92X,
EEE: 2, 4, 8, E, 14, 23, 34, 48, X4, 126, 170, 184, 254, 574, 69X,
