2: 1, 2, 4, 6, 12, 16, 18, 30, 60, 88, 106, 126, 520, 606,
3: 1, 2, 3, 7, 8, 12, 20, 23, 27, 35, 56, 62, 68, 131, 222, 384, 387, 579, 644,
4: 1, 2, 3, 6, 8, 9, 15, 30, 44, 53, 63, 260, 303, 639,
5: 4, 6, 16, 24, 30, 54, 96, 178, 274,
6: 1, 2, 3, 4, 5, 12, 16, 26, 27, 36, 40, 45, 49, 52, 53, 75, 140, 150, 167, 245, 250, 755, 785, 825, 970,
7: 1, 2, 4, 5, 14, 24, 29, 36, 46, 80, 474, 1018,
8: 2, 4, 6, 10, 20, 42, 202, 426, 734, 760,
9: 1, 4, 6, 10, 28, 31, 34, 111, 192, 322, 886,
10: 1, 2, 3, 5, 7, 26, 27, 53, 147, 236, 248, 386, 401, 546, 785,
11: 2, 8, 248,
12: 1, 5, 9, 13, 48, 53, 57, 66, 388,
13: 2, 8, 10, 64, 76, 118, 120, 258, 303, 332, 364, 528, 811,
14: 4, 10, 124, 550,
15: 1, 2, 5, 7, 8, 10, 20, 209, 233, 245, 469,
16: 1, 3, 4, 15, 22, 130, 570, 804,
17: 2, 30, 74, 122, 386, 476, 630,
18: 2, 24, 74, 80, 942,
19: 1, 12, 21, 76, 138, 162, 177,
20: 10, 14,
21: 1, 2, 3, 4, 7, 12, 30, 33, 105, 270, 462, 584, 746,
22: 1, 2, 5, 9, 13, 21, 73, 148, 636,
23: 6, 16, 42,
24: 1, 2, 3, 7, 27, 50, 287, 315, 451, 554,
25: 2, 3, 8, 12, 15, 27, 48, 89, 137, 666,
26: 6, 348, 654,
27: 1, 4, 9, 74, 128, 129, 193,
28: 2, 4, 7, 12, 27, 56, 82, 224, 272, 540,
29: 136,
30: 1, 25, 142, 217, 709,
31: 1, 3, 6, 9, 38, 54, 109, 313, 932, 987,
32: 6, 12, 104, 456,
33: 6, 10, 511,
34: 1, 2, 3, 4, 5, 8, 9, 28, 35, 42, 44, 74, 75, 107, 198, 237, 280, 472, 577, 644,
35: 6, 8, 20,
36: 1, 2, 6, 8, 13, 18, 20, 26, 70, 75, 125, 485, 936, 988,
37: 1, 13, 33, 36, 265, 556, 705,
38: 2, 20, 134,
39: 2, 6, 12, 20, 117, 276, 285,
40: 1, 10, 11, 12, 22, 29, 36, 84, 106, 214, 279, 330,
41: 2, 60, 76, 210,
42: 1, 2, 4, 22, 34, 106, 113, 185,
43: 2, 3, 46, 108, 154, 680, 704,
44: 4, 28, 132, 154,
45: 1, 2, 6, 8, 38, 61, 200, 248, 444, 569,
46: 2, 3, 5, 33, 150, 155, 201, 630, 881,
47: 4, 34,
48: 4, 7, 8, 14, 30, 44, 128, 308, 332, 390, 504,
49: 1, 2, 7, 12, 18, 23, 40, 237, 509,
50: 2, 4, 8, 108,
51: 1, 4, 99, 1014,
52: 1, 2, 12, 20, 32, 122, 276, 434,
53: 44, 56, 180, 554, 834, 876,
54: 1, 3, 15, 25, 46, 166, 369,
55: 1, 3, 8, 10, 11, 33, 93, 174, 229, 1008,
56: 2, 6, 8, 12, 16, 76, 148,
57: 1, 5, 26, 42, 52, 217,
58: 3, 46,
59: 2, 8, 72, 342,
60: 5, 32, 980,
61: 3, 9, 13, 82, 156,
62: 2, 4, 16, 20, 260, 364, 544,
63: 2, 4, 14, 52, 238, 350, 911,
64: 1, 2, 3, 5, 10, 21, 101, 213, 367, 380, 536, 737,
65: 4, 48,
66: 1, 20, 39, 249, 319,
67: 768, 861,
68: 4, 12, 154, 294,
69: 1, 2, 3, 6, 8, 35, 90, 425, 499,
70: 1, 4, 10, 11, 57, 144, 146, 261,
71: 52, 628,
72: 34, 76, 606,
73: 2, 6, 11, 14, 870,
74: 132, 150,
75: 1, 4, 5, 15, 29, 33, 145, 174, 421,
76: 1, 2, 4, 6, 28, 40, 47, 98, 139, 314, 368, 559, 638,
77: 14, 24, 28, 122, 200, 358, 692,
78: 7, 47, 100,
79: 1, 4, 6, 22, 42, 88, 91, 132, 165,
80: 2, 20,
81: 2, 3, 5, 14, 17, 96, 161, 443,
82: 1, 4, 5, 10, 21, 22, 41, 301, 413, 529, 869,
83: 8, 10, 12, 14, 26, 32, 756, 1008,
84: 1, 4, 5, 6, 13, 35, 65, 101, 113, 241, 849,
85: 2, 7, 10, 11, 35, 42, 51, 141,
86: 10, 124, 324, 510,
87: 1, 2, 92, 126, 162, 264, 638,
88: 24, 35, 90, 248, 444, 558,
89: 60, 94,
90: 1, 3, 7, 20, 22, 28, 31, 103, 454,
91: 1, 2, 3, 8, 12, 18, 38, 262, 393,
92: 2, 18, 410, 888,
93: 3, 4, 24, 111, 208,
94: 5, 20, 48, 75,
95: 2, 8, 12, 78, 192,
96: 1, 4, 7, 9, 10, 11, 15, 54, 124,
97: 1, 36, 80, 165, 210, 401,
98: 2, 4, 18, 46, 114, 260,
99: 1, 3, 6, 12, 65, 138, 259, 273, 311, 941,
100: 1, 13, 118, 124, 193, 273,
101: 42, 110,
102: 2, 24, 105, 710,
103: 4, 90, 871,
104: 68, 190, 788,
105: 6, 9, 76, 159, 252, 638,
106: 1, 4, 10, 60, 62, 292,
107:
108: 2, 3, 20, 75, 1010,
109: 2, 12, 15, 30, 42,
110: 16, 88,
111: 24, 59, 84, 120, 995,
112: 1, 2, 5, 28, 388,
113: 2,
114: 1, 4, 12, 28, 37, 57, 112, 694, 928,
115: 1, 2, 6, 13, 26, 37, 50, 90, 189,
116: 32, 144, 174, 870,
117: 1, 5, 18, 45, 48, 81, 82, 124,
118: 2, 20, 30, 728,
119: 28, 278, 598, 826,
120: 1, 3, 4, 7, 41, 68, 193, 564, 691,
121: 1, 4, 124,
122: 6, 36, 68, 260, 278,
123: 8, 11, 42, 50, 840,
124: 4, 11, 22, 96, 285, 964,
125: 2, 8, 10, 18, 32, 444, 922, 1020,
126: 1, 2, 3, 71, 110,
127: 2, 22, 26, 98, 134, 182, 248, 704, 972,
128: 18,
129: 1, 5, 36, 114, 126, 834,
130: 3, 17, 44, 51, 339, 840,
131: 4, 76,
132: 1, 2, 5,
133: 4, 6, 8, 10, 55, 195, 324, 382, 454,
134: 2, 10, 66, 250,
135: 1, 6, 7, 13, 28, 49, 81, 147, 217,
136: 1, 8, 9, 13, 14, 15, 30, 44, 246, 288, 305,
137: 2, 26,
138: 4, 12, 19,
139: 1, 3, 4, 8, 12, 19, 40, 41, 152, 312, 393, 423, 649, 721,
140: 2, 24,
141: 1, 2, 3, 14, 129, 166, 327, 390, 431, 974,
142: 1, 114, 480, 633,
143: 2, 8, 72, 74,
144: 24, 33, 194,
145: 12, 13, 63, 76, 88, 268,
146: 16, 780,
147: 1, 4, 9, 25, 72, 137, 616,
148: 4, 43, 75, 99, 939,
149: 4, 478,
150: 8, 21, 182, 492,
151: 5, 86, 134, 438,
152: 796,
153: 2, 11, 15, 139, 690,
154: 1, 2, 3, 6, 14, 16, 24, 70,
155: 2, 10, 630,
156: 1, 4, 51,
157: 1, 2, 6, 8, 57, 721,
158: 2, 8,
159: 1, 28, 108, 325, 335, 1015,
160: 2, 5, 34, 62,
161: 228, 300, 650,
162: 10, 14, 16, 28, 160, 174,
163: 84, 154,
164: 2, 6, 12,
165: 2, 14, 21, 59,
166: 1, 3, 4, 10, 24, 27, 57, 153, 862,
167: 8, 16, 38,
168: 7, 44, 47, 78, 194, 818,
169: 1, 4, 5, 32, 38, 59, 60, 129, 166, 182, 264, 635, 681,
170:
171: 2, 5, 9, 39, 579,
172: 2, 150, 249,
173: 4, 376, 622,
174: 1, 4, 18, 51, 90, 233,
175: 1, 5, 6, 9, 28, 32, 38, 50, 60, 121,
176: 6, 90, 188, 456,
177: 1, 636, 900,
178: 2, 3, 180, 852, 975,
179: 2, 44,
180: 1, 39, 172,
181: 2, 3, 6, 9, 18, 42, 173, 353, 419,
182: 4, 30,
183: 2, 11, 440, 444, 882,
184: 1, 9, 37, 39, 42, 780, 985,
185: 2, 30, 92,
186: 2, 5, 17, 20, 914,
187: 1, 6, 9, 60, 778,
188: 2, 46, 58, 68, 98,
189: 3, 11,
190: 1, 13, 159,
191: 970,
192: 1, 2, 69, 104, 177,
193: 6, 38, 50, 228, 275,
194: 42, 174, 384, 846,
195: 1, 4, 28, 42, 68, 84, 262, 702, 791,
196: 2, 5, 62, 275,
197: 2, 4, 8,
198: 3, 6, 7, 22, 928,
199: 1, 2, 3, 12,
200: 2, 32,
201: 1, 4, 12, 73, 141, 232, 529,
202: 17, 50, 165, 400, 698,
203: 4, 30, 448,
204: 2, 49, 64, 89, 269,
205: 1, 3, 6, 28, 46, 178,
206: 2, 140, 1010,
207: 45, 80, 453,
208: 6, 7, 40, 904,
209: 6, 56, 94, 146, 544,
210: 1, 3, 5, 19, 20, 31, 43, 44, 88, 440, 712, 845,
211: 1, 2, 42, 111, 224, 498, 617,
212: 12, 18, 84,
213: 3, 8, 115, 146,
214: 2, 3, 5, 9, 15, 17, 24, 26, 56,
215:
216: 1, 4, 9, 12, 15, 25, 50, 275, 624, 725,
217: 1, 9, 57, 65, 126,
218: 4,
219: 15, 742,
220: 1, 2, 23, 49, 109, 259, 750,
221: 18, 108,
222: 1, 5, 6, 173, 702, 725,
223: 3, 44,
224: 108, 976,
225: 1, 4, 5, 10,
226: 6, 7, 27, 985,
227: 12, 500,
228: 2, 306,
229: 1, 4, 6, 123, 401,
230: 14, 26, 32, 106, 346, 618,
231: 1, 2, 9, 13, 81, 96, 305, 717, 1007,
232: 1, 2, 8, 9, 20, 22, 45, 60, 690,
233:
234: 1, 6, 14, 51, 75, 200, 396, 605, 725,
235: 180, 387,
236: 30, 142,
237: 2, 4, 9, 64,
238: 2, 336, 482, 668,
239: 10, 76, 578,
240: 1, 4, 16, 46, 66, 81, 361, 456, 474,
241: 3, 11, 35, 590,
242: 2, 192, 786,
243: 4, 7,
244: 1, 8, 10, 34,
245: 2, 8, 10, 152,
246: 1, 18, 26, 35, 36, 55, 458, 672, 769,
247: 4, 298,
248: 2, 12, 24, 48,
249: 2, 3, 80,
250: 1, 15,
251: 2, 12, 42,
252: 1, 121, 444, 500, 758,
253: 4, 6, 16, 18, 54, 168, 262,
254:
255: 1, 3, 5, 8, 47, 111, 193, 746, 977,
256: 2, 11, 65, 285, 402,
257: 22,
258: 28,
259: 2, 3, 7, 14, 16, 20, 22,
260: 120,
261: 1, 52, 354,
262: 1, 8, 386,
263: 2,
264: 5, 555,
265: 2, 39, 68,
266: 2, 22, 32, 56, 154, 660,
267: 56,
268: 15, 67,
269: 20, 26, 68, 240,
270: 2, 32, 57, 102, 465,
271: 1, 22, 40,
272: 6, 58, 284, 358,
273: 2, 3, 6, 11, 31, 50, 286,
274: 1, 2, 13, 16, 81, 521, 610,
275: 4, 16, 180,
276:
277: 2, 221,
278:
279: 1, 40,
280: 2, 7, 28, 56, 67,
281: 12, 16, 66, 70,
282: 1, 4, 16, 93, 210, 241, 330,
283: 6, 50,
284: 416, 606,
285: 1, 3, 7, 10, 119, 239, 390, 743,
286: 1, 13, 29, 30, 94, 131, 705, 952,
287: 42, 394, 426, 750,
288: 2, 6, 26, 38, 66,
289: 1, 15, 37, 61, 193, 238, 315,
290: 20, 32, 806,
291: 2, 387,
292: 4, 5, 28, 29, 953,
293: 2, 62, 898,
294: 1, 2, 11, 22, 171, 407, 604, 780,
295: 2, 3, 8, 12,
296: 36, 126,
297: 1, 2, 18, 26,
298:
299: 4, 10, 28, 952, 1020,
300: 1, 2, 4, 7, 8, 9, 12, 15, 20, 106,
301: 1, 2, 5, 14, 29, 556, 688,
302: 6, 46,
303:
304: 1, 2, 8, 9, 48, 61, 270,
305: 2, 54, 92, 830,
306: 11, 16, 65,
307: 1, 4, 8, 17, 364, 380,
308: 990,
309: 1, 4, 5, 29, 43, 160, 198,
310: 1, 4, 6, 13, 60, 112, 226, 493, 753,
311: 2, 632,
312: 2, 65,
313: 4, 11,
314: 74, 394,
315: 5, 6, 26, 126, 308,
316: 1, 4, 7, 10, 47, 126, 439, 444,
317: 10,
318: 6, 216,
319: 6, 21, 149,
320: 4, 6, 112,
321: 1, 2, 6, 14, 261, 845,
322: 1, 2, 8, 12, 18, 21, 48, 66, 205, 300,
323: 2, 10, 48, 208,
324: 1, 12, 37, 40, 471, 930,
325: 9, 72, 588,
326: 12,
327: 1, 85, 521,
328: 80, 99,
329: 2, 4, 34, 258, 372,
330: 1, 5, 10, 85, 94, 178, 797,
331: 1, 3, 4, 10, 15, 18, 192, 336, 888,
332: 2,
333: 14, 23, 63, 87, 219,
334: 3, 4, 41, 90, 198, 257, 351, 381, 390, 456, 502,
335: 2, 16, 44, 50, 342,
336: 3, 9, 12, 27, 35, 60, 990,
337: 1, 6, 25, 320, 345,
338: 12, 24, 498,
339: 1, 2, 107,
340: 60, 120, 165,
341: 36,
342: 1, 14, 17, 40, 90, 130, 810, 934,
343: 8, 12, 158,
344: 4, 22, 68, 100, 144,
345: 34, 96, 564,
346: 1, 2, 3, 18, 81, 441,
347: 522,
348: 3, 34,
349: 15, 112,
350: 14, 28, 414,
351: 1, 3, 8, 15, 135, 911,
352: 6, 28, 45, 46, 150, 916,
353: 2, 6, 14,
354: 3, 12, 27, 188, 203, 510,
355: 1, 21, 161, 426,
356: 4, 388, 448,
357: 5, 24, 25, 30, 124, 357, 665,
358: 4, 6, 22, 123,
359: 10, 12, 22, 82, 114, 388, 586,
360: 1, 7, 55, 59, 206, 471, 477,
361: 6, 38, 69, 81,
362: 4,
363: 2, 4, 22, 66,
364: 1, 2, 5, 44, 159, 189, 316,
365: 2, 30, 44, 174,
366: 3, 4, 6, 111, 720, 999,
367: 1, 2, 120,
368: 8, 200, 246, 248,
369: 3, 5, 29, 147, 420,
370: 1, 3, 5, 23, 50, 52, 110, 225, 452,
371: 8, 10, 16, 42, 112, 318,
372: 1, 2, 6, 26, 33, 40,
373: 3, 4, 19, 39, 48, 66, 159, 187,
374: 2, 8, 30, 38, 120,
375: 2, 3, 62, 212, 992,
376: 1, 3, 4, 145, 155, 204, 310, 441, 603,
377: 4, 22, 28, 168, 246, 764,
378: 2, 3, 27, 82, 555, 822,
379: 1, 2, 5, 24, 44, 176, 208, 499, 572,
380:
381: 1, 5, 8, 9, 13, 60, 89, 104,
382:
383:
384: 2, 5, 7, 12, 14, 110,
385: 1, 19, 168, 223, 284, 1023,
386: 2, 6, 14, 30, 46, 80, 92,
387: 1, 30, 1021,
388: 3, 60,
389: 20, 180,
390: 4, 9, 34,
391: 2, 3, 4, 7, 33, 48, 368,
392: 4, 6, 20, 38, 172, 202,
393: 107,
394: 1, 9, 28, 49, 123, 154,
395: 396,
396: 11, 17, 51, 80, 789,
397: 18, 22, 909,
398: 32, 98,
399: 1, 4, 41, 67, 444,
400: 5, 7,
401: 112,
402: 2, 25,
403: 3, 8, 542, 888,
404: 4, 6,
405: 1, 3, 45,
406: 1, 2, 25, 29, 68, 98, 239, 248, 490,
407: 10, 24, 126, 370,
408: 7, 10, 432, 543,
409: 2, 6, 17, 21, 852,
410: 2, 56,
411: 1, 17, 24, 41, 95, 149, 166,
412: 1, 5, 8, 14, 24, 40, 104, 146,
413: 6,
414: 1, 2, 64, 79, 91, 176, 191,
415: 1, 4, 10, 15, 18, 25, 72, 220,
416: 2, 12, 672,
417: 5, 317,
418: 471, 759, 859,
419: 2, 22,
420: 1, 4, 7, 46, 103, 574,
421: 3, 7, 38, 56, 93, 100, 122, 991,
422: 540,
423: 15, 390,
424: 3, 6, 27, 35, 132, 159, 182, 693,
425: 4, 6, 652,
426: 2, 4, 5, 20, 30, 35, 165, 735,
427: 1, 2, 22, 182,
428: 4, 6, 40, 422, 426, 958,
429: 1, 4, 7, 10, 15, 742,
430: 1, 3, 5, 39, 75,
431: 528,
432: 1, 12, 18, 133, 168,
433: 2, 6, 54, 114, 147, 223, 364,
434:
435: 2, 3, 17, 18, 258, 277,
436: 18, 45, 120,
437: 2,
438: 6, 14,
439: 1, 4, 15, 31,
440: 2, 6, 22, 30, 204, 292, 608,
441: 1, 2, 6, 15, 135, 231, 292, 373, 565,
442: 1, 2, 10, 16, 21, 300, 457,
443: 12, 52, 70,
444: 1, 2, 3, 17,
445: 3, 27, 77, 845,
446: 4, 40,
447: 2, 22, 50, 198, 624, 964,
448: 2, 6, 22, 27, 220, 291,
449: 174, 222,
450: 4, 24,
451: 8, 12, 355, 357, 407,
452: 2, 48,
453: 6, 22, 736,
454: 1, 5, 54, 89, 301,
455: 2, 4, 6, 138, 166, 246, 398,
456: 1, 24, 71, 125,
457: 102,
458: 2, 246,
459: 2, 252,
460: 1, 4, 417,
461: 6, 68, 454, 566,
462: 4, 20, 28, 149, 262,
463: 6, 7, 58, 647,
464: 18, 94,
465: 1, 2, 3, 12, 23, 677, 793,
466: 2, 8, 21,
467: 36, 102,
468: 2, 3, 10, 20, 94, 112, 179, 863,
469: 1, 4, 254,
470: 2,
471: 1, 3, 6, 19, 46, 457, 747,
472: 2, 6, 20, 525, 570,
473: 660,
474: 1, 5, 6, 69, 340,
475: 2, 4, 6, 140, 221, 734,
476: 26, 176, 618,
477: 1, 10, 30, 60, 76, 696,
478: 3, 27, 76, 147,
479: 6, 8, 92, 128, 216,
480: 144,
481: 30, 124, 127, 148, 187, 402,
482: 2, 26, 42, 264, 640,
483: 19, 55, 78, 212,
484: 1, 74, 318, 915,
485: 18, 48, 336,
486: 1, 2, 7, 23, 33, 395,
487: 2,
488: 4,
489: 1, 2, 16, 96, 98, 233, 379, 436, 476,
490: 3, 4, 406, 472,
491: 26, 34, 166, 380, 588,
492: 1, 6, 777,
493: 3, 8, 79, 523,
494: 6, 50, 740, 770, 788,
495: 3, 6, 173, 187,
496: 1, 4, 16, 19, 37, 76, 141,
497: 16, 28, 84, 180, 206, 606,
498: 2, 3, 7, 8, 63,
499: 1, 12, 24, 39, 115, 570, 859,
500: 20, 516,
501: 2, 153, 302, 356,
502: 45, 85, 328,
503: 860,
504: 6, 7, 60, 79, 86, 89, 135, 840,
505: 1, 2, 6, 13, 28, 46, 140, 260, 368, 386, 640,
506: 16, 88, 570,
507: 1, 29, 33, 126, 161, 858, 945,
508: 2,
509: 46, 436, 738,
510: 1, 4, 17, 59, 112, 260, 420, 476, 859,
511: 1, 4, 7, 15, 69, 70, 113, 183, 837,
512: 2, 14, 142,
513: 298, 432, 996,
514: 2, 27, 105, 252,
515:
516: 1, 5, 25, 33, 67, 628,
517: 1, 2, 4, 10, 30, 96, 360, 400,
518: 6, 24, 104,
519: 2, 71, 222,
520: 1, 4, 18, 25, 106, 138, 177, 453,
521: 8, 12, 90, 198,
522:
523: 3, 36, 539,
524: 164, 260,
525: 1, 6, 7, 9, 42,
526: 1, 2, 10, 11, 27, 78, 265, 939, 1009,
527: 24, 42, 60,
528: 2, 12, 18, 24, 91,
529: 3, 8, 21,
530: 28,
531: 1, 4, 280,
532: 1, 2, 6, 8, 9,
533: 2, 28, 162,
534: 3, 75, 94,
535: 1, 2, 9, 570, 960,
536: 840,
537: 10, 377, 629,
538: 8, 98, 103, 523,
539: 2,
540: 21, 30, 819,
541: 4, 145,
542: 2,
543: 3, 50,
544: 1, 16, 23, 118, 790,
545: 84,
546: 1, 2, 11, 26, 78, 92, 853,
547: 1, 4, 5, 32, 125,
548: 4, 12, 750, 994,
549: 1, 2, 5, 20, 53, 876,
550:
551:
552: 1, 2, 32, 176,
553: 7, 8, 30, 75, 664,
554: 34, 50, 106, 724,
555: 1, 10, 63,
556: 2, 32, 345, 353, 365,
557: 8,
558: 11, 27, 31, 447,
559: 1, 2, 48, 112, 245, 621, 703, 876,
560: 36, 352, 912,
561: 3, 12,
562: 1, 4, 9, 25, 166,
563: 2, 6, 8, 20, 24, 74, 158,
564: 3, 396,
565: 1, 22, 994,
566: 4, 182, 242, 340, 1024,
567: 2, 4, 13, 122, 965,
568: 3, 12, 152,
569: 60, 228,
570: 2, 6, 180, 266,
571: 2, 18, 33, 77, 83, 89, 98, 273,
572:
573: 2, 8, 738,
574: 8, 15, 34, 84, 750, 975,
575: 8, 24, 86, 262, 410,
576: 1, 25, 277, 600,
577: 1, 2, 6, 8, 41, 194, 288,
578:
579: 11, 59,
580: 2, 412, 942,
581:
582: 1, 2, 4, 5, 57, 361, 481, 990,
583: 91, 286, 808,
584: 54,
585: 3, 177, 683,
586: 1, 4, 7, 23, 27, 52, 119, 466, 865,
587: 26,
588: 23,
589: 7, 12, 29, 56, 236,
590:
591: 1,
592: 78, 80, 198,
593: 4, 88,
594: 1, 3, 13, 14, 17, 210, 644, 712, 735,
595: 2, 10, 32, 188,
596: 18, 20, 390, 558,
597: 1, 4, 10, 16, 21,
598: 6, 7, 30, 67, 79, 99, 111, 800,
599: 6, 8,
600: 3, 6, 28, 114,
601: 1, 8, 9, 18, 29, 106, 228, 368, 530,
602: 2, 4, 110, 444, 792,
603: 22, 26, 51, 159,
604: 4, 34,
605: 188,
606: 2, 3, 35, 489,
607: 1, 108,
608: 2, 4, 20, 38, 132, 990,
609: 1, 3, 6, 15, 24, 46, 48, 164, 189, 625, 991,
610: 2, 4, 5, 6, 13, 29, 70,
611: 120, 264,
612: 1, 9, 12, 236, 402,
613: 14, 92, 362, 890, 1014,
614: 312,
615: 1, 3, 8, 120, 144, 412, 444, 533,
616: 1, 4, 10, 19, 26, 147, 173, 447,
617: 2, 24, 30, 118, 424, 722,
618:
619: 1, 2, 7, 43, 168, 767,
620: 2, 540,
621: 22, 23, 24, 29, 58, 131, 389,
622: 2, 110, 156, 208, 552, 980,
623: 2, 4, 18, 144, 210, 416,
624: 16, 61,
625: 1, 4, 6, 24, 333, 765,
626: 8, 36,
627:
628: 11, 196,
629: 186, 740,
630: 1, 27, 166, 241, 539,
631: 3, 5, 20, 105, 331,
632: 6, 16, 102, 852,
633: 170, 503,
634: 2, 50, 141, 791,
635: 42, 694,
636: 2, 5, 143, 189,
637: 4, 24, 134, 190,
638: 90, 106,
639: 1, 4,
640: 1, 63, 275, 333, 1005,
641: 72,
642: 1, 21, 29, 180,
643: 202,
644: 8, 50, 130,
645: 1, 3, 4, 22, 30, 40, 73, 599, 642,
646: 1, 4, 19, 28, 79, 124, 259, 291,
647:
648: 84,
649: 1, 63, 508, 606,
650: 2,
651: 1, 2, 3, 4, 16, 51, 260, 296, 595,
652: 1, 2, 34, 68, 76, 248, 450,
653: 10, 532,
654: 1, 2,
655: 3, 5, 14, 15, 125, 270,
656: 10, 28, 36,
657: 10, 38, 118, 214, 224,
658: 3, 6, 8, 716,
659: 2, 4, 6, 112, 796,
660: 1, 7, 15, 121, 133, 265, 928,
661: 1, 60, 252, 335,
662:
663: 4, 6, 22, 48, 96, 283, 887,
664: 1, 27, 38, 170, 380, 667,
665: 12, 42, 552,
666: 9, 100, 504,
667: 10, 294,
668: 486, 512,
669:
670: 7, 89, 453,
671: 2, 34, 120, 686,
672: 6, 8, 238, 590, 757,
673: 10, 244,
674: 12, 42, 54,
675: 2, 3, 8, 21, 350,
676: 3, 174, 327,
677: 6, 10, 310,
678: 4, 40, 168,
679: 2, 38, 62, 91, 146,
680: 10, 488,
681: 1, 3, 91, 783,
682: 14, 30, 42, 97, 380,
683: 540,
684: 1, 233,
685: 3, 30, 382,
686: 4, 790,
687: 1, 8, 18, 93,
688: 3, 4, 30, 46,
689: 2, 8, 38, 350,
690: 2, 20, 21, 24, 234, 269,
691: 1, 87,
692: 8, 78,
693: 2, 130, 227, 299, 592, 615, 759, 890,
694: 20, 45, 58, 193, 404, 696,
695: 10, 388,
696: 2, 36, 174, 744, 825,
697: 102, 165, 221,
698:
699: 3, 4, 5, 66, 137,
700: 1, 3, 4, 9, 679,
701: 2, 490,
702: 4, 24, 33, 130,
703: 2, 23, 387,
704:
705: 1, 3, 4, 6, 10,
706: 2, 5, 7, 152, 246, 795,
707: 350,
708: 2, 3, 10, 50, 51, 642,
709: 624,
710: 2, 14, 68, 134, 210,
711: 6, 11, 59, 78,
712: 1, 9, 84,
713: 2, 4, 6, 8, 12, 722,
714: 1, 6, 7, 8, 9,
715: 1, 2, 6, 22, 121, 261,
716:
717: 1, 773,
718: 2, 12,
719: 84, 774,
720: 1, 2, 3, 269,
721: 2, 4, 5, 12, 26, 156, 276,
722: 10, 632,
723: 480,
724: 1, 15,
725: 102, 156,
726: 1, 15, 16, 51, 121, 1024,
727: 1, 5, 9, 21, 40, 85, 88, 304, 426,
728: 22,
729: 2, 37, 64,
730: 1, 7, 13, 19, 162, 717,
731: 2, 12, 24, 30, 48, 194,
732: 869,
733: 3,
734:
735: 2, 8, 24, 58, 124, 190, 320, 340, 557,
736: 1, 2, 17, 117, 147, 525,
737: 352,
738: 8, 11, 12, 26, 67,
739: 2, 60,
740: 4, 18,
741: 1, 5, 23, 47, 369, 750, 963,
742: 1, 2, 76, 109,
743: 2, 4, 12, 76,
744: 1, 6, 42, 196, 396,
745: 1, 92, 391,
746: 62, 90, 122,
747: 1, 4, 141,
748: 4, 11, 366, 466, 651,
749: 2, 38, 40, 106, 154, 274,
750: 1, 4, 5, 16, 25, 60, 595,
751: 9, 24, 49, 90, 624,
752: 474, 786,
753: 371,
754: 180,
755: 62,
756: 1, 2, 9, 60, 108,
757: 2, 72,
758: 4,
759: 2, 69, 194, 245, 438,
760: 98, 183,
761: 4, 12, 46,
762: 1, 5, 12, 40, 77, 417, 490,
763: 8, 78, 242,
764: 2, 198,
765: 3, 7, 10, 64, 990,
766: 1, 2, 5, 13, 15, 33,
767: 6, 14, 80, 92,
768: 60, 311,
769: 5, 8, 16, 496,
770: 22, 28,
771: 7, 20, 940,
772: 1, 558,
773: 96,
774: 2, 3, 6, 159, 378,
775: 1, 4, 10, 11, 15, 21, 39, 47,
776: 4, 82, 384, 722,
777: 1, 40, 78,
778: 15, 22, 34,
779: 220, 528,
780: 1, 2, 15, 20, 134, 176,
781: 5, 6, 77, 249,
782: 4, 6,
783: 574,
784: 1, 2, 6, 28, 41, 112, 136, 270, 790, 946,
785:
786: 1, 3, 6, 24,
787: 818,
788: 332,
789: 21, 31, 46, 675,
790: 1, 2, 10, 295, 690,
791: 4, 18, 58,
792: 1, 2, 996,
793: 7,
794: 6,
795: 2, 8, 21, 29, 78, 141, 219, 497,
796: 3, 7, 102, 106,
797: 2, 4, 6, 906,
798: 7, 604,
799: 1, 8,
800: 166, 324,
801: 1, 53,
802: 14, 225, 416,
803: 48,
804: 1, 2, 3, 15, 16, 25, 200, 412,
805: 1, 3, 4, 13, 15, 32, 1005,
806: 96, 404,
807: 1, 9,
808: 6, 18,
809: 44, 122,
810: 1, 5, 736,
811: 1, 2, 16, 27,
812: 10, 566, 584,
813: 6, 15,
814: 1, 322,
815: 2, 12, 24, 120,
816: 2, 3, 18, 72, 116, 225, 362,
817: 24, 274,
818: 2, 8, 22, 68,
819: 1, 3, 185, 271, 468, 509, 651,
820: 2, 4, 7, 8, 12, 17, 42, 399, 448, 557,
821: 18, 72,
822: 89,
823: 63, 447,
824: 102, 268, 342,
825: 15, 29, 244,
826: 9, 151,
827: 2, 412, 604,
828: 4, 7, 66, 291, 655,
829: 1, 2, 19, 121, 174, 357, 649,
830: 14, 678,
831: 45, 90, 112, 309, 888,
832: 1, 4, 40, 50,
833: 8, 1008,
834: 1, 16, 20,
835: 1, 42, 411, 922,
836: 330,
837: 8,
838: 12, 52, 167,
839: 2, 18, 536,
840: 2, 5, 9, 32, 92, 899,
841: 68,
842: 4, 12,
843: 30, 91,
844: 81,
845:
846: 4, 5, 10, 15, 38,
847: 1, 5, 176, 277,
848: 2, 90,
849: 1, 3, 4, 31,
850: 1, 2, 7, 8, 61, 139,
851: 2, 26, 186,
852: 9, 17, 22, 264,
853: 4, 8, 47,
854: 2, 6, 110, 188, 480, 500,
855: 1, 2, 4, 9, 11,
856: 6, 280,
857: 2, 104, 558, 638,
858: 99, 110,
859: 3, 4, 12, 196, 276,
860: 62, 64,
861: 1, 5, 18, 22, 23, 70, 79, 370, 488, 532, 839,
862: 1, 2, 8, 29, 142, 160,
863: 4,
864: 26, 95, 314,
865: 8, 32, 84, 468,
866: 78, 298, 760,
867: 1, 2, 4, 5, 48, 385,
868: 30, 48, 67, 84, 104,
869: 2, 4, 74, 454, 662,
870: 51, 477,
871: 1, 43, 164, 836, 967,
872:
873: 3, 10, 34, 148, 192,
874: 1, 7, 24, 33, 249, 588, 642, 780,
875: 4, 448,
876: 2, 36, 110, 114, 400, 584,
877: 1, 9, 786,
878: 6, 248, 284, 344,
879: 5, 71,
880: 1, 393, 813, 942,
881: 132,
882: 2, 6, 46, 66, 112,
883: 4, 15, 80, 220,
884: 330,
885: 2, 13, 26, 31, 35, 109, 135, 762, 855,
886: 284, 293,
887: 40,
888: 4, 308, 335,
889: 1, 6, 16, 136, 164, 168, 284, 306, 440,
890: 428,
891: 3, 456,
892: 1, 8,
893: 2, 12, 54, 426, 792,
894: 1, 9, 99,
895: 1, 15, 178, 587,
896: 2, 12, 16, 720,
897: 5, 640,
898: 6, 24, 148,
899: 2, 18, 20,
900: 71, 915,
901: 1, 30, 57, 87,
902: 4, 28, 178,
903: 123, 186, 236,
904: 5, 15, 68, 401,
905: 4, 864,
906: 1, 3, 6, 17, 20, 23, 433, 875,
907: 6,
908: 30, 744,
909: 14, 41, 52, 442, 462,
910: 2, 8, 287,
911: 14, 26, 30, 130, 162,
912: 1, 69, 397,
913: 27, 36, 62, 599,
914: 438,
915: 3, 4, 15, 72, 94,
916: 1, 2, 9, 167, 365, 925,
917: 210, 1020,
918: 2, 7,
919: 4, 7, 25, 33, 75, 133, 865,
920: 6, 12, 42,
921: 315,
922: 342,
923: 2, 6, 188,
924: 1, 2, 3, 42, 75, 331,
925: 24, 157, 826, 955,
926: 4, 594,
927: 54,
928: 68,
929: 18, 42,
930: 2, 3, 6, 15, 17, 67, 69, 165,
931: 1, 8, 533, 684, 724,
932: 8, 22,
933: 7, 64, 351, 367, 376, 382,
934: 1, 35, 38, 183, 189,
935: 72, 410,
936: 1, 7,
937: 1, 2, 4, 13, 362, 482,
938:
939: 1, 733,
940: 1, 3, 7, 21, 28, 877,
941: 2, 6, 8, 464, 968,
942: 66, 69,
943: 40,
944: 2, 4, 6, 472,
945: 1, 53, 521,
946: 17, 39, 390,
947: 54, 66, 916,
948: 2, 11, 12, 43, 54, 63, 978,
949: 173, 912,
950: 100,
951: 1, 2, 3, 12, 787,
952: 4, 465,
953: 132, 276, 522,
954: 1,
955: 3, 5, 6, 9, 39, 81, 123, 218, 552,
956: 18, 122,
957: 1, 228,
958: 2, 60,
959: 2, 82, 220, 308, 366,
960: 9, 24, 82, 152, 276, 300, 448, 730, 751, 844,
961: 3, 19, 27, 466,
962: 2, 392,
963: 6, 15,
964: 4, 13, 924,
965: 136, 170, 710, 978,
966: 1, 10, 26, 56, 63, 64, 211,
967: 1, 12, 20,
968:
969:
970: 2, 24, 72, 510,
971: 70,
972: 5, 41, 328, 513,
973: 2, 4, 6, 14, 171, 336,
974: 8, 22,
975: 1, 6, 28,
976: 1,
977: 348,
978: 36, 40,
979: 2, 8, 34, 42, 248, 890,
980: 6,
981: 2, 4, 15,
982: 4, 6,
983: 200,
984: 2, 414,
985: 4, 33, 36, 609,
986: 22, 52, 106, 472,
987: 1, 2, 5, 6, 12, 44,
988: 3, 6, 10, 284, 410, 635,
989:
990: 1, 2, 3, 15, 39, 681, 817,
991: 3, 8, 360,
992:
993: 2, 3,
994: 1, 2, 11, 70,
995: 282,
996: 4,
997: 1, 6, 81, 96, 861,
998: 6, 204,
999: 1, 7, 10, 79, 414,
1000: 1, 9, 49, 182, 585,
1001: 2, 8, 312,
1002: 1, 10, 16, 56,
1003: 7, 15, 28, 154,
1004: 2, 126, 192,
1005: 20, 158,
1006: 1, 58, 657,
1007: 8, 14, 28, 78,
1008: 4, 28, 94, 299,
1009: 1, 2, 8, 55, 72,
1010: 12, 28, 34,
1011: 14, 26, 240,
1012: 36, 44,
1013:
1014: 1, 60, 287,
1015: 1, 2, 12, 19, 84, 536, 623,
1016: 2, 4, 6, 168,
1017: 12, 30, 160,
1018: 2, 7, 23,
1019:
1020: 1, 144, 435,
1021: 6, 12, 17, 238,
1022: 4, 8, 132, 138, 254,
1023: 30, 60, 94, 95, 327, 344,
1024: 3, 6, 52, 228, 994,
