1: 2, 3, 5, 7, 11, 15, 17, 27, 51, 75, 8E, X7, 375, 427, 8X7,
3: 3, 4, 5, 6, 9, X, 10, 12, 18, 1X, 20, 25, 7X, 98, X2, 106, 126, 159, 165, 175, 1X2, 240, 318, 395, 495, 49X, 5XX,
5: 1, 3, 4, 6, 8, X, 10, 16, 18, 22, 28, 30, 48, 56, 9X, XX, 106, 11X, 152, 16X, 39X, 4XX, 576, 7X8, 864,
7: 1, 2, 33, 4E7,
9: 1, 2, 4, 5, 9, E, 15, 19, 29, X5, E9, 183, 18E, 1E9, 229, 389, 3XE, 4X3, 509,
E: 2, 3, 4, 6, X, 16, 36, 66, 7X, 96, 13X, 22X, 396,
11: 1, 3, 4, 5, 9, 11, 15, 49, 89, E5,
13: 1, 2, 3, 5, 7, 8, X, 12, 14, 1E, 64, 7E, 84, 112, 144, 177, 242, 438, E52,
15: 2, 6, 8, 10, 14, 16, 18, 1X, 20, 28, 30, 36, 38, 80, 88, 108, 126, 146, 240, 2X6, 310, 330, 348, 474, 574, 5X8,
17: 1, 3, 4, 5, 7, E, 13, 17, 19, 27, 33, 57, 59, 71, 111, 123, 13E, 193, 203, 277,
19: 1, 2, 3, 4, 5, 6, 7, 9, E, 11, 12, 19, 1E, 35, 3X, 75, 92, 285, 2X5, 349, 605, E05, EX9,
1E: 2, 4, 6, 8, 10, 12, 16, 30, 58, 108, 158, 230, 9E6, E08, E70,
21: 1, 3, 5, 7, 9, 11, 29, 31, 49, 53, 79, X7, X9, 119, 139, 269, 4E9,
23: 2, 3, 4, 5, 6, 7, 8, X, 17, 18, 1X, 1E, 22, 42, 48, 4X, XX, E8, 172, 407, 42X, 71X,
25: 4, 5, 8, 88, 158,
27: 1, 3, 7, E, 11, 15, 17, 2E, 31, 35, 51, 57, 75, 91, 105, 10E, 141, 183, 193, 27E, 295, 353, 381, 64E, 893,
29: 1, 2, 4, 6, 8, 9, X, 16, 1X, 20, 25, 36, 46, 65, 76, 86, E5, 105, 134, 13X, 142, 155, 162, 1E9, 225, 308, 505, 700, 73X, 759, 980, X55, E96,
2E: 2, 4, 5, 6, 12, 16, 26, 42, 5X, 62, 70, 72, 96, 206, 2X6, 332, 844, 890, X3X,
31: 3, 5, E, 1E, 7E, 93, 51E,
33: 1, 3, 4, 5, 7, 10, 14, 21, 23, X7, 181, 344, 7X4,
35: 2, 6, X, 16, 26, 2X, 72, 76, 12X, 486, 996,
37: 1, 5, 25, 65,
39: 1, 2, 3, 4, 5, 6, 7, 8, 9, E, 10, 11, 12, 17, 22, 31, 32, 51, 56, 62, 77, E2, E3, 146, 1E7, 21E, 229, 24X, 284, 2X7, 359, 362, 3E1, 437, 48E, 61X, 6X9, 773, 8X6, X6E, XE1,
3E: 2, 4, 6, X, 10, 44, 48, 114, 130, 144, 156, 1E4, 202, 340, 42X, 56X,
41: 1, 3, 5, 7, 9, E, 13, 15, 21, 29, 2E, 49, 55, 57, 75, 10E, 12E, 147, 169, 1X1, 257, 49E, 621, 637, 817, X73,
43: 2, 3, 5, 6, 9, E, 12, 13, 42, 69, 79, 82, 13E, 285, 2X2, 332, 749, X72,
45: 4, 6, X, 36, 46, 76, 96, 1X6, 296, 38X, 76X,
47: 1, 3, 5, 7, 9, E, 13, 19, 35, 39, 47, 4E, 6E, E3, 117, 125, 149, 2X7, 2E9, 3XE, 77E, 825, 873, 995, X23,
49: 2, 4, 6, 7, 8, X, 14, 17, 1X, 24, 37, 3X, 48, 4X, 52, 57, 62, 6X, E8, 114, 224, 24X, 274, 31X, 322, 347, 404, 427, 70X, XE7,
4E: 4, 6, 8, 18, 40, 54, 90, X4, 134,
51: 1, 3, 5, 6, 7, E, 13, 15, 19, 1E, 21, 27, 2E, 49, 57, 71, 119, 159, 161, 237, 253, 49E, 501, 57E, 589, 6EE, 98E, EE9,
53: 1, 2, 4, 5, 8, 9, 15, 20, 25, 35, 3X, 4X, 64, 69, 86, 118, 152, 168, 182, 284, 31X, 48X, 5X6, 621, 818, 849, E39,
55: 2, 8, 12, 16, 28, 30, 36, 40, 68, 72, 82, 156, 246, 272, 278, 2E8, 380, 498, 852, 872, X08, E46,
57: 3, 6, 7, 17, 33, 37, 47, 67, 73, 97, X3, 473, 543, 887,
59: 1, 3, 4, 5, 6, 7, 9, E, 10, 11, 17, 18, 19, 1E, 27, 2E, 31, 39, 49, 61, 70, 75, 85, 93, 98, 9E, XE, EE, 109, 117, 13E, 1E3, 20E, 2XE, 61E, 687, 827,
5E: 2, 6, X, 42, 5X, 72, 19X, 38X,
61: 1, 5, 9, 25, 35, X1, 455, 579, 875, X79,
63: 1, 2, 3, 4, 5, 6, 7, 8, E, 10, 11, 13, 16, 20, 25, 35, 57, 76, 94, 96, 114, 142, 145, 148, 189, 214, 21E, 241, 263, 34E, 366, 422, 635, 727, 75E, 778, 904, X36,
65: 2, 4, 6, 8, X, 10, 20, 2X, 3X, E8, 164, 16X, 172, 1X4, 21X, 312, 324, 39X, 508, 6X2,
67: 3, 5, 9, 23, 29, 2E, 55, 79, X3,
69: 1, 3, 6, 7, 9, 11, 13, 39, 41, 57, 77, 151, 169, 187, 291, 391, 401, 407, 409, 417, 437, 671, 941,
6E: 2, 4, 6, 8, X, 10, 12, 26, 54, 58, 78, 98, 100, 176, 1E6, 202, 7X6,
71: 1, 5, 7, 15, 17, 21, 27, 97, 137, 845,
73: 2, 3, 4, 6, 7, X, 14, 17, 1X, 22, 32, 34, 52, 80, 17E, 196, 304, 3XE, 450, 482, 4X6, 54E, 577, 596, 704, 950,
75: 4, 8, 10, 14, 20, 24, 40, 48, 98, 1E0, 768,
77: 1, 3, 5, 7, 9, 11, 15, 17, 21, 33, 35, 59, 91, 113, 153, 171, 293, 2E3, 359, 35E, 361, 373, 403, 41E, 4XE, 617, 621, 64E, E41,
79: 2, 5, 6, 8, 9, 10, 16, 25, 39, 40, 48, 50, 59, 60, 68, 80, 170, 195, 1E2, 1E6, 289, 305, 476, 790,
7E: 4, 6, X, 10, 16, 20, 24, 54, 66, 124, 13X, 33X, 3E0, 420, 59X, X44,
81: 3, 7, E, 63, 6E, 87, 97, 263, 303, 34E, 587,
83: 1, 4, 5, 7, 8, E, 11, 14, 15, 17, 25, 27, 28, 47, 4E, 75, 84, 85, X4, E1, 105, 158, 217, 277, 674, 955, X55,
85: 2, 6, 22, 26, 116, 232, 2E2, 732,
87: 1, 5, 9, 11, 15, 59, 75, E1, E9, 125, 169, 1E1, 215, 285, 2X1, 361, 601, 6E1,
89: 1, 2, 3, 4, 5, 6, 7, 8, X, 11, 19, 1X, 26, 27, 29, 79, 7X, E3, E6, 137, 1E4, 263, 27X, 287, 3EX, 568, 714, 76X,
8E: 2, 6, 8, 10, 22, 26, 28, 32, 50, 60, 82, 130, 186, 288, 490, 530, 828, E02, E20,
91: 1, 3, 7, 683, E31,
93: 1, 2, 3, 5, 6, 7, 9, 11, 12, 19, 22, 23, 35, 41, 45, 49, 66, 77, 9X, E5, E9, EX, 145, 149, 263, 422, 451, 612, 755, 839,
95: 2, 4, X, 14, 1X, 2X, 42, 6X, 72, X2, XX, E4, 222, 252, 324, 3E2, 614, 74X, 824,
97: 1, 3, 5, 7, 9, E, 13, 15, 21, 23, 3E, 55, 83, 119, 1X1, 1EE, 349, 375, 455, 693,
99: 2, 3, 4, 6, 7, 8, X, E, 12, 14, 16, 17, 1X, 20, 22, 30, 37, 38, 42, 52, 64, 68, 6E, 82, 8X, 98, E2, 148, 162, 166, 232, 250, 304, 344, 376, 418, 440, 610, 672, 80E, 8X4, 962, 9X0,
9E: 4, 8, 24, 38, X0, 248,
X1: 3, 5, 7, 13, 19, 25, 2E, 39, 6E, 163, 213, X03,
X3: 4, 6, 7, 9, 11, 14, 1X, 31, 41, 64, 66, 141, 159, 209, 339, 461, 591, 6E0, 866,
X5: 4, 6, 7, 8, 22, 24, 58, 138, 352, 742, XE4,
X7: 3E, 47, 87, EE, 287,
X9: 1, 4, 5, 8, 9, 10, 14, 18, 19, 38, 43, 59, 60, 73, 97, E8, 190, 1XE, 337, 350, 404, 657, 681, 788, 807, 871, XE8,
XE: 2, 6, 7, 12, 1X, 2X, 32, 42, 46, 252, 292, 442, 7E6,
E1: 1, 5, 7, 9, 11, 25, 35, 39, 95, 111, 165, 659, 831,
E3: 2, 3, 5, 6, 7, E, 12, 13, 1E, 22, 23, 26, 28, 33, 62, 92, X3, X5, 11E, 143, 206, 253, 336, 44E, 622, 70E, X65, XX5,
E5: 6, X, 16, 1X, 30, 4X, 90, X6, 286, 556,
E7: 1, 3, 5, 7, 9, 11, 17, 19, 35, 39, 41, 43, 6E, 89, 13E, 1X1, 1E5, 221, 235, 255, 361, 473, 585, 6E3, 7EE,
E9: 1, 2, 5, 7, X, E, 21, 2E, 31, 4X, 55, 81, 82, 22E, 44X, 481, 531, 922, 94X,
EE: 2, 4, 6, 8, X, 14, 18, 22, 24, 2X, 36, 38, 44, 52, 64, 68, 92, 110, 122, 126, 138, 190, 250, 346, 3EX, 468, 536, 594, 650,
101: 3, 5, 7, 9, 15, 25, 45, 65, 83, 103, 109, 80E,
103: 3, 4, 6, 7, 8, X, E, 13, 1E, 3E, 40, 47, 48, 4X, 58, 66, 80, E8, 133, 217, 243, 2XX, 324, 333, 473, 550,
105: 8, 10, 38, 58, 78, 158, 170, 198, 388, 420, 4E0,
107: 1, 7, 27, 89, 101, 177, 307, 357, 841,
109: 1, 2, 4, 6, 8, 9, 10, 11, 12, 18, 26, 28, 32, 52, 59, 62, 66, 84, 96, 102, 122, 126, 210, 256, 272, 338, 385, 3X9, 426, 455, 468, 4E8, 524, 592, 639, X18, E71,
10E: 2, 4, 8, 12, 14, 22, X4, 112, 118, 124, 16X, 234, 31X, 338, 70X, X74,
111: 3, 7, 13, 1E, 153, 15E, 29E, 327, 393, 8X7,
113: 1, 3, 5, 7, 8, 9, E, 13, 19, 1E, 21, 27, 30, 39, X8, 115, 12E, 14E, 175, 218, 385, 489, 4X5,
115: 2, 6, X, 12, 16, 1X, 26, 36, 42, 4X, 96, 126, 132, 17X, 47X, 526, 71X, E8X,
117: 5, 9, 55, 65, 69, 89, 185, E55,
119: 1, 3, 4, 6, 7, 9, X, 10, 13, 14, 17, 19, 21, 24, 2X, 33, 36, 40, 43, 46, 53, 57, 59, 80, 81, 91, X1, X4, E9, 131, 156, 173, 1EX, 226, 416, 47X, 527, 579, 591, 870, 87X, E83,
11E: 2, 4, 6, 8, X, 10, 12, 16, 1X, 20, 34, 3X, 52, 58, 5X, 60, X2, 100, 104, 110, 138, 150, 164, 200, 204, 266, 330, 416, 4E6, 680, 996,
121: 1, 5, 7, E, 17, 1E, 25, 47, 9E, 145, 1X7, 265, 307, 391, 4X5, 695,
123: 2, 3, 5, 6, 7, X, E, 16, 22, 27, 47, 52, 8E, E9, 109, 156, 186, 207, 209, 29E, 516, 71E, 749, X69, E86,
125: 4, 6, 8, 10, 16, 1X, 26, 30, 44, 50, 56, 7X, X8, XX, 110, 138, 1E8, 258, 308, 310, 350, 520, 534, 77X, 926, 9E8,
127: 1, 3, 7, 9, E, 11, 17, 37, 93, 157, 461, 4XE, 561, 639, 737, 80E, X81,
129: 2, 6, 8, E, 10, 48, 206, 230, 270, 608, 746, 7X8, X06, E82,
12E: 4, 10, 14, 50, 54, 714,
131: 1, 3, 5, 7, 9, E, 11, 13, 19, 1E, 41, 57, 61, 71, 73, XE, 111, 177, 179, 1E1, 21E, 411, 591, 833, 865, 897, E79,
133: 1, 2, 4, 5, 8, 11, 14, 21, 24, 25, 44, 84, E1, 14X, 2X4, 302, 318, 6X2,
135: 2, 8, X, 10, 16, 18, 28, 2X, 32, 6X, E2, 106, 15X, 170, 210, 22X, 322, 642, 648, 690, 7XX, 7E0,
137: 3, 7, E, 1E, 23, E7, 123, 14E, 217, 27E, 367, 42E,
139: 3, 4, 5, 7, 8, 10, 13, 17, 18, 20, 25, 30, 40, 48, 54, 64, 80, 94, 114, 130, 147, 184, 194, 218, 350, 380, 573, 618, 645, X40,
13E: 6, 12, 32, 66,
141: 1, 19, 21, 39, E9, 3E9,
143: 1, 2, 4, 5, 6, 7, 8, 9, X, 12, 13, 19, 22, 25, 34, 35, 42, 46, 48, 49, 52, 65, 73, 92, 96, 107, 110, 122, 14X, 1E4, 269, 311, 326, 349, 408, 43X, 460, 47X, 578, 586, 6X6, 751, 799, 81X, X33, X85, E55,
145: 2, 4, 8, X, 12, 1X, 22, 3X, 44, 78, 98, E2, 104, 204, 228, 24X,
147: 1, 3, 5, 7, 9, 11, 13, 15, 1E, 23, 31, 47, 61, 67, 105, 131, 17E, 183, 1XE, 21E, 247, 3E5, 435, 441, 52E, 531, 58E, 783,
149: 1, 2, 3, 6, 7, 9, X, E, 12, 17, 1X, 31, 41, 59, 73, 77, 13E, 2EE, 302, 40X, 433, 43X, 559, 5X1, 623, 71E, 77X, 811, 839, 912,
14E: 2, 6, 8, X, 22, 26, 34, 4X, 52, 56, X2, X6, E6, 156, 16X, 220, 314, 9X0,
151: 3, 5, 9, 13, 19, 69, E3, 12E, 1X9, 1XE, 2X3, 569, 663, 809,
153: 3, 4, 7, 10, 13, 17, 2X, 47, 63, 104, 18X, 204, 213, 270, 314, 4E3, 543, 630, 693, 763, 904,
155: 4, 8, 14, 18, 28, 44, 108, 178, 334, 478, 524, 588, 648, 924, X08,
157: 5, 7, 21, 25, 7E, 95, 1X1, 24E, 821, X4E, XEE,
159: 1, 4, 5, 6, 8, X, 14, 15, 24, 34, 41, 4X, 70, 85, 111, 112, 156, 1X2, 435, 5X0, 628, XE8,
15E: 2, 4, 6, 8, X, 10, 18, 22, 36, 5X, 64, 70, 92, 126, 144, 16X, 17X, 232, 332, 49X, 664,
161: 7, E, 17, 73, 173, 31E, 42E, 443,
163: 3, 8, 9, 10, 18, 23, 33, 248, 293, 2XE, 43E, 4X3, 778, 863, E50,
165: 6, 4E6,
167: 5, 199, 439,
169: 1, 5, 7, 8, E, 17, 27, 35, 4E, X1, 29E, 2EE, 36E, 521, X77,
16E: 2, 4, 6, 8, X, 14, 16, 20, 2X, 32, 36, 76, 82, 90, 96, 124, 258, 27X, 396, 39X, 83X, 858, 93X,
171: 1, 5, 7, 9, 11, 15, 19, 25, 39, 51, 55, X1, EE, 127, 151, 161, 245, 421, 561, 675, 81E,
173: 1, 2, 3, 5, 6, 7, 9, 13, 15, 17, 1E, 21, 22, 23, 32, 33, 43, 45, 5E, 63, 89, 9E, E5, 123, 1E3, 282, 292, 39E, 406, 702, 8X7, E12,
175: 2, 8, 10, 18, 30, 40, 42, 90, X8, 108, 128, 132, 162, 2E2, 5X8, 888,
177: 1, 3, 7, 9, 13, 17, 23, 167, 173, 299, 761, X83,
179: 2, 3, 6, 7, 8, X, E, 13, 1E, 3X, 43, 57, 62, 80, 87, 96, X6, X8, E6, 11X, 13E, 140, 14E, 15E, 188, 1X8, 1E6, 246, 420, 68X, 7EX, 848, X47,
17E: 4, 8,
181: 1, 3, 7, 9, 11, 17, 19, 23, 33, 57, X3, 113, 1X5, 213, 315, 477, 647, 6E7, 761, 841,
183: 1, 2, 4, 5, 6, 8, 9, 10, 11, 12, 14, 15, 19, 20, 30, 40, 80, E4, 10X, 162, 176, 186, 224, 235, 23X, 259, 2X4, 362, 364, 3E2, 3E9, 3EX, 451, 600, 6X5, 735, 82X, 910, EE2,
185: 2, 4, 6, 8, 10, 12, 20, 46, 192, 1E6, 206, 4X8, X98,
187: 3, E, 2E, 43, 83, 22E,
189: 3, 4, 8, 9, 10, 14, 20, 27, 60, 67, 150, 173, 213, 304, 3E9, 850,
18E: 8, X, 4X, 256, 94X,
191: 1, 8, X01,
193: 2, 4, 5, 6, 7, 9, X, 11, 15, 20, 25, 37, 46, 59, 72, 112, 122, 15X, 217, 21X, 236, 568, 771, 924, X05,
195: 4, 6, 12, 16, 26, 30, 32, 40, 46, 50, 54, 62, 96, E4, 120, 162, 176, 250, 298, 354, 530, 748, 7X2, 898, 9X2, X56,
197: 1, 3, 5, 7, 8, E, 11, 19, 51, 53, 85, E1, 111, 167, 177, 1E5, 275, 5X1, E8E,
199: 2, 5, 6, 8, 9, E, 13, 15, 23, 35, 39, 65, 72, 73, 93, X6, E6, 152, 163, 169, 199, 265, 295, 3X6, 3E6, 512, 8E2, E8E,
19E: 6, 8, X, 10, 16, 26, 5X, 66, 76, 166, 246, 776, X60,
1X1: 1, 3, 5, 7, E, 11, 13, 15, 21, 41, 45, 75, E5, 1X3, 211, 281, 363, 881,
1X3: 2, 4, 7, 8, X, 14, 18, 22, 28, 37, 42, 47, 5X, 64, 84, 127, 132, 182, 212, 224, 2X7, 537, 564, 868, E22,
1X5: 8, 14, 44, 60, 90, 94, 284,
1X7: 1, 3, 5, 9, E, 13, 19, 25, 63, XE, 119, 131, 14E, 21E, 2E1, 375,
1X9: 1, 2, 4, 5, 8, 9, X, 10, 11, 12, 21, 24, 35, 49, 52, 5X, 61, 76, 79, 7X, 82, 9X, 13X, 14X, 155, 191, 235, 321, 341, 411, 6X4, 964, XE1,
1XE: 2, 6, 8, 10, 20, 36, 56, 62, X8, 126, 162, 1X0, 226, 242, 342, 3E8, 406, 502, 556, 828, 866,
1E1: 3, 7, 13, 67, 73, 97, 163, 557,
1E3: 1, 3, 4, 7, 8, 9, 14, 19, 20, 3E, 47, 48, 50, 54, 63, 89, 99, 100, 189, 349, 541, 750, 813,
1E5: 2, X, 12, 1X, 2X, 132, 182, 57X, 582, 71X,
1E7: 1, 5, 9, 41, 51, 131, 331,
1E9: 1, 2, 3, 4, 7, 8, 9, X, 11, 15, 18, 19, 20, 22, 24, 25, 29, 2X, 34, 35, 44, 58, 64, 68, 6E, 84, 114, 148, 208, 209, 251, 319, 40E, 501, 535, 764, 993, 
1EE: 2, 4, 6, 8, 12, 38, 3X, 52, 134, 19X, 1X8, 302, 504,
201: 3, 5, 9, E, 13, 15, 1E, 23, 63, 73, 10E, 175, X2E,
203: 3, 6, 7, X, 11, 17, 23, 37, 4X, 76, 171, 247, 253, 413, 946, 963, 967,
205: 4, 6, 8, 10, 12, 1X, 34, 72, 212, 224, 244, 286, 684, 778, 7EX, 804,
207: 1, 5, 7, E, 21, 27, 65, 71, X7, 101, 107, 265, 405, 581, 947, X05,
209: 2, 4, 6, 8, X, 12, 14, 16, 1X, 20, 26, 2X, 32, 3E, 4X, 56, 76, 7X, 94, E4, E6, 152, 153, 162, 21E, 2XX, 3E3, 432, 788, 980, X20,
20E: 4, 8, 10, 24, 28, 34, 48, 74, E4, 154, 244, 288, 300, 838, 894,
211: 3, 5, 7, 9, E, 13, 17, 19, 25, 29, 33, 53, 55, E3, E7, 113, 139, 155, 2E5, 343, 43E, 553, 5X5, 605, 607,
213: 5, 6, 8, 10, 15, 18, 29, 30, 66, 96, 98, E5, 108, 125, 135, 185, 240, 380, 510, 708, 779, 7E5, X60, X79,
215: 6, X, 2X, 3X, 12X, 1XX, 3EX, 454, 840,
217: 7, E, 1E, 6E, 72E, XX7,
219: 1, 4, 5, 7, 8, 11, 21, 24, 25, 2E, 35, 37, 88, X7, 107, 134, 15E, 165, 187, 22E, 298, 381, 411, 44E, XX5, E61,
21E: 2, 12, 2X, 3X, 772,
221: 1, 5, 9, 11, 25, 89, 105, 119, 125, 149, 279, 285, 339, 575, 681, 739, 751, E05,
223: 1, 2, 3, 5, 6, 8, 9, X, E, 11, 12, 18, 19, 20, 28, 2X, 32, 39, 45, 46, 4X, 58, 6X, 77, 80, X9, XX, XE, 203, 206, 242, 268, 338, 383, 409, 420, 4E7, X35, X78, E4X,
225: 2, 8, 10, 12, 20, 32, 36, 40, 52, 68, 76, 78, 116, 142, 246, 280, 2E0, 948,
227: 1, 3, 7, 9, 11, 17, 23, 37, 61, 83, 99, 107, 133, 217, 277, 721, 969,
229: 2, 3, 6, 7, 9, 12, 16, 1E, 26, 29, 47, 75, 7X, 8E, 112, 135, 155, 1X9, 213, 23E, 275, 29E, 2E6, 40E, 476, 47X, 502, 51E,
22E: 4, 8, X, 12, 14, 24, 2X, 54, 134, 1E8, 302,
231: 3, 5, 7, E, 11, 13, 1E, 23, 27, 2E, 5E, 63, 103, 13E, 151, 18E, 265, 2EE, 313, 64E, 699, 787, 8E7, X53,
233: 4, 6, 7, 8, E, 10, 12, 13, 1X, 23, 24, 33, 38, 46, 57, 94, X4, 128, 406, 807, X08,
235: 4, 8, 10, 30, 40, 60, 184, 1X4, 764,
237: 9, 1E, 289, 299, 87E,
239: 1, 4, 6, 9, X, 14, 1X, 36, 3X, 46, 69, 70, 111, 140, 209, 271, 39X, 464, 61X, 810,
23E: 2, 6, 8, 10, 22, 24, 44, X6, E4, 102, 166, 2X4, 2E0, 300, 384, 390, 820,
241: 55E, 62E,
243: 1, 3, 5, 7, 8, 9, E, 11, 13, 17, 21, 25, 39, 3E, 41, 45, 47, 51, 73, 77, 7E, 87, E5, 129, 135, 235, 2X3, 347, 367, 391, 3X5, 479, 831, 9E4, E21,
245: 2, 6, X, 1X, 2X, 42, X2, X6, 162, 176, 20X, 33X,
247: 5, 15, 25, 45, 125, 151, 1X5, 221, 4X1, E85,
249: 3, 5, 6, 8, 9, 13, 16, 19, 30, 55, 58, E2, 172, 173, 1X9, 343, 348, 349, 3E0, 596, 663, 803,
24E: 4, 6, X, 1X, 20, 24, 26, 30, 60, 64, 80, E0, 104, 284, 5XX, 61X, 706, 90X,
251: 1, 5, 9, E, 21, 25, 35, 69, 81, E9, 303, 321, 341, 42E, 501, 555, 745, 945,
253: 1, 2, 7, X, E, 11, 12, 17, 25, 2X, 31, 42, 57, EX, EE, 172, 1XX, 71X,
255: 2, 4, 8, 14, 16, 22, 28, 36, 54, 98, 224, 636,
257: 1, 3, 7, 9, E, 13, 21, 29, 43, 47, 67, EE, 101, 163, 18E, 277, 2X3, 407, 437, 443, 849, 983, X83,
259: 2, 3, 6, 7, 8, 10, 13, 14, 16, 18, 22, 26, 2E, 4X, 58, 72, 84, X8, E8, 122, 133, 158, 194, 366, 45E, 63X, 847, X13,
25E: 8, 18, 20, 30, 38, 48, 98, 128, 250, 948, EE0,
261: 1, 3, 7, 9, 17, 19, 23, 39, 119, 187, 197, 199, 2X7, 309, 427, 713,
263: 2, 4, 5, 8, 9, X, 10, 11, 14, 18, 19, 48, 49, 54, 6X, 78, 82, 85, E0, 138, 168, 195, 1X0, 24X, 379, 37X, 415, 532, 785, 8E2, 959, X19, X45,
265: 4, 8, X, 14, 1X, 24, 6X, E4, EX, 1X2, 62X, 65X, 664,
267: 3, 7, 13, 23, 57, 67, 24E, 27E, 387, 443, 667,
269: 1, 4, 5, 7, 8, 10, 11, 14, 1E, 28, 37, 40, 45, 50, 88, 8E, 97, E4, 100, 151, 153, 161, 18E, 217, 257, 261, 265, 34E, 3E7, 458, 861,
26E: 2, 6, X, 16, 22, 32, 36, 46, 4X, 10X, 136, 272, 47X, 5X2, 742, X62,
271: 9, 15, 99, 165, 175, 315, 695,
273: 1, 3, 4, 6, 9, 11, 19, 1X, 23, 2X, 30, 31, 33, 3X, 4X, 53, 6X, 9X, EX, 104, 349, 993, E46,
275: 2, 6, X, 10, 12, 20, 2X, 38, 42, E4, 100, 160, 28X, 2E2, 920,
277: 5, 7, E, 15, 27, 45, 65, 97, 225, 297, 2E5, 337,
279: 1, 3, 5, 6, 9, X, E, 17, 21, 29, 33, 35, 3X, 47, 63, 83, EE, 105, 10E, 12E, 149, 213, 343, 431, 547, 73E, 831, 9X7,
27E: 2, 4, 8, X, 12, 16, 18, 20, 26, 36, 46, 90, 114, 148, 17X, 210, 286, 374, 458, 702, 966,
281: 1, 5, 7, 9, E, 15, 17, 29, 59, 89, X5, XE, 149, 189, 665, 9XE,
283: 2, 3, 8, 10, 13, 16, 18, 28, 53, 56, 7E, 100, 103, 148, 153, 188, 2E8, 303, 373, 40E, 51E, 570, 5E3, 6E6, 8E3, 98E, E48,
285: 4, 14, 24, 34, X4, 2E4, 344,
287: 1, 3, 5, 7, E, 13, 15, 19, 29, 43, 51, 53, 73, 99, EE, 119, 137, 173, 191, 2X7, 2E5, 455, 547, 755, 827, X45,
289: 2, 8, X, 12, 22, 3X, 4X, 10X, 142, 152, 258, 312, 538, 5E2, 611, 7XX,
28E: 4, 6, 8, 10, 14, 1X, 44, 46, 50, 7X, 88, X0, 100, 15X, 164, 298, 446, 500, 624, 728, 778, 998, E98,
291: 3, 7, 13, 43, E7, 163, 427, 437, 457,
293: 1, 4, 5, 7, 9, 10, 11, 13, 1E, 20, 25, 27, 50, 70, 73, 81, 91, 109, 115, 131, 140, 173, 224, 231, 287, 480, 5X7, 804, 993, E1E,
295: 2, 6, 22, 32, 56, 242, 252,
297: 1, 9, 11, 51, 59, X9, 189, 349, 3E1, XX9,
299: 2, 3, 4, 5, 7, 8, 9, X, 10, 13, 16, 23, 26, 29, 37, 46, 4X, 57, 67, 6E, 79, X5, E0, 105, 10E, 12X, 16E, 20E, 327, 349, 387, 415, 433, 452, 467, 69E, 748, 755, 760, 784, 7E0, 829, 84X, 86X, 88X, 890,
29E: 8, X, 14, 2X, 3X, 7X, 8X, 18X, 24X,
2X1: 3, 7, 9, 13, 53, 63, E3, 563, 637, X33, XX3,
2X3: 1, 5, 6, 7, 9, X, E, 12, 17, 19, 21, 22, 25, 27, 47, 5E, 71, 126, 142, 165, 187, 25E, 341, 3X7, 4E6, 567, 5X7, 775, 7E5, 9X5,
2X5: 2, 4, 6, 8, 12, 14, 24, 30, 44, 100, 132, 158, 190, 210, 296, 2E8, 520, 786, 994, X56,
2X7: 5, 9, 13, 15, 19, 25, 35, 59, 7E, X5, 243, 539, 645, 935, 969, XE9,
2X9: 3, 4, 6, X, 14, 24, 37, 86, XX, 146, 16X, 197, 276, 2E4, 306, 363, 52X, X37, X77, X84,
2XE: 8, 10, 28, 48, 78, 268,
2E1: 1, 5, 7, E, 15, 17, 1E, 21, 45, XE, E5, 125, 17E, 191, 207, 27E, 415, 481, 535, 5EE, 651, 77E, 78E, 85E, 965, X3E,
2E3: 1, 2, 6, 8, 9, X, 10, 15, 16, 21, 24, 42, 48, 49, E4, E6, 141, 154, 340, 452, 590, 638, 936,
2E5: 2, 4, X, 10, 12, 14, 22, 26, 2X, 54, 64, XX, E4, 100, 17X, 1E6, 252, 416, 570, 8E6, 956,
2E7: 3, E, 13, 23, 33, 4E, 63, 83, XE, 103, 1X3, 203, 393,
2E9: 3, 5, 8, 9, E, 15, 30, 38, 39, 45, 48, 58, 60, 69, 6E, 93, 98, 135, 153, 20E, 215, 253, 495, 51E,
2EE: 6, X, 16, 7X, 8X, 126, 57X,
301: 1, 5, 9, 11, 15, 21, 49, 61, 65, 69, 71, X1, 105, 231, 251, 351,
303: 1, 2, 4, 7, 8, E, 11, 14, 1X, 31, 3E, 48, 5E, 111, 194, 1EE, 2X8, 478, 5X4, 7XX, 972,
305: 2, 4, 6, 8, X, 10, 14, 16, 18, 24, 26, 34, 3X, 98, 10X, 166, 234, 236, 244, 328, 5X0, 5E6, 828, X16, E5X,
307: 3, 7, 9, E, 11, 15, 19, 25, 37, 43, 73, 145, 149, 155, 173, 221, 351, 3XE, 67E, 987,
309: 1, 3, 5, 7, 9, E, 13, 15, 17, 21, 29, 39, 41, 57, 5E, 75, 7E, 87, 8E, 10E, 113, 125, 151, 161, 16E, 1X7, 313, 327, 3X1, 407, 42E, 449, 57E, 5E5, 5E9, 609, 617, 723, 943, X29,
30E: 2, 6, 26, 52, 56, 92, 98, 1E6, 366,
311: 1, 7, 9, 13, 37, 41, 107, 147, 169, 269, 369, 5X3, 9X1,
313: 2, 3, 4, 6, 8, X, E, 12, 13, 14, 16, 18, 24, 42, 4X, 5X, 67, 7E, 80, 86, 9X, XX, E7, 116, 130, 15X, 276, 28X, 387, 4X0, 598, 5X4, 62X, 71X,
315: 4, 8, 18, 24, 438, 734,
317: 1, 3, 5, 9, E, 11, 15, 23, 29, 2E, 35, 45, 49, 65, 99, 109, 111, 155, 177, 18E, 24E, 669, 92E,
319: 2, 5, 6, 8, 9, X, 10, 15, 18, 20, 26, 29, 32, 39, 46, 50, 54, 55, 6X, 81, E1, EX, 101, 19X, 1E0, 215, 222, 2X6, 2X8, 312, 385, 3E6, 468, 558, 6E6, 886, 919, E70,
31E: 4, 8, X, 2X, 30, 34, 74, XX, 128, 170, 178, 2X2, 362, 3E0, 444, 496, 558, X08,
321: 3, 53, 44E,
323: 1, 4, 7, 9, 10, 13, 17, 19, 24, 40, 43, 49, 63, 113, 144, 147, 153, 207, 237, 434, 5E4, 773, 953, X74,
325: 2, 6, X, 12, 36, 62, 72, 286, 2X6, 302, 31X, 586, X72,
327: 1, 5, 21, 31, 45, 65, 95, 291, 405,
329: 1, 2, 3, 4, 5, 6, 7, 9, E, 10, 11, 12, 13, 14, 19, 21, 30, 35, 36, 37, 43, 46, 49, 51, 59, 5E, 62, X6, E0, EE, 107, 114, 126, 18E, 223, 295, 344, 378, 503, 587, 614, 669, 745, 763, 778, 891,
32E: 2, 8, X, 28, 32, 34, 90, 92, 180, 242, 2X4, 502, 604, 944, 98X,
331: 1, 3, 9, E, 11, 13, 27, 39, 71, 89, EE, 12E, 139, 351, 859, E69,
333: 2, 3, 5, 9, 12, 13, 16, 19, 23, 32, 33, 35, 43, 53, 82, 93, X3, EE, 11E, 12E, 163, 21E, 27E, 4E6, 539, 683, 71E, 7X2, 869, 993, X63, X73,
335: 4, 6, 10, 14, 2X, 44, 5X, 60, 80, 86, 96, 100, 164, 1E0, 274, 2X4, 470, 490, 534,
337: 3, 5, 7, 9, 11, 29, 41, 61, E1, 113, 171, 183, 193, 249, 3E1, 465, 547, EE1,
339: 4, 7, X, E, 12, 22, 24, 27, 64, 67, 137, 452, 684, 92X,
33E: 4, 8, 10, 24, 30, 34, 58, 84, E4, 158, 160, 500,
341: 1, 5, 7, 9, E, 23, 69, 101, 149, 153, 157, 173, 1X3, 367, 4X1, 5X5, 611, 627, 795,
343: 2, 4, 6, 8, 9, X, 10, 12, 14, 15, 28, 34, 35, 45, 52, 58, 74, 85, 86, 90, 96, 98, 164, 186, 1E0, 20X, 210, 239, 278, 284, 3X5, 402, 416, 486, 50X, 510, 54X, 62X, 64X, 768, 782, 830, 976,
345: 6, 8, 20, 60, 78, 118, 136, 146, 188, 330, 3X6, 476, 676, X96, EE6,
347: 3, 7, 17, 33, 47, 93, 267, 393, 787,
349: 1, 5, 8, 9, E, 10, 11, 29, 30, 48, 58, 79, 8E, 140, 169, 185, 1X1, 235, 255, 271, 371, 375, 464, 4E4, 541, 5X8, 661, 679, 790, 830, 904, 959, X11,
34E: 2, 22,
351: 1, 5, 9, 11, 15, 29, 55, 85, 91, 115, 155, 195, 201, 219, 249, 265, 371, 541,
353: 2, 3, 4, 5, 6, 7, 8, 9, E, 12, 17, 1E, 22, 24, 26, 38, 43, 44, 48, 52, 56, 99, E2, 128, 14E, 157, 247, 26X, 272, 318, 328, 48X, 542, 56E, 68X, 772, 782, 838, 884, 8E6, 94E, E39, E6E,
355: 6, 8, 12, 1X, 20, 3X, 78, 9X, 152, 158, 37X, 718,
357: 3, 5, 9, E, 1E, 2E, 65, 10E, 2E5, 453,
359: 1, 7, 9, X, 11, 16, 1X, 29, 2X, 61, 101, 119, 247, 311, 316, 49X, 93X, E5X,
35E: 2, 4, 6, X, 10, 12, 14, 16, 1X, 20, 2X, 54, 56, 64, 80, X4, 156, 176, 1E6, 202, 216, 360, 3X0, 454, 566, 614, 750, 834, 966,
361: 1, 9, E, 11, 65, 4X1, X01,
363: 2, 3, 4, 6, 7, 8, 9, 12, 13, 14, 16, 23, 24, 36, 66, 73, 96, X7, 103, 12E, 144, 183, 224, 266, 553, 556, 627, E6E,
365: 9, 14, 514, 914, X68,
367: 1, 3, 5, 7, 11, 13, 17, 25, 27, 39, 43, 45, 47, 63, 67, 73, X7, 10E, 119, 125, 131, 137, 175, 207, 217, 23E, 275, 32E, 3E1, 401, 453, 457, 571, 575, 5E5, 867, X81,
369: 2, 6, 8, 10, 16, 18, 19, 22, 26, 32, 39, 40, 56, E6, 159, 178, 252, 326, 410, 480, 490, 562, 669, 999,
36E: 4, 9, X, 10, 1X, 24, 26, 34, X0, 19X, 206, 364, 77X, 834, E8X,
371: 3, 7, 9, E, 13, 17, 1E, 33, 47, 4E, 53, 67, E7, 107, 153, 1X3, 483, 4XE, 787,
373: 4, 5, 8, 9, 11, 15, 24, 2E, 31, 41, 71, 78, 94, 161, 274, 2X5, 408, 425, 481, 584, 595, 66E, 871,
375: 6, X, 72, 192, 1EX, 386,
377: 1, 5, 9, 11, 19, 21, 29, 61, E9, 211, 225, 255,
379: 1, 2, 4, 6, 7, 8, 9, X, E, 10, 12, 14, 15, 16, 17, 18, 20, 27, 32, 35, 40, 70, 82, 122, 124, 187, 200, 256, 284, 383, 441, 48X, 508, 647, 698, 74E, 857, 9E4, E20, E6X,
37E: 2, 6, 8, 18, 20, 28, 30, 36, 38, 40, 62, 76, 82, E0, 112, 126, 140, 182, 248, 428,
381: 3, 7, 9, 17, 23, 33, 47, 53, 73, 473, 4X7, 533, 8E1,
383: 3, 5, 6, 9, 13, 19, 21, 2E, 33, 35, 51, 63, 71, 92, X1, 125, 171, 175, 17E, 189, 235, 28E, 31X, 375, 681, 761, X29, E43,
385: 8, X, 14, 18, 22, 72, 92, 128, 144, 158, 16X, 1EX, 792, 872, X1X,
387: 5, 9, 13, 55, 59, 113, 1E3, 3E5,
389: 4, 7, 8, X, E, 10, 1E, 20, 26, 33, 37, 67, 78, 94, 96, 124, 170, 177, 256, 33E, 397, 458, 460, 504, 57E, 6X7, 710, 947, E34,
38E: 4, 8, 10, 14, 30, 38, 58, 64, 98, 108, 210, 334, 374, 728, EE8,
391: 5, 9, 15, 3E, 89, 99, 23E, 259, 29E, 475, 605, 619, 74E,
393: 1, 6, 9, 11, 16, 29, 80, 101, 114, 919,
395: 2, X, 1X, 42, 62, 90, 544, 70X, 864, X98,
397: 7, 17, 2E, 68E, 95E,
399: 1, 3, 7, 8, 9, E, 10, 11, 15, 18, 1E, 25, 33, 40, 53, 59, 68, 167, 170, 190, 213, 289, 2X8, 305, 307, 323, 413, 478, 6E5, 7E9, 8E7, 993,
39E: 2, 6, 16, 1X, 22, 3X, 82, 96, 552,
3X1: 5, 9, 11, 19, 21, 39, 45, 69, 79, E5, 109, 299, 569, 695, 711, X45,
3X3: 3, 5, 6, 9, E, 10, 13, 15, 19, 23, 2E, 30, 56, 60, 73, 76, 7E, 82, 99, X0, E5, 109, 156, 1X3, 252, 309, 32E, 3E6, 4E9, 603, 87E, 8X5, 9X3,
3X5: 4, X, 10, 16, 20, 36, 44, 50, 64, 12X, 1E6, 6X0, 6E0, X84, E00,
3X7: 1, 7, 9, E, 15, 17, 43, 5E, 173, 29E, 309, 315, 5X7, 681, 97E, X43,
3X9: 2, 7, X, E, 12, 1X, 22, 65, 6E, 7E, 177, 197, 247, 36E, 635, 64X, 837, 96E, X02, E42,
3XE: 4, 6, 8, X, 10, 16, 18, 34, 48, 56, 70, 74, 9X, X4, 128, 12X, 154, 270, 298, 306, 356, 456, 854, X56,
3E1: 1, 3, 9, E, 13, 23, 29, 41, 93, 9E, X1, 171, 463, X6E,
3E3: 2, 6, 7, 8, X, E, 10, 12, 14, 16, 18, 30, 40, 46, 56, 60, 77, 126, 152, 174, 186, 1X0, 200, 27E, 328, 3X2, 40E, 730, 820, 98X,
3E5: 8, 10, 18, 40, 58, 130, 178, 248, 368, 508, X48,
3E7: 1, 3, 7, 9, 11, 17, 23, 27, 31, 33, 41, 79, 87, 187, 557, 6X7, X91,
3E9: 1, 2, 4, 5, 6, 8, 9, 35, 36, 39, 48, 4X, 56, 65, 85, 102, 165, 168, 16X, 256, 3E1, 668, X24, E6X, EEX,
3EE: 2, X, 12, 22, 38, 52, 9X8,
401: 3, 7, E, 13, 2E, 33, 5E, 67, 6E, X7, 117, 11E, 42E, 573,
403: 1, 3, 4, 5, 9, 10, 13, 18, 27, 30, 41, 43, 47, 50, 51, 59, 79, X5, 251, 335, 367, 583, 647,
405: 2, X, 12, 16, 4X, 52, 96, 176, 3EX,
407: 9, 15, 19, 39, 139, 189, 379, 785, X55,
409: 3, 4, 6, 7, 9, X, 10, 11, 13, 14, 20, 29, 31, 34, 41, 49, 5X, 63, 64, 80, 96, XX, E0, EX, 104, 120, 144, 14X, 164, 207, 240, 2X1, 2XX, 2E4, 386, 424, 43X, 633, 747, 980, XE6,
40E: 4, 6, 8, 12, 16, 18, 26, 2X, 30, 38, 4X, 56, 62, 70, 88, 110, 164, 194, 346, 41X, 78X, 8EX, 9X0, XX4,
411: 1, 5, 7, E, 11, 15, 1E, 27, 6E, 117, 137, 247, 257, 335, 431, 471, 851, 9E5,
413: 2, 7, 9, X, 2E, 39, 42, 59, 82, 11E, 139, 419, 562,
415: 4, 8, X, 12, 20, 22, 82, 8X, 9X, 176, 1EX, 294, 526, 568, X26,
417: 1, 3, 5, 7, 9, E, 13, 15, 1E, 21, 25, 27, 45, 59, 81, E9, 159, 175, 189, 1X3, 233, 255, 29E, 309, 3X3, 421, 521, 675, 869,
419: 2, E, 10, 12, 18, 20, 23, 2E, 38, 48, 70, 98, 110, 198, 2X8, 3X2, 748, 7X3, 882,
41E: 14, 24, 34, 674, 744,
421: 1, 3, 5, 9, E, 11, 37, 5E, 157, 1X1, 1E5, 205, 301, 433, 663,
423: 1, 2, 4, 5, 8, X, 11, 15, 1X, 31, 32, 34, 38, 42, 52, 65, 75, 84, E2, 188, 1X5, 23X, 242, 318, 385, 3X1, 73X, 741,
425: 2, 6, 8, X, 10, 18, 58, 74, 80, 122, 132, 188, 262, 290, 480, 79X, 868, E40,
427: 3, 7, 17, 33, 4E, 57, 27E, 297, 513, 5X3,
429: 1, 3, 4, 5, 8, 9, E, 11, 13, 14, 1E, 20, 25, 38, 39, 58, 6E, E4, 110, 120, 125, 129, 133, 164, 169, 199, 1E0, 225, 229, 299, 441, 511, 583, 5X0, 634, 69E, 761, 7X9, 821, 981, 988,
42E: 2, 6, 12, 26, 32, 42, 1X6, 312, 392, 402, 462, 546, 642, 9X6, 9E2,
431: 9, 19, X9,
433: 1, 3, 4, 7, 8, 9, X, E, 11, 14, 15, 16, 17, 18, 1E, 24, 25, 27, 58, 65, X0, X4, XE, 103, 146, 163, 175, 18E, 1X5, 1E5, 218, 283, 2E9, 38E, 985, E04, EEX,
435: 2, 4, 12, 14, 32, 194, 1EX, 248, 444, 61X, 658, 74X, 7E8, 8X4, X88,
437: 1, 5, 7, 9, E, 11, 17, 19, 27, 29, 31, 35, 3E, 59, 65, 77, 85, 87, E7, 129, 18E, 209, 315, 381, 391, 61E, 85E, 999,
439: 1, 2, 3, 6, 9, E, 16, 17, 29, 37, 43, 57, 112, 117, 255, 283, 392, 536, 572, 851,
43E: 2, 4, 8, X, 12, 20, 32, 6X, 72, 8X, 92, 94, E8, 108, 15X, 162, 1E2, 242, 288, 344, 37X, 680,
441: 3, 5, 9, E, 13, 15, 23, 29, 63, 69, XE, E9, 169, 16E, 303, 379, 399, 415, 71E,
443: 3, 6, 7, X, 10, 13, 26, 30, 40, 43, 4X, 53, 116, 146, 240, 320, 363, 433, 666, 7X0, 7X6,
445: 4, 8, 10, 24, 28, 50, 124, 234, 250, 274, 2E4, 368, 500,
447: 5, 7, 11, 17, 87, E1, 105, 217, 245, 3X7, 477, 485, 871,
449: 1, 4, 5, 6, 10, 11, 15, 21, 34, 44, 52, 5X, 65, 70, 90, X5, 11X, 120, 15X, 1E5, 206, 300, 39X, 764, 87X, E85,
44E: 2, 4, 6, 8, X, 10, 12, 14, 16, 18, 20, 24, 26, 28, 2X, 32, 3X, 44, 48, 56, 6X, 98, 100, 148, 21X, 266, 27X, 474, 480, 880, 920, 922, X44, EX0,
451: 7, 213, 307, 413, X53,
453: 3, 5, 8, 9, E, 10, 23, 25, 28, 35, 88, E5, 109, 12E, 265, 300, 460, 495, 59E, 695,
455: 6, X, 1X, 2X, 36, 166, 53X,
457: 1, 9, 11, 121, 451,
459: 1, 2, 5, 8, X, 11, 12, 14, 21, 22, 25, 28, 35, 48, 61, 68, 117, 21X, 287, 311, 38X, 3E4, 474, 501, 568, 585, 654, 88E, 94E, 961,
45E: 2, 4, 10, 12, 18, 166, 1E6, 212, 2X2, 470, 552, 596, 664,
461: 1, 3, 5, 7, 9, E, 13, 15, 17, 1E, 23, 33, 35, 39, 3E, 4E, 53, 55, 61, 67, 123, 179, 325, 363, 389, 545, 617, 629, 779,
463: 2, 3, 5, 6, 7, 9, X, 11, 12, 13, 17, 1E, 26, 2E, 42, 59, 113, 135, 13X, 1XE, 3E1, 492, 49E, 651, 692, 735, 75E, 76X, 829, 912, X09, X82, XEE,
465: 8, 12, 18, 42, 62, 1E2,
467: 1, 3, 11, 63, 77, X1,
469: 2, 4, 6, 8, X, 12, 14, 17, 22, 28, 33, 67, 82, 88, 92, XX, 100, 103, 113, 128, 178, 204, 254, 266, 344, 352, 460, 507, 512, 543, 642,
46E: 4, 14, 44, 114, X44,
471: 1, 3, 9, 15, 1E, 21, 29, 49, 69, 75, 123, 3X1, 615, 683, 923,
473: 1, 2, 4, 5, 6, 9, 10, 11, 15, 21, 22, 2X, 52, X6, 140, 144, 149, 1E5, 261, 262, 275, 294, 299, 458, 84X,
475: 2, 6, 8, X, 14, 22, 42, 58, 5X, 90, 112, 174, 17X, 1E2, 522, 9E2,
477: 3, E,
479: 3, 4, 7, 9, 11, 13, 19, 20, 24, 40, 44, 50, 53, 104, 123, 221, 311, 649, 663, 874, X50, XE3, E69, EE7,
47E: 6, X, 1X, 2X, 6X, 86, X6, 126, 25X, 35X, X1X, XE6,
481: 5, 15, 21, 25, 55, 251, 291,
483: 1, 4, 5, 7, 8, 9, X, E, 11, 1E, 24, 29, 33, 37, 38, 42, 51, 55, 83, X8, 104, 10X, 121, 131, 154, 161, 1E0, 20E, 221, 287, 310, 3E9, 634, 751, 879, 9XE, E64,
485: 2, 4, 6, 8, X, 16, 22, 24, 28, 32, 58, 78, XX, 136, 222, 278, 27X, 2EX, 55X, X46,
487: 1, 5, 9, 13, 23, 25, 105, 12E, 149, 177, 195, 273, 277, 491, 853,
489: 2, 3, 6, E, 16, 22, 23, 33, 42, 45, 86, XE, 132, 226, 312, 613, 806, 866, EE6,
48E: 6, 10, 14, 24, 30, 6X, 160, 176, 320, 380, 430, 4E4, 59X, 604, 644, 756,
491: 1, 3, 5, 7, 9, 11, 13, 17, 21, 23, 29, 37, 45, 59, 61, 69, 99, X1, X5, 115, 163, 171, 30E, 595, X1E,
493: 2, 8, X, E, 14, 1E, 22, 34, 4E, 6X, 12E, 198, 4E4, 58E, X9E,
495: 4, 8, 10, 18, 30, 100, 198, 1X8, 220, 330, 370,
497: 3, 5, 7, 9, 13, 17, 1E, 33, 37, 57, 6E, 123, 223, 247, 253, 309, 457, 5X5, 687, 773, 8X3, 8XE,
499: 1, 4, 5, 9, X, 11, 15, 16, 18, 21, 25, 45, 58, 75, 76, 90, 189, 209, 210, 234, 391, 481, 760,
49E: 2, 6, 8, 18, 20, 50, 60, 90, E2, 102, 158, 222, 290, 330, 538, 748,
4X1: 7, 27, 87, X7, XE7,
4X3: 3, 4, 7, 8, 13, 27, 44, 94, 119, 144, 183, 244, 931,
4X5: 12, 32, 7X, 192, 432, 612,
4X7: 1, 9, 11, 15, 19, 41, 65, 85, 209, 791,
4X9: 2, 5, 6, 7, 8, 9, 10, 11, 12, 13, 15, 16, 21, 27, 28, 2X, 33, 3X, 49, 60, 62, 70, 78, E3, 11X, 138, 142, 190, 306, 3E0, 512, 73X, 9X2, 9E3, X25, X70,
4XE: 4, 6, X, 10, 36, 42, 50, 64, 86, 108, 15X, 160, 1XX, 238, 240, 246, 3E6, XX4,
4E1: 3, 5, 9, 13, 15, 35, 59, 63, 115, 1X5, 445, 759,
4E3: 1, 6, 9, X, 11, 13, 16, 17, 27, 53, 6X, 97, 139, 19X, 23X, 277, 2E9, 357, 391, 3E6, 61X, E4X,
4E5: 2, 8, X, 12, 16, 28, 36, 62, 7X, X8, 106, 7EX, 81X, 836,
4E7: 5, 7, 11, 17, 37, 3E, 61, 167, 411, 495, 617, 86E,
4E9: 3, 4, 6, 8, X, 12, 13, 16, 17, 18, 1E, 30, 50, 72, 80, 83, 88, 8X, EE, 13X, 257, 284, 31E, 3X8, 473, 4EE, 533, 877, X34, XX3, E9E,
4EE: 8, 14, 74, X4, 168, 1X4, 260, 310, 478, 970,
501: 1, 7, E, 19, 47, 5E, 8E, 16E, 1XE, 32E, 57E,
503: 2, 5, 6, 8, 9, 10, 12, 15, 19, 26, 38, 42, 59, 65, 72, 135, 136, 170, 240, 265, 278, 370, 375, 422, 469, 4X2, 525, 918, E28,
505: 4, 6, 10, 14, 20, 24, 36, 50, E0, 1E4, 3X0, 490, 740,
507: 3, 7, E, 23, 27, 33, 87, 127, 177, 443, 60E, 833, 987, E37,
509: 1, 7, E, 15, 1E, 81, 11E, 161, 187, 1E5, 407, 4E5, 55E, 835,
50E: 2, X, 1X, 32, 4X, 92, 112, 17X, 232,
511: 5, 11, 45, 171, 425, 785, 851,
513: 1, 3, 4, 7, 8, 9, 10, 11, 12, 15, 17, 18, 1X, 20, 21, 24, 32, 39, 53, 5X, 74, 91, 9X, X3, X7, X9, E0, E9, 107, 109, 118, 125, 147, 155, 193, 1E9, 255, 271, 279, 2X1, 332, 404, 417, 454, 5E3, 6X5, 775, 8X1, 964, X01, XX4, E89, EE7,
515: 2, 6, 10, 12, 16, 22, 96, 296, XE0,
517: 9, 13, 21, 29, 33, 49, 259, 453, 473, 499,
519: 1, 3, 5, 6, 7, 9, X, E, 11, 12, 13, 19, 1E, 23, 25, 2X, 31, 32, 33, 37, 41, 42, 45, 5E, 62, 65, 6E, 7X, 81, 9X, X1, X9, 14E, 156, 169, 239, 26E, 365, 482, 52E, 732, 741, 753, 843, 902, 989, E87, EE9,
51E: 2, 4, 8, X, 12, 14, 18, 24, 28, 3X, 48, 54, 74, E4, 128, 15X, 228, 2X2, 3XX,
521: 1, 7, 9, E, 17, 19, 25, 33, 65, 73, 8E, 9E, E9, 173, 197, 237, 363, 399, 501, 525, E13,
523: 2, 3, 6, 7, 8, X, E, 17, 1E, 20, 26, 2X, 33, 36, 37, 73, 96, 162, 19E, 266, 26E, 27E, 282, 320, 474, 477, 80E, 954, 96X, EX6,
525: 4, 10, 24, 38, 190, 398,
527: 3, 5, 9, E, 19, 1E, 39, 53, 55, 79, 1E3, 243, 389, 40E, 739, 74E, 81E, X29, E05,
529: 1, 9, X, 10, 14, 19, 1X, 21, 24, 39, 41, 50, 74, 79, 111, 11X, 151, 220, 304, 4EX, 674, 71X, 820,
52E: 2, 4, 6, 8, X, 12, 14, 16, 18, 1X, 22, 2X, 3X, 44, 6X, 112, 132, 156, 21X, 33X, 58X, 5XX, 684, 712, 904,
531: E, 90E,
533: 1, 3, 4, 5, 7, 8, E, 11, 13, 24, 25, 30, 37, 41, 51, 57, 61, 80, E8, 117, 165, 175, 185, 221, 23E, 250, 258, 343, 361, 371, 394, 445, 447, 494, 554, 820, X27, E80,
535: 2, X, 122, 322,
537: 1, 9, 349, 695,
539: 2, 3, 5, 6, 8, E, 10, 12, 13, 15, 16, 20, 29, 32, 35, 40, 42, 52, 68, 79, 93, 95, X0, E6, 115, 138, 15E, 179, 188, 193, 245, 330, 376, 393, 4E9, 520, 656, 706, E15,
53E: 4, X, 10, 46, 110, 116, 16X, 184, 294, 36X, 474, 484, 900, 990, X84,
541: 3, 7, 9, E, 15, 17, 1E, 29, 57, 73, 13E, 229, 439, 495, 683, 91E,
543: 1, 5, 7, E, 21, 27, 3E, 47, 4X, 75, 77, 85, E5, 11E, 13E, 1EE, 315, 36E, 391, 515, 57E, 9X7,
545: 2, 4, 6, X, 10, 14, 1X, 36, 52, 62, E8, 10X, 136, 168, 370, 412, 8E0, 9E4,
547: 1, 5, 7, 9, 11, 19, 21, 27, 59, 5E, 107, 145, 171, 295, 331, X67,
549: 2, 3, 4, 8, 10, 12, 13, 17, 1E, 26, 2E, 32, 36, 50, 52, 66, 7E, 113, 167, 182, 218, 230, 292, 374, 408, 5E0, 642, 713, 810, E77,
54E: 8, 100, 118, 210, 348, E20,
551: 3, 7, 9, 11, 21, 23, 27, 39, 43, 63, 1E3, 2E7, 587, 603,
553: 5, 6, 9, X, 10, 12, 21, 22, 46, 5X, 75, 7X, X6, 101, 256, 606, 752, X72,
555: 4, X, 38, 3X, 48, 1XX, 208, 268, 46X, 57X,
557: 7, 13, 43,
559: 1, 4, 5, 7, 9, E, 10, 14, 23, 25, 27, 30, 31, 34, 39, 41, 43, 47, 49, X4, 135, 204, 21E, 2E5, 350, 36E, 400, 4E3, 513, 517, 649, 695, 707, 744, 963,
55E: 2, 6, X, 16, 1X, 36, 4X, 52, 8X, XX, 17X, 2E2, 392, X82,
561: 5, 9, 15, 39, 65, 79, 99, 159, 395, 399, 475, 479, 959,
563: 3, 9, X, 10, 13, 17, 19, 23, 49, 56, 57, 60, 69, E3, 10X, 1X9, 227, 277, 283, 336, 519, 659, 793, 943, X2X, X50, E13,
565: 6, 8, X, 10, 16, 18, 1X, 24, 3X, 40, 44, 4X, 50, 56, 5X, 74, X8, 158, 180, 186, 270, 2EX, 330, 340, 4EX, 608, 674, E16,
567: 1, E, 11, 17, 1E, 21, 37, 51, 9E, 3E1, 46E, 4EE, 65E,
569: 2, 5, 7, X, 12, 17, 1E, 2X, 2E, 37, 59, 86, 9E, X7, EE, 11E, 142, 146, 1XX, 267, 2X5, 75X,
56E: 4, 6, 8, 12, 18, 30, 58, 60, 78, 92, 106, 198, 258, 330,
571: 3, 5, 7, 9, 13, 15, 29, 41, 63, X9, EE, 105, 133, 137, 239, 303, 3X5, 64E, 693, 6X1, 959, X07,
573: 6, 16, 113, 126, 226, 306, 4E3, 506, 546, 928,
575: 450,
577: 1, 7, E, 13, 15, 91, 161, 591, 6X5, 867,
579: 1, 2, 4, 8, X, 15, 18, 42, 52, 61, 82, 8X, 131, 152, 15X, 195, 26X, 32X, 445, 448, 461, 93X,
57E: 2, 6, 12, 16, 20, 22, 2X, 56, 342, 346, 512, 65X, 706, 922, X52,
581: 3, E, 23, 3E, 63, 8EE, X2E,
583: 3, 5, 7, 8, 9, E, 14, 15, 21, 28, 29, 2E, 44, 51, 75, E3, 129, 135, 139, 181, 195, 19E, 2E3, 30E, 329, 451, 697, 8E9,
585: 6, 16, 36, 42, 82,
587: 1, 9, 11, 71,
589: 1, 2, 4, 6, 8, 9, X, E, 10, 12, 17, 18, 20, 21, 22, 30, 32, 36, 38, 40, 54, 82, 89, X2, 100, 10E, 122, 124, 128, 131, 151, 169, 17X, 1X4, 202, 228, 269, 276, 2E8, 314, 344, 3X2, 3X6, 428, 540, 590, 5E7, 690, 6EX, 730, 758, 822, 8X2, E61,
58E: 2, 4, 8, X, 14, 22, 2X, 34, 58, 12X, 148, 162, 832, X14,
591: 1, 3, 5, 7, 9, 17, 23, 27, 33, 49, 51, 5E, 107, 14E, 179, 35E, 64E,
593: 1, 2, 3, X, E, 15, 22, 27, 2X, 3X, 47, 52, 5E, 63, 6E, 77, 82, 93, 95, 101, 123, 172, 1E2, 353, 85E, X8E,
595: 2, 6, 8, X, 12, 24, 2X, 46, 56, 84, 16X, 174, 2X6, 3E6, 816, 874, 946,
597: 3, E, 6E, 73, 85, 93, 16E, 1EE, 213, 4X3, 543,
599: 3, 4, 6, 7, 10, 20, 24, 27, 37, 3X, 63, 66, E7, 127, 157, 266, 284,
59E: 4, 10, 18, 34, 38, 44, 190,
5X1: 1, 5, 11, 5E, 121, 247, 3E5, 651, 6E5, 707,
5X3: 2, 4, 5, 8, 9, X, 10, 11, 12, 14, 16, 30, 48, 51, 54, 55, 58, 60, 70, 84, X1, X2, XX, E8, 100, 114, 160, 185, 1XX, 201, 228, 234, 242, 271, 285, 3X6, 446, 471, 499, 598, 684, 7X6,
5X5: 4, X, 10, 1X, 20, 54, 60, 14X, 248, 924,
5X7: 3, 7, E, 23, 27, 43, 7E, 87, X3, 127, 173, 2X7,
5X9: 8, 9, 15, 20, 25, 28, 2E, 49, 53, E5, 388, 769, 855,
5XE: 6, X, 2X, 56, 13X,
5E1: 5, 35, 49, X5, 145, 1E5, 711,
5E3: 1, 4, 5, 7, 8, E, 17, 18, 21, 22, 25, 28, 41, 48, 82, 124, 138, 165, 16E, 258, 25E, 272, 32E, 348, 66E, 697, 7X1,
5E5: 2, 8, X, 12, 14, 1X, 22, 30, 3X, 88, 150, 168, 1E2, 304, 56X, 710, X00,
5E7: 1, 5, 9, 11, 23, 29, 35, 49, 51, 61, 81, 85, 129, 1E1, 209, 249, 251, 477, 579, 791, 835, 881,
5E9: 1, 2, 3, 5, 6, 7, 9, X, E, 11, 13, 15, 17, 19, 1X, 22, 23, 26, 29, 31, 33, 37, 46, 4E, 55, 62, 76, 111, 113, 116, 123, 137, 185, 203, 211, 245, 52E, 6X6, 96E, X45, E3E,
5EE: 2, 8, 16, 18, 48, 128, 2X8, 358, 420,
601: 1, 3, 9, 43, 97, 149, 227, 243, 393, 937,
603: 2, 3, 7, X, E, 10, 1E, 23, 2X, 44, 7E, 9E, 10E, 117, 126, 156, 3X7, 3E6, 467, 507,
605: 4, 8, 14, 28, 38, 48, 58, 88, X08,
607: 3, 5, 7, 9, 11, 15, 17, 1E, 25, 29, 2E, 37, 45, 4E, 53, 55, 9E, 153, 23E, 285, 443, 493, 5X9, 663, 909, X63, E97,
609: 4, 6, 8, X, 12, 14, 15, 16, 18, 20, 26, 42, 4X, 62, 65, 80, 96, X0, 129, 138, 155, 228, 295, 2E6, 340, 364, 465, 546, 672, 692, 6X9, 752, 75X, 764,
60E: 4, 6, 8, X, 10, 14, 18, 24, 2X, 94, X4, E8, 166, 174, 178, 284, 368, 410, 464, 47X, 518, 520, 528, 910, X44,
611: E, 13, 5E, 63, 7E, 33E, 67E, 693, 833, E93,
613: 1, 4, 7, 9, 10, 19, 20, 24, 50, 57, 84, E9, 124, 217, 254, 294, 297, 369, 604,
615: 2, 22, 32, 282, 626,
617: 1, 11, 21, 55, 61, 71, 285, 2E1, 881,
619: 1, 2, 3, 5, 6, 7, 9, X, E, 11, 13, 17, 18, 1E, 21, 25, 27, 33, 3X, 65, 69, 81, 82, XX, EX, EE, 105, 107, 109, 111, 144, 152, 153, 155, 162, 197, 21E, 2E3, 364, 405, 601, 61E, 647, 7X1, 823, 84X, 8X1, 8XE, 9E7, X32, E39, E49, E87,
61E: 2, 6, 8, X, 10, 12, 18, 1X, 22, 2X, 36, 3X, 4X, 90, EX, 130, 156, 180, 188, 330, 352, 438, E62,
621: 1, 3, 5, 7, 15, 2E, 43, 45, 4E, 12E, 553, 713,
623: 2, 3, 5, 6, 9, 12, 19, 23, 26, 32, 46, 53, 72, X3, 125, 2X3, 5X3, 626,
625: 4, 6, X, 10, 16, 1X, 24, 44, 56, 66, E4, 99X,
627: 3, 5, 9, E, 11, 13, 21, 35, 39, 43, 59, 73, 153, 251, 309, 415, 469, 569, 865,
629: 4, 7, 8, X, E, 22, 2X, 3E, 4X, 54, 82, XE, 10X, 122, 128, 15E, 30E, 44X, 54X, 722, 804,
62E: 4, 8, 20, 24, 30, 40, 54, 78, 80, 90, X0, 170, 224, 590,
631: 7, 9, 15, 17, 1E, 23, E5, 243, 25E, 415, 687, 807, 839, E91,
633: 4, 6, 8, 14, 16, 20, 39, 7X, 31X, 320, 41X, 428, 898, 958, 984,
635: 10, 18, 106, 1X8, E50,
637: 203, 6X7,
639: 1, 5, 8, 9, 10, 11, 13, 14, 18, 24, 27, 29, 30, 39, 41, 48, 60, 69, 71, 85, 89, E8, 120, 141, 147, 290, 353, 421, 455, 610, 720, 825, 981,
63E: 2, X, 12, 1X, 42, 4X, 402, X32, E92,
641: 1, 5, 9, 21, 25, 49, E5, 119, 239, 665,
643: 2, 3, 5, 7, 8, X, 10, 14, 16, 1X, 21, 26, 3E, 40, 47, 53, 58, 61, E0, E3, 103, 117, 135, 140, 143, 178, 1E0, 1EX, 221, 247, 337, 376, 513, 522, 620, 797, E86,
645: 6, 8, X, 12, 62, 172, 206, 34X, 372, 386, 606, 706,
647: 3, 5, E, 13, 19, 3E, 43, 8E, EE, 129, 149, 22E, 283,
649: 1, 6, 9, X, 13, 16, 19, 21, 23, 139, 193, 243, 661, 74X, 891,
64E: 2, 4, 6, X, 12, 14, 18, 1X, 22, 28, 32, 48, 52, 5X, 74, 76, E0, 136, 162, 164, 16X, 194, 204, 22X, 230, 252, 264, 282, 29X, 2X6, 2E2, 3X2, 452, 476, 690, 836, X50,
651: 7, E, 15, 77, 25E, 26E, 277, 437, 5X7,
653: 3, 4, 6, X, 10, 14, 18, 1X, 20, 23, 30, 37, 43, 56, 63, 124, 236, 378, 496, 584, 656, 6X3, 788, 800, 908, XX3, E77,
655: 8, 10, 18, 28, 60, 80, 130, 364, 968,
657: 1, 9, E, 17, 19, 4E, 5E, 6E, X1, 14E, 1E5, 431, 639,
659: 2, 8, 9, 10, 12, 38, 50, 62, 68, 69, 89, 192, 298, 470, 866,
65E: 4, X, 14, 1X, 2X, 3X, 54, 7X, 104, 11X, 414, 474,
661: 3, 7, 17, 1E, 23, 33, 1EE, 293, 3X3, 77E, 943, X67,
663: 1, 5, 7, 8, E, 11, 17, 37, 41, 48, 51, 57, 58, 6E, 7E, 171, 17E, 187, 19E, 1XE, 46E, 488, X17, E21,
665: 2, 6, X, 12, 2X, 46, 5X, 8X, 192, 772, 892,
667: 1, 5, 9, 19, 21, 31, 41, 49, 91, 331, 621, 825,
669: 2, 3, 4, 6, 9, X, E, 11, 12, 14, 15, 1X, 22, 23, 24, 26, 29, 30, 3X, 40, 44, 4E, 54, 6E, 91, 99, XX, 133, 13E, 140, 182, 186, 201, 290, 32X, 332, 342, 39X, 424, 443, 542, 793, 7X3, 8E9, 990,
66E: 6, 8, 1E2, 216, 378, 380, 400, 5X6,
671: 1, 3, 7, 11, 59, 77, 173, 179, 193, 321, EX3,
673: 2, 5, 6, 7, 9, X, E, 13, 15, 1X, 22, 23, 27, 29, 33, 39, 42, 45, 55, 65, 72, 73, 75, 85, 92, 93, 99, X2, E5, E7, 12X, 139, 1EE, 233, 242, 245, 249, 292, 363, 50E, 636, 892, X55, E39,
675: 4, X, 3X, 7X, 98, 20X,
677: 1, 3, 7, 9, E, 11, 17, 27, 29, 33, 39, 3E, 43, 47, 4E, 77, 99, E3, 103, 213, 239, 383, 387, 741, X01,
679: 2, 4, 7, 8, X, E, 12, 14, 24, 30, 57, 62, 77, 9X, X7, E2, 118, 122, 137, 14E, 257, 448, 546, 622, 646, 68X, 69E, 7X7, X9E, E92,
67E: 10, 14, 28, 128, 218, 284, 324, 580, 5E4,
681: 3, 5, 9, E, 19, 25, 29, 2E, 99, 519,
683: 4, X, 11, 29, 36, 39, 44, 46, 61, 7X, 81, 134, 164, 1X9, 254, 27X, 284, 2E4, 376, 4E4, 659, 661, 966, 991, X61,
685: 8, X, 30, 38, 56, 8X, 90, 2E8, 7X8, X48, E10,
687: 7, 27, 1X7, 427,
689: 1, 4, 5, 9, 13, 14, 19, 21, 23, 25, 30, 31, 41, 43, 48, 55, 89, E0, 131, 151, 237, 2X3, 300, 315, 4E7, 5E4, 690,
68E: 2, 6, X, 12, 26, 36, 42, 56, 6X, 7X, XX, 182, 466, 916,
691: 1, 5, 9, 11, 15, 29, 99, E1, 101, 115, 121, 139, 341, 411, 611, 761, 785,
693: 2, 3, 6, 8, 9, 10, 13, 16, 25, 2E, 43, 46, 62, 68, 92, 143, 155, 319, 368, 480, 630, X30, X48, E22,
695: X, 10, 16, 1X, 24, 26, 6X, 9X, 14X, 204, 234, 4E4, 64X, EE4,
697: 1, 3, 5, 9, E, 11, 55, 6E, 79, 95, 143, 165, 233, 273, 335, 5X9, 655, 6E9, 83E, 929, X11,
699: 2, 7, X, 11, 17, 21, 22, 31, 3E, 52, 61, 71, 81, 82, 8X, 9E, 222, 23X, 427, 5X7, 641, 941,
69E: 4, 6, 8, X, 12, 14, 22, 34, 38, 50, 56, 70, 72, E6, 198, 1EX, 620, 7X0, 822, 9X2, 9E0,
6X1: 1, 3, 5, 7, E, 11, 15, 27, 35, 51, 57, 5E, 93, 97, X5, 119, 133, 325, 627, 991,
6X3: 2, 4, 7, X, E, 10, 18, 27, 4E, 124, 142, 197, 203, 272, 28X, 367, 45X, 6XE, 84E, E5E,
6X5: 8, 18, 48, 108, 128, 258,
6X7: 3, 7, 9, 17, 23, 29, 67, 173, 747, 753, 793, X91,
6X9: 1, 4, 6, X, 12, 15, 22, 25, 46, 52, 65, X1, 248, 338, 704, EE1,
6XE: 2, 8, X, 1X, 24, 34, 64, 74, 94, 132, 198, 30X, 404, 454, 45X, 84X, 9E2,
6E1: E, 13, 1E, 2E, 5E, 7E, 87, E7, 827, 9EE,
6E3: 1, 3, 4, 5, 8, 9, E, 11, 13, 15, 1E, 20, 23, 28, 33, 3E, 50, 7E, 90, E9, 161, 165, 189, 1XE, 254, 364, 369, 443, 458, 788, 801, 843, X73, E50,
6E5: 2, 6, X, 12, 1X, 22, 2X, 36, 42, 52, 66, X6, 236, 2E2, 416, 516, 552, E86,
6E7: 5, 9, 15, 49, 99, 109,
6E9: 3, 6, 7, X, 11, 19, 20, 26, 30, 34, 63, 64, 66, 73, 76, 80, 8X, 111, 143, 25X, 2X0, 2E1, 626, 863, 994, 9X0,
6EE: 4, 8, X, 10, 12, 1X, 30, 38, 40, 46, 52, 70, E8, 208, 228, 328, 4E4, 4E8, 77X, 830, E34,
701: 5, 7, E, 41, 4E, 55, 57, E5, 107, 225, 251, 575, 637, 935,
703: 1, 6, 7, 9, X, 12, 25, 29, 36, 42, 53, X1, X2, E1, 115, 121, 549, 5E5, 993,
705: 2, 4, 8, X, 10, 32, 4X, 102, 144, 19X, 222, 764, 814,
707: 1, 5, 7, 9, E, 11, 15, 21, 41, 45, 51, 97, 9E, 111, 11E, 123, 20E, 417, 539, 56E, 7X5, 915,
709: 2, 3, 6, 8, X, E, 10, 13, 16, 18, 1E, 26, 52, 80, 86, 98, 110, 138, 152, 16E, 196, 19E, 1XE, 203, 20E, 216, 228, 246, 286, 373, 37E, 382, 472, 4X2,
70E: X, 40, 234, 394, 440, 454, X54,
711: 1, 3, 9, X, 15, 25, 33, 47, 105, 147, 189, 217, 283, 2X1, 417, 449, 595, 995,
713: 1, 2, 5, 12, 14, 32, 35, 54, 65, 74, 82, 8X, 95, 10X, 284, 2EX, 3E4, 6X1, 9E4,
715: 2, 4, 8, 12, 18, 1X, 20, 54, 94, 9X, 164, 168, 218, 314, 332, 408, 46X, 55X, 578, 614, 630, 638, 9E6,
717: 3, X, E, 13, 17, 1E, 27, 33, 37, 43, 63, 7E, 303, 307, 34E, 59E, 677, 747, 7X7,
719: 3, 4, 5, 8, X, E, 10, 15, 19, 20, 2E, 30, 49, 60, X3, 104, 125, 129, 135, 255, 2X9, 310, 577, 934,
71E: 6, X, 26, 36, 46,
721: 1, 9, 11, 69, X1, 161, 259, 2E9, 421, 481, 919,
723: 1, 2, 4, 6, 7, 9, X, E, 10, 12, 1X, 2E, 35, 37, 3E, 4X, 60, 61, 62, 64, 66, 86, 149, 15X, 166, 274, 27E, 288, 29E, 45E, 492, 4E8, 537, 777, 902, 91E, X55,
725: 2, 4, X, 14, 18, E8, 102, 118, 222, 308, 652, 6E8, 818, 858,
727: 3, 7, E, 13, 47, 71, 93, E1, 127, 185, 985,
729: 1, 3, 5, 6, X, 11, 13, 19, 1X, 26, 29, 35, 43, X5, X6, 223, 239, 295, 381, 465, 506, 545, 819, 827, 843,
72E: 2, 8, X, 16, 18, 20, 26, 2X, 62, 66, 122, 14X, 212, 502, 5X8, 810, X50,
731: 5, 13, 15, 1E, 73, 85, 9E, 313, 9E3, 9EE,
733: 3, 4, 6, 7, X, 10, 13, 14, 20, 40, 4X, 5X, 87, 9X, 187, 206, 210, 240, 364, 3X6,
735: 4, 20, 30, 34, 40, X0, 450, 490, 580, 614, 780, 920, E54,
737: 1, 5, E, 15, 1E, 35, 145, 1XE, 231, 335, 85E, 8EE,
739: 1, 2, 5, 8, 9, X, 12, 14, 1X, 21, 28, 46, 55, 59, 62, 65, 69, 82, 99, E9, 111, 131, 156, 18X, 194, 229, 242, 314, 3XX, 405, 555, 622,
73E: 2, 4, 6, X, 10, 12, 16, 1X, 22, 24, 32, 62, 66, 72, 90, 126, 230, 35X, 398, 570, 66X, 950,
741: 3, 7, E, 27, 33, 4E, 137, 3EE, 497, 537, 8E3, E0E,
743: 3, 9, 10, 28, 4E, 60, 100, 140, 500, 759, 760, 788, X18, E80,
745: 6, X, 68X,
747: 1, 5, 11, 19, 21, E9, 1X1, 315, 479, X25, EX1,
749: 1, 2, 4, 5, 7, 8, X, E, 11, 12, 18, 1X, 1E, 24, 27, 28, 2E, 38, 65, 67, 124, 131, 137, 147, 184, 225, 24E, 331, 341, 394, 477, 578, 60X, 625, 681, 72X, 78X, 885, X25,
74E: 2, 4, 8, X, 16, 22, 24, 144, 14X, 222, 2E6, 482, 52X, 544,
751: 3, 7, 9, 13, 15, 17, 1E, 21, 2E, 33, 49, 53, 75, 7E, 95, 9E, X3, 127, 197, 277, 361, 587, 637, 853, X83,
753: 1, 3, 5, X, E, 11, 12, 22, 27, 2E, 35, 63, 87, E6, 162, 197, 1X6, 21E, 245, 291, 325, 5X1, 853, 946, 96E,
755: 2, 6, 10, 16, 46, 76, 86, 156, 262, 336, 656, 986,
757: 7, 9, 17, 21, 67, 113, 189, 259, 2E7, 307, 3X7,
759: 3, 4, 6, 8, X, E, 10, 12, 18, 22, 30, 3X, 42, 54, 56, 8E, 104, 10X, 116, 182, 190, 1XX, 1E4, 213, 233, 238, 26E, 3E2, 416, 418, 446, 45E, 530, 630, 80X, 850, 863, E03,
75E: 4, 8, 28, 54, 218, 248, 348, 578, 7E4,
761: 5, 7, 9, E, 13, 17, 19, 23, 25, 2E, 37, 5E, 7E, 85, X7, 139, 143, 153, 15E, 173, 1E9, 2EE, 4E7, 53E, 54E, 957, X37, X89,
763: 5, 6, 8, 9, X, 11, 14, 16, 1X, 24, 25, 31, 36, 41, 59, 69, XX, E8, 13X, 239, 249, 27X, 2E5, 311, 316, 35X, 498, 505, 595, 729, 72X, 8E6, 900, X21, E45,
765: 4, 6, 8, X, 10, 12, 14, 16, 18, 30, 34, 42, 44, 60, 64, 66, X2, 118, 23X, 246, 250, 314, 348, 356, 44X, 4E0, 626, 770, 772, 9XX, X70, E50,
767: 2E,
769: 1, 9, 11, 19, 33, 37, 71, X1, 127, 151, 169, 273, 511, 577, 651,
76E: 2, X, 22, 42, 43X, 442,
771: 1, 5, 31, 71, 171, 3E5,
773: 1, 2, 3, 5, 6, 7, 8, X, E, 10, 12, 19, 1X, 1E, 21, 3E, 53, 56, 58, 90, 99, 111, 116, 205, 2X9, 311, 35E, 3E2, 438, 535, 53E, 565, 732, 733, 7E3, 89E, 948, X90,
775: 2, 6, X, 10, 12, 14, 18, 2X, 36, 38, 44, 46, 48, 188, 210, 21X, 252, 332, 498, 608, 914, XX2, E50,
777: 1, 3, 7, 9, 23, 37, 115, 157, 161, 1X3, 393, 937, EX5,
779: 2, 3, 5, E, 13, 15, 16, 19, 1E, 29, 35, 49, X5, E9, EE, 125, 14E, 19E, 1X9, 245, 37E, 405, 456, 522, 529, 6X2, 6X9, XXE,
77E: 4, 6, X, 14, 20, 2X, 3X, 166, 92X,
781: 1, 3, 7, 9, 13, 15, 19, 21, 2E, 31, 37, 49, 67, 73, X7, 163, 20E, 259, 303, 351, 617, E09,
783: 2, 4, X, E, 12, 18, 1E, 22, 6E, 72, 82, 84, 94, 127, 248, 2X8, 462, 48E, 4X7, 518, 542,
785: 4, 8, 18, 28, 44, 94, 238,
787: 1, 3, 7, 9, E, 13, 17, 31, 77, 97, X3, 117, 137, 283, 31E, 607, E01,
789: 2, 4, 6, 8, 9, X, 11, 12, 15, 16, 1X, 29, 36, 3X, 44, 58, 5X, 66, 80, X9, XX, 112, 116, 161, 175, 249, 289, 296, 432, 48X, 4X4, 504, 8X4, X21, E94,
78E: 6, 8, 12, 20, 22, 66, E2, 156, 1X2, 266, 298, 1000,
791: 3, 37, 183, 327,
793: 1, 4, 5, 7, 8, 9, E, 13, 15, 17, 21, 23, 25, 28, 38, 4E, 5E, 68, 85, E3, 111, 155, 234, 273, 29E, 325, 34E, 4EE, 727, X41, E23, E89,
795: 2, X, 12, 32, 42, 92, 9X, 222, 22X, 802, X72,
797: 5, 11, 41, 75, 105, 485, 4E5, 505, 625, 871,
799: 1, 3, 4, 5, 6, 7, 9, X, 10, 12, 13, 20, 21, 22, 23, 25, 38, 39, 42, 47, 63, 84, 86, 87, 133, 150, 15X, 166, 167, 183, 206, 329, 361, 374, 3E3, 419, 429, 456, 499, 529, 586, 587, 6X6, 777, 807, 829, 836, X12, E82,
79E: 2, 6, X, 10, 16, 22, 26, 50, 56, 74, 90, 19X, 21X, 4E2, 67X, 724, 88X, 900, X06,
7X1: 5, 9, E, 53, 139, 155, 335, 44E, 559, 575, 789, 955,
7X3: 1, 3, 9, X, 16, 21, 23, 26, 31, 41, 43, 71, 121, 169, 239, 296, 4E6, 52X, 701, 843,
7X5: 2, 4, 6, 8, X, 10, 14, 16, 1X, 20, 26, 28, 4X, 64, 68, 76, 80, 8X, 11X, 190, 1E0, 278, 354, 4X4, 6XX, 6E2,
7X7: 5, 11, 15, 1E, 25, 31, 57, 71, E5, 105,
7X9: 3, 7, 8, X, E, 14, 1E, 20, 30, 40, 48, 50, 68, 72, 103, 138, 13E, 150, 162, 20E, 28E, 2E7, 327, 374, 423, 457, 646, 677, 68X, 733, 797, 817, 8XE, X73, XX8, EX4,
7XE: 4, 8, 10, 20, 38, 44, 80, 98, 124, 218, 268, 278, 4X8, 590, 878, X24,
7E1: 5, 7, E, 13, 19, 25, 27, 2E, 71, 7E, X7, 113, 119, 18E, 285, 311, 387, X73,
7E3: 8, 9, 10, 12, 19, 25, 28, 32, 38, X0, E8, 120, 128, 140, 415, 552,
7E5: 4, 16, E4, 134, 36X, 3XX, 64X,
7E7: 7, 27, 153, 15E, 17E,
7E9: 5, 7, 11, 21, 2E, 3E, 55, 71, 16E, 187, 3EE, E4E,
7EE: 6, X, 12, 22, 4X, 372, 73X, 942, E3X,
801: 1, 9, 11, 15, 39, 51, 131, 151, 2E5, 319, 3X5, 445, 539, 691,
803: 1, 2, 5, 6, 9, X, 14, 15, 19, 1X, 23, 2E, 59, 69, 73, 86, 119, 145, 186, 1X5, 260, 443, 44E, 779, 7X6, 8E6, 914, 980, 982,
805: 2, 6, 10, 12, 16, 18, 22, 30, 70, 76, 78, 176, 298, 706, E12,
807: 3, 7, 9, 17, 19, 37, 67, 133, 197, 1E3, 253, 899,
809: 3, 5, 6, 7, X, E, 13, 16, 1E, 21, 65, 79, 14X, 25X, 28X, 3E3, 587, 64E, 71E, 763, 909, E19,
80E: 8, X, 14, 1X, 42, 72, 13X, 174, 30X, 54X, 652, 7X2, E9X,
811: 1, 9, E, 11, 19, 25, 41, XE, 229, 291, 451, X49,
813: 2, 4, 6, 7, 8, E, 12, 13, 22, 24, 27, 28, 30, 32, 37, 3E, 104, 10E, 113, 137, 138, 140, 152, 160, 177, 206, 20E, 38E, 90E, X16, E5E,
815: 4, 10, 20, 38, 44, 88, 150, 298, 344, 828,
817: 3, 9, E, 15, 1E, 23, 35, E3, 42E, 60E,
819: 1, 6, 9, X, 11, 1X, 29, 30, 41, 4X, 66, 6X, 80, 90, 106, 189, 760, 83X,
81E: 2, 8, X, 16, 24, 26, 28, 36, 38, 106, 118, 190, 278, 3E4, 654, 8X8, 908, 940, XX2,
821: 7, 3E7, 537,
823: 3, 4, 7, 10, 11, 15, 17, 24, 4E, 53, X4, 109, 12E, 183, 285, 331, 344, 357, 373, 3XE, 544, 689, 951,
825: 6, X, 32, 66, 76, 8X, X6, 306, 416, 812,
827: 1, 5, 19, 39, 45, 49, 79, 89, 119, 4E9,
829: 2, 5, 8, 9, E, 12, 13, 15, 16, 18, 23, 32, 40, 56, 72, 88, 8E, X5, X9, E2, 142, 342, 382, 40E, 47E, 603, 60E, 6X3, 7X0, 863,
82E: 4, 6, X, 10, 24, 2X, 30, 44, 50, 56, 84, 8X, X4, 134, 15X, 164, 19X, 244, 30X, 446, 806, 91X, 960, E70, E84,
831: 1, 3, 7, 9, E, 2E, 37, 47, 63, 71, 137, 15E, 163, 309, 347, 423, 471, 611, E19,
833: 2, 7, X, E, 11, 12, 17, 1X, 22, 2E, 45, E1, 142, 177, 227, 31X, 367, 42X, 637, 63E, 645,
835: 6, 8, 10, 16, 24, 64, X8, E4, 106, 164, 2E6, 434, 450, 568,
837: 1, 3, 5, 9, E, 11, 13, 17, 1E, 29, 37, 43, 51, 5E, 61, 6E, EE, 141, 1E5, 203, 215, 2E5, 341, 69E, 719, 793, 799, 7E9, 88E, 921,
839: 2, 4, 7, 8, X, 12, 18, 28, 32, 42, 4X, 52, 58, 86, XX, 116, 174, 298, 31X, 342, 352, 36X, 422, 654, 70X, 8E6, 987, E42,
83E: 10, 50, 60, X0, 108,
841: 3, 11, 13, X7, 121, 143, 2X1, 371, 8E1,
843: 1, 4, 5, 8, 9, X, 14, 16, 18, 30, 38, 48, X4, 10X, 121, 134, 178, 196, 244, 245, 279, 461, 776, 940, X76,
845: 2, X, 42, 44, 72, 294, 354,
847: 4E, 83, X4E,
849: 3, 4, 8, E, 10, 11, 14, 18, 19, 28, 31, 40, 48, 58, E1, 170, 244, 394, 703, 72E, 779, 80E, 934,
84E: 12, 132, 25X, 886,
851: 5, 9, 29, 35, 39, 89, 4X5, 575,
853: 1, 6, 7, X, 11, 1X, 26, 29, 33, 41, 47, 51, 91, E1, EX, 114, 149, 160, 281, 419, 454, 827, X01, X81, X90, EE0,
855: 2, 4, 6, X, 10, 14, 1X, 34, 62, 228, 236, 238, 244, 334, 510, 520, 550, 752, X10,
857: 1, 5, 7, E, 15, 25, 35, 3E, 4E, 67, 151, 231, 467, X35, XXE,
859: 2, 3, 7, 9, X, E, 11, 13, 19, 22, 43, 53, 5E, 65, 69, 6X, 73, 97, 9X, 11E, 122, 153, 167, 172, 1X7, 1E1, 202, 257, 401, 63E, 721, 882, E73,
85E: 8, X, 12, 16, 22, 28, 32, 48, 168, 16X, 182, 188, 192, 20X, 342, 39X, 456, 762,
861: 1, 3, 5, 7, E, 11, 13, 19, 23, 35, 6E, X5, 107, 133, 13E, 143, 167, 1E7, 361, 917,
863: 2, 6, 8, E, 13, 20, 42, 66, 76, 90, XE, 10E, 143, 168, 23E, 32E, 478, 982, 9E8, X2E,
865: 4, 290, 324, 344, 550,
867: 1, 3, 7, 9, 11, 15, 1E, 27, 83, X7, 11E, 9X5, E23,
869: 1, 2, 4, 5, 8, 11, 14, 22, 25, 2X, 44, 4X, 74, E1, 128, 134, 22X, 361, 362, 381, 395, 418, 545, 61X, 658, 7XX, XE2, E68,
86E: 2, 6, X, 10, 12, 14, 18, 34, 46, 54, 6X, 84, 94, 98, 126, 21X, 29X, 2X4, 316, 420, 60X, 68X, 7E2, XE2, E68,
871: 3, 7, E, 13, 1E, 23, 53, 57, 5E, EE, 55E, 613, 627, 71E, 883, 92E, E67,
873: 1, 3, 4, 8, 9, E, 10, 17, 1E, 21, 27, 29, 33, 35, 4E, 55, 74, 77, 93, 1E7, 264, 274, 323, 537, 5X3, 6X0, X90, E98,
875: 2, 36, 52, E2, 116, 516, 936, X32,
877: 11, 71, E9, 1E9, 239,
879: 3, 4, 5, 6, 7, 9, 10, 11, 12, 29, 31, 33, 41, 4E, E4, E7, 138, 140, 141, 172, 190, 1X0, 387, 6E4,
87E: 4, 8, X, 12, 22, 2X, 42, 9X, E2, 172, 198, 25X, 314, 394, 6X2, 872, E28,
881: 5, 35, 53, 89, 211, 2E3, 45E, 501, 773, 85E,
883: 1, 6, 7, 9, X, E, 13, 16, 35, 3E, 43, 82, 86, 8X, XE, 121, 135, 139, 13X, 173, 199, 1X6, 20X, 435, 469, 471, 5X5, 962, 9EX,
885: 2, 4, 8, X, 10, 12, 14, 18, 1X, 20, 24, 26, 28, 46, 58, 5X, 96, XX, E6, 118, 120, 160, 166, 168, 174, 1X8, 242, 248, 340, 430, 88X,
887: 5, 9, 13, 23, 29, 35, 45, 65, 69, 283, 4X9, 595, 5X5, E93,
889: 3, 6, 7, X, 13, 14, 17, 20, 26, 47, 86, 97, X0, 10X, 123, 1X0, 414, 577, 76X, 874, 966,
88E: 10, 18, 64, 224, 470, 498, 724, X84,
891: 1, 5, E, 21, 25, 2E, 4E, 55, 5E, 6E, 87, 95, EE, 117, 141, 231, 237, 367, 605, 71E, 91E,
893: 2, 5, 9, X, 10, 12, 18, 1X, 24, 59, 7X, 92, E5, 10X, 115, 126, 146, 17X, 189, 199, 1XX, 245, 248, 254, 278, 379, 386, 485, 4E0, 658, 828, 959,
895: 4, 6, 8, X, 14, 16, 18, 1X, 60, 80, 108, 146, 168, 1EX, 316, 37X, 416, 518, 6X4, 85X, 87X, E78,
897: 3, 17, 23, 2E, 37, 97, 12E, 357, 377, 637, 6E7,
899: 5, 8, 9, 15, 18, 1E, 29, 30, 40, 45, 4E, 69, 88, 89, EE, 1X9, 22E, 439, 505, 675, 74E, 908,
89E: 16, 56,
8X1: 9, 209,
8X3: 4, 8, X, E, 11, 24, 25, 2X, 54, 6E, 87, 9X, X4, XX, 121, 148, 168, 25E, 2E1, 328, 332, 42E, 445, 484, 541, 618, 665, 69E, 8XE,
8X5: 6, 8, 10, 12, 20, 3X, 40, 4X, 86, 90, 12X, 222, 5E0,
8X7: 1, 7, E, 13, 15, 21, 25, 31, 83, 267, 313, 3X7, 681, 7EE,
8X9: 1, 2, 5, 6, 7, 9, X, 11, 16, 17, 21, 23, 25, 26, 27, 29, 39, 41, 51, 55, 9X, X6, XX, E1, 129, 131, 157, 1X1, 1X5, 2E3, 51X, 631, 787, 7E5, 815,
8XE: 2, 12, 16, 26, 56, 170, 286, 522, 846,
8E1: 1, 3, 9, 11, 19, 81, E3, 109, 193, 1X1, 431, 6E3, 893, X09,
8E3: 2, 3, 6, 8, X, E, 13, 16, 18, 26, 27, 30, 32, 36, 3X, 3E, 58, 60, 63, 64, 68, 72, 73, 78, 93, X0, E4, 116, 130, 133, 1E0, 208, 21E, 263, 282, 283, 304, 308, 32X, 333, 354, 383, 4E0, 623, 6E7, 750, 9X4,
8E5: 8, 28, 68, 84, X4, 184, 268,
8E7: 1, 3, 5, 7, E, 13, 21, 79, 9E, X5, 113, 119, 207, 2E5, 355, 651, 819, E81,
8E9: 1, 2, 4, 6, X, 10, 11, 12, 18, 24, 44, 50, 52, 104, 106, 126, 162, 238, 242, 306, 39X, 404, 410, X4X,
8EE: 2, 4, 6, 8, X, 10, 16, 18, 22, 24, 26, 28, 36, 40, 58, 72, 84, 116, 118, 12X, 146, 1E0, 222, 250, 2X6, 2E2, 3X4, 3X6, 506, 558, 624, 6E6, 75X, 898,
901: 3, E, 1E, 33, 3E, 43, 53, 153, 19E, 233, 413, 7E3, 85E,
903: 1, 3, 4, 7, 9, 10, 13, 14, 17, 19, 24, 27, 31, 51, 53, 70, 83, 91, 127, 129, 143, 149, 194, 211, 230, 360, 523, 560, 607, X43, X91,
905: 2, 6, X, 12, 26, 36, 102, 16X, 206, 762, 87X, 906, X3X,
907: 1, 15, 35, 65,
909: 1, 2, 3, 4, 8, X, E, 10, 14, 18, 25, 27, 44, 71, 78, 97, X2, X8, 115, 122, 123, 124, 16X, 190, 197, 1X4, 254, 357, 445, 453, 510, 533, 624, 754, X25,
90E: 2, 4, 8, X, 10, 12, 1X, 20, 26, 34, 40, 68, 86, 114, 118, 148, 20X, 212, 22X, 260, 298, 3X2, 526, E08,
911: 1, 3, 5, 7, 9, E, 11, 15, 23, 25, 33, 53, 63, 81, 83, 87, X1, E3, 101, 133, 149, 211, 433, 445, 491, 655, 921, X87, EEE,
913: 2, 3, 5, 12, 1E, 22, 32, 46, 73, 82, 99, X3, E3, 119, 132, 166, 192, 193, 243, 37E, 9X6,
915: 4, 6, 14, 20, 74, 15X, 17X, 984,
917: 3, 5, 7, E, 15, 19, 47, 5E, 79, XE, 159, 327, 375, 39E, 565,
919: 4, 8, X, 1X, 24, 47, 94, E4, 148, 178, 4XX, 54X, 567, X7E,
91E: 4, 8, 10, 14, 20, 28, 50, E8, 4X8, 664,
921: 1, 5, 7, 9, E, 11, 19, 27, 29, 35, 55, 67, 77, 11E, 125, 185, 1X9, 409, 411, 53E, 607, 665, 765,
923: 1, 2, 4, 5, 6, 9, 11, 12, 15, 20, 22, 25, 26, 30, 34, 38, 41, 42, 54, 56, 61, 62, 65, 75, 92, 94, 1E5, 224, 254, 905, XX0,
925: 2, 8, 22, 28, 332, 660, 832,
927: 3, 17, 33,
929: 1, 3, 5, 7, E, 10, 11, 17, 18, 19, 21, 25, 28, 37, 4E, 50, 59, 127, 157, 159, 161, 190, 1X9, 203, 230, 325, 47E, 549, 75E, 88E,
92E: 2, X, 12, 22, 3X, 4X, 62, 82, 12X, 372, 442, 512, 97X, E72,
931: 5, 9, 39, 61, 125, 139, 965,
933: 3, 4, 5, 9, X, 11, 15, 16, 23, 26, 34, 39, 4X, 4E, 99, 100, 106, 112, 142, 159, 172, 364, 365, 526, 599, 755, 781, X42,
935: 4, X, 16, 18, 22, 30, 68, 8X, 226, 370, 488, 4E2, 678, X84,
937: 5, 9, E, 15, 19, 23, 25, 55, 18E, 215, 269, 375, 479, 4E3, 569, 7E5, 8X9,
939: 6, 7, 9, X, 17, 1X, 33, 43, 46, 69, 11X, 137, 16X, 469,
93E: 4, 6, 8, 10, 36, 3X, 46, 58, 80, 110, 11X, 160, 1E0, 384, 406,
941: 7, 17, 2E, 37, 57, 7E, 22E, 35E, 41E, 45E,
943: 6, 8, E, 10, 14, 18, 26, 28, 44, 132, 210, 278, 5EE, 688, 787, 926, X50,
945: 8, 14, 24, 30, 178,
947: 5, 7, 9, 11, 29, 51, 55, 59, 7E, 95, 105, 11E, 135, 193, 225, 365, 835, 887, 8E1, 8E3, 93E, EE5,
949: 5, 6, 8, 12, 15, 16, 25, 35, 39, 52, 66, 82, E9, 119, 239, 246, 352, 382, 3X2, 455, 535, E86, EE2,
94E: 6, X, 10, 2X, 40, 56, 66, 14X, 196, 1X0, 200, 426, 57X,
951: 7, E, 1E, 27, 3E, 53, 12E, 157, 29E, 397, 517, X77,
953: 5, 7, 8, 11, 28, 55, 71, 131, 388, 465, 661, 725, 967,
955: 6, X, 1X, 26, 42, 4X, 96, X6, 116, 122, 752, 886, E2X,
957: 1, 11, 19, 25, 29, X1,
959: 2, 6, 7, 8, 9, E, 10, 11, 14, 15, 1E, 22, 24, 2X, 36, 38, 43, 46, 73, 88, X9, E2, E4, 141, 175, 19X, 211, 25X, 290, 2EE, 53E, 739, 789, 7E8, 846, 93X, E16,
95E: 6, 10, 12, 20, 22, 36, 78, X0, 340, 586,
961: 1, 3, 9, 11, 17, 23, 29, 77, X9, 141, 491, 799, 817, 843,
963: 2, 6, 9, X, E, 12, 13, 16, 36, 47, 51, 62, 69, 102, 12X, 136, 13E, 189, 256, 379, 3E9, 3EX, 489, 816, 842, 85E, X36, X86, XEE, E67,
965: 8, X, 38, 68, 122, 134, 198, 568, 584,
967: 1, 3, 9, E, 13, 21, 27, 29, 63, 75, 143, 189, 243, 35E, 8X3,
969: 2, 4, 7, X, 10, 13, 18, 1E, 20, 2X, 34, 44, 64, X0, E3, E4, 110, 15E, 160, 187, 210, 21X, 247, 95X, EX0,
96E: 8, 14, 18, 34, 54, 7E8, 934, 9X8,
971: 3, 13, 19, 23, 2E, 5E, 79, 99, 1X3, 303, 923,
973: 1, 4, 6, X, 10, 14, 16, 21, 30, 36, 40, E6, EX, 131, 154, 181, 201, 210, 34X, 47X, 4X6, 59X, 661, 686, 71X, 97X, 994, EE0,
975: 2, 6, 8, 10, 14, 1X, 26, 28, 30, 4X, EX, 112, 120, 140, 156, 162, 196, 220, 230, 258, 422, 462, 502, 540, 544, 656, 732,
977: 7, E, 1E, 4E, 57, 67, 7E, 43E, 46E, 88E,
979: 3, 4, 9, E, 10, 11, 13, 1E, 25, 30, 35, 38, 43, 64, 69, 6E, 118, 119, 155, 185, 205, 208, 229, 244, 288, 499, 539, 689, E63,
97E: 6, X, 16, 22, 4X, 86, 18X, EEX,
981: 5, 9, 19, 39, 59, 869, 8E9,
983: 9, E, 2E, 53, 66, E0, 175, 17E, 21E, 229, 435, 56E, 5E5, 629, 713, 7E3, 86E, 959,
985: 4, X, 10, 16, 86, X0, 124, 156, 1X6, 3XX, 714, X94,
987: 5, 9, 11, 41, X9, 1X1, 23E, 2X1, 345, 991,
989: 1, E, 11, 12, 15, 17, 22, 2E, 42, 57, 82, X5, 12E, 1X1, 1EE, 21E, 375, 452,
98E: 2, X, 10, 18, 22, 2X, 44, 5X, 6X, 124, 140, 174, 214, 2X4, 300, 520, 5X4, 878,
991: 5, 7, E, 17, 19, 21, 2E, 31, 41, 105, 347, 361, 3X7, 429, 47E, 571, 5X5, 5X9, 605, 695, E29,
993: 3, 7, 8, X, E, 10, 17, 22, 40, 48, 56, 57, 62, X8, XX, 158, 168, 173, 267, 340, 477, 48E, 550, 947,
995: 8, 10, 28, 38, 70, X8, 140, 218, 2X0, 7X0,
997: 1, 7, 11, 13, 27, 37, 39, 57, 87, 117, 119, 137, 289, 297, 579,
999: 2, 5, X, 10, 11, 14, 24, 30, 4X, 56, 92, E6, 140, 171, 185, 240, 382, 445, 48X, 884,
99E: 4, 12, 5X, 78, 7X, 9X, 112, 19X, 1E4, 372, 534, 992,
9X1: 3, 7, E, 17, 1E, 27, 43, 103, 167, 183, 223, 24E, 2X7, 377, 59E,
9X3: 7, 8, 9, 10, 18, 19, 24, 29, 30, 33, 47, 73, 93, X0, X8, E0, 127, 139, 198, 1X0, 1X7, 2X0, 647, 745, E48,
9X5: X, 16, 26, 6X, 4EX, 976,
9X7: 9, 89,
9X9: 1, 4, 6, 7, X, 10, 19, 20, 27, 2X, 30, 31, 39, 46, 49, 51, 57, 71, 79, 81, X0, 109, 110, 13X, 140, 239, 23X, 291, 441, 456, 464, 531, 557, 577, 811,
9XE: 2, 8, 12, 14, 16, 20, 36, 40, 46, 192, 226, 3X2, 572,
9E1: 1, 7, E, 11, 15, 25, 37, 45, 91, 9E, X1,
9E3: 1, 2, 3, 5, 6, 7, 9, E, 11, 13, 15, 16, 17, 19, 1X, 21, 2X, 33, 37, 39, 77, 95, 129, 12E, 137, 139, 145, 161, 1X5, 1E6, 1E7, 229, 22E, 2E9, 465, 575, 5X7, 725, 845, 859, 8E3, 926, E09,
9E5: 2, X, 10, 12, 1X, 26, 46, 52, 56, 60, 14X, 1EX, 272, 49X, 542, 6EX, 868,
9E7: 1, 3, 7, E, 13, 17, 1E, 47, 61, 71, 83, 141, 217, 731, 7X3,
9E9: 2, 3, 6, 8, 10, 12, 18, 22, 38, 80, 83, 96, 112, 116, 280, 288, 2E0, 503, 546, 706,
9EE: 4, 10, 20, 244, 254, 420,
X01: 1, 3, 5, 9, E, 13, 15, 1E, 25, 2E, 31, 41, 45, E9, 111, 169, 1EE, 339, 343, 34E, 355, 359, 361, 43E, 501, 625, 701, 955, X99,
X03: 2, 4, 8, X, 15, 18, 1X, 38, 3X, 42, 108, 152, 161, 162, 1X8, 218, 222, 241, 242, 4X1, 6XX, 748, 772, 874, 90X, X68,
X05: 4, 6, X, 12, 14, 18, 26, 62, 66, 114, 136, 236, 5E4, 872, X26, XX4,
X07: 3, 7, E, 13, X7,
X09: 1, 4, 7, 8, 9, E, 10, 13, 17, 18, 21, 28, 39, 50, 69, 71, 81, E0, 129, 173, 179, 1X3, 220, 230, 237, 254, 313, 331, 4X3, 569, 650, 709, 743, 754, 993, X68, E43,
X0E: 2, X6,
X11: 1, 9, 19, 41, 59, 541, 719,
X13: 1, 2, 3, 4, 5, 7, X, E, 11, 12, 14, 19, 1E, 28, 2E, 33, 34, 48, 89, X3, 111, 12E, 152, 1X1, 1E7, 205, 24E, 277, 471, 65X, 76E, 82E, 9XX, 9E7, X6E,
X15: 2, 8, X, 18, 28, 44, 14X, 292, 314, 34X,
X17: 3, 5, 9, 11, 17, 1E, 2E, 37, 45, 7E, 205, 789, 973,
X19: 1, 3, 5, E, 12, 13, 17, 1E, 33, 96, 13E, 207, 252, 962, E2E,
X1E: 2, 4, 6, X, 10, 1X, 2X, 38, 42, 6X, 118, 166, 404, 510, 764,
X21: 5, 9, 15, 25, 2E, 75, 169, 475, 479, 5E5,
X23: 3, 4, X, 16, 20, 23, 2X, 34, 43, 46, 53, 73, 103, 10X, 120, 153, 24X, 37X, 3X3, 413, 463, 673, 993,
X25: 4, 8, 14, 18, 34, 54, 60, 224, 250, 278, 500, 534, 924,
X27: 5, E, 2E, 35, 97, 395,
X29: 1, 6, 8, X, 11, 14, 16, 19, 24, 30, 31, 48, 49, 50, 109, 111, 129, 200, 34X, 4XX,
X2E: 2, 4, 10, 20, 22, 24, 28, 2X, 30, 54, 104, 20X, 234, 310, 458, 460, 476, 574,
X31: E, 17, 1E, 15E,
X33: 3, 5, 8, 9, E, 10, 15, 18, 1E, 23, 29, 3E, 43, 49, 59, 6E, 90, X8, 15E, 163, 16E, 183, 185, 223, 240, 2E3, 319, 399, 420, 523, 628, 648, 673, 978,
X35: X, 4XX, 61X,
X37: 1, 5, 9, 11, 15, 21, 29, 59, 99, X5, 101, 149, 161, 315, 369, 629, 665, 749, 9E5, X09, X19,
X39: 1, 2, 5, 8, X, E, 15, 21, 3E, 42, X7, E8, EX, 117, 128, 231, 238, 26E, 275, 2XX, 358, 39E, 415, 475, 665, 88X,
X3E: 2, 4, 6, 8, X, 10, 12, 18, 36, 46, 54, X2, X8, 140, 150, 152, 182, 238, 776, 7E0, 8E4, EE4,
X41: 1, 3, 7, 9, 11, 25, 29, 41, 51, 53, 85, 121, 201, 255, 305, 3X1, 851, 883, 8E5,
X43: 1, 2, 3, 5, 6, X, E, 11, 13, 15, 1E, 29, 35, 37, 4X, 71, 89, X6, EX, EE, 112, 132, 192, 25X, 371, 435, 469, 846, 971, XE9, E66,
X45: 2, 6, 8, 12, 16, 20, 38, 42, 58, 80, 92, 180, 1E2, 2E2, 3E2, 430, 636, 652, 812,
X47: 1, 3, 7, 9, 19, 29, 57, 83, 99, X7, 493, 519, 831, 927,
X49: 2, 3, 4, 6, 12, 13, 16, 23, 30, 43, 46, 47, 6X, 72, 8X, E0, 104, 123, 136, 258, 28X, 396, 604, 678, 686, 787,
X4E: 4, 14, 18, 34, 48, 108, 588,
X51: 1, 3, 7, E, 11, 13, 17, 19, 23, 3E, 53, 57, 69, 71, X3, 127, 12E, 173, 209, 3X9, 421, 653, X63,
X53: 2, 4, 5, 6, 9, X, 10, 11, 14, 25, 28, 40, 44, 50, 58, X2, 115, 122, 125, 156, 19X, 234, 245, 2E5, 38X, 425, 484, 5X4, 64X, 659, 77X, X25, E41,
X55: 4, 8, 10, 12, 38, 40, 42, 50, 54, 60, E0, 154, 158, 1X0, 2E0, 2E4, 750,
X57: 3, E, 1E, 3E, 13E, 16E, 24E, 2XE, 3E3, 553, 803, 973,
X59: 4, 7, 9, 13, 21, 23, 31, 34, 64, 1E3, 267, 3X7, 401, 559, 884,
X5E: 6, X, 2X, 32, 3X, 42, 62, XX, E2, 266, 556, 62X,
X61: 1, 5, 11, 55, 95, 3X5, 465, 745,
X63: 2, 4, 5, 6, 8, X, 12, 13, 16, 18, 19, 1X, 22, 40, 52, 56, 59, 62, 64, 73, 76, 83, 85, 90, XX, 105, 10X, 150, 158, 163, 16X, 179, 188, 190, 223, 260, 353, 400, 422, 5E4, 612, 666, 979, 985,
X65: 6, 10, 12, 14, 24, 44, 54, 190, 246,
X67: 3, 5, 11, 13, 15, 1E, 3E, 41, 5E, 6E, 11E, 121, 2X1, 343, 373, 43E, 53E, 929, 9E1, E13, EX3,
X69: 5, 9, 13, 49, 99, EE, 189, 225, 249, 925,
X6E: 6, X, 14, 24, 4X4,
X71: 1, 5, 9, E, 17, 25, 43, 45, 4E, 51, 67, 83, E3, 315, 409, 489, 749, 921, 995, E25, EE3,
X73: 2, 4, 7, X, E, 17, 27, 2E, 38, 42, 4E, 7E, X2, 134, 137, 182, 192, 38E, 5XX, 707, 70E, X47, EE4,
X75: 14, 20, 28, 74, 80, 88, 180, 234, 314, 328,
X77: 3, 5, 9, 11, 13, 17, 1E, 31, 3E, 47, 53, 63, 65, 83, X9, 141, 175, 213, 3X3, 461, 54E, 86E,
X79: 1, 8, 9, X, 11, 12, 15, 18, 19, 22, 51, 62, 69, 80, 85, XX, 121, 170, 198, 21X, 250, 2X1, 385, 402, 6X4, 772, 812, 814, 821,
X7E: 2, 6, 8, 16, 18, 66, 68, 82, X8, 726, 876,
X81: 7, 13, 67, 127, 187, 733, 8E7, E23,
X83: 3, 4, 8, E, 10, 11, 14, 15, 17, 23, 24, 28, 31, 43, 4E, 64, 65, 70, 74, 140, 171, 194, 20E, 284, 2E0, 2E8, 304, 548, 574, 810, X03, E55,
X85: 12, 22, 12X, 152, 3E2, 40X, 49X, 4EX,
X87: 5, 9, 15, 19, 31, 51, 65, 81, 101, 155, 2E5, 465, 555, E61,
X89: 1, 6, 8, 9, X, E, 10, 13, 15, 18, 1X, 1E, 22, 24, 29, 30, 64, 83, 138, 146, 170, 234, 338, 420, 446, 530, 555, 55E, X53,
X8E: 2, 4, 6, 8, X, 10, 1X, 20, 22, 24, 38, 4X, 6X, 76, 86, 98, X0, X4, 104, 130, 196, 220, 278, 292, 334, 410, 458, 550, 552, 586, 892,
X91: E, 13, 23, 33, 6E, 79, 93, 143, 233, 2X3, 783, 859, 8XE,
X93: 1, 3, 6, 7, 9, 17, 19, 1X, 53, 67, 7X, 137, 269, 307, 8X6, 987,
X95: 2, 6, 8, 10, 12, 22, 30, 34, 36, 42, 52, 72, 8X, 184, 1E2, 202, 998,
X97: 1, 5, 7, 11, 15, 1E, 27, 47, X1, 125, 175, 335, 741, X21, XE5,
X99: 2, 3, 6, 7, 8, E, 10, 12, 16, 24, 27, 30, 36, 3E, 66, 97, X4, 104, 10E, 280, 2E8, 404, 427, 557, 566,
X9E: 4, 8, 14, 20, 28, 38, 104, 158, 5X4,
XX1: 1, 3, 7, 9, E, 19, 1E, 23, 33, 35, 3E, 43, 49, 53, 61, 75, X9, E1, 117, 11E, 163, 499, 759,
XX3: 2, 5, 6, 8, 9, 12, 15, 16, 20, 22, 28, 36, 48, 66, 86, 152, 169, 1E2, 256, 262, 315, 325, 455, 516, 580, 5E6, 629, 6X2, 985,
XX5: 4, X, 10, 46, EX, 184, 24X,
XX7: 3, 7, 27, 857,
XX9: 1, 4, E, 17, 2E, 35, 44, 45, 47, 4E, 54, 6E, 85, X5, 301, 345, 514, 704, 827, XE7,
XXE: 2, X, 12, 16, 32, 36, 7X, 82, XX, 106, 112, 262, 28X, 51X, X86,
XE1: 1, 9, 11, 15, 21, 129, 245, 315, 409, 495,
XE3: 2, 3, 4, 5, 6, 7, 8, 9, 10, 13, 15, 16, 1E, 22, 26, 28, 30, 38, 52, 53, 65, 73, 88, X8, 134, 210, 220, 382, 3E5, 400, 452, 496, 617, 708, 7E8, 848, 86E, 88X, X63, E76,
XE5: 8, 18, 20, 50, 88, 136, 2X0, 860, X68,
XE7: 3, 7, 13, 21, 57, 73, 87, 169, 207, 241, 4X1,
XE9: 1, 5, 7, 9, X, E, 15, 17, 19, 25, 39, 41, 4X, 52, 97, 121, 146, 172, 212, 215, 322, 36E, 417,
XEE: 2, 4, 8, 18, 54, 92, 124, 154, 234, 532, 568,
E01: 1, 5, E, 11, 13, 17, 1E, 27, 37, 43, 47, 4E, 87, 155, 1X1, 88E,
E03: 2, 3, 4, 6, 7, X, E, 12, 13, 14, 23, 33, 3E, 47, 97, 13X, 202, 206, 2X4, 324, 327, 334, 337, 432, 447, 476, 498, 50E, 517, 63E, E97,
E05: 50, 98, E8, 158, 288,
E07: 3, 5, E, 13, 4E, 55, 13E, 1E5, 295, 51E, 815,
E09: X, 10, 11, 16, 29, 46, 60, 69, 124, 149, 154, 239, 33X, 454, 5E6, 8X0,
E0E: 4, 6, X, 16, 1X, 3X, 52, 56, 104, 200, 236, 320, 326, 394, 3X4, 706, 780, 870,
E11: 40E, 49E,
E13: 1, 4, 5, 7, 9, E, 17, 18, 23, 38, 70, 75, 83, 89, 99, 117, 121, 12E, 144, 151, 175, 197, 237, 269, 2E1, 479, 4X3, 518, 598, 810,
E15: 2, X, 12, 16, 62, XX, 142, 212, 24X, 662, E92,
E17: 1, 5, 9, 15, 21, 35, 49, 81, 1E1, 2X9, 479, 5E5, 725,
E19: 2, 3, 9, E, 12, 16, 19, 28, 40, 46, 48, 49, 56, 90, 9E, 210, 256, 410, 590, 603, 673, 710, 826,
E1E: 6, 14, 1X, 20, 36, 44, 54, 17X, 1E0, 336, 344, 354, 596, 950,
E21: 1, 3, 7, 9, E, 13, 17, 21, 23, 2E, 37, 3E, 51, 53, 57, 89, 93, 97, 151, 257, 277, 331, 70E, 887, 913, X61, E27,
E23: 1, 2, 5, 7, X, 11, 15, 17, 22, 31, 35, 41, 42, 4E, 8X, 115, 11E, 1X2, 207, 282, 62X, 6X1, 82X, 931, 94E, E41,
E25: 2, 4, 6, 12, 28, 2X, 36, 38, 4X, 78, 88, 8X, 118, 238, 302, 364, 538, 598, 6X4, E04,
E27: 1, 3, 5, 7, 9, E, 11, 13, 15, 17, 23, 31, 33, 39, 3E, 43, 61, 81, 87, 91, E9, 131, 151, 191, 1E7, 241, 427, 463, 645, 647,
E29: 2, 3, 4, 6, 7, 8, X, E, 12, 13, 16, 18, 28, 2X, 33, 36, 3X, 42, 52, 57, 5E, 63, 73, 76, 83, X4, 114, 158, 186, 188, 226, 248, 280, 2E3, 35E, 393, 5E0, 6E2, 712, 73X, 7X2, 89X, 9X2, X2E, E48,
E2E: 10, 20, 40, 98, 138, 158, 170, 3E8, 8X0, 960,
E31: 1, 3, 7, 9, 11, 13, 21, 41, 51, 69, 97, E1, 167, 171, 201, 213, 259, 301, 369, 3X7, 411, 549, E69,
E33: 1, 2, 4, 6, 8, X, 10, 11, 14, 15, 20, 21, 22, 24, 26, 28, 30, 55, 74, 78, 81, 90, 9X, 109, 118, 12X, 141, 15X, 178, 204, 21X, 24X, 258, 374, 404, 531, 70X, 754, 790, 930, X88,
E35: 2, 4, X, 12, 18, 28, 44, 9X, X2, 122, 36X, 56X,
E37: 3, 7, E, 17, 27, 37, 3E, 4E, 67, 14E, 787, 863, X33, X4E, E47,
E39: 1, 3, 4, 5, 8, 9, E, 10, 11, 13, 14, 15, 17, 19, 1E, 25, 2E, 39, 3E, 40, 44, 47, 53, 55, 57, 70, 73, 7E, 88, 9E, E5, E7, 10E, 138, 173, 199, 1XE, 1E3, 21E, 22E, 387, 395, 483, 58E, 670, 6X4, 73E, 805, 8E3, X13, X53,
E3E: 2, 6, X, 12, 36, 96, 142, 326, 35X, 606, 69X,
E41: 5, 15, 35, E5, 179, 649,
E43: 3, 4, 6, 9, 14, 19, 20, 26, 33, 53, 61, 170, 1X0, 1X4, 496, 614, 619,
E45: 4, 8, X, 10, 12, 1X, 24, 28, 2X, 40, 108, 23X, 248, 41X, 420, 524, 734, 962, 99X,
E47: 1, 5, 7, E, 11, 55, 65, 97, X5, E5, 137, 5X7, 661,
E49: 2, 5, 9, X, 11, 22, 26, 3X, 57, 62, 75, 101, 10X, 116, 117, 19X, 1E9, 202, 27X, 32X, 349, 586,
E4E: 4, 6, X, 12, 18, 20, 24, 30, 34, 66, 70, 74, 92, X4, X6, 102, 118, 128, 844, 866,
E51: 3, 5, 11, 13, 21, 47, 125, 129, 193, 327, 941,
E53: 6, E, 12, 13, 22, 26, 62, 83, 92, 100, 152, 26E, 390, 403, 610, 996, X32,
E55: 10, 44, 120, 164, 440,
E57: 5, 7, E, 17, 23, 27, 2E, 31, 67, 77, 91, 12E, 765, XE3, E19,
E59: 4, 5, 12, 15, 44, 5X, 7X, 158, 15X, 264, 324, 388, 392, 4X8,
E5E: 8, X, 10, 16, 28, 30, 3X, 48, 50, 74, 12X, 18X, 204, 220, 29X, XX6,
E61: 33, 93, E3,
E63: 1, 5, 7, E, 10, 18, 19, 1E, 40, 49, 50, 57, 6E, 81, X0, XE, 104, 148, 185, 241, 24E, 464, 687, 6EE, 904,
E65: 2, 6, 12, 16, 22, 26, 32, 46, 62, 72, 82, 126, 5X2,
E67: 9, 11, 31, 61, 101, 169,
E69: 1, 3, 6, 8, 9, X, E, 17, 19, 1E, 21, 25, 31, 37, 54, 55, XE, 11X, 136, 19E, 1XE, 235, 2XE, 307, 412, 8X8, 986,
E6E: 2, X, 12, 1X, 32, 58, 72, 7X, 17X, 2E2, 632,
E71: 1, 5, E, 15, 23, 2E, 3E, 47, 4E, 51, 97, 101, 111, 11E, 12E, 273, 355, 3E7, 65E, 787, 883, E77, E8E,
E73: 1, 2, 3, 6, 7, X, 11, 12, 15, 19, 36, 3X, 45, 72, 92, X2, E2, 106, 13X, 141, 18X, 197, 287, 2X5, 2EX, 53X, 995,
E75: 2, 4, 6, 10, 14, 22, 24, 52, 62, 66, 82, 96, E0, 292, 432, 644, 6XX, 856, E70,
E77: 3, 9, E, 23, 35, 65, X3, 175, 229, 239, 859, 88E, 919, EX5,
E79: 3, 6, 7, X, 13, 16, 1X, 23, 26, 34, 36, 47, 143, 153, 1E6, 337, 753, 907, E53,
E7E: 4, 8, 10, 14, 18, 28, X8, 108, 114, 118, 224, 234, 344, 3E4, 434, 498,
E81: 7, E, 27, 12E, 34E,
E83: 4, 6, 8, 9, X, 14, 16, 21, 28, 2X, 36, 60, 61, 79, 7X, 84, 150, 159, 220, 38X, 3E9, 400, 411, 6E9, 804,
E85: 4, 6, 8, X, 10, 12, 20, 24, 26, 40, 98, X8, E2, 172, 17X, 214, 75X, E7X,
E87: 7, 13, 17, 1E, 23, 67, 73, X3, 113, 183, 3X7, 517, 51E,
E89: 5, 8, E, 13, 19, 23, 29, 43, 49, 5E, 119, 179, 21E, 283, 433, 695, 7X0, 819, E95,
E8E: 6, 16, 1X, 26, 2X, 4X, 76, 9X, XX, 1X6, 206, 256, 306, 476,
E91: 9, 15, 19, 29, 35, 41, 79, 205, 241, 275, 755, 8E9,
E93: 1, 5, 7, 8, E, 14, 1E, 24, 25, 28, 2X, 37, 38, 3E, 45, 7E, 12E, 154, 368, 9EX, E84,
E95: 2, X, 10, 14, 1X, 26, 2X, 34, 36, 52, 78, 80, X0, 124, 15X, 186, 202, 682, X94,
E97: 1, 5, 7, 9, E, 13, 27, 55, 71, 83, 97, E5, 277, 27E, 2X7, 3E7, 483, 63E,
E99: 1, 2, 3, 5, 6, X, E, 11, 12, 19, 1X, 26, 29, 33, 39, 43, 52, 6E, 93, E3, 102, 11X, 135, 152, 17E, 213, 231, 472, 5E9, 6XX, 883, 92X, E09, E62,
E9E: 2, 8, 10, 16, 36, 52, 62, X2, 120, 296, 2X0, 322, 5E2, 980,
EX1: 3, 9, 13, 43, 63, 153, 819, 987,
EX3: 3, 7, 8, X, 10, 20, 23, 24, 37, 47, 50, 58, 88, 9E, 147, 198, 206, 214, 284, 2E4, 356, 360, 443, 750,
EX5: 4, 8, 18, 38, 68, 134, 208, 934,
EX7: 1, 7, E, 11, 15, 21, 27, 29, 31, 57, EE, 167, 179, 615, 7X7, 98E, X97,
EX9: 2, 4, 9, 10, 14, 18, 19, 22, 31, 34, 35, 60, 62, 80, 85, 136, 1X5, 2X4, 350, 360, 3E0, 588, 5X4, 602, 6X5, 990,
EXE: 4, 8, X, 10, 12, 22, 28, 30, 32, 3X, 42, 94, 334, 350, 3X2, 508, 552, 588, 63X, 90X,
EE1: 3, E, 13, 23, 33, 7E, 103, 123, 1XE, 583, 743, 763, 913,
EE3: 10, 11, 17, 20, 23, 57, 71, 100, 131, 439, 457, 739, 759, EE7,
EE5: 6, 32, 2E2,
EE7: 1, 11, 21, 25, 191, 1E5, 345, 571,
EE9: 1, 2, 4, 5, 7, 9, X, 10, 15, 16, 1E, 20, 24, 29, 31, 32, 34, 39, 40, 75, 7E, X1, 101, 159, 170, 175, 190, 191, 1X9, 259, 264, 314, 46X, 490, 493, 665, 675, 705,
EEE: 2, 6, 8, 12, 14, 16, 18, 20, 34, 42, 44, 70, E6, 166, 208, 258, 44X, 482, 4E6, 6E8, 796,
