1: 2, 3, 5, 7, 11, 15, 17, 27, 51, 75, 8E, X7, 375, 427, 8X7,
3: 1, 2, 3, 4, 6, 7, E, 16, 2X, 32, 37, 47, 54, 64, 7X, 87, EE, 152, 160, 216, 230, 287, 322, 332, 58E, 8X2,
5: 2, 4, 8, X, 10, 12, 16, 28, 40, 46, 60, 104, 134, 188, 1X6, 1XX, 2E0, 938, 9EX, X6X, E46,
7: 1, 5, 9, 15, 19, 25, 39, 129,
9: 1, 3, 7, 11, 13, 19, 37, 53, 83, 91, 113, 157, 219, 247, 2X7, 331, 551, 607, 663, X93,
E: 2, 22, 42, 46, X6, E2, 186, 256, 262, 672, 912,
11: 3, 7, 1E, 1EE, 203, 563,
13: 1, 2, 4, 5, X, 12, 15, 27, 35, 61, 68, 6X, 98, X5, 101, 111, 124, 14X, 168, 1X2, 201, 205, 327, 6E8, 87X,
15: 2, 4, 6, 14, 18, 30, 46, 50, 80, X4, 106, 190, 258, 324, 430, 466, 474, 4X2, 4X6, 690, 830, 914,
17: 1, 3, 5, 19, 35, 41, 75, E1, E9, 119, 139, 205, 215, 28E, 463, 475, 543, 569, 64E, 675,
19: 1, 2, 3, 7, X, 11, 16, 23, 31, 43, 62, 111, 1X7, 322, 382, 623, EE7,
1E: 4, 6, 10, 3X, 60, 184, 1X0, 394, 620, 7E6,
21: 3, 9, E, 15, 1E, 2E, 33, 63, 89, 8E, 10E, 115, 15E, 169, 23E, 44E, 463, 493, X33, X63,
23: 1, 2, 4, 5, 8, X, 12, 24, 31, 32, 5X, X1, X2, 114, 122, 191, 235, 262, 31X, 345, 358, 3EX, 624, 682, 851, XE8,
25: 4, 14, 64, 104, 134,
27: 1, 5, 7, E, 11, 1E, 29, 2E, 31, 3E, 97, 151, 177, 1X7, 2X1, 517, 599, 61E,
29: 2, 3, 6, 8, X, 1X, 2E, 36, 37, 3X, 48, 77, 86, 8X, EX, 13X, 154, 1X2, 236, 260, 27X, 326, 35E, 57E, 726, E57,
2E: 2, 6, X, 18, 38, 96, 102, 110, 126, 198, 216, 278, 466, 492, 4X6, 57X, 636, 838, 918,
31: 1,
33: 3, 20, 89, 109, 138, 425, 563, 579, 59E,
35: 2, X, 12, 16, 42, 96, X2, 206, 262, 3X2, 406, 452, 532,
37: 7, 27, 57, 18E, 53E, 817, E4E,
39: 1, 2, 3, 4, 5, 6, 8, 9, 12, 13, 14, 1X, 24, 25, 30, 31, 46, 4E, 71, 79, 99, 9E, 115, 139, 141, 194, 218, 22X, 233, 2X3, 32X, 401, 413, 632, 654, 66X, 80X, 9E0, EX4, EE8,
3E: 4, 12, 5X, 66, 966,
41: 1, 5, 7, 9, 11, 13, 25, 29, 33, 47, 69, 7E, 151, 1E3, 405, 573, 579,
43: 1, 9, X, 17, 1X, 49, 59, 81, E9, 121, 123, 143, 17X, 513, 619, 8E3, 959,
45: 2, 6, 8, 36, 42, 52, 262, 348, 456, 5X6,
47: 1, 3, 5, 7, 13, 29, 35, 49, 59, 63, 65, XE, E1, 109, 187, 215, 253, 2X1, 333, 883, 88E,
49: 1, 2, 4, 5, 8, X, 18, 1X, 21, 22, 28, 38, 52, 65, 112, 225, 358, 4E5, E61,
4E: 10, 14, 60, 114, 194, 644, 854,
51: 3, 5, 9, 11, 15, 17, 21, 33, 53, 57, 63, 9E, 103, 169, 2XE, 4E7, 627, 715, 77E, 823, 941,
53: 2, 3, 8, E, 12, 14, 24, 28, 33, 56, 58, 77, 82, 98, X6, 118, 13E, 20X, 22E, 30E, 4E6, 532, 533, 743, 814, X5E,
55: 4, 6, 10, 1X, 24, 44, 66, 7X, X4, 116, 126, 140, 150, 214, 274, 574, 656, 690, EXX,
57: 5, 9, 19, 39, 55, 65, 1X9, 485, 735, EE5,
59: 1, 4, 5, 7, 9, E, 11, 15, 17, 1E, 25, 31, 41, 51, 67, 83, X1, E1, E9, 118, 125, 131, 135, 141, 175, 20E, 221, 253, 275, 390, 3E5, 639, 741, 761, 831, E7E,
5E: 2, 12, 2X2, 97X,
61: 7, E, 17, 5E, 67, XE, 813, 833,
63: 1, 3, 5, 6, 16, 17, 18, 1X, 24, 25, 33, 37, 41, 63, 71, 78, 93, X6, E4, 113, 116, 179, 251, 279, 53E, 689, 87E,
65: 2, 4, 12, 22, 4X, 50, 54, 84, X2, 158, 3E2, 452, 852,
67: 1, 3, 7, 13, 37, 49, 51, 63, 101, 161, 187,
69: 3, 5, E, 15, 19, 23, 69, 85, 8E, 233, 27E, 283, 665, E69,
6E: 2, 4, 8, X, 12, 16, 1X, 20, 22, 24, 30, 36, 4X, 54, 66, 112, 146, 152, 2E4, 39X, 484, 634, 8X4, 966, X80, E4X,
71: 5, E, 5E, 95, 97, 257, 335, 3XE, 617, 86E,
73: 1, 2, 8, 9, X, 10, 1X, 25, 28, 42, 49, 59, 69, X2, E6, 148, 208, 36X, 468, 48X, 54X, 615, 9X6, X46,
75: 4, 8, 10, 20, 40, 44, 54, 70, 80, 8X0,
77: 1, 3, 9, 11, 13, 15, 17, 1E, 3E, 49, 57, 61, 65, 69, 6E, 13E, 211, 229, 303, 603, 605, 645,
79: 3, 4, 7, X, 13, 16, 17, 20, 23, 33, 50, 70, 93, 123, 140, 166, 453, 676,
7E: 2, 6, 22, 28, 56, X8, 122, 200, 228, 332, 8X6, 900, 918, X80, E20,
81: 1, 9, 39, 129, 409, 995,
83: 1, 4, 5, 7, 8, E, 17, 21, 24, 2E, 55, 67, 158, 1X7, 261, 325, 871, 901, XE5,
85: X, 16, 46, 5X, 92X, E46,
87: 3, 7, E, 17, 53, 63, 7E, X7, 10E, 117, 123, 1E7, 3XE,
89: 2, 3, 5, 6, 8, 9, 21, 28, 55, 95, 9E, 10E, 129, 20E, 23E, 2E6, 326, 435, 628, 969,
8E: X, 10, 16, 20, 24, 34, 76, E0, 15X, 17X, 22X, 384, 5E6, 664,
91: 9, 105, 129, 2XE, 435,
93: 2, 3, 6, 7, 19, 1X, 1E, 22, 25, 27, 4X, 4E, 57, 66, 6E, 102, 113, 116, 119, 133, 19X, 367, 4EX, 57E, 825, 887, 9X6, X56, X85,
95: 8, 12, 62, 68, 1XX, 23X, 412, 428, 432, 462, 708,
97: 1, 3, E, 11, 17, 19, 27, 41, 4E, 59, 61, 97, X9, 291, 419, 43E, 541, 7X3,
99: 1, 2, 4, 6, 10, 14, 16, 18, 1X, 20, 31, 34, 40, 41, 49, 52, 10X, 124, 134, 178, 1X1, 272, 2X1, 311, 33X, 474, 4EX, 654, 82X, 961,
9E: 10, 14, 44, 114, 140, 160, 274, 304,
X1: 1, 3, 19, 23, 31, 37, 77, 99, E9, 117, 271, 2E1, XE9,
X3: 2, 3, E, 13, 1E, 20, 23, 2E, 5E, 70, 90, X2, X3, E6, 178, 182, 202, 288, 358, 42E, 523, 543, 782, X42,
X5: 2, 4, 38, 132, 354, 634, 838,
X7: 21, 95,
X9: 1, 3, 4, 5, 8, 9, 10, 14, 24, 43, 48, 4E, 60, 61, 74, 79, 89, 104, 119, 204, 268, 311, 44E, 543, 545, 664, 819,
XE: 2, 12, 2X, 32, 36, 66, 76, 12X, 54X, 692,
E1: 3, E, 13, 17, 27, 4E, 63, 87, 117, 177, 273, 433, 53E, 85E, 997,
E3: 1, 9, X, 11, 14, 19, 20, 2X, 46, 109, 129, 134, 16X, 17X, 1EX, 23X, 40X, 436, 606,
E5: 2, 16, 32, 52,
E7: 1, 5, 7, 9, 13, 17, 19, 2E, 31, 33, 35, 41, 59, 93, 97, E9, 113, 131, 149, 161, 347, 3E3, 485, 539, 577, 5X1, 645, 8X7, 993, X55, X69, E03,
E9: 1, 2, 7, X, E, 11, 32, 3X, 51, 122, 20E, 311, 57E, 69E,
EE: 2, 4, 6, 8, 10, 16, 22, 28, 2X, 30, 36, 50, 66, 6X, 70, 74, 10X, 126, 154, 194, 266, 314, 33X, 522, 822, 8E6,
101: 5, 11, 13, 27, 65, 107, 131, 185, 311, 313, 617, 725,
103: 1, 2, 4, 5, 10, 21, 29, 34, 38, 45, 50, 62, 78, E1, 129, 291, 319, 479, 695,
105: 4, 14, 40, 50, 180, 194, 214,
107: 5, 165, 455,
109: 3, 4, 6, 7, X, E, 10, 17, 18, 1X, 1E, 33, 56, 8X, X0, X4, 107, 220, 2X3, 313, 336, 363, 3EX, 47E, 557, 58X, 697, E8X,
10E: 2, 8, 12, 14, 38, 3X, 6X, 124, 144, 192, 3X4, 572,
111: 1, 5, 29, 81, X1, X5, 215, 311, 335, 369, XE9,
113: 1, 4, 5, E, 20, 21, 35, 57, 135, 15E, 177, 1E1, 311, 329, 45E, 5X4, 9X4, X55,
115: 2, 6, 16, 1X, 2X, 46, 82, X2, 102, 166, 216, 2E2, 466, 48X, 5EX, 702, 942, XEX,
117: 3, 27, 53, 213,
119: 2, 3, 5, 6, 8, E, 10, 13, 16, 1E, 23, 30, 33, 38, 39, 48, 4E, 53, 69, 70, 106, 138, 1X0, 1XE, 1E6, 20E, 229, 242, 286, 3X0, 469, 502, 656, 7XE, 978, X43, E35,
11E: 4, 6, 8, X, 14, 28, 32, 36, 44, 320, 400, 478, 762, X60, E26,
121: 1, 5, E, 15, 57, E5, 111, 14E, 155, 16E, 19E, 645, 727,
123: 2, 3, 5, X, 21, 25, 33, 61, 87, 91, X3, 146, 276, 302, 589, 651, 895,
125: 2, 4, 6, 14, 28, 42, 64, 68, 80, 88, 116, 158, 172, 198, 340, 430, 730, X00,
127: 1, 3, 9, 19, 1E, 35, 3E, 49, 59, 6E, 141, 189, 203, 2E1, 301, 6E1, 899, E2E,
129: 1, 10, 11, 20, 21, 2X, 30, 40, 51, 56, 144, 1X0, 274, 480, 510, 611, 720, 780, 821, 876,
12E: 8, 58, 90,
131: 3, 5, 7, 9, E, 15, 1E, 27, 2E, 37, 3E, 6E, 71, 83, 85, 143, 1X3, 1E5, 263, 287, 373, 43E, 465, 481, 4X5, 76E, 7E7, XX5,
133: 4, E, 1X, 27, 44, 48, 4E, 57, 74, 88, 18E, 3E8, 504, 96E,
135: 2, 6, X, 16, 22, 34, 3X, 66, 172, 392, 8E2, X92, 1000,
137: 1, 15, 19, 45, 191,
139: 3, 4, 5, 8, E, 10, 20, 29, 38, 40, 48, 64, 79, 90, 124, 160, 214, 263, 295, 2E0, 358, 395, 405, 530, 60E, X94,
13E: 16X,
141: 3, 13, 23, 53, 73, E3, 393, 973, X13,
143: 1, 3, 4, 6, 8, 9, X, 12, 1E, 22, 24, 2E, 38, 3X, 42, 47, 50, 53, 55, 66, 83, 84, 8X, 93, 117, 12X, 130, 264, 3E5, 589, 59X, 67X, 8E8, 9X9, X77,
145: 2, 14, 18, 1X, 34, 6X, 94, 12X, 172, 212, 214, 234, 272, 30X, 334, 358, 404, 49X, 894, E42,
147: 1, 5, 7, 13, 17, 1E, 21, 23, 37, 55, 83, X5, E9, 119, 149, 157, 237, 269, 285, 311, 325, 327, 32E, 369, 407, 597, 753, 765, 783, 82E, 839, X43, X61,
149: 1, 3, 9, X, 12, 15, 19, 31, 49, 56, 5X, 73, 7X, 83, X3, E9, 103, 133, 153, 186, 1X5, 203, 221, 245, 261, 263, 433, 51E, 91X, X63,
14E: 2, 1X, 6X, EX, 13X, 174, 222, E82,
151: 1, 9, 33, 39, 41, 57, 63, 83, X9, 113, 129, 311, 501, 543, 591, 5X9, 601,
153: 2, 9, 10, 15, 18, 19, 42, 45, E0, 120, 245, 260, 279, 359, 749, 815, X89,
155: 4, 8, 14, 24, 34, 44, 68, 104, 234,
157: 1, 11, 1E, 31, 37, 57, 6E, 107, 471, 577,
159: 4, X, 17, 26, 30, 3E, 68, 6X, 78, 84, 87, 96, X6, E8, 100, 108, 122, 156, 1X0, 36X, 506, 687, E66,
15E: 2, 6, 12, 14, 32, 50, 54, X4, 146, 148, 156, 208, 622, X3X, E52,
161: 1, 9, 19, E1, 175, 981, X11,
163: 7, 69, 279, 2X4, 469, 5E1, 919,
165: 2, 6, 36, 256, 296, 642, XX2,
167: 3, 17, 77, 157, 4X3, 583, 923,
169: 1, 1E, 21, 45, 55, E7, 105, 341, 431, 93E, E15,
16E: 2, 4, 8, 10, 12, 22, 28, 68, X4, 172, 1E8, 3XX, 602,
171: 1, 3, 7, 17, 21, 23, 5E, 81, 173, 177, 203, 207, 221, 24E, 34E, 367, 383, 3E7, 56E, X4E, X6E, E1E,
173: 1, 3, 6, 7, 19, 25, 3X, 41, 46, 49, 61, 76, 9X, 121, 153, 1X3, 1EE, 239, 256, 266, 26X, 327, 351, 355, 363, 467, 509, 513, 531, 73X, 969,
175: 4, X, 10, 1X, 20, 2X, 40, 50, 84, 3XX, 3EX, 454, 59X, 5E0,
177: 3, 9, 13, 63, EE, 2E5, 499, 56E, 633, 675, 75E, E25, E6E,
179: 2, 5, 9, 11, 15, 16, 21, 22, 26, 32, 59, 74, 75, 7X, E1, 146, 151, 201, 260, 296, 306, 311, 356, 451, 642, 65X, 691, 895,
17E: 4, 78,
181: E, 15, 17, 33, 59, 229, 465, 785,
183: 2, 6, 8, E, 10, 16, 20, 23, 30, 32, 38, 48, 4X, 52, 98, E2, 116, 182, 1XX, 250, 25X, 33X, 368, 398, 46X, 588, 876, 8E3, X77,
185: 4, 6, 24, 64, 80, X4, 206, 290, 506, 604, 654, 988,
187: E1, 1E1, 571,
189: 8, 9, 10, 35, 49, 110, 149, 189, 430, 678, E29,
18E: 6, 92, 906,
191: 5E, 6EE,
193: 1, 2, 3, 4, 6, E, 10, 20, 34, 35, 51, 63, 72, 7E, 112, 153, 167, 182, 1E0, 242, 286, 348, 481, 570, 764, 930, X23, E04,
195: 4, 6, X, 14, 20, 50, 56, 6X, 134, 194, 230, 2E4, 448, 530, 57X, 608, 78X, E9X,
197: 5, 7, 9, 23, 29, 31, 4E, 12E, 201, 285, 645,
199: 1, 3, 6, 9, 19, 2X, 37, 41, 96, 97, 12X, 22X, 2X3, 306, 31X, 411, 41X, 52X, 569, 819, X8X, E97,
19E: 2, 6, 22, 96, E2, 130, 392, 616, 660,
1X1: E, 15, 17, 19, 31, 41, 4E, 101, 117, 201, 40E, 515, 719, 745,
1X3: 4, 5, 8, 12, 14, 15, 18, 22, 24, 2X, 34, 38, 45, 4X, 62, 68, 72, 7X, X8, XX, E8, 105, 12X, 265, 314, 612, 648, 855,
1X5: 8, 20, 1X8,
1X7: 1, 7, 19, 47, 127, 177,
1X9: 2, 6, X, 13, 1X, 22, 27, 36, 3E, 82, 8E, X3, X6, 127, 12X, 14E, 167, 172, 17E, 1E3, 26E, 296, 373, 427, 52E, 592, 607, 653, 698, X73,
1XE: 6, 10, 14, 1X, 2X, 34, 60, 146, 164, 250, 274, 3X0, 416, 57X, 690,
1E1: 5, 19, 85, 89, 239, 325, 659, 729,
1E3: 1, 4, 10, 25, 2E, 48, 65, 79, 155, 165, 2X4, 309, 324, 62E,
1E5: 2, 32, 52, 6X, 41X, 622,
1E7: E, 47, 77, 83, 177, 227,
1E9: 1, 7, 8, 10, 17, 1E, 35, 38, 3E, 52, 53, 67, 145, 205, 334, 558, 678, 763, 868, X79, X83, E75,
1EE: 4, 6, 8, 12, 14, 16, 24, 54, 96, 188, 458, 696, 852,
201: 1, 3, 11, 19, 21, 29, 61, 79, 97, X7, 291, 887,
203: 2, 5, 9, E, 15, 19, 25, 26, 29, 42, 4E, 52, E5, 115, 1E5, 202, 385, 5X2, 996, X95,
205: 2, 22, 2X, 56, X4, 3X8, 420, 940, EXX,
207: 5, 1E, 2E, 45, 4E, 55, 95, 105, 151, 1XE, 265, 35E, 70E,
209: 1, 2, 4, 8, 9, X, 12, 16, 20, 21, 26, 36, 40, 41, 48, 76, 81, 132, 240, 250, 302, 396, 541, 7E8, 8EX, 982, E5X,
20E: 4, 8, 10, 28, 44, 68, 70, 94, E8, 100, 384,
211: 1, 5, 9, 15, 25, 33, 49, 59, 63, 87, 113, 205, 269, 287, 305, 319, 329, 447, 889, 925, E07, E65,
213: 3, 6, 7, 10, 17, 20, 86, 113, 146, 196, 2E6, 474, 5E0, 707,
215: 8, 12, 26, 66, 72, 180, 5X2,
217: 1, 11, 15, 25, 45, 261,
219: 1, 4, 5, 7, 8, 24, 28, 37, 55, 65, 75, X1, EE, 115, 191, 2X5, 304, 495, 508, 624, 655, 79E, 901, 958, E35, E37, E68,
21E: 22, 32, 15X, 222,
221: 3, 7, 17, 23, 5E, 83, 97, 113, 117, 133, 3XE, 543, 783,
223: 2, 4, 5, X, 12, 13, 17, 1X, 24, 26, 30, 33, 3X, 3E, 40, 46, 47, 56, 60, 64, 93, 97, 9E, X6, XX, E6, 103, 126, 134, 174, 186, 226, 24E, 290, 312, 372, 399, 4E6, 53E, 711, 794, E26,
225: 6, 1X, 30, 36, 4X, 64, 86, 170, 444, 534, 560, 69X, 6X4, 814,
227: 3, 9, E, 23, 35, 59, 85, 175, 203, 27E, 33E, 3E9, 475, 599, 705, X55,
229: 1, 2, 5, 6, 12, 13, 19, 1X, 21, 26, 27, 2X, 31, 39, 69, 92, X6, 102, 11X, 187, 245, 3XX, 412, 539, 733, 859, 8EX,
22E: 2, 4, 12, 2X, 48, 94, 44X, 752, 794,
231: 5, 9, 11, 37, 71, 79, 129, 349,
233: 1, 2, 4, 5, 9, 10, 18, 20, 35, 4X, 55, 6X, 71, E6, 140, 1E5, 270, 2E5, 3E0, 876, 942,
235: 8, 28, 90, 1X8, 350, 4X0, 718, 800,
237: 1, 3, 9, 21, 453,
239: 3, 8, E, 2E, 3E, 46, 48, 53, 62, 6E, 7E, 92, XE, E6, 193, 273, 3XE, 402, 45E, 5X8, 64E, 736, 878, 916, 9X0, E06,
23E: 16, 26, 70, 116, 520, 698, XE6,
241: 1,
243: 1, 3, 5, 7, 8, E, 17, 1E, 25, 33, 37, 41, 67, 68, 87, 91, E7, EE, 127, 15E, 217, 267, 2X8, 317, 32E, 331, 343, 494, 913,
245: X, 12, 16, 32, 9X, XX, 216, 222, 77X,
247: 1E, 27, 47, 15E, 47E, 497, E57,
249: 4, 6, 7, 13, 14, 1X, 26, 2X, 34, 3X, 43, 57, 60, 83, 84, EX, 106, 230, 429, 573, 963,
24E: 16, 20, 40, 112, 138, 182, 196, 240, 290, 568, 646, X86,
251: 3, E, 2E, 47, 6E, 163, 197, 571, 647,
253: 1, 7, E, 1X, 61, 95, E5, EE, 261, 405, 9XX,
255: 4, 10, 12, 1X, 30, 46, 54, 58, 64, 78, 90, 108, 458, 878,
257: 1, 7, 9, 21, 33, 39, 45, 49, 107, 139, 145, 153, 381, 43E, 501, 531, 649, 939,
259: 2, 4, 5, X, 12, 26, 31, 34, 36, 111, 130, 212, 231, 269, 26X, 2E4, 409, 532, 5X2,
25E: 4, 24, 64, 160, 340, 390, 604, 744,
261: 3, 5, 9, E, 15, 2E, 39, 49, 5E, 9E, XE, 1X9, 289, 339, 349, 355, 955, X83,
263: 2, 3, 4, 8, E, 10, 12, 17, 18, 22, 24, 42, 60, 67, 74, 77, 114, 194, 1EX, 20X, 238, 248, 330, 350, 517, 657, 922, E68,
265: 2, 4, 18, 32, 7X, 422, 47X, 632, 76X,
267: 1, 5, 21, 39, 71, 99, E9, 465, 469, 585, 895, 9E5,
269: 4, 5, 8, 9, 10, 11, 17, 1E, 24, 25, 3E, 49, 68, 87, 91, 94, E4, 104, 127, 130, 17E, 190, 1E4, 27E, 345, 3EE, 798, 7X7, 941, E25, E79,
26E: 2, 6, X, 1X, 26, 2X, 46, 52, 66, 116, 12X, 172, 2E2, 39X, X12,
271: 7, 23, 57, 1E3, 623,
273: 2, 3, 9, 12, 13, 16, 1E, 22, 23, 29, 38, 56, 62, 69, 72, 99, X9, 110, 132, 142, 1X9, 223, 239, 2E9, 2EE, 346, 362, 389, 3X2, 9X2, X8E, X99, E58,
275: X, 14, 18, 32, 4X, 76, 84, 8X, 130, 162, 198, 370, 518, X76,
277: 1, 11, 27, 35, 55, 57, 187, 267,
279: 1, 2, 7, 9, E, 15, 19, 23, 41, 51, 67, 9E, 32E, 723,
27E: 2, 8, 10, 14, 32, 3X, 44, X0, E4, 182, 190, 208, 232, 3X4, 514, 696, 70X,
281: 1, 3, 7, E, 11, 33, 47, 53, 97, 9E, 103, 271, 513, 577, 603,
283: 1, 6, 14, 19, 24, 30, 34, 69, 74, 79, 81, 109, 119, 159, 430, 5E0, 611, 739, 806, 9E9,
285: 18, 70, 88, E8, 260, 368, E30,
287: 5, 7, 9, 11, 17, 1E, 29, 2E, 39, 49, 55, 81, 105, 109, 121, 195, 20E, 263, 2E7, 697, 77E, X1E,
289: 2, 4, 12, 4E, 94, 9X, 102, 177, 2E4, 33X, 4E4, 51X,
28E: 2, 8, 14, 16, 24, 2X, 30, 50, 6X, 12X, 198, 2X0, 2E6, 476, 500, 5XX, 5E8, 620, 664, 9X0,
291: 5, 19, 25, 29, 45, 315, 379, 8E9, EX9,
293: 1, 3, 7, E, 20, 29, 2E, 47, 6E, 88, 93, 12E, 263, 2E8, 467, 655,
295: X, 1X, 17X, 33X, 796, 996,
297: E,
299: 1, 2, 5, 6, 7, 13, 16, 19, 24, 26, 39, 3X, 68, 74, X2, E5, 209, 229, 233, 236, 265, 353, 371, 43X, 573, 6E0, 750, 884, XX0,
29E: 2, 132, 202, 512, 552, 572, 862,
2X1: 3, E, 11, 35, 39, 55, 63, 2X3, 483, 57E, 773, 7X9, 8X1,
2X3: 1, 5, E, 11, 12, 13, 17, 1E, 21, 25, 41, 42, 6E, 71, 75, 176, 21X, 261, 546, 57X, 587, 5E1, 655, 711, 7E1, 8X1, 961, 983,
2X5: 4, 6, 8, X, 10, 1X, 20, 40, 44, 174, 284, 318, 3EX, 706, E20,
2X7: 1, 3, 9, 13, 17, 19, 27, 39, 43, 51, 53, X3, 113, 269, 453, 537, 5X3, 607, 793, 953,
2X9: 2, 6, 8, 45, 52, 58, 72, 78, 82, X6, 125, 142, 236, 238, 258, 278, 559,
2XE: 4, 20, E0,
2E1: 7, E, 11, 15, 17, 37, 61, 91, 9E, X1, E7, 155, 16E, 621, 841,
2E3: 8, X, 12, 1X, 1E, 26, 27, 36, 44, 87, 116, 142, 146, 206, 272, 507, E53,
2E5: 2, 8, 12, 18, 28, 36, 42, 52, XX, 100, 150, 19X, 1E8, 25X, 296, 2E0, 300, 400, 55X, 61X, X28,
2E7: 1, 9, 29, 99, 181, 319,
2E9: 1, 4, 9, 11, 14, 21, 24, 31, 57, 64, 67, 84, E7, 189, 257, 299, 2X1, 301, 723, 747,
2EE: 2, 6, 46, 96, 122, 482, 932, X86,
301: 3, 23, 33, 5E, 83, 217, 233, 347, 38E, 657, 77E, 8X7,
303: 4, 11, 12, 15, 1X, 1E, 24, 25, 75, 9E, 112, 258, 2E4, 314,
305: 2, 4, 6, 8, 10, 14, 20, 26, 32, 34, 36, 3X, 46, 58, 6X, 72, 82, 19X, 264, 270, 344, 396, 426, 596, 6E0, 774, 908, X12, X64, XE4,
307: 1, 3, 11, 25, 31, 3E, 77, X3, 117, 137, 141, 319, 373, 377, 385, 51E, 859,
309: 1, 3, 11, 17, 1E, 2E, 33, 39, 6E, 107, 12E, 131, 1EE, 205, 2X9, 357, 379, 473, 579, 59E, 905, 927, 935, 967, 995,
30E: 6, X, 2X, 56, 5X, 9X, 136, 15X, 20X, 29X, 306, X2X, X5X,
311: 3, E, 15, 69, 33E, 69E, E55,
313: 2, 4, 5, 6, 10, 12, 16, 18, 1X, 26, 32, 39, 48, 50, 59, 66, 8X, E0, 126, 168, 174, 311, 3E8, 439, 482, 826, X50, E24,
315: 94, 148, 834, X34,
317: 3, 5, 7, 13, 31, 67, 247, 277, 393, 679, 6XE, 7E9, 811,
319: 2, 3, 4, E, 13, 27, 32, 3E, 40, 5X, 5E, 64, 66, 87, X3, 103, 176, 183, 32X, 380, 547, 614, 662, 79X, 808, 85X,
31E: 18, 20, 26, 52, 7X, 86, 94, 1X6, 454, 530, 818,
321: 9, 29, 31, 79, 101, 1X9, 249, 601, 9E9,
323: 3, 8, 9, E, 20, 28, X3, 109, 10E, 155, 1X5, 239, 315, 333, 36E, 550, 555, 945,
325: X, 46, 4X, 25X, 3XX, X3X,
327: 7, 37, 267, 837,
329: 1, 3, 5, 6, 8, 9, 11, 14, 15, 2X, 37, 38, 43, 45, 46, 47, 51, 55, 69, 75, 76, 80, 83, X6, XE, 114, 123, 12E, 130, 138, 181, 18E, 201, 203, 279, 286, 2E6, 301, 356, 409, 49E, 4X1, 4E6, 551, 555, 569, 627, 6X7, 707, 741, 75X, 829, 907,
32E: 2, 8, X, 10, 94, EX, 22X, 27X, 340,
331: 1, 43, 1X3, 207, 317, 613, 975,
333: 1, 3, 11, 13, 31, 41, 5X, 83, E3, 113, 141, 147, 21X, 277, 296, 2X7, 30X, 493, 6X3, 841, E69,
335: 6, 30, 50, 56, 58, E8, 148, 516, X72,
337: 5, E, 13, 19, 2E, 89, E9, 107, 135, 13E, 257, 265, 667,
339: 1, 2, 5, 11, 1X, 41, 5X, 65, 305, 381, 3E2, 455, 481, 541, 6E8, 892,
33E: 10, 18, 24, 30, 40, 60, 78, 90, X8, 118, 124, 194, 228, 238, 250, 354, 658, 700,
341: 3, 5, 9, 11, 13, 29, 47, 59, 63, 1E9, 307, 597, 627, 639, 773, 781, 785,
343: 2, 3, 4, 6, X, 16, 1X, 23, 28, 32, 42, 46, 54, 64, 88, 92, 98, X6, X7, 102, 128, 136, 154, 19X, 210, 226, 227, 236, 246, 274, 277, 2X6, 384, 402, 538, 812, E83,
345: 4, 6, 24, 30, 90, 266,
347: 5, 25, 115, 125,
349: 1, 3, 4, 5, 7, 8, 15, 18, 27, 28, 33, 35, 40, 43, 53, 63, 83, 107, 137, 170, 171, 1XE, 220, 24E, 287, 2XE, 4X1, 503, 735, 923, 92E, X07,
34E: 3X, 12X, 64X, 65X,
351: 3, 7, 17, 33, 5E, 93, 167, 717, 91E, 977, X47,
353: 2, 4, 8, 9, 14, 19, 29, 38, 4E, 55, 77, 79, 96, E8, 105, 132, 1E4, 1E7, 206, 212, 234, 238, 24E, 297, 384, 4E4, 4E9, 69X, 6X1, 8EX, XXX,
355: 2, 4, 16, 20, 60, 62, 162, 1X4, 320, 58X, X22,
357: 1, 9, 11, 29, 31, X9, 137, 197, 3E7, 439, 739, 807,
359: 2, 3, 6, 12, 142, 143, 235, 403, 976, X23,
35E: 2, 6, 8, 10, 20, 22, 2X, 36, 4X, 52, 68, 92, 1X0, 1X6, 206, 28X, 390, 520, 686, 846, 930, 990, E5X, E86,
361: 1, E, 27, 3E, 181, 957, E81,
363: 1, 2, 4, 5, 9, 12, 16, 22, 24, 25, 32, 44, 46, 90, X6, X9, E9, 1X8, 342, 401, 701, 735, 87X, X69,
365: 8, 460,
367: 1, 7, 9, E, 13, 1E, 27, 57, 87, 89, 95, X1, X7, 105, 173, 259, 333, 3E9, 443, 539, 7X7, E0E,
369: 6, 10, 16, 33, 36, 43, 80, E3, 13X, 193, 1X3, 1X4, 216, 353, 37X, 3X6, 924, 943, X24, X3X,
36E: 8, 18, 30, 32, 48, 172, 1X2, 2X2, 390, 3E2, 478, 6X2, X48,
371: 1, 11, 15, 29, 31, 49, 51, 65, 105, 119, 131, 149, 265,
373: 5, 7, 8, E, 11, 14, 24, 3E, 47, 57, 137, 148, 158, 18E, 224, 398, 668, X2E, E14,
375: 2, 6, 26, 2X, 42, 46, 56, 122, 342,
377: 7, 13, 1E, 23, 33, 53, 67, 133, 263, 323,
379: 1, 2, 6, 8, X, 10, 14, 16, 1X, 22, 25, 29, 2X, 38, 39, 40, 59, 5E, 60, 70, 71, 80, 82, 85, 102, 138, 13X, 165, 182, 222, 239, 27E, 2X1, 491, 578, 59X, 705, 867, 90X,
37E: 4, 10, 1X, 46, 66, 90, 94, X0, 100, 106, 444, 454,
381: 3, 5, E, 15, 19, 23, 35, 43, 79, 119, 803,
383: 1, 7, E, 13, 49, 517, 629, 83E, 977, 9E6,
385: 2, 4, 8, X, 1X, 38, 94, 9X, 21X, 228, 2EX, 344, 3E8, 43X, X32,
387: 1, 9, 13, 43, X9, 107, 127, 169, 513, 975,
389: 5, 6, 9, 11, 14, 19, 22, 24, 28, 40, 51, 64, 65, 84, 86, X1, X6, 154, 181, 185, 308, 405, 524, 5X5, 859, 951,
38E: 4, 8, 14, 20, 30, 34, 78, E4, E8, 244, 280, 350, 4X8, 880, 950,
391: 3, 7, 11, 21, 47, 51, 71, E3, 213, 217, 261, 337, 351, 771, 947, X93,
393: 13, 23, 3E, 53, 76, 88, 263, 6EE, 908,
395: 2, 4, 18, 2X, 32, 112, 204, 20X, 338, 612, 61X, 97X,
397: 1, 465,
399: 1, 3, 4, 7, E, 10, 1E, 24, 29, 33, 37, 40, 69, 103, 129, 230, 271, 280, 2X3, 764, 955, 970,
39E: 2, 2X, 56, 116, 16X, 30X, 54X, 872,
3X1: 3, 7, 33, 53, 73, 7E, 177, 3E3, 423, 693, X3E,
3X3: 1, 7, 9, 10, 20, 23, 26, 27, 37, 57, 106, 17X, 1E6, 217, 259, 49X, 561, 639, 646, 779, 8X0, 9E9,
3X5: 8, 12, 38, 50, 148, 168, 1X6, 252, 786,
3X7: 1, 7, 11, 15, 1E, 33, 41, 65, 85, 125, 251, 341, 45E, 585, 67E, 7X1,
3X9: 2, 7, 12, 22, 27, 32, 5X, 17X, 351, 407, 611, 637, 92X,
3XE: 2, 4, 12, 14, 16, 18, 48, 56, 60, 64, 84, 96, 150, 288, 676, 738,
3E1: 1, 3, 11, 19, 21, 35, 41, 43, 53, 75, 81, 111, 135, 1E1, 221, 233, 4XE, 601, 871, 981, E01,
3E3: 2, 5, X, 10, 14, 18, 25, 32, 36, 46, 6X, 78, 95, 102, 11X, 120, 126, 156, 2X6, 355, 394, 448, 522, 545, 5X0, 706, 852, 982,
3E5: 4, 20, 40, 50, 90, 124, 150, 664, 974,
3E7: 3, 9, 19, 33, 35, 6E, E5, 115, 205, 449, 573, 5X9, 613, 949, 95E, X35,
3E9: 3, 6, 12, 28, 2E, 3X, 44, 86, 88, 98, 9X, 124, 163, 18E, 1X2, 248, 257, 27X, 4E4, 58X, 967, E84,
3EE: 4, 14, 74, 8X, 142, 882,
401: 1, 25, 29, X5, 1X5, 551, 909, X41,
403: E, 17, 2E, 30, 173, 179, 199, 250, 257, 295, 3E0, 47E, 555, 557, 693, 870,
405: 16, 1X, 22, 26, 52, XX, 22X, 486, 55X, 61X,
407: 3, 7, 23, 253, 463, 833,
409: 2, 3, 5, 8, 12, 20, 22, 26, 28, 29, 3E, 49, 62, 96, 129, 152, 180, 1X3, 233, 250, 273, 295, 308, 378, 3EE, 448, 658, 81E, 942, E12, E1E, E3E,
40E: 2, 4, 6, 28, 36, 50, 64, E8, 194, 55X, 6E8,
411: 7, 3E, 47, 95, 97, 16E, 1X1, 1E1, 1E7, 385,
413: 1, 5, 13, 5X, 6E, 183, 1E5, 312, 3X1, E72,
415: 2, 6, 18, 1X, 20, 26, 28, 62, 78, 86, 92, 1X2, 282, 336, 506, 762, E22,
417: 3, 7, E, 13, 21, 23, 27, 2E, 41, 59, 67, 83, 8E, 91, EE, 127, 129, 13E, 189, 259, 2X1, 2X9, 743, 789,
419: 1, 4, 9, 14, 30, 50, 54, 5X, 91, X9, E4, 180, 1E4, 269, 279, 344, 4E1, 699, 719, 8E4, XX4, E31,
41E: 8, 18, 28, 68, X8,
421: 1, 5, 9, 17, 31, 147, 313, 325, 485, 875, E15, E57,
423: 2, X, 17, 1X, 22, 28, 42, 64, 84, XE, 112, 148, 19X, 247, 274, 27E, 307, 33X, 35X, 38X, 62X, 71E, 954, XXX,
425: 4, 38, 46, 4X, 62, 96, 464, 486, 668, X34,
427: 1, 5, 19, 21, 49, E1, 1E9, 221, 505, 789, X45,
429: 1, 3, 4, 7, 9, E, 10, 11, 13, 14, 17, 19, 29, 39, 41, 44, 48, 49, 94, 107, 114, 127, 140, 143, 17E, 274, 288, 728, 738, 778, 829, 9E4, X47,
42E: 6, X, 16, 1X, 2X, 36, 66, XX, 19X, 28X, 506, 576,
431: 3, 83, E3, 383,
433: 1, 2, 3, 4, 6, 9, 11, 12, 15, 18, 22, 24, 27, 29, 33, 41, 51, 61, 68, X2, 11E, 12E, 141, 145, 165, 243, 248, 254, 287, 38E, 541, 569, 5X4, 659, 697, 8XE, 920, 951, X1E, E25,
435: 2, 4, 8, 12, 64, 78, 88, 98, 138, 1XX, 304, 448, 458, 6X4, X62, EX4,
437: 1, 3, 7, E, 11, 13, 15, 21, 25, 35, 65, 77, X1, 143, 1X7, 253, 573, 605, 695,
439: 3, E, 1X, 1E, 25, 2X, 36, 4E, 6E, 85, EE, 17X, 30E, 336, 445, 4EX, 8E9, 966,
43E: 4, 14, 22, 2X, 4X, 70, 72, E0, 108, 152, 164, 254, 474, 524, 6E8, X54, E00,
441: 1, 3, 7, 13, 21, 39, 51, 69, 77, 119, 1E7, 283, 3X3, 623,
443: 5, 6, 10, 12, 25, 30, 40, 52, 59, 79, 119, 1E5, 249, 390, 3E2,
445: 14, 18, 34, 40, 48, X0, X4, 130, 238, 680, 720, X00, X08,
447: 15, 77, XE, 115, 16E, 64E, 877,
449: 2, 7, X, 28, 2E, 36, 37, 58, 63, 67, 83, 117, 142, 196, 216, 218, 243, 523, EE6,
44E: 2, 4, 6, 12, 18, 24, 26, 30, 32, 36, 3X, 50, 60, 6X, 21X, 248, 3E2, 50X, 554, 696, X78, E26,
451: 9, 15, 41, 69, 321,
453: 1, 4, 11, 13, 20, 30, 60, 77, E9, 243, 309, 469, 591,
455: 6, 12, 32, 66, 136,
457: 3E, 5E, 173, 1XE, 22E, 353, 92E,
459: 1, 2, 5, 7, 12, 25, 31, 34, 3E, 6X, 85, 94, 10E, 325, 777,
45E: X, 18, 1X, 78, E6, 11X, 1EX, 21X, 364, 606, 636,
461: 1, 7, 9, 11, 21, 33, 43, 59, 125, 161, 227, 425, 429, 439, 445, 781, X23, X29,
463: 1, 11, 12, 21, 22, 2X, 5E, 9X, X7, E1, 107, 115, 143, 18X, 256, 333, 341, 356, 659, EX6, EEE,
465: X, 14, 44, 166, 1E4, 224, 260, 274,
467: 5, 28E, 78E,
469: 5, X, 14, 25, 26, 30, 35, 38, 45, 46, 48, 4X, 52, 56, X2, E2, 144, 15X, 176, 178, 299, 2E5, 312, 344, 34X, 386, 395, 3EX, 52X, 742, 785, 799, 83X,
46E:
471: 1, 9, 3E, 47, 21E, 231,
473: 3, 4, E, 12, 13, 17, 20, 27, 32, 47, 5X, 5E, EE, 117, 128, 214, 267, 46X, X7X, EEE,
475: 2, 4, 8, X, 10, 12, 18, 32, 42, 172, 1E8, 302, 334, 3E8, 70X, 844,
477: 59, 101,
479: 3, 5, 8, 9, E, 10, 15, 18, 33, 35, 39, 4E, 60, 65, 68, 79, 130, 239, 250, 293, 388, 480, 658, 899, 8E8, 980,
47E: 2, 6, 16, 52, 96, E2, 116, 176, 1X2, 476, 516,
481: 7, 27, 47, 557, X6E, XEE,
483: 2, 3, 4, 5, 7, 9, X, 13, 14, 1E, 22, 25, 28, 33, 60, 68, 7X, X1, X5, E1, 105, 113, 127, 1E9, 254, 265, 30X, 315, 3XX, 427, 7E3, 811, 924,
485: 2, 4, 16, 44, 108, 122, 142, 148, 314, 362, 458, 5E8,
487: 3, 5, 67, 69, 123, 1XE, 403, 437, 459, 635,
489: 1, 9, 27, 76, 96, X9, E6, 199, 251, 269, 317, 376, 60X, 72X, 916,
48E: 2, 6, 10, 38, 40, 48, 102, 190, 242, 248, 318, 326, 476, 516, 566,
491: 3, 7, 9, 11, 13, 17, 1E, 27, 45, 4E, 65, 6E, 143, 157, 257, 2E9, 47E, 59E, 685, 753, 827,
493: 1, 11, 2X, 31, 34, 51, 91, X8, 17X, 1X1, 20X, 39X, 494, 868,
495: 8, 10, 84, 88, 308, 468, 600,
497: 1, 3, 5, 13, 15, 21, 37, 49, 51, 81, 97, 113, 185, 201, 417, 419, 495, 659, 751, 7E7, 841, E39,
499: 4, 6, E, 13, 47, 50, 52, 5E, 70, 72, 87, E7, 128, 137, 20E, 237, 318, 31E, 510, 5X7, 612, 650, 737, 764, 810, E44,
49E: 4, X, 10, 16, 24, 26, XX, E4, 144, 5X0, 60X, 654, X04,
4X1: 5, 35, 45, 225,
4X3: 3, 5, 18, 28, 2E, 41, 45, 57, 80, X5, E0, 129, 135, 168, 195, 511, 628, 925, X48,
4X5: 2, 42,
4X7: 3, 7, E, 3E, 43, 8E, 3E7,
4X9: 1, 2, 3, 4, 6, 7, 9, E, 12, 13, 17, 1X, 20, 55, 56, 6E, 10X, 10E, 11X, 127, 1X4, 1X9, 224, 23X, 280, 289, 295, 41E, 5XE, 660, 682, 783, 976, 9XX,
4XE: 4, 6, X, 18, 26, 32, 34, E2, 120, 150, 226, 234, 298, 47X, 5E8, 650,
4E1: 59, 277, 823, X73,
4E3: 2, 5, 6, 9, E, 12, 15, 16, 3E, 62, 69, X6, E6, 18E, 1X5, 275, 295, 299, 2E2, 353, 622, 6X5,
4E5: 2, 6, X, 16, 36, 3X, 5X, 108, 122, 156, 188, 21X, 574, 62X, 822,
4E7: 1, 11, 47, 5E, 77, 95, X5, 13E, 211, 22E, 281, 685, 981,
4E9: 1, 4, 5, 6, X, 10, 19, 28, 2X, 49, 56, 5X, 68, 8X, X5, E2, 148, 149, 179, 1EX, 224, 275, 290, 374, 594, 635, 860, 8X0,
4EE: 4, 38, 50, 60, 84, 118, 1E0, 204, 210, 300, 334, 350, 6X0, 710,
501: 5, 1E, 29, 9E, 23E, 311, 6X5, X59, X7E, E13,
503: 3, 6, X, 14, 1X, 27, 4X, 56, 87, 12X, 140, 177, 213, 336, 453, 49X, 753, 9X4, X96,
505: 6, 8, 18, 26, 28, 36, 40, 76, 938, XX0,
507: 1, 9, 11, 19, 25, 85, X5, 109, 155, 311, 379, 431, 519, E51,
509: 5, 15, 1E, 95, X5, 125, 147, 227, 275, 291, 555, 661,
50E: 12, 36, 82, 86, 96, 142, 272, 906,
511: 17, 4E, 317, 50E, 70E, 82E,
513: 2, 3, 7, 8, X, E, 13, 15, 16, 17, 18, 19, 23, 2E, 33, 40, 43, 50, 53, 56, 78, 116, 162, 179, 1E0, 253, 259, 296, 317, 322, 3EE, 436, 4E3, 515, 5X0, 610, 682,
515: 50, 7X, 80, X0, 28X, 43X, 53X, 596,
517: 8E,
519: 1, 2, 3, 7, 9, X, E, 11, 12, 27, 29, 2E, 33, 36, 37, 49, 72, 86, 105, 195, 1X3, 213, 247, 2X5, 2E1, 32E, 351, 3E3, 3E9, 51E, 5X6, 712, 7E2, 819, 971, 979, X26, X47, X62,
51E: 2, 4, 8, 1X, 5X, 8X, 182, 412, 522, 674,
521: 1, 9, 17, 19, 61, 121, 25E, 6E5, 947,
523: 1, 6, 8, 9, 11, 29, 2X, 3X, 51, 81, 82, 85, 129, 13X, 155, 220, 262, 276, 280, 3EX, 446, 576, 579, 831, 899, E25, E49, E55,
525: 10, 24, 30, 190, 264, 530, 558,
527: 3, 11, 19, 27, 33, 49, 99, E3, 141, 197, 243, 259, 279, 351, 453, 527, 721, E33,
529: 2, 8, 10, 20, 3E, 118, 120, 180, 190, 19E, 1XE, 430, 562, 582,
52E: 2, 12, 16, 26, 2X, 32, 3X, 46, 74, 166, 254, 316, 356, 516, 602, 706, 83X, 894,
531: 5, 45, 265, 431,
533: 4, 7, 10, 15, 17, 29, 34, 3E, 8E, 100, 111, 128, 170, 22E, 2X7, 355, 45E, 570,
535: 1X, 26, 32, 86,
537: 47, 133, 19E, 7EE, X9E,
539: 4, 7, 9, X, 10, 16, 1X, 21, 30, 41, 4X, 66, 9X, 103, 106, 120, 180, 1E4, 241, 28X, 374, 401, 4E6, 566, 56X, 799, E60,
53E: 2, 16, 18, 22, 30, 42, 50, 60, 68, 90, X8, 118, 148, 212, 216, 248, 250, 582, 630,
541: 3, 9, 37, 41, 77, 79, 81, X9, 161, 237, 6E5, 783,
543: 2, 5, 11, 25, 71, 87, 19E, 502, 605, X31,
545: 8, 16, 3X, 4X, 66, X0, E2, 112, 118, 206, 278, 2EX, 550, 648, 87X, 890, X24, XX0, E1X,
547: 1, 3, 5, 11, 1E, 23, 5E, 9E, 101, 103, 3X1, 59E,
549: 1, 6, X, 10, 16, 18, 19, 21, 44, 48, 4X, 66, 85, 90, 110, 116, 25X, 346, 3XX, 459, 614, 761, X85, XX5,
54E: 14,
551: 3, 9, 23, 25, 39, 165, 223, 279, 60E, 81E,
553: 3, 4, 6, X, 37, 50, 63, 6E, 96, E3, 1X2, 370, 3XE, 433, X43,
555: 44, 228, 238, 514, 614, 6EX, 782, 95X, 99X,
557: 5, 9, 55,
559: 3, 5, E, 1E, 20, 29, 45, 53, 85, 110, 120, 143, 193, 237, 411, 570, 575, 6X0, X33, X35,
55E: 2, X, 1X, 26, 32, 36, 62, 112, 472,
561: 3, 7, 13, 17, X7, 117, 173, 907, 973,
563: 3, 5, 23, 29, 33, 90, E3, 123, 126, 148, 192, 278, 2E0, 360, 389, 518, 559, 929, 943, E33,
565: 2, 16, 18, 24, 32, 36, 50, 58, 90, E0, E8, 124, 158, 460, 676, 788, 7E2, 822,
567: 1, 15, 25, 51, 55, 115, 131,
569: 1, 2, 6, X, E, 11, 16, 17, 22, 26, 2E, 41, 42, 83, X5, XX, 12E, 132, 157, 185, 1X6, 303, 322, 462, 58X, 783, 7X1,
56E: 10, 14, 40, 58, 70, 96, 108, 110, 12X, 314, 3XX, X84, E90,
571: 1, 5, 11, 1E, 161, 183, 193, 325, 3X1, 3E7, 477, 7E3,
573: 1, 4, 6, 9, 69, X6, X9, 346, 761, EX9,
575: 10, 30, 40, X0, 160, 190,
577: 1, 5, 9, 17, 19, 25, 45, X9, 2X5, 5EE, 961,
579: 2, 4, E, 12, 18, 27, 32, 4X, 52, 6X, 16E, 252, 358, 60X, 82E, 9X8,
57E: 2, 12, 28, 48, 62, X8, 1E6, 2X8, 32X, 812, 956, E76,
581: 9, 11, 19, 29, 31, 59, 111, 249, 271, 751, 841,
583: 1, 3, 4, 7, 24, 25, 27, 31, 34, 39, 40, 53, 78, X0, E3, E9, 154, 164, 1E5, 218, 485, 601, 631, 761,
585: 6, X, 1X, 66, 96, 116,
587: E, 63, 1X3, 4EE,
589: 2, 3, 5, 8, 16, 18, 1E, 20, 26, 2E, 30, 31, 39, 44, 46, 4E, 52, 54, 58, 68, 6X, 70, 76, 93, 13E, 162, 170, 1XE, 231, 320, 35X, 502, 565, 58E, 81E, 879, 882, X78,
58E: 2, 8, 18, 22, 24, 34, 5X, 7X, 92, 108, 184, 20X, 248, 498, 818,
591: 1, 45, 57, 67, 6E, 107, 12E, 139, 153, 165, 183, 347, 35E, 46E, 653, 681, 795, XE9,
593: 2, 5, 7, 9, X, 15, 1X, 1E, 22, 2X, 32, 71, XX, 139, 182, 1X5, 212, 215, 265, 45E, 565, 751, 8EE,
595: 2, 4, 8, 18, 26, 2X, 54, 86, XX, E2, 246, 352, 896,
597: 1, 3, 31, 51, 59, 243, 359, 901,
599: 2, 5, 25, 48, 55, 56, 78, 82, 109, 138, 159, 245, 670, 885,
59E: 8, 34, 48, 74, X8, 130, 260, 274, 778,
5X1: 7, 47, 77, 16E, 18E, 207, 527,
5X3: 2, 4, 6, 7, X, 18, 20, 24, 30, 34, 38, 3X, 58, 83, 88, 98, 177, 248, 2E8, 404, 414, 46E, 524, 588, 766, E16, E50, E5E,
5X5: 8, 34, 76, 122, 172, 210, 568, 928,
5X7: 1, 5, 9, 11, 15, 25, 39, 65, E5, 121, 209, 221, 8E5,
5X9: 1, 3, 14, 19, 39, 73, 77, 167, 294, 501, 640, 839, 874, E91,
5XE: 12, 42, 102, 156, 1X6, 256, 3E2, 626,
5E1: 3, 13, 17, 53, 167, 4E7,
5E3: 1, 4, X, E, 11, 1E, 44, 174, 178, 1E7, 331, 3X4, 3E1, 4XX, 5X1, 671, 694, 984, 987, E38,
5E5: 4, X, 10, 12, 1X, 32, 42, 80, 122, 152, 15X, 160, 168, 172, 178, 202, 24X, 2EX, 434, 50X, 828, 900, XE2,
5E7: 3, 5, E, 13, 23, 33, 37, 3E, 5E, 63, XE, 193, 217, 46E, 49E, 523, 61E, 66E, 783, 8E3,
5E9: 1, 5, 6, 9, X, 16, 19, 21, 25, 26, 31, 39, 42, 66, 71, 76, 7E, 99, 102, 113, 14E, 171, 23E, 279, 286, 357, 3X7, 453, 4X2, 537, 551, 577, 60X, 675, 709, 7EX, 925, X33, E7E, E91,
5EE: 4, 20, 54, 60, 7X, 94, 130, 140, 166, 180, 3X0, 614,
601: 9, 13, 15, 65, 15E,
603: 1, 2, 5, 6, 8, 11, 1X, 21, 30, 3X, 48, 50, 5X, 78, 9X, 112, 116, 172, 180, 1X2, 1E2, 306, 355, 411, 521, 578, 5E5, 615, 68X, 6E5, 715, 841,
605: 4, 44, 48, 64, 98, 224, 548,
607: 1, 3, 7, 21, 23, 37, 71, 89, E5, 115, 117, 159, 173, 183, 28E, 42E, 447, XE9, EE1,
609: 2, 3, 4, 6, 13, 1X, 20, 26, 34, 3X, 44, 50, 73, 76, 78, 80, X3, 157, 212, 337, 377, 587, 614, 79X, 987, X1X,
60E: 2, 4, 8, 10, 18, 20, 28, 48, 64, 70, 82, 104, 122, 154, 158, 166, 1E2, 226, 258, 294, 358, 458, 480, 488, 556, 592,
611: 1, 11, 29, 159, 211,
613: 8, E, 10, 15, 1E, 28, 73, 83, 14E, 155, 160, 705, 79E, 825, 965, X53,
615: 6, 16, 136, 566,
617: 7, 17, 2E, 8E, XE,
619: 2, 3, 4, 5, 7, 9, 11, 12, 15, 16, 17, 18, 19, 26, 29, 35, 41, 44, 46, 81, 97, E7, EE, 101, 113, 118, 139, 195, 1XE, 269, 26X, 601, 7X9, 951, 97X, 9XE, X1E,
61E: 2, 6, X, 10, 1X, 20, 2X, X4, 102, 114, 1E0, 212, 282, 374, 7XX,
621: 1, 5, 9, E, 15, 25, 27, 65, 79, E9, 12E, 131, 147, 217, 219, 295, 419, 689, 691,
623: 3, 36, 37, 66, 67, 77, 7X, 123, 127, 1XX, 5X3, 616, 783, 936,
625: 2, 18, 40, 52, X2, 236, 252, 292, 816, 8X6,
627: 1, 3, 9, 11, 29, 33, 3E, 63, E1, 273, 2E7, 311, 329, 333, 347, 409, 431, 471, 753, 761, 831, 853, 929,
629: 5, 8, 12, 24, 25, E1, 111, 161, 175, 264, 2X5, 43X, 765, 838, E75,
62E: 8, 10, 14, 40, 100, 298, 3X0, 454, 458, 520, 890,
631: 1, 3, 7, 53, 77, 99, X7, E5, 161, 183, 205, 255, 2X5, 3XE,
633: 4, 6, 14, 88, 126, 350, 388, 414, 548, 65X, 820, 930, E10,
635: 4, 14, 34, 50, 184, 370, 374, 4E0,
637: 5, 9, 135, 345,
639: 4, 7, 9, E, 14, 15, 23, 27, 38, 7E, 8E, 135, 154, 155, 1XE, 1E5, 238, 257, 29E, 2X4, 540, 724, 7X0, E23, E54,
63E: 2, X, 32, 42, 19X, 502, 55X, 83X,
641: E, 1E, 27, 6E, 5E7, 723,
643: 2, 4, 7, 8, 11, 1X, 21, 37, 38, 40, 45, 47, 5X, 6E, 74, 125, 1XX, 1E7, 200, 318, 321, 327, 351, 36X, 460, 48X, 5X5, 6E4, X61,
645: 6, X, 12, 26, 46, 114, 1E4, 32X, 526, 546, 606, 6EX, X56,
647: 3, 17, 47, 97, 101, 179, 303, 437, 473, 987,
649: 6, 13, 4E, 52, 59, 5E, 76, E6, 123, 136, 27E, 2X2, 402, 406, 512, 5E2,
64E: 2, 4, 8, X, 10, 1X, 112, 118, 164, 17X, 25X, 2EX, 322, 44X, 454, 598, X44,
651: 5, 7, 45, 65, 77, 85, 135, 365, 497,
653: 4, 5, 11, 16, 26, 42, 45, 46, 50, 110, 120, 139, 258, 371, 385, 400, 722, E96,
655: 10, 90, E0, 254, 404, 664, 670, 6X0, 730,
657: 1, 23, 4E, 91, 121, 277, 745, 753, 7X1,
659: X, 14, 27, 34, 44, 47, 56, 153, 154, 233, 253, 270, 273, 364, 533, X64, E06,
65E: 2, 18, 22, 58, 62, 82, 172, 2X8, 362, 508, 592, 712, 778, 882, 962, 998, 9E2, X88,
661: 1, 5, 15, 21, 69, 81, 89, 125, 1X9, 205, 321, 449, 4X9, 835, 935,
663: 1, 5, 11, 2E, 31, 34, 65, 67, X7, XE, 13E, 185, 235, 281, 324, 77E, 89E, X07, X35, X37,
665: 6, 12, 16, 1X, 2X, 62, 6X, 82, X6, 232, 452, 73X, 7E2, 866, 9E6,
667: 1E, 2E, 17E, 197, 1E3, 323, 41E, 457, 49E,
669: 1, 2, 3, 8, 9, 10, 1X, 22, 23, 26, 29, 30, 32, 52, 5X, 5E, 75, 7X, 9X, X6, X7, E9, EE, 112, 130, 158, 162, 180, 238, 256, 2E6, 389, 3E6, 450, 62X, 648, 766, 9XE,
66E: 6, 20, 30, 2X0, 336,
671: 3, 5, 19, 4E, 89, 95, E5, 115, 13E, 14E, 185, 2X9, 815,
673: 1, 2, 3, 5, 7, X, 11, 12, 21, 32, 47, 79, 89, 12X, 133, 157, 189, 196, 217, 21X, 253, 433, 495, 4EX, 662, X02,
675: 12, 18, 72, 138, 1E2, 424, 458, 612,
677: 3, 5, 9, E, 13, 15, 21, 25, 33, 45, 89, 103, 253, 293, 415, 609, XE1,
679: 1, 16, 18, 1X, 21, 22, 24, 25, 32, 45, 5X, 61, 65, E1, 105, 108, 152, 231, 302, 390, 5X1, E78,
67E: 18, 38, 88, 94, 270, 308, 508, E90, EE8,
681: 3, 7, 39, 427, 447, 783, 957,
683: 2, 3, 6, 8, 1E, 36, 7E, 8E, E3, 152, 188, 228, 296, 318, 398, 423, 53E, 713, X1E, E03,
685: 4, 14, 1X, 50, 70, 114, 130, 224, 2X4, 37X, E32,
687: 1, 15, 121, 4E5,
689: 8, 9, E, 13, 37, 47, 6E, X8, 125, 184, 1X5, 268, 273, 34E, 395, 693, 810,
68E: 6, X, 16, 22, 32, 4X, 5X, 8X, X6, E6, 346, 576, 642, 896, 936,
691: 7, 17, 67, XE, 117,
693: 1, 7, X, 20, 23, 31, 44, 93, X0, 149, 18X, 2E7, 466, 56X, 706, 790, 991, X19, E23,
695: 2, 10, 76, 138, 196, 226, E48,
697: 5, 7, E, 19, 27, 2E, 33, 39, 65, 73, 83, 95, 10E, 143, 16E, 333, 879, E1E,
699: 2, 5, 15, 1E, 2X, 52, 65, 7E, 122, 135, 151, 15E, 19X, 22X, 312, 425, 52E, E6E,
69E: 2, 4, 1X, 28, 46, 86, 94, 11X, 124, 136, 140, 384, 434, 922, X20, X94,
6X1: 3, 7, 11, 23, 33, 41, 67, 97, 17E, 187, 193, 205, 209, 251, 335, 36E, 6E9,
6X3: 1, 2, 4, 5, X, 11, 12, 1X, 30, 45, 4X, 58, 79, 91, X1, EX, 142, 149, 192, 1X5, 20X, 7XX, 811, X10, X91, E30,
6X5: 4, 14, 64, 104, 294, 464,
6X7: 3, E, 3E, 85, 8E, 129, 1X5, 239, 585, 645, E2E,
6X9: 4, 7, 8, 12, 16, 56, 100, 152, 184, 1E7, 1EX, 367, 47E, 53X, 646, 84E,
6XE: 4, X, 38, 332, 334, 38X, 518,
6E1: 1, 9, 19, 25, 129, 3E1, 581, 731, 929,
6E3: 1, 8, 9, 11, 33, 3E, 141, 208, 219, 261, 483, 509, 569, 771, 901, 931,
6E5: 2, 6, 12, 46, 4X, 5X, X6, E6, 10X, 132, 136, 232, 286, 2XX, 342, 362, 52X, 582, 5X6, 5E6, 772,
6E7: 13, 47, 87, 183, 263,
6E9: 2, 3, 5, 6, E, 10, 15, 36, 60, 129, 185, 243, 262, 2X2, 3E8, 400, 6X0, 740,
6EE: 2, 4, 8, 10, 16, 20, 22, 28, 36, 42, 98, E4, 100, 154, 162, 168, 18X, 308, 764,
701: 1, 1E, 41, 85, E1, 1E5, 4E1, 505, 525, 925,
703: 3, X, E, 23, 26, 29, 67, 156, 17X, 30E, 38E, 413, 587, 796, E46,
705: 2, 14, 20, 48, 8X, X2, 124, 1E8, 2X8, 38X, 448,
707: 1, 5, 7, E, 25, 27, 33, 53, 61, 71, 119, 217, 2X1, 309, 399, 531, 677, 705, 715, 72E, 811,
709: 9, 10, 11, 49, 4X, X4, 121, 15X, 174, 226, 244, 256, 279, 349, 3E4, 409, 511, 56X, 874, X5X,
70E: 8, 40, 260, E88,
711: 3, 7, 17, 19, 29, 39, 4E, 69, 99, X3, 107, 133, 147, 309, 6X7, XEE,
713: 2, 8, X, 1E, 27, 2E, 32, 38, 48, 5X, 182, 1EE, 278, 33E, 348, 518, 622, XE7, E2E,
715: 2, 6, 8, X, 32, 4X, 74, 82, 86, 98, 114, 136, 140, 158, 1E2, 282, 58X, 696, 786, 862, E28,
717: 1, 21, 49, 55, 315, 329, 505, 509, 991, X91,
719: 3, 7, 8, 18, 24, 25, 30, 38, 57, 99, E4, 125, 151, 158, 164, 190, 219, 230, 297, 310, 348, 8X4,
71E: 6, E6, 386, E86,
721: 3, 43, 19E, 56E, 703, E2E,
723: 1, 2, 5, 6, 8, 11, 12, 14, 1X, 27, 2X, 32, 41, 4X, 53, 72, 73, 7X, X5, E1, E2, 111, 136, 141, 175, 19E, 221, 234, 301, 311, 387, 43E, 45X, 485, 48X, 567, 596, 632, 804, 864,
725: 8, 18, 2X, 38, 48, 5X, 68, 11X, 134, 148, 4EX, 5X8, 928,
727: 3, 5, 15, 17, 37, 61, 6E, E5, 103, 109, 151, 1XE, 239, 249, 303, 349, 563, 855,
729: 1, 5, 13, 15, 16, 23, 27, 39, 42, 47, 56, 69, 77, 7E, 93, 119, 16E, 1E3, 257, 2E6, 3E6, 447, 455, 6X3, 702, X19,
72E: 6, 1X, 92, E4, 244, 37X, 5X0, 77X,
731: 1, 17, 21, 37, 41, 61, 69, X7, 217, 249,
733: 5, 19, 28, 29, 80, 90, 150, 230, 250, 342, 485, 522, 560, 960, EE8,
735: 10, 140, 1E0, 370, 760,
737: 11, 3E, 41, 23E, 271, 337, 407, 5E1, 65E, 987,
739: 2, 3, 6, 12, 28, 36, 4E, 56, 68, 77, 92, 9X, 127, 12X, 12E, 147, 14X, 226, 254, 2X0, 42E, 434, 51E, 7X7, 937, X97,
73E: 2, 4, 16, 30, 56, X2, X6, 112, 11X, 144, 176, 562, 7E6, X3X, X44,
741: 1, 11, 15, 65, E5, 235, 531, 699, 805, X01,
743: 4, 9, 11, 21, 30, 33, 34, 53, 64, 70, 89, 93, 1X3, 1E0, 213, X80,
745: 2, 66, 76, 92, E16,
747: 27, 33, 77, 26E, 373, 533, 91E,
749: 1, 2, 7, 11, 14, 18, 21, 22, 24, 27, 41, 44, 48, 55, E4, E5, 16X, 17X, 198, 24X, 2X8, 32X, 33E, 368, 435, 46E, 518, 575, 58E, 5X8, 611, 921, E0E, E12, E32,
74E: 14, 94, 314, 398, 424, 912,
751: 1, 13, 15, 1E, 39, 49, 89, E3, 175, 229, 233, 61E, 747, 871,
753: 1, 2, 6, 7, 9, X, 12, 21, 36, 77, 85, E7, 1XX, 277, 2X7, 331, 337, 381, 3XX, 405, 416, 517, 55X, 571, 577, 846, 862, 935, X91,
755: 4, 14, 16, 36, 46, 4X, 90, 116, 12X, 3EX, 5X0, 8E0,
757: 3, E, 19, 45, 1X5, 295, 70E,
759: 1, 4, 6, 8, 9, X, 10, 12, 14, 16, 20, 26, 29, 30, 42, 4X, 58, 69, 94, E2, 122, 134, 13X, 149, 152, 161, 226, 289, 2E0, 309, 338, 339, 412, 499, 710, 770, 850, 859, 9X6, E14,
75E: 14, 38, 88, 124, 144, 194, 328,
761: 1, 3, 5, 9, 13, 15, 23, 25, 35, 43, 97, 147, 151, 175, 397, 923, E97, EX9,
763: 3, 4, 8, 12, 13, 17, 1E, 23, 26, 4E, 53, 6E, 97, X8, 103, 104, 11E, 22E, 23E, 2E7, 366, 382, 490, 568, 593, 612, 618, 788, 808, 823, 92E, E93,
765: 2, 4, 6, 10, 22, 24, 26, 30, 62, 78, 80, 88, 116, 118, 150, 17X, 1EX, 222, 240, 296, 2E2, 374, 384, 434, EE6,
767: 21, 61, 81,
769: 5, 9, 13, 23, 5E, 65, XE, 103, 243, 253, 2E5, 525, 549, 903,
76E: 2, 12, 82, 18X, 6E2,
771: 27, 67, 18E, 25E,
773: 4, 6, 7, 9, 12, 14, 16, 17, 36, 55, 57, 99, E0, E1, 109, 10X, 110, 113, 124, 156, 159, 190, 1E0, 202, 294, 339, 33E, 352, 35E, 373, 426, 451, 7X0, 801, 866,
775: 4, 6, X, 12, 14, 32, 54, 56, 96, 224, 242, 530, 758, 948,
777: 19, 27, 29, 59, 75, 93, 95, 115, 125, 173, 189, 317, 495, 747, 9EE, X83, X85, E9E,
779: 3, 13, 31, 33, 37, 57, 71, 81, EX, 129, 151, 217, 233, 467, 877, E47,
77E:
781: 3, 7, 11, 15, 2E, 31, 37, 129, 15E, 1X9, 275, 277, 28E, 3E9, 463, 58E, 661,
783: 1, 5, 14, 42, 6X, 72, X2, E8, 165, 288, 29X, 325, 382, 8E5, E44,
785: 18, 30, E0, 104, 258, 2X8, 644,
787: 1, 3, 9, E, 15, 23, 31, 43, 51, 5E, 63, 71, 75, 85, 89, 115, 149, 159, 189, 19E, 20E, 3EE, 451, 55E, 6E9, 719, 725, 869, 945,
789: 2, 4, 8, E, 23, 30, 47, 52, 88, X4, 102, 11E, 130, 1E6, 223, 268, 2E6, 473, 4X8, 527, 687, 802, 963, 972, 990, X18, E87,
78E: 4, 6, 10, 1X, 36, 3X, 14X, 1E4, 716, 73X, 7E6, 9X4,
791: 9, 15, 29, 45, 755, 945,
793: 1, 3, 4, 9, 11, 13, 41, 43, 59, 64, 85, 89, X3, XE, 113, 207, 227, 281, 301, 315, 431, 46E, 665, 743, 893, X33, E41, EX9,
795: 2, X, 1X, 4X, 5X, XX, 442, 662, 7EX, E22,
797: 7, 17, 1X7, 207, 21E, 5X7, 667, X07,
799: 3, 5, 6, 7, X, E, 12, 13, 16, 17, 18, 2E, 39, 43, 47, 4X, 53, 57, 58, 67, 92, 93, 98, 99, X3, E4, 11X, 216, 234, 250, 256, 2X8, 30E, 312, 367, 379, 494, 534, 60E, 830, 848,
79E: 2, X, 12, 32, 68, E0, 1X8, 328, 456, 7E8, 8X8, 93X,
7X1: 7, 9, 17, 33, 237,
7X3: 2, 5, 6, E, 13, 19, 25, 39, 53, 86, X6, EE, 122, 173, 239, 259, 325, 456, 57E, X22,
7X5: 4, 8, 12, 18, 26, 28, 2X, 30, 38, 44, 48, 4X, 78, 90, XX, E0, 1X4, 414, 44X, 646, XX0,
7X7: 1, 5, 15, X5, XE, 145, 5X5,
7X9: 1, 2, 4, 5, 6, X, 10, 11, 15, 25, 30, 31, 34, 38, 39, 45, 61, 75, 80, 95, 96, E9, 344, 60X, 619, 649, 661, 8E5, E16,
7XE: 4, 34, 38, 50, 90, 188, 244, 594, 608,
7E1: 1, 3, 11, 17, 2E, 39, 41, 79, 89, X1, 121, 139, 1XE, 205, 359, 38E, 541,
7E3: 4, 10, 17, 27, 40, 4X, 83, X0, 14X, 190, 1X3, 204, 277, 347, 54X, 564, 66X, 850, 94X, X6X,
7E5: 12, 16, 28, 36, 146, 176, 1E6, 288,
7E7: 1, 9, 15, 21, 55, 69, 135, 4E5,
7E9: 1, 5, 1E, 21, 28, 47, 65, 77, 117, 265, 581, 738, 817, 825, 94E,
7EE: 2, X, 76, 526,
801: 7, E, 13, 23, 5E, X3, 103, 13E, 153, 50E,
803: 1, 3, E, 12, 16, 19, 27, 33, 39, 41, 42, 46, 47, 54, 56, 7X, 9E, X3, 113, 120, 136, 14E, 168, 176, 17E, 1X6, 1E7, 2X1, 47X, 553, 628, 6XE, 782,
805: 6, X, 30, 36, 3X, 76, 7X, EX, 286, 306, 52X, 924,
807: 5, 9, 13, 289, 409, 573,
809: 2, 11, 13, 1E, 29, 39, 3E, 47, 71, 111, 116, 141, 155, 259, 289, 811, 889, X49, XE1, EX3,
80E: 2, 8, X, 12, 62, 7X, XX, 1XX, 394, 604, 808,
811: 3, 7, E, 1E, 37, 6E, E1, 123, 16E, 283, 637, 657,
813: 1, 4, 6, 21, 28, 30, 31, 45, 46, 48, 4X, 54, 98, 9X, E6, 108, 144, 205, 381, 436, 85X,
815: 14, 18, 20, 88, X8, 324, 668, 740, 8E0, X38, E84,
817: 1, 9, 29, 31, 47, E1, 127, 161, 513, 561, 581, 687,
819: 2, 10, 12, 26, 62, 93, E3, 113, 1X0, 242, 2E2, 306, 316, 383, 3X0, 45E, 543, 866, E23,
81E: 8, 10, 22, 34, 170, 660,
821: 5, 25, 65, 115, 145,
823: 1, 3, E, 10, 1E, 29, 43, 53, 5E, 98, X1, E9, 161, 250, 378, 3E8, 6X0,
825: 2, 6, 12, 1X, 2X, 6X, 8X, 132, 23X, 40X,
827: 3, 7, 1E, 33, 3E, 163, 1XE, 2E7,
829: 3, 4, X, 11, 20, 21, 27, 51, 61, 63, 94, 96, 14X, 164, 203, 21X, 231, 27X, 293, 3X9, 403, 489, 641, 706, 836, X21,
82E: 6, 8, 10, 12, 16, 20, 38, 66, 126, 182, 240, 248, 250, 318, 392, 6E8, X38, E46,
831: 1, 3, 5, 9, 13, 39, 4E, 63, 8E, 93, 9E, E9, 131, 243, 453, E03,
833: 1, E, 35, 37, 51, 75, 7E, 115, 242, 28X, 3X2, 825, 8E5,
835: 4, 8, X, 44, 58, 106, 156, 1XX, 200, 21X, 334, 438, 674, 840, 994,
837: 1, 5, 7, 9, E, 13, 17, 19, 25, 27, 33, 3E, 41, 43, 77, 7E, 91, X7, 16E, 195, 1X1, 29E, 2X3, 323, 3X9, 567, E27,
839: 1, 2, 5, 6, 8, X, 11, 14, 32, 44, 5X, 94, 139, 152, 441, 514, 53X, 5E4, 6E4, 8X1, E99,
83E: 4, 24, 40, 74, 130, 660, 664, X84,
841: 5, 15, 1E, 35, 3E, 109, 299, 49E, XX5,
843: 3, 6, 14, 27, 57, 67, 86, 88, X0, 107, 15E, 27E, 2X7, 307, 426, 490,
845: 1X, 2X, 32, EX, 11X, 498, X78,
847: 9, 51, 1X1,
849: 1, 8, 9, 15, 18, 25, 37, 48, 58, 8E, 91, X1, E0, 109, 114, 139, 145, 160, 171, 190, 291, 351, 394, 3E9, 431, 455, 464, 604, 611, 985,
84E:
851: 17, 27, 163, 207, 357, 447,
853: 3, E, 10, 13, 16, 18, 36, 62, 73, 108, 193, 206, 395, 3XE, 416, 430, 722, 7E0,
855: 4, 8, X, 18, 32, 3X, 42, 4X, 152, 15X, 23X, 356, 41X, 426, 4X0, 508, 722, 9X0, X58, X80,
857: 1, 17, 31, 47, 57, 261, 301, 385, 431, 481, 697, 781,
859: 1, 3, 11, 17, 21, 22, 119, 12E, 179, 1E5, 30X, 517, 537, 5X7, X19,
85E: 8, 1X, 28, 112, 116, 128, 194, 242,
861: 5, 7, 13, 15, 21, 25, 29, 45, 47, 10E, 151, 249, 387, 3X5, 417, 469, 529, 597, 603, 979, X91, XX5, XE7,
863: 10, 11, 1X, 30, 54, 70, 74, 76, 104, 164, 194, 1E1, 1E4, 1EX, 214, 249, 281,
865: 8, 30, 38, 50, 118, 278,
867: 11, 17, 5E, 99, 155, 19E, 247, 41E, 891, 9EE, E31,
869: 2, 4, 7, 14, 1E, 24, 32, 47, 58, 5E, 67, 10E, 137, 23E, 248, 26E, 29E, 307, 40E, 83X, 854,
86E: 4, 6, 14, 18, 2X, 54, 5X, 200, 450,
871: 1, 19, 89, E9, 325, 625,
873: 1, 7, 9, 18, 24, 27, 30, 48, 78, 93, 127, 155, 164, 188, 291, 29E, 769, 905, X84,
875: 6, 36, 406, 48X,
877: 23, 4E, 103,
879: 4, 5, X, E, 10, 13, 19, 20, 27, 28, 84, 85, 94, E6, EE, 187, 1E5, 1E9, 211, 310, 409, 534, 593, 643, 693, 9E0,
87E: 2, X, 18, 28, 44, 68, 88, 118, 144, 178, 29X, 4XX, 678, X7X,
881: 7, 9, 15, 1E, 7E, 207, 235, 25E, 575, 797, 857, X97,
883: 2, 3, 5, 13, 16, 17, 26, 29, 43, 5E, 67, 75, 87, 10X, 133, 146, 155, 156, 22X, 235, 273, 337, 429, 521, 83X, 867,
885: 2, 4, 6, 8, 10, 16, 30, 40, 48, 50, 82, 88, 9X, 106, 148, 22X, 258, 294, 322, 328, 382, 398, 528, 61X, 68X,
887: 3, 7, 37, 59, 89, 139, 299, 2E3, 2E7, 3X3, 493, XX3,
889: 6, 9, 49, 59, 62, 102, 129, 340, 396, 5X0, X32, E92,
88E: 4, 50,
891: 1, 5, 7, 15, 17, 31, 35, 41, XE, 197, 21E, 337, 371, 651, 81E,
893: 2, 3, 6, 10, 1X, 30, 37, 43, 47, 77, 82, 102, 114, 143, 144, 157, 1EX, 243, 350, 420, 487, 532, 652, 85X, 936,
895: 2, 14, 16, 30, 60, 74, 78, 126, 130, 146, 470, 600, 630, 9X8,
897: 5, 39, 291,
899: 3, 10, 11, 14, 17, 31, 43, 57, 64, 73, X4, 101, 1E3, 2X4, 490, 527, 564, 5E7, 6E7, 780,
89E: 6, 146, 506, 606,
8X1: 13, 393, 55E,
8X3: 1, 2, 4, 7, X, E, 14, 18, 27, 31, 35, 42, 65, 68, 78, 91, X1, 122, 147, 164, 1X7, 35X, 497, 5X2, 701, 787, X34,
8X5: 2, 4, 6, 12, 16, 22, 30, 52, 64, 72, E4, 176, 224, 296, 31X, 36X, 380, 394, 830, E26,
8X7: 1, 5, E, 11, 27, 35, 59, 69, X5, XE, E1, 125, 14E, 17E, 20E, 567, 5E1, 9EE,
8X9: 3, E, 15, 1E, 26, 45, 4E, 57, 83, 96, 97, 9E, 147, 14E, 153, 156, 337, 42X, 509, 54X, 5XE, 5E6, 635, 6E5, 76X, 777, 809, 866, X15, X6X,
8XE: 10, 1X, 26, 40, 7X, 136, 390, 57X, 62X,
8E1: E, 2E, 43, 32E, 373, 929, E9E,
8E3: 2, 5, 8, 9, X, 10, 15, 16, 2X, 31, 41, 59, 5X, 62, 6X, 116, 135, 189, 18X, 191, 204, 368, 372, 490, 6X8, 868, E7X,
8E5: 14, 44, 98, E4, 114, 534, 568,
8E7: 7, 15, 2E, X5, 249, 2E7, 477, X79, E15,
8E9: 2, 3, 10, 12, 23, 32, 33, 9X, X3, E0, E2, 118, 162, 236, 263, 292, 29E, 586, 726, X64,
8EE: 2, 4, 8, 14, 18, 1X, 22, 26, 28, 58, 100, 102, 116, 136, 154, 250, 262, 2X4, 314, 33X, 560, 6X8, X4X, E16,
901: 1, 31, 69, 109, 139, 181, 209, 369, 451, 969,
903: 3, E, 15, 19, 1E, 23, 28, 29, 2E, 43, 4E, 85, 90, 99, X3, 100, 103, 349, 35E, 519, 525, 528, 855, E33,
905: 12, 62, 76, 3E2, 42X, 476, 832,
907: 7, 6E,
909: 1, 4, 5, 7, 9, E, 18, 21, 28, 31, 32, 35, 39, 46, 7X, 90, E8, 131, 138, 161, 166, 169, 19X, 1E2, 1E8, 206, 207, 259, 2E5, 455, 565, 780, 83X, 878, 9E8, X9X,
90E: 2, X, 26, 34, 3X, 4X, 50, 52, 78, 1E0, 290, 314, 53X, 58X, 652,
911: 1, 5, E, 11, 13, 15, 17, 23, 25, 31, 3E, 41, 45, 49, 5E, E1, 135, 137, 197, 1E5, 211, 217, 4E3, 4E9, 539, 55E, 66E, 69E, 889, 919,
913: 1, 3, 6, 16, 19, 21, 51, 79, 169, 249, 3X1, 4E6, 739,
915: 22, 36, 42, 80, E0, 122, 150, 168, 290, E60,
917: 15, 17, 21, 31, 61, 119, 289, 2X9, 2E9, 305, 345, 477, 927,
919: 1, 21, 22, 42, 52, 62, 1X1, 414, 4E4, 938,
91E: 10, 30, 74, X8, 1X0, 278, 320, 414, 604, 644, 764,
921: 3, 11, 15, 27, 33, 57, 63, 65, 9E, 121, 143, 243, 47E, 545, 551, 653,
923: 7, 8, 14, 17, 24, 37, 38, 47, 67, 70, 7X, 8X, E6, 117, 130, 150, 170, 18X, 22E, 280, 40E, 438, 478, 727, 778, 8X6,
925: 60, X54,
927: 5, 9, 49, 235, 745,
929: 1, 3, 7, 10, 15, 1E, 2E, 37, 44, 55, 61, 74, 89, 120, 141, 173, 1X3, 227, 22E, 240, 261, 29E, 379, 425, 557, X00, X27,
92E: 2, 4X, 5X, 6X, XX, 412, 42X, 95X,
931: 3, E, 27, 2E, 223, 967,
933: 5, 6, 10, 13, 26, 30, 37, 43, 63, 68, 76, 7E, 80, 98, 99, XE, 130, 198, 1E0, 1E9, 260, 27E, 312, 359, 483, 53E, 71X, 767, 788, 8X3, X00, X8X, E98,
935: 2, 4, 14, 20, 42, 62, 76, 94, 180, 264, 27X, 344, 430,
937: 1, 3, 19, 41, 53, 69, 71, 97, X1, 167, 211, 309, 403, 433, 4E7, 917,
939: 12, 16, 92, 155, 159, 232, 235, 3X9, 522, 716, 7E3,
93E: 4, 12, 20, 56, 82, 102, 1X0, 282, 4X2, 560,
941: 1, 15, 25, 41, 61, 125, 191, 26E, 335,
943: 1, 2, 5, 10, 16, 20, 76, 120, 125, 134, 145, 164, 235, 264, 5E6, 894, 965, X15, XE0, E95,
945: 38, 1X0, 420, 738,
947: 13, 27, 29, 3E, 57, 81, 17E, 24E, 795,
949: 4, 7, X, 1X, 26, 53, 54, 67, 7X, 166, 16X, 196, 19X, 236, 24X, 394, 3X7, 407, 607, 637, 77X, 786, 973, XE3,
94E: 2, 6, 22, 30, 46, 60, 126, 1E2, 250, 312, 580, 670, 760, 812, X30,
951: 1, 9, 11, 25, 109, 641, 661, 915, 941, X61,
953: 5, 15, 1E, 65, 87, 8E, 94, E7, 185, 197, 397, 965,
955: 2, 6, X, 3X, 4X, 6X, 8X, 122, 132, 1X2, 1X6, 2XX, 35X, 67X,
957: 3, 17, 57, 5E, 2XE, 54E, 75E,
959: 1, 4, 6, 10, 11, 20, 25, 2X, 33, 38, 4E, 57, 5E, 73, 81, 87, 99, 12E, 154, 1EX, 246, 2E2, 2E7, 38X, 411, 43E, 4X1, 548, 591, 813,
95E: 4, 16, 34, 70, 90, 96, 530, 604, 780,
961: 19, 23, X5, 103, 133, 38E, E59,
963: 1, 2, 6, 9, X, 12, 13, 22, 31, 32, 42, 51, 5X, 6X, 126, 142, 145, 152, 16X, 186, 1E5, 24X, 332, X99,
965: 24, 28, 3X, 58, 164, 308, 508, 872, 904,
967: 1, 11, 15, 25, 29, 47, 49, 55, 81, X9, 205, 273, 467, 561, 6EE, 813, 901, X9E,
969: 1, 2, 4, 8, 20, 2X, 31, 39, 45, 49, 58, 8X, E1, 100, 145, 18X, 191, 275, 318, 42X, 444, 4X5, 585, 588, 68X, 762, X01, X62, E00, E75,
96E: 4, 14, 208, 584,
971: 3, 9, 31, 37, 109, 547, 609, 663,
973: 2, 8, E, 16, 18, 1E, 20, 52, 62, 88, X0, X2, 118, 128, 180, 188, 218, 242, 2X0, 370, X2E, X30,
975: 4, X, 10, 14, 18, 34, 36, 50, 5X, X0, X4, X6, 114, 118, 154, 214, 232, 276, 306, 404, 470, 696, 764,
977: 5, 45, 61, 71, 151, 195, 665,
979: 1, 7, 11, 13, 19, 40, 70, 73, 7E, 118, 157, 173, 1X1, 221, 283, 314, 349, 379, 3X8, 3E7, 434, 71E, 814, E00,
97E: 2, 42, 332, 946, X42,
981: 17, 27, 47, 9E3,
983: 1, 3, 7, 10, 11, 19, 26, 30, 37, 47, 93, 124, 207, 831, EE3,
985: 10, 16, 26, 50, 266, 278, 2X0, 6X6, 918,
987: 1, 15, 21, 27, 43, 10E, 115, 135, 181, 24E, 417, 44E, 513, 695, X0E, X47, E81,
989: 1, 7, X, 15, 1E, 31, 35, 8X, 107, 17E, 181, 21E, 241, 247, 28E, 2E1, 301, 597,
98E: 4, 8, 18, 20, 30, 4X, 50, 110, 16X, 178, 198, 282, 340, 478, 482, 490, 844, 874,
991: 3, 5, 51, 67, 95, 237, 349, X27, X95, XX3,
993: 4, 10, 11, 34, 50, 5X, 79, 7X, E0, EX, 124, 161, 209, 244, 250, 2X5, 352, 4E9, 664, 855, 984, XE4,
995: 4, 10, 14, 24, 30, 40, 100, 1X0,
997: 3, 9, 13, 15, 29, 55, X5, 12E, 159, 195,
999: 2, 8, 46, 50, XE, 122, 342, 512, 6XX, E5X, E72,
99E: 2, 4, 28, 38, E8, 122, 194, 1X4, 222, 322, 92X,
9X1: 1, 5, 11, 15, 21, 29, 39, 65, X5, 215, 219, 3E1, 4E5, X09,
9X3: 1, 3, 9, 10, 13, 18, 20, 23, 24, 40, 44, 47, 49, 83, 95, E0, E8, 103, 218, 360, 384, 3E0, 408, 461, 547, 624, 753, 793, 869, 893, EX0,
9X5: 2, 12, 116, 3X2, 692,
9X7: 3, 2X3,
9X9: 3, 5, 6, 10, 12, 13, 16, 1E, 25, 26, 28, 2E, 33, X0, 113, 125, 1X3, 205, 243, 2XE, 373, 3E5, 450, 483, 545, 730, 835, 945, X16, X40,
9XE: 14, 3X, 7X, 86, 94, 16X, X16,
9E1: 1, E, 41, 115, 19E, 497, 51E, 871, X15, EE5,
9E3: 1, 3, 6, 7, 1E, 21, 27, 2X, 36, 37, 39, 3X, 47, 55, 61, 62, 96, E1, E9, 12E, 15E, 162, 232, 239, 246, 292, 2X9, 336, 345, 3E5, 3EE, 41E, 543, 951,
9E5: 6, X, 14, 20, 2X, 32, 46, 5X, 76, X6, 100, 130, 276, 370, 404, 452, 670, 694, X42,
9E7: 21, 2E, 45, 57, 65, 79, 85, 99, X9, E9, 13E, 145, 167, 1EE, 399, 52E, 645,
9E9: 6, X, 14, 30, 39, X0, XX, 410, 734, 75X, 780, 7X6, 7E9, 804,
9EE: 10, 30, 50, 188, 240, 430,
X01: 3, 7, 11, 17, 31, 43, 59, 6E, 73, X1, X9, 11E, 189, 243, 26E, 271, 301, 643, 681, 6E1, X53,
X03: 4, 7, 8, X, 1X, 22, 42, 47, 48, 87, E4, 108, 11X, 178, 214, 25X, 287, 35E, 498, 4E2, 4E8, 538, 53X, 627, 748, X48,
X05: 2, 6, X, 1X, 38, 8X, X2, 23X, 34X, 622, 8XX, 932,
X07: E1, E5, 1X1, 1X5, 2X9, 571, 575,
X09: 1, E, 11, 20, 21, 25, 2E, 30, 33, 38, 55, 58, 60, 80, 94, X9, 105, 150, 170, 1E3, 208, 334, 408, 47E, 491, 789, 8X1, XX1, XX4, E13, E9E, EE9,
X0E: 6, 16, 76, 8X, 96, 376, 86X,
X11: 2E, 83, 93, 103, 17E,
X13: 1, 4, 5, 7, 9, 12, 14, 15, 18, 21, 33, 35, 39, 40, 41, 59, 65, 71, 7E, 82, E1, 109, 10X, 128, 129, 16X, 217, 239, 25X, 295, 2X7, 2X8, 357, 474, 59E, 609, 629, 6E5, 88E, 890, 94X, XE8,
X15: 2, 4, X, 32, 42, 88, 1E8, 214, 234, 348, 34X,
X17: 1, 5, 19, 27, 2E, 35, 43, 47, 111, 187, 21E, 253, 261, 291, 433, 78E, 927,
X19: 2, 5, 6, 26, 31, 35, 3E, 51, 81, 135, 262, 551, 736, E61,
X1E: 2, 42, 46, 64, 90, 116, 162, 290, 418,
X21: 3, 11, 77, 87, 117, 177, 263, 287, 341, 7E1, 971, X37,
X23: 2, 6, 9, 12, 19, 26, 29, 30, 42, 48, 78, E2, 128, 152, 160, 186, 262, 430, 580, 5X9, 6X6, 896, 958,
X25: 8, 14, 60, 90, 114, 188, 270,
X27: 11, 285, 665, 931,
X29: 3, 4, 10, 16, 20, 23, 33, 34, 4E, 58, 62, 6E, 70, 73, E7, 106, 307, 340, 343, 408, 474, 480, 687, 736, E63,
X2E: 4, 6, 8, 14, 1X, 24, 44, E4, 100, 118, 25X, 29X, 2X4, 2E8, 330, 474, 51X, 918,
X31: 1, 95, 145, 415, 501, 6E1,
X33: 1, 3, 4, 7, 9, 17, 19, 21, 34, 51, 70, X7, X9, 100, 131, 180, 209, 213, 219, 334, 567, 683, 759, 8X3, 913, X03,
X35: 2, 1E2, 512,
X37: 3, 7, E, 13, 17, 1E, 23, 2E, 33, 37, 3E, 53, 57, 6E, X3, E7, 13E, 203, 26E, 4EE, 65E, 6X7,
X39: 1, 2, X, E, 12, 15, 24, 2E, 37, 4X, 54, 7X, 10E, 204, 21X, 225, 381, 382, 587, 6E5, 955,
X3E: 10, 14, 20, 28, 36, 3X, 44, 56, 106, 144, 14X, 1E0, 224, 280, 340, 34X, 658,
X41: 7, 9, 1E, 93, X7, 1EE, 213, 233, 237, 287, 293, 2X5, 525, 623, 737, 813,
X43: 3, 5, 9, 12, 15, 1X, 25, 2X, 3E, 55, 92, X2, 102, 119, 156, 202, 271, 282, 31E, 35X, 48X, 587, 64E, 732, 783, 889, X17, E45, E7E,
X45: 4, X, 10, 24, 3X, 40, 54, X0, 1X4, 1XX, X0X,
X47: 3, 9, E, 15, 23, 99, 109, 133, 13E, 255, 289, 323, 575, 579, 583, 62E, 665, 6EE, 739, 9X3,
X49: 2, 5, 11, 1X, 22, 29, 41, 4X, 58, 7X, X2, 17X, 196, 336, 3EX, 578, 805, 889,
X4E: 14, 24, 48, 58,
X51: 1, 3, E, 21, 25, 4E, 53, 5E, 65, 79, 123, 251, 255, 3X5, 513, 531, 561, 563, 793,
X53: 2, 7, 16, 48, 6X, 77, 78, X8, E4, E6, 103, 1E2, 20E, 212, 24E, 358, 384, 444, 543, 596, 778, E00,
X55: 8, X, 10, 16, 18, 68, X0, E4, 108, 13X, 170, 194, 254, 536, 678, X00,
X57: 9, 19, 21, 51, 79, 261, 289,
X59: 3, 8, E, 19, 28, 2E, 6E, 85, 88, X5, 119, 133, 18E, 725, E4E,
X5E: 2, 6, 1X, 7X, 96, 126, 55X, 79X, 832,
X61: 7, 37, 4E, 67, 25E, 477, 58E,
X63: 3, 4, 5, 6, 8, 10, 1X, 24, 30, 34, 39, 40, 4X, 54, 69, 89, 90, E0, 104, 164, 165, 197, 1EX, 319, 326, 744, 7E4, 983, XXE,
X65: 2, 8, X, 20, 40, 48, 4X, 50, 78, X8, 10X, 200, 778, X50,
X67: 1, 7, 11, 21, 41, XE, 101, 107, 23E, 491, 657, 76E, X0E, E51,
X69: 1, 7, 23, 27, 29, 43, 69, X7, 301, 643, 6X1, X73,
X6E: 2, 12, 20, 76, 150, 192, 382, 728,
X71: 1, 5, 9, 21, 23, 85, 107, 257, 2EE, 45E, 795, 88E, 91E,
X73: 11, 14, 18, 48, 75, 198, 255, 324, 511, 524, 6X5, E22, E44,
X75: 14, 20, 60, 614,
X77: 1, 5, 7, E, 19, 21, 47, 55, 97, 153, 16E, 1X3, 3E3, 421, 45E, 497, 9X5,
X79: 2, 3, 4, E, 1E, 22, 2E, 52, 72, 7X, 83, XX, 11E, 15X, 1EE, 20E, 29E, 347, 77E, 82E,
X7E: X, 1X, 44, 46, 76, 17X, 54X, 744,
X81: 19, 35, 59, 135, 255, 309,
X83: 4, 7, E, 14, 18, 19, 1E, 30, 34, 99, X7, E8, E9, 100, 130, 160, 188, 210, 238, 260, 2X8, 360, 404, 408, 770, 96E, E20, EEE,
X85: 2, 1X, 212, 56X,
X87: 3, E, 17, 27, 33, 47, 57, 5E, EE, 123, 12E, 13E, 143, 167, 2X3, 42E, X43,
X89: 1, 7, X, 10, 11, 1E, 20, 26, 2X, 39, 3E, 47, 50, 66, 6X, 7E, 88, 121, 122, 2X7, 35X, 379, 3E1, 430, 4X4, E91,
X8E: 8, X, 12, 28, 2X, 30, 5X, 66, 6X, 70, 80, 82, X0, E4, 116, 130, 13X, 204, 252, 326, 356, 3X4, 4E4, 574, 686, 862, 910,
X91: 3, 39, 81, E9, 111, 179, 209, 371, XE1,
X93: 2, 9, E, 29, 35, 56, 102, 116, 153, 335, 43E, 596, 599, 84E,
X95: 2, 4, 6, 8, X, 22, 60, 62, 6X, 72, 82, 88, 8X, 160, 182, 198, 242, 31X, 826, EXX,
X97: 1, 7, E, 35, 3E, 41, 81, XE, 1X1, 1XE, 1E7, 2E5, 7X7, 957, X17,
X99: 5, 8, 11, 14, 15, 18, 1X, 24, 40, 59, 68, 86, X4, X9, 105, 119, 146, 1X1, 1X9, 225, 251, 271, 294, 680, 760, 961, X75,
X9E: 4, 20, 54, 74, 98, 248, 4E0,
XX1: 1, 3, 7, E, 15, 29, 33, 43, 61, 77, 85, 87, 153, 173, 219, 22E,
XX3: 3, 7, 16, 17, 1X, 27, 3X, 6X, 434, 46X, 574, 62X, 774, 77X, 8X7,
XX5: 16, 112, 3E0,
XX7: 49, 159, 295, 745, 785,
XX9: 1, 5, 18, 25, 28, 65, 68, 71, 77, 91, 98, X7, X8, 4E1, 501, 567, 598, X88,
XXE: X, 22, 1E2, 3X6, 442, 526, 572, 592, 77X, 926,
XE1: 3, E, 5E, 77, 9E, E3, 203, 2EE, 433, 4EE, 53E, 54E, 59E, 663, X57,
XE3: 2, 6, 7, 11, 14, 18, 32, 36, 44, 84, X8, E0, E8, 102, 10X, 120, 183, 214, 22X, 278, 2X5, 321, 397, 3XX, 3E4, 435, 475, 4E4, 544, 633, 726, 731, 740, 8E4, X97,
XE5: 6, 10, 20, 60, E0, 214, 346,
XE7: 5, 29, 3E, 55, 89, 105, 119, 153, 205, 269, 285, 305, 889, X1E, E89,
XE9: 2, 3, 5, 6, X, 13, 22, 83, 87, 9E, X2, 147, 183, 1X5, 202, 3X1, 43E, 587, 6E3, 6E7,
XEE: 8, 14, 18, 78, EX, 198, 524,
E01: 1, 7, 9, E, 15, 19, 25, 2E, 31, 55, 57, 81, 101, 103, 157, 267, 2EE, 33E, 55E, 637, 941, X25, XX9,
E03: 4, 8, 15, 18, 22, 26, 32, 34, 4X, 58, 64, 68, 76, 111, 122, 169, 179, 186, 196, 282, 299, 29X, 38X, 3X8, 41X, 451,
E05: 4, E30,
E07: 1, 17, 19, 129, 731, X17,
E09: 3, 8, 16, 18, 1E, 22, 32, 19E, 223, 243, 252, 260, 690, 986,
E0E: 2, 6, 1X, 20, 30, 32, 182, 19X, 236, 326, 356, 378, 3X2, 43X,
E11: 11,
E13: 3, 4, 9, 11, 15, 23, 25, 2E, 3E, 67, X7, E0, 139, 161, 185, 224, 344, 423, 445, 68E, 8E0,
E15: 12, 6X, 86, 18X, 22X, 246, 276, 3E6,
E17: 3, 13, 17, 27, 2E, 37, 113, 19E, 237, 257, 78E, 893, 997, X2E,
E19: 1, 4, 9, 10, 1X, 46, 5X, 73, 83, X4, 11X, 139, 150, 190, 27X, 2X3, 301, 3X1, 3X6, 3E3, 426, 9X0,
E1E: 2, 70, 86, 182, 186, 1E2, 472, 522, X52,
E21: 1, 5, 7, 15, 25, 45, 89, 137, 297, 42E, 433, 499, 4X5, 759, 773, 821, 915, EEE,
E23: 1, 5, 15, 17, 31, 45, 71, 7X, 95, 132, 141, 27E, 2EE, 491, 505, 55E, 6X7, 715, X52,
E25: 2, 6, 14, 2X, 48, 56, 64, 7X, 1E8, 206, 254, 334, 624,
E27: 1, 3, 5, 9, 11, 17, 19, 27, 29, 49, 63, 77, 7E, 115, 171, 183, 20E, 235, 279, 343, 39E, 425, 47E, 921, 9EE, X89,
E29: 8, 9, X, 10, 11, 12, 14, 16, 18, 19, 29, 35, 52, 74, 82, 85, 90, 99, 162, 1X9, 402, 418, 449, 864, E02,
E2E: 4, 90, E84,
E31: 3, 5, E, 15, 4E, 93, 9E, X5, 155, 179, 2E5, 425, 519, 789, 855, EE9,
E33: 2, 3, 7, 14, 1X, 20, 2X, 2E, 44, 47, 54, 7X, 83, 94, X7, X8, E8, 184, 19X, 19E, 1E6, 204, 207, 24X, 2E3, 416, 45X, 484, 504, 872, X28,
E35: 4, 8, 2X, 44, 104, 108, 10X, 12X, 194, 27X, 32X, 398, 928,
E37: 1, 9, 25, 45, 61, 271, 285, 5X1,
E39: 1, 5, 7, 8, 11, 13, 21, 35, 38, 43, 48, 49, 61, 73, 78, 7E, 81, X5, 118, 15E, 165, 175, 187, 1E8, 219, 250, 298, 319, 337, 3X3, 419, 469, 491, 497, 571, 610, 741, 809, X03,
E3E: 6, 46, 62, 18X, 45X, 516, 736, EXX,
E41: 3, 13, 17, 33, 63, 113, 617, 747, 8E7,
E43: 6, 8, E, 10, 15, 25, 39, 56, E9, 108, 119, 248, 259, 303, 313, 39E, 3X5, 63E,
E45: 2, 24, 124, 130, 21X, 268, 282, 2E0, 312, 390, 42X, 5X2, 67X, X4X, E82,
E47: 15, 3E, 65, 10E, 2E5, 30E, 491, 5E1,
E49: 2, 3, 5, 6, E, 11, 12, 16, 1X, 27, 37, 3X, 45, 47, 63, 7X, 8X, X6, 136, 15E, 18E, 1X7, 1XX, 282, 2XX, 38X, 46X, 576, 677, 731, 9E2, EE7,
E4E: 2, 10, 12, 22, 50, 62, 70, 8X, 158, 222, 266, 316, 578, 6X8, X2X, EE8,
E51: 3, 5, 23, 47, 49, 53, 103, 845,
E53: 6, X, 26, 151, 1X6, 42X, 48X, 519, 749, XX9,
E55: 40, E0, 110, 510, 958,
E57: 1, 17, 55, 10E, 1E9, 459,
E59: 7, 14, 27, 42, 107, 2E4, 604, 634, 787,
E5E: 2, 4, 18, 28, 40, 88, 114, 1X8, 284, 412, 6X0, 894, 922, X78,
E61: 1, 9, 15, 89,
E63: 5, 10, 11, 13, 17, 37, 147, 163, 17E, 301, 44E, 45E, 741, 771, E01,
E65: 6, 4X, 96, 10X, 12X, 19X, 65X,
E67: E, 13, 2E, 3E, 5E, 133, 45E, 69E,
E69: 1, 2, 5, 7, 12, 14, 17, 1E, 21, 68, 73, 9E, 111, 128, 209, 212, 273, 277, 295, 391, 394, 482, 505, 628, 753, 837, 874, 93X, 995, X91,
E6E: 24, 42, XX, 104, 31X, 46X, 73X, 7X4, 93X, E3X,
E71: 5, 9, E, 1E, 29, 9E, 105, 1XE, 2E9, 315, 349, 461, 491, X71,
E73: 3, 7, X, E, 17, 19, 1E, 2X, 32, 35, 42, 45, 75, 87, X7, XX, E5, 10X, 113, 12E, 17X, 287, 34X, 389, 90X, E07,
E75: 2, 6, 10, 12, 86, 110, 132, 226, 30X, 46X, 528, 706, 740,
E77: 3, 7, 11, 17, 19, 73, 133, 157, 159, 233, 371,
E79: 9, 10, 12, 15, 19, 39, 50, 52, 60, 70, 75, 215, 419, 482, 706, 919, X15,
E7E: 4, 8, 18, 24, 28, 60, 108, 134, 298, 550, 578,
E81: 1, 5, 11, 31, 35, 47, 195, 205, 3E1, 711, 747,
E83: 3, 4, 8, 10, 12, 42, 52, 5E, 68, 7X, 93, X2, 13X, 170, 173, 178, 186, 193, 19E, 1X2, 493, 53E, 860,
E85: 4, 6, 12, 14, 1X, 22, 26, 28, 2X, 30, 46, 54, 7X, E0, 122, 134, 144, 178, 190, 1X6, 1E0, 1E6, 310, 350, 882, 9E2, X04,
E87: 1, 9, 11, 39, 61, 249, 285, 4X1, 5X9, 815,
E89: 13, 24, 29, 44, 59, 124, 187, 191, 1X0, 234, 281, 373, EE9,
E8E: 2, 6, 22, 26, 36, 126, 172, 576, 676, 702, 722, X26,
E91: 7, E, 57, 93, 103, 117, 11E,
E93: 1, 2, E, 11, 3X, 71, 87, 8E, 101, 15E, 161, 218, 222, 238, 50E, 564, 692, 8X1, 957, E91,
E95: 8, 12, 22, 70, X8, 112, 146, 184, 474, 4X8, 62X,
E97: 3, 5, 9, 21, 31, 39, 45, 47, E3, 123, 285, 301, 311, 403,
E99: 2, 6, 7, 9, 41, 9X, XX, EX, 172, 182, 23X, 262, 283, 419, 46E, 4E7, 583, 653, 67E, 722, 81X,
E9E: 6, X, 14, 24, 36, 40, 64, 6X, X0, E4, E6, 170, 220, 37X, 786, XXX,
EX1: 5, 9, 15, 19, 33, 49, 103, 115, 193, 269, 583, E73,
EX3: 1, 2, 5, 14, 24, 31, 44, 50, 64, 74, 95, X6, E6, 140, 166, 278, 281, 306, 419, 5X6, 670, 695, X68,
EX5: 14, 88, 878,
EX7: 3, 5, 13, 2E, 31, 47, 55, 65, X3, E5, 331, 675, 69E, 95E,
EX9: 4, 8, 14, 20, 68, 98, 117, 463, 490, 827, 92E,
EXE: 14, 24, 2X, 44, 70, 72, 228, 250, 28X, 350, 36X, 38X, 3E0, 494, 642, 96X,
EE1: 1, 9, 11, 49, E1, 179, 189,
EE3: 3, 9, E, 23, 29, 8E, 160, X49,
EE5: 2, 722,
EE7: 7, 2E, 237, 36E,
EE9: 1, 2, 3, X, 15, 1E, 22, 27, 36, 41, 42, 43, 48, 56, XX, E5, 166, 193, 268, 3E2, 4X0, 553, 57E, 5X6, 77X, X28, X57, XEX, E55,
EEE: 2, 4, 6, 18, 24, 36, 48, 80, 86, 102, 120, 202, 20X, 254, 2X2, 320, 554, 616, XEX,
