2, -1, -1   3, 4, 5, 6, 9, 10, 12, 14, 20, 22, 24, 29, 94, 116, 122, 150, 174, 213, 221, 233, 266, 336, 452, 545, 689, 694, 850,
2, -1, +1   2, 3, 5, 7, 13, 17, 19, 31, 61, 89, 107, 127, 521, 607,
2, +1, -1   1, 2, 4, 8, 16,
2, +1, +1   1, 2, 3, 4, 6, 7, 12, 15, 16, 18, 28, 30, 55, 67, 84, 228, 390, 784,


3, -1, -1   2, 3, 5, 21, 31, 37, 41, 53, 73, 101, 175, 203, 225, 455, 557, 651,
3, -1, +1   2, 4, 5, 6, 9, 22, 37, 41, 90, 102, 105, 317, 520, 541, 561, 648, 780, 786, 957,
3, +1, -1   1, 2, 3, 4, 8, 10, 14, 15, 24, 26, 36, 63, 98, 110, 123, 126, 139, 235, 243, 315, 363, 386, 391, 494,
3, +1, +1   1, 2, 3, 6, 9, 10, 22, 30, 42, 57, 87, 174, 195, 198, 562, 994,


4, -1, -1   2, 3, 4, 5, 6, 9, 10, 13, 16, 18, 28, 33, 59, 65, 75, 83, 103, 113, 275, 353, 405, 568, 614, 909,
4, -1, +1   2, 3, 5, 6, 7, 10, 11, 12, 47, 58, 61, 75, 87, 133, 168, 226, 347, 425, 868,
4, +1, -1   1, 2, 3, 6, 8, 9, 14, 15, 42, 114, 195, 392, 555, 852, 1004,


5, -1, -1   2, 4, 5, 6, 10, 53, 76, 82, 88, 242, 247, 473, 586, 966, 1015,
5, -1, +1   5, 7, 15, 47, 81, 115, 267, 285,
5, +1, -1   2, 6, 10, 102, 494, 794,
5, +1, +1   1, 2, 3, 4, 13, 88, 177, 184, 297, 304, 310, 562, 892,


6, -1, -1   2, 4, 6, 8, 9, 10, 15, 20, 46, 49, 61, 98, 110, 144, 266, 344, 978,
6, -1, +1   2, 3, 4, 29, 31, 34, 53, 65, 94, 202, 288, 415, 457, 483, 703, 762,
6, +1, -1   1, 2, 4, 7, 10, 14, 18, 32, 55, 102, 177, 190, 247, 276, 372,
6, +1, +1   1, 2, 3, 4, 6, 21, 24, 27, 30, 54, 70, 126, 369, 435, 612, 787,


7, -1, -1   2, 4, 8, 10, 50, 106, 182, 293, 964,
7, -1, +1   2, 3, 6, 9, 21, 25, 33, 49, 54, 133, 245, 255, 318, 1023,
7, +1, -1   1, 3, 16, 36, 244, 315,


8, -1, -1   3, 7, 11, 47, 81, 95, 107, 179, 233, 243, 947,
8, -1, +1   13, 661, 773, 833,
8, +1, -1   2, 6, 10, 26, 42, 58, 68, 196, 266, 602,
8, +1, +1   1, 2, 3, 6, 10, 19, 22, 109, 798,


9, -1, -1   2, 3, 4, 9, 11, 18, 19, 27, 28, 46, 50, 53, 80, 155, 203, 280, 451,
9, -1, +1   2, 4, 7, 10, 11, 31, 127, 136, 215, 953,
9, +1, -1   1, 2, 4, 7, 10, 19, 22, 44, 62, 76, 122,
9, +1, +1   1, 3, 4, 9, 18, 49, 57, 67, 69, 106, 126, 258, 583,


10, -1, -1   2, 5, 8, 12, 15, 18, 20, 30, 80, 143, 152, 164, 176, 239, 291, 324, 504, 594, 983,
10, -1, +1   3, 5, 7, 33, 45, 105, 197, 199, 281, 301, 317,
10, +1, -1   1, 2, 3, 4, 9, 18, 22, 45, 49, 56, 69, 146, 202, 272,


11, -1, -1   2, 3, 4, 5, 25, 46, 65, 421, 733,
11, -1, +1   3, 17, 23, 79, 273,
11, +1, -1   2, 8, 18, 56, 66,
11, +1, +1   1, 4, 9, 40, 118, 126, 319,


12, -1, -1   2, 6, 16, 17, 18, 34, 44, 64, 76, 128, 166, 186, 462, 632, 902,
12, -1, +1   5, 6, 18, 33, 63,
12, +1, -1   1, 4, 15, 157, 432,
12, +1, +1   2, 3, 4, 27, 40, 183,


13, -1, -1   4, 11, 17, 33, 53, 72, 384, 832,
13, -1, +1   2, 4, 5, 6, 13, 24, 64, 133, 268, 744, 952,
13, +1, -1   2, 4, 10, 39, 43, 80, 928,


14, -1, -1   2, 3, 10, 13, 28, 31, 66, 68, 98, 185, 260, 680, 903,
14, -1, +1   3, 5, 7, 13, 15, 21, 59, 63, 69, 205,
14, +1, -1   16, 910,
14, +1, +1   1, 2, 4, 9, 12, 39, 43, 112, 193, 625,


15, -1, -1   3, 5, 59, 65, 221,
15, -1, +1   2, 3, 28, 78, 556, 630,
15, +1, -1   1, 2, 3, 9, 16, 68, 696,
15, +1, +1   1, 2, 3, 6, 7, 9, 13, 19, 25, 36, 126, 153,


16, -1, -1   2, 3, 4, 5, 6, 8, 9, 11, 24, 26, 38, 84, 111, 117, 122, 166, 202, 212, 908,
16, -1, +1   2, 4, 19, 25, 49, 155,
16, +1, -1   1, 2, 3, 4, 8, 10, 18, 19, 45, 82, 127, 202, 693, 985,


17, -1, -1   2, 5, 6, 9, 12, 17, 49, 168, 234,
17, -1, +1   11, 21, 127, 149, 469,
17, +1, -1   4, 8, 12, 96, 240, 512, 768,
17, +1, +1   2, 3, 6, 24, 30, 64, 114, 123, 442,


18, -1, -1   3, 13, 15, 25, 68, 73, 147, 216, 456,
18, -1, +1   2, 4, 5, 6, 12, 13, 16, 41, 213, 232, 258, 905, 928,
18, +1, -1   3, 6, 48, 66, 68, 96, 116,
18, +1, +1   1, 3, 9, 97, 162, 438, 615, 645, 762,


19, -1, -1   5, 25, 179, 238, 330,
19, -1, +1   3, 4, 5, 7, 10, 12, 22, 52, 65, 125, 197, 267, 335, 348, 412,
19, +1, -1   1, 2, 19, 193, 237,


20, -1, -1   2, 4, 5, 6, 22, 41, 63, 184, 938, 949,
20, -1, +1   17,
20, +1, -1   2, 4, 32, 772,
20, +1, +1   1, 2, 19, 64, 112, 366, 526,


21, -1, -1   2, 3, 5, 7, 15, 34,
21, -1, +1   2, 3, 5, 9, 12, 35, 57, 78, 124, 328, 490, 645, 676,
21, +1, -1   1, 2, 3, 230, 388, 630, 864,
21, +1, +1   1, 2, 3, 7, 10, 16, 24, 48, 61, 79, 87, 186, 207,


22, -1, -1   2, 9, 10, 16, 22, 56, 125, 421,
22, -1, +1   2, 3, 35, 42, 47, 65, 71, 99, 273, 354, 837,
22, +1, -1   1, 7, 19, 56, 220, 657,


23, -1, -1   3, 4, 11, 16, 451,
23, -1, +1   17, 61, 445,
23, +1, -1   4, 6, 14, 34, 54, 162, 698,
23, +1, +1   1, 9, 10, 31, 33, 123, 537, 571,


24, -1, -1   3, 13, 39, 1023,
24, -1, +1   4, 28, 57, 64, 184, 955,
24, +1, -1   1, 2, 10, 12, 30, 31, 566, 584, 914,
24, +1, +1   2, 4, 18, 21, 40, 42, 154, 322, 606, 910,


25, -1, -1   2, 10, 18, 31, 33, 36, 51, 62, 73, 81,
25, -1, +1   2, 3, 6, 13, 331,
25, +1, -1   3, 8, 126, 156, 198,


26, -1, -1   4, 20, 41, 46, 50, 86, 166, 376, 496, 571, 646, 895,
26, -1, +1   3, 11, 255, 503, 735,
26, +1, -1   2, 4, 10, 12, 44, 358,
26, +1, +1   1, 4, 10, 16, 64, 70, 103, 250, 310, 358, 760,


27, -1, -1   2, 5, 8, 9, 21, 32, 44, 124, 144, 246, 566, 965,
27, -1, +1   9, 10, 19, 39, 85, 217, 291,
27, +1, -1   1, 3, 8, 21, 100, 244, 333, 440, 556, 703,
27, +1, +1   2, 18, 22, 43, 67, 70, 75, 108, 843,


28, -1, -1   5, 8, 9, 19, 141, 209, 324,
28, -1, +1   2, 10, 25, 508, 712,
28, +1, -1   2, 4, 166, 338,


29, -1, -1   2, 3, 13, 14, 16, 18, 97, 198, 218, 281, 716,
29, -1, +1   33, 89, 101,
29, +1, -1   10, 24, 664, 980,
29, +1, +1   1, 3, 6, 7, 19, 21, 45, 58, 258, 342, 616, 873,


30, -1, -1   5, 7, 11, 14, 33, 66, 73, 109, 126, 168, 853,
30, -1, +1   7, 13, 31, 40, 46, 1024,
30, +1, -1   1, 2, 7, 12, 15, 16, 22, 30, 39, 60, 76, 169, 262, 327, 591,
30, +1, +1   1, 3, 6, 12, 15,


31, -1, -1   2, 3, 21, 23, 37, 78, 79, 219, 429,
31, -1, +1   3, 5, 29, 103, 106, 174, 615, 954,
31, +1, -1   1, 2, 4, 6, 10, 30,


32, -1, -1   2, 18, 38, 57, 88, 145, 301,
32, -1, +1   7, 31, 51, 99, 547,
32, +1, -1   108,
32, +1, +1   3, 4, 6, 12, 15, 27, 42, 82,


33, -1, -1   7, 205, 700,
33, -1, +1   4, 12, 52, 108, 198, 201, 249, 262, 777,
33, +1, -1   3, 4, 16, 68, 112, 126, 882,
33, +1, +1   1, 2, 10, 19, 82, 189,


34, -1, -1   5, 16, 29, 40, 68, 96, 127, 336, 456,
34, -1, +1   2, 10, 12, 18, 60, 220, 225, 253, 407, 427,
34, +1, -1   1, 6, 27, 108, 345, 351, 798,


35, -1, -1   3, 135, 141, 359, 679,
35, -1, +1   3, 5, 21, 37, 109, 117, 513, 873,
35, +1, -1   2, 70, 94,
35, +1, +1   1, 15, 24, 66,


36, -1, -1   2, 3, 5, 7, 32, 35, 88, 137, 147,
36, -1, +1   5, 6, 11, 18, 143,
36, +1, -1   1, 3, 6, 13, 38, 103, 218, 273, 289, 933,
36, +1, +1   1, 4, 10, 24, 64, 1005,


37, -1, -1   9, 16, 850,
37, -1, +1   67, 95, 341, 577,
37, +1, -1   1, 7, 44, 57,


38, -1, -1   3, 11, 32, 81, 531, 944,
38, -1, +1   5, 429,
38, +1, -1   2, 16, 102, 500,
38, +1, +1   2, 9, 10,


39, -1, -1   2, 4, 7, 8, 16, 86, 87, 280, 519,
39, -1, +1   2, 3, 4, 7, 10, 31, 33, 95, 431, 640, 757,
39, +1, -1   2, 3, 105,
39, +1, +1   1, 3, 7, 13, 81, 84, 454,


40, -1, -1   2, 4, 10, 72, 86,
40, -1, +1   9, 10, 15, 22, 49, 60, 153, 269, 274, 663, 883, 975,
40, +1, -1   1, 4, 10, 13, 64, 136, 224, 260,


41, -1, -1   3, 6, 7, 9, 21, 23, 27, 63, 109, 121, 134, 221, 261, 639, 871,
41, -1, +1   3, 5, 55, 161, 197,
41, +1, -1   2, 96, 132, 506,
41, +1, +1   1, 2, 3, 73, 138, 669,


42, -1, -1   2, 4, 12, 40, 60, 192, 226, 392, 696, 712,
42, -1, +1   2, 3, 11, 15, 31, 57, 339, 345, 517,
42, +1, -1   1, 16, 19, 96, 177, 235,
42, +1, +1   3, 7, 159, 468, 651,


43, -1, -1   31, 32, 87, 229,
43, -1, +1   4, 6, 42, 64, 65, 1017,
43, +1, -1   3, 4, 20, 87, 180, 342,


44, -1, -1   4, 5, 49, 50, 113, 267, 447,
44, -1, +1   25, 91,
44, +1, -1   2, 4, 92, 234,
44, +1, +1   1, 3, 4, 12, 18, 28, 79, 91, 193, 895,


45, -1, -1   2, 3, 6, 8, 26, 41, 47, 51, 74, 392, 743, 746,
45, -1, +1   3, 4, 6, 12, 18, 64, 424,
45, +1, -1   1, 2, 50, 86, 152, 565,
45, +1, +1   6, 10, 210, 294, 1024,


46, -1, -1   2, 7, 29, 71, 145, 459, 504,
46, -1, +1   4, 5, 9, 15, 72, 168, 216, 222,
46, +1, -1   2, 3, 8, 12, 81, 320, 878,


47, -1, -1   2, 10, 12, 16, 18, 205,
47, -1, +1   5, 11, 13, 53, 115, 899,
47, +1, -1   20, 904,
47, +1, +1   4, 16, 67, 70, 543,


48, -1, -1   3, 5, 23, 29, 179, 183, 185,
48, -1, +1   5, 37, 162, 281,
48, +1, -1   2, 86, 182, 224, 279,
48, +1, +1   1, 3, 6, 19, 66, 73, 106, 199, 246,


49, -1, -1   2, 7, 9, 13, 35, 46, 64, 130, 378, 402, 455, 601, 866,
49, -1, +1   24, 36,
49, +1, -1   1, 7, 9, 24, 26, 42, 139, 656, 878,


50, -1, -1   4, 5, 8, 9, 10, 15, 27, 65, 108, 117, 207, 345, 787, 840,
50, -1, +1   3, 7, 11, 23, 105, 159, 175, 221, 317, 577,
50, +1, -1   2, 6, 8, 30, 54, 116, 192,
50, +1, +1   1, 2, 13,


51, -1, -1   2, 30, 395, 1011,
51, -1, +1   2,
51, +1, -1   1, 3, 6, 10, 19, 26, 40, 86, 114, 136, 424, 733,
51, +1, +1   1, 9, 10, 45, 142, 457, 840,


52, -1, -1   108, 138,
52, -1, +1   3, 6, 15, 25, 41, 106, 318, 431, 655,
52, +1, -1   1, 3, 32, 40, 115, 319, 895, 939,


53, -1, -1   4, 7, 11, 25, 49, 75, 155,
53, -1, +1   21, 173,
53, +1, -1   2, 6, 32, 254,
53, +1, +1   1, 3, 7, 22, 51, 199,


54, -1, -1   2, 8, 192, 758,
54, -1, +1   3, 6, 547, 591,
54, +1, -1   1, 2, 4, 28, 45, 74, 144, 404,
54, +1, +1   1, 2, 3, 15, 21, 28, 139,


55, -1, -1   2, 3, 4, 6, 8, 27, 58, 84, 93, 214,
55, -1, +1   2, 541, 900,
55, +1, -1   1, 2, 3, 16, 20, 196, 745, 758,


56, -1, -1   2, 5, 6, 7, 9, 12, 21, 24, 104, 142, 337, 474, 652, 679, 990,
56, -1, +1   9, 23, 105, 115, 439,
56, +1, -1   2, 6, 12, 14, 64, 190, 634, 1002,
56, +1, +1   1, 3, 13, 21, 34, 183, 351, 367, 502,


57, -1, -1   2, 4, 6, 10, 36, 196, 864,
57, -1, +1   3, 5, 51, 61,
57, +1, -1   1, 9, 68, 157, 609,
57, +1, +1   2, 7, 10, 24,


58, -1, -1   3, 16, 60, 217,
58, -1, +1   2, 16, 136,
58, +1, -1   4, 19, 64,


59, -1, -1   3, 20, 135, 138, 233, 551,
59, -1, +1   11, 117,
59, +1, -1   2, 10, 14, 220,
59, +1, +1   2, 6, 52,


60, -1, -1   2, 3, 4, 9, 10, 96, 180, 523, 810, 879,
60, -1, +1   2, 4, 9, 12, 17, 415, 496,
60, +1, -1   2, 6, 24,
60, +1, +1   3, 4, 28, 33, 73, 408,


61, -1, -1   2, 4, 25, 28, 41, 187, 217, 508,
61, -1, +1   5, 13, 24, 42, 81, 112,
61, +1, -1   7, 9, 67, 72, 370,


62, -1, -1   18, 26, 342,
62, -1, +1   3, 41, 49, 61, 63, 235,
62, +1, -1   8, 68,
62, +1, +1   2, 15, 40, 48,


63, -1, -1   7, 19,
63, -1, +1   2, 4, 30, 36, 186, 393,
63, +1, -1   3, 6, 20, 67, 147,
63, +1, +1   1, 73, 685,


64, -1, -1   3, 6, 7, 8, 35, 57, 88, 273, 299, 388,
64, -1, +1   4, 17, 141, 492,
64, +1, -1   1, 2, 871, 914,


65, -1, -1   2, 7, 9, 19, 29, 36, 83, 89, 223, 225, 238, 300,
65, -1, +1   19,
65, +1, -1   2, 14, 122,
65, +1, +1   1, 12, 16, 22, 36, 100, 210,


66, -1, -1   2, 38, 54, 126, 143, 678,
66, -1, +1   31, 58, 75, 219, 360, 741,
66, +1, -1   1, 2, 8, 9, 72, 198, 360, 378,
66, +1, +1   2, 9, 90, 501,


67, -1, -1   2, 12, 394,
67, -1, +1   2, 65, 345, 373,
67, +1, -1   24, 39, 108, 116, 225, 351,


68, -1, -1   4, 7, 17, 20, 77,
68, -1, +1   29, 177, 233, 313,
68, +1, -1   2, 8, 46, 248,
68, +1, +1   1, 595,


69, -1, -1   2, 3, 8, 10, 33, 38, 70, 210, 226, 241, 261,
69, -1, +1   4, 17, 77, 79, 84, 279, 669, 724, 863,
69, +1, -1   1, 6,
69, +1, +1   1, 2, 3, 4, 10, 55, 123, 351, 423,


70, -1, -1   3, 6, 14, 15, 28, 29, 80, 134, 170, 271, 524, 558, 633, 870,
70, -1, +1   2, 15, 570, 1021,
70, +1, -1   1, 2, 7, 9, 24, 37, 49, 91, 181, 378,


71, -1, -1   2, 3, 4, 10, 11, 23, 24, 26, 47, 689,
71, -1, +1
71, +1, -1   12, 18, 100, 296,
71, +1, +1   2, 3, 10, 60, 117,


72, -1, -1   5, 17, 24, 48, 188, 250, 280, 612,
72, -1, +1   2, 5,
72, +1, -1   4, 39, 400,
72, +1, +1   4, 6, 391,


73, -1, -1   32, 36,
73, -1, +1   21, 49,
73, +1, -1   3, 6, 15, 27, 34, 424,


74, -1, -1   108, 118, 171, 627,
74, -1, +1   51, 623,
74, +1, -1   8, 128,
74, +1, +1   1, 3, 4, 6, 22, 142, 259,


75, -1, -1   5, 11, 35, 37, 389, 438, 691,
75, -1, +1   3, 4, 5, 30, 46, 76, 156,
75, +1, -1   1, 6, 20, 70, 90, 97,
75, +1, +1   1, 2, 21,


76, -1, -1   3, 8, 10, 16, 24, 80, 361, 368, 656,
76, -1, +1   2, 21, 33, 276,
76, +1, -1   1, 2, 6, 10, 60, 73, 463,


77, -1, -1   2, 4, 57, 128, 164, 294,
77, -1, +1   3, 11, 17, 39,
77, +1, -1   4, 8, 40, 188,
77, +1, +1   2, 3, 4, 7, 15, 27, 72, 499, 507,


78, -1, -1   11, 100, 132, 729,
78, -1, +1   2, 4, 34, 174, 177,
78, +1, -1   3, 38, 42, 87, 138, 368,
78, +1, +1   1, 2, 10, 25, 139, 379,


79, -1, -1   4, 7, 15, 29, 647, 692,
79, -1, +1   2, 4, 16, 29, 47, 142, 352,
79, +1, -1   1, 9, 12, 20, 342,


80, -1, -1   15,
80, -1, +1   9, 93, 573,
80, +1, -1   194, 316,
80, +1, +1   2, 6, 18, 27, 72, 136, 234,


81, -1, -1   3, 30, 33, 53, 66, 84, 86, 135,
81, -1, +1   2, 11, 12, 33, 52, 906,
81, +1, -1   3, 36, 108, 158, 234, 596,
81, +1, +1   1, 7, 36,


82, -1, -1   4, 5, 14, 34, 80, 508,
82, -1, +1   169, 915,
82, +1, -1   1, 13,


83, -1, -1   19, 277, 499,
83, -1, +1   965,
83, +1, -1   2, 6, 16, 272,
83, +1, +1   1, 3, 27, 67, 207, 919, 927,


84, -1, -1   2, 5, 6, 11, 34, 70, 121, 934,
84, -1, +1   3, 11, 12, 283,
84, +1, -1   1, 8, 78, 278, 360, 913,
84, +1, +1   30, 51, 211, 345,


85, -1, -1   6, 38, 40, 43, 85, 97, 174, 407, 838,
85, -1, +1   3, 4, 23, 25, 90, 94, 143, 311, 612,
85, +1, -1   2, 52, 76, 525, 656, 822,


86, -1, -1   2, 3, 21, 32, 72, 123, 253, 567, 630,
86, -1, +1   29, 49, 121, 329, 335,
86, +1, -1   2, 22,
86, +1, +1   1, 21, 28, 42,


87, -1, -1   2, 205, 344,
87, -1, +1   3, 5, 7, 13, 33, 85, 90, 94, 563, 657, 810, 829,
87, +1, -1   1, 3, 8, 79, 81, 88, 97, 465, 824,
87, +1, +1   3, 6, 12, 24,


88, -1, -1   11, 31, 36, 809, 831,
88, -1, +1
88, +1, -1   8, 20, 974,


89, -1, -1   107, 841,
89, -1, +1   9, 41, 51, 109, 483,
89, +1, -1   2, 10, 106,
89, +1, +1   1, 2, 4, 9, 52, 124, 219, 709,


90, -1, -1   2, 116, 406, 535,
90, -1, +1   2, 3, 5, 6, 127,
90, +1, -1   1, 10, 76, 232, 673,
90, +1, +1   1, 2, 4, 12, 79,


91, -1, -1   42, 102, 593, 696,
91, -1, +1   2, 4, 7, 12, 46, 95, 375, 478,
91, +1, -1   1, 6, 46, 424, 654, 676, 960,


92, -1, -1   4, 6,
92, -1, +1   3,
92, +1, -1   4,
92, +1, +1   7, 10, 75, 99, 186, 442, 522, 859,


93, -1, -1   39, 113, 563, 860,
93, -1, +1
93, +1, -1   2, 3, 4, 7, 12, 60, 283, 459,
93, +1, +1   67,


94, -1, -1   2, 6, 11, 15, 90, 341, 506,
94, -1, +1   4, 72, 210, 834,
94, +1, -1   2, 3, 147, 512, 908,


95, -1, -1   2, 31, 37, 40, 213, 328, 387,
95, -1, +1   3, 31, 473,
95, +1, -1   54, 464,
95, +1, +1   1, 3, 9, 22, 298, 553,


96, -1, -1   6, 13, 89, 421,
96, -1, +1   7, 91, 285, 347,
96, +1, -1   1, 2, 3, 6, 10, 73, 132, 152, 522, 668,
96, +1, +1   1, 391,


97, -1, -1   2, 5, 12, 16, 29, 41, 320,
97, -1, +1   6, 11, 34,
97, +1, -1   1, 132,


98, -1, -1   3, 52,
98, -1, +1   5, 201, 445, 449,
98, +1, -1   4, 40, 942,
98, +1, +1   1, 19, 54, 274,


99, -1, -1   131, 273, 325, 581,
99, -1, +1   3, 13, 147, 682, 774,
99, +1, -1   1, 10, 40, 138, 235,
99, +1, +1   1, 2, 16, 25, 34, 60, 825,


100, -1, -1   6, 358, 707,
100, -1, +1   2, 124, 1001,
100, +1, -1   1, 2, 3, 7, 8, 15, 30, 34, 72, 138, 144, 182, 866,


101, -1, -1   2, 5, 32, 49, 53, 110, 123, 312, 882,
101, -1, +1   3, 7, 9, 19, 29, 99, 145, 623,
101, +1, -1   2, 224,
101, +1, +1   2, 15, 42, 828,


102, -1, -1   2, 10, 13, 26, 46, 50, 65, 96, 422, 530,
102, -1, +1   2, 3, 9, 25, 29, 30, 90, 311, 577, 811,
102, +1, -1   44, 633,
102, +1, +1   3, 4, 16, 34, 79, 283, 382, 423,


103, -1, -1   5, 8, 25, 55, 60, 68, 139,
103, -1, +1   5, 17, 18, 40, 42, 45,
103, +1, -1   2, 3, 10, 18, 63, 130,


104, -1, -1   2, 3, 14, 18, 20, 28, 318, 902,
104, -1, +1   55, 425,
104, +1, -1   14, 22,
104, +1, +1   3, 27, 120, 322,


105, -1, -1   5, 7, 45, 138, 161, 381, 491,
105, -1, +1   4, 9, 18, 24, 31, 84, 232,
105, +1, -1   3, 4, 7, 9, 28, 45, 46, 112, 697, 824, 862,
105, +1, +1   1, 2, 13, 19, 70, 331, 984,


106, -1, -1   8, 11, 14, 23, 24, 42, 55, 80, 86, 293, 317, 431, 695, 825,
106, -1, +1   2, 3, 4, 10, 43, 145, 454,
106, +1, -1   1, 21, 60, 180,


107, -1, -1   6, 10, 36, 684, 781, 933,
107, -1, +1   7, 745,
107, +1, -1
107, +1, +1   4, 10,


108, -1, -1   3, 8, 11, 49, 79,
108, -1, +1   4, 6, 13, 84, 173, 444,
108, +1, -1   6, 920,
108, +1, +1   3,


109, -1, -1   5, 6, 12, 24, 25, 26, 40, 44, 66, 534,
109, -1, +1   4, 12, 19, 33, 88, 112, 225, 528, 870,
109, +1, -1   3, 930,


110, -1, -1   4, 166,
110, -1, +1   61, 283,
110, +1, -1   4, 934,
110, +1, +1   2, 46, 418, 717,


111, -1, -1   3, 4, 10, 19, 24,
111, -1, +1   2, 3, 9, 12, 25, 33, 329, 337, 532,
111, +1, -1   6, 8, 12, 46, 172, 255, 885,
111, +1, +1   1, 2, 118, 163, 502,


112, -1, -1   4, 9, 12, 34, 100, 184,
112, -1, +1   2, 15, 255,
112, +1, -1   1, 3, 9, 31, 40, 127, 164, 259,


113, -1, -1   3, 5, 7, 16, 21, 36, 161, 317,
113, -1, +1
113, +1, -1
113, +1, +1   1, 250, 987,


114, -1, -1   10, 31, 94, 108, 440,
114, -1, +1   991,
114, +1, -1   1, 2, 9, 13, 55, 80, 117, 118, 709,
114, +1, +1   1, 19, 37, 42, 67, 192,


115, -1, -1   2, 3, 37, 69, 74, 319, 539, 727, 989,
115, -1, +1   4, 9, 11, 15, 19, 21, 161, 287,
115, +1, -1   1, 2, 3, 7, 13, 24, 122, 146, 206, 360, 480, 534, 972,


116, -1, -1   2, 72, 132, 151, 442,
116, -1, +1   3, 15,
116, +1, -1   6, 14,
116, +1, +1   1, 3, 13, 49, 55,


117, -1, -1   5, 6, 17, 126, 517,
117, -1, +1   18, 41, 53, 106,
117, +1, -1   1, 3, 4, 8, 96,
117, +1, +1   2, 3, 7, 10, 351,


118, -1, -1   9, 11, 20, 147,
118, -1, +1   2, 377,
118, +1, -1   6, 7, 8, 12, 26, 102, 270, 970,


119, -1, -1   3, 44, 95,
119, -1, +1   9, 25, 51, 333, 695,
119, +1, -1   4, 32, 34, 672,
119, +1, +1   1, 2, 4, 37, 534,


120, -1, -1   17, 19, 29, 279,
120, -1, +1   2, 3, 6, 13, 15, 327, 439, 787,
120, +1, -1   1, 2, 3, 4, 10, 20, 88, 297, 304, 550,
120, +1, +1   1, 3, 15, 27, 208,


121, -1, -1   2, 42, 98, 756, 837,
121, -1, +1   4, 10, 353, 367,
121, +1, -1   1, 9, 112, 147, 331,


122, -1, -1   29, 81, 132, 141, 197,
122, -1, +1   61, 207, 819,
122, +1, -1   4, 8, 60, 568,
122, +1, +1   12, 64, 504,


123, -1, -1   3, 4, 305, 795,
123, -1, +1   17, 121, 192,
123, +1, -1
123, +1, +1   7, 54, 99,


124, -1, -1   8, 13, 373, 443, 961,
124, -1, +1   9, 17, 34, 97, 305, 891,
124, +1, -1   3, 10, 38, 43, 60, 358, 664,


125, -1, -1   29, 74, 103, 106, 404, 529, 603,
125, -1, +1   3, 25, 287,
125, +1, -1   2, 4, 8, 414, 554,
125, +1, +1   1, 27, 37, 55, 340, 360, 682,


126, -1, -1   2, 3, 8, 9, 57, 241, 465, 469,
126, -1, +1   16, 556,
126, +1, -1   1, 2, 8, 13, 64, 199, 238, 956,
126, +1, +1   3, 4,


127, -1, -1   2, 10, 100, 680,
127, -1, +1   18, 37, 49, 59,
127, +1, -1   3, 13, 32, 72,


128, -1, -1   3, 20, 36, 133, 280, 295, 352, 952,
128, -1, +1   401,
128, +1, -1   504,
128, +1, +1   1, 6, 13, 31, 58, 82,


129, -1, -1   37, 86, 260, 366, 965,
129, -1, +1   3, 4, 5, 115, 177, 298,
129, +1, -1   1, 3, 12, 66,
129, +1, +1   568,


130, -1, -1   3, 5, 19, 33, 35, 40, 41, 65, 117, 159, 246, 296, 467,
130, -1, +1   3, 7, 34, 35, 61, 83, 96, 417,
130, +1, -1   2,


131, -1, -1   2, 29, 283,
131, -1, +1   25, 223, 437, 601, 649,
131, +1, -1   2, 12, 16, 26, 30, 32, 366,
131, +1, +1   1, 2, 3, 4, 7, 31, 223, 327, 571,


132, -1, -1   2, 182, 236, 289,
132, -1, +1   2, 3, 5, 77,
132, +1, -1   1, 4, 7, 8, 13, 52, 56,
132, +1, +1   24, 52, 150, 234, 918, 976,


133, -1, -1   5, 21, 103, 197, 445, 656,
133, -1, +1   9, 60, 76, 160,
133, +1, -1   8, 26, 82,


134, -1, -1   7, 75, 283, 674, 993,
134, -1, +1   3, 11, 145, 219,
134, +1, -1   2, 10, 16, 46, 370,
134, +1, +1   1, 12, 27, 39,


135, -1, -1   2, 11, 37, 56, 648,
135, -1, +1   13,
135, +1, -1   1, 3, 6, 24, 394,
135, +1, +1   1, 3, 52, 57, 96, 855, 979,


136, -1, -1   3, 24,
136, -1, +1   3, 6, 15, 130,
136, +1, -1   1, 12, 28, 69, 78,


137, -1, -1   4, 10, 56, 85,
137, -1, +1   5, 39, 375,
137, +1, -1   60, 828,
137, +1, +1   43, 82, 388,


138, -1, -1   59, 100, 1007,
138, -1, +1   4, 9, 13,
138, +1, -1   2, 18, 50, 174, 235, 474,
138, +1, +1   1, 2, 15,


139, -1, -1   2, 4, 42, 135, 351,
139, -1, +1   2, 3, 70, 696, 711,
139, +1, -1   1, 3, 14, 19, 120, 291,


140, -1, -1   3, 4, 14, 18, 39, 75, 109, 231,
140, -1, +1   3, 25, 193,
140, +1, -1   2, 8, 20, 22, 38,
140, +1, +1   1, 9, 58, 349, 441, 964,


141, -1, -1   2, 5, 13, 37, 125, 136, 217, 226, 754,
141, -1, +1   3, 9, 19, 41, 77, 171, 393,
141, +1, -1   1, 2, 12, 19, 62, 224, 319, 751,
141, +1, +1   1, 2, 6, 111, 157, 229, 231, 784,


142, -1, -1   2, 13, 20, 28, 236,
142, -1, +1   2, 22, 109, 298,
142, +1, -1   1, 7, 9, 1008,


143, -1, -1   15, 39, 41, 113, 195,
143, -1, +1   281,
143, +1, -1   4, 6, 18, 324,
143, +1, +1   2, 3,


144, -1, -1   56, 87, 120, 209, 414, 1010,
144, -1, +1   2, 6, 12, 19, 29, 79, 221, 645,
144, +1, -1   2, 9, 45, 50, 104,
144, +1, +1   3, 46, 48, 759,


145, -1, -1   2, 7, 14, 19, 56,
145, -1, +1   255,
145, +1, -1   2, 3, 19, 50, 116, 158, 494, 624,


146, -1, -1   2, 7, 10, 32, 47, 66, 80, 105, 160,
146, -1, +1   5, 71, 537,
146, +1, -1   8, 90,
146, +1, +1   1, 3, 4, 63, 64, 70, 90, 129, 184,


147, -1, -1   4, 6, 8, 13, 25, 64, 586,
147, -1, +1   3, 7, 13, 15, 66, 97, 111, 150, 397,
147, +1, -1   1, 9, 27, 68, 824,
147, +1, +1   2, 4, 7, 123, 306,


148, -1, -1   12, 79,
148, -1, +1   2, 5, 24,
148, +1, -1   2, 6, 15, 18, 42, 70,


149, -1, -1   2, 6, 35, 176, 242, 532,
149, -1, +1   7,
149, +1, -1   2, 8, 24, 54,
149, +1, +1   7, 10, 12, 184, 691,


150, -1, -1   2, 3, 23, 32, 35, 51, 68, 85, 368, 866,
150, -1, +1   90, 181, 280, 946,
150, +1, -1   3, 283,
150, +1, +1   2,


151, -1, -1   3, 96, 250, 498,
151, -1, +1   2, 10, 21, 40, 43, 70,
151, +1, -1   3, 30, 42,


152, -1, -1   6, 10, 26, 220,
152, -1, +1
152, +1, -1   20,
152, +1, +1   3, 51,


153, -1, -1   4, 7, 27, 87, 391,
153, -1, +1   6, 12, 17, 96, 384,
153, +1, -1   2, 8, 28, 100, 110, 124, 139, 871, 1003,
153, +1, +1   1, 2, 3, 6, 7, 13, 73, 78, 117,


154, -1, -1   2, 4, 5, 7, 12, 16, 21, 82, 92, 113, 312,
154, -1, +1   2, 15, 42, 45, 141, 393, 499, 568,
154, +1, -1   1, 2, 18, 25, 51, 206, 518, 770,


155, -1, -1   2, 3, 11, 21, 25, 38, 42, 44, 55, 66, 221,
155, -1, +1   3, 11, 17, 37, 101, 155,
155, +1, -1   2, 10, 22, 518,
155, +1, +1   1, 2, 3, 6, 21, 40,


156, -1, -1   2, 4, 19, 22, 193, 302, 806,
156, -1, +1   2, 47, 83, 118, 157, 799,
156, +1, -1   1, 13, 37, 66, 184, 540,
156, +1, +1   1, 6, 10,


157, -1, -1   5,
157, -1, +1   6, 7, 39, 66, 334, 363,
157, +1, -1   1, 4, 21, 55, 60,


158, -1, -1   33, 55, 140, 296,
158, -1, +1
158, +1, -1   2,
158, +1, +1   1, 6, 57, 229, 579,


159, -1, -1   2, 7, 78, 92, 106, 134, 144, 503, 528,
159, -1, +1   6, 7, 29, 54, 77, 87, 259, 339, 645, 675,
159, +1, -1   1, 2, 6, 7, 21, 64, 70, 157, 279,
159, +1, +1   4, 39, 867,


160, -1, -1   2, 117, 178, 391, 710,
160, -1, +1   33, 293,
160, +1, -1   2, 8, 14, 19, 86, 88, 145, 214, 220,

