2: 1, 2, 3, 7, 8, 10, 18, 1E, 23, 2E, 48, 52, 58, XE, 166, 280, 283, 403, 458,
4: 1, 3, 5, 7, 13, 39, 7E, 177, 327, 511, 9E9, XEE, E79,
8: 1, 2, 4, X, 15, 42, 122, 134, 142, 155, 455, 902,
X: 1, 2, 3, 4, 8, X, 12, 18, 1X, 22, 26, 32, 33, 41, 46, 4X, 5X, 69, 70, 73, 86, 93, E8, 113, 153, 168, 234, 25X, 260, 313, 344, 638, 763, 876, X19, EX1,
12: 1, E, 14, 68, 6E, 74, E4, 137, 234, 291, 548, 6X8, 837,
14: 1, 3, 9, 11, 27, 37, 69, X1, 177, 7X7, 879, X69,
18: 1, 2, 4, X, E, 15, 17, 20, 28, 2E, 31, 50, 68, 96, E8, 222, 256, 541, 735, X78,
1X: 2, 3, 8, 12, 1E, 28, 11E, 368,
22: 2, 3, 5, 9, 13, 15, 33, 39, 42, 45, 79, X2, 119, 319, 48X, 549, 69X, 9E9,
24: 1, 2, 4, 5, 6, 8, 10, 16, 20, 41, 54, 64, 92, X5, E6, 120, 179, 415, EX9,
28: 3, 4, 6, 3X, 4E, 70, 7X, X4, 17E, 1X3, 266, 26E, 2E4, 434,
2X: 1, 4, 7, 20, 8E, 120, 188, 478, 58E, 775, 98E, X80,
32: 1, 6, 8, 9, 12, 14, 21, 24, 26, 48, 54, 89, 110, 120, 121, 231, 271, 279, 424, 461, 489, 499, 856, 921,
34: 2, 5, X, 12, 14, 34, 48, 5X, 7E, 182, 3XX, 60X,
38: 1, 3, 5, 8, 9, E, 69, 90, 138, 218, 221, 275, 318, 677, 897, 8X8, 8E0,
3X: 1, 5, 6, X, 11, 3X, 46, 4X, 55, 5E, 66, 79, X7, 107, 115, 137, 141, 186, 31X, 366, 381, 419, 476, 527, 896, 91X, 949,
42: 1, 2, 4, 5, 9, 11, 13, 15, 1E, 4X, 55, 9E, 184, 204, 22E, 368, 924,
44: 2, 4, 6, 7, 8, X, 17, 18, 26, 3X, 50, 62, 82, X2, E6, EX, 112, 403, 4XX, 573, 673, 750,
48: 1, 2, 3, 6, 7, 16, 17, 1X, 31, 32, 46, 75, 82, 8X, 107, 129, 171, 176, 181, 25X, 35E, 3X6, 6X5, 756, 949,
4X: 1, 2, 6, 10, 15, 35, 40, 48, 80, 98, E8, 220, 258, 281, 318, 682,
52: 2, 4, 6, 7, E, 20, 37, 3X, 44, 78, 87, 15E, 168, 314, 398, 487, 537, X64,
54: 1, 5, 7, 57, 207, 231, 267, 291, 371, 39E, 711,
58: 4, 9, X, 10, 26, 3X, 86, 90, 109, 129, 209, 429, 4EX,
5X: 3, 4, 7, 10, 20, 21, 23, 2E, 39, 49, 100, 114, 12E, 130, 133, 158, 167, 270, 337, 411, 664,
62: 3, 5, 9, 13, 19, 53, 9E, 29E, 675, 989,
64: 1, 2, X, 56, 77, X7, E7, 166, 316, 357, 501, E27,
68: 1, 2, 7, 10, 11, 13, 18, 39, 60, 63, 6X, 86, X6, 160, 1E1, 1E6, 229, 578, 700, X3X, E70,
6X: 3, 8, E, 14, 16, 18, 22, 2E, 4E, 122, 12E, 2X6, X08,
72: 1, 2, 5, 9, E, 19, 26, 2E, 39, 56, 72, 7E, 89, X5, 142, 245, 33E, 632, 9X3,
74: 1, 4, 5, 6, X, 10, 11, 14, 29, 34, 35, 3X, 45, 46, 55, 86, X1, X5, 116, 156, 206, 235, 295, 2E9, 381, 640, 916, 926, X06,
78: 2, 4, 7, X, 28, 54, 67, 9E, 488, 57E, 61E, 688, 702, 792,
7X: 1, 20, 30, 47, 61, 93, E7, 111, 140, 151, 311, 3E7, 457, 629,
82: 1, 2, 4, 5, 8, 1X, 26, 2X, 39, 51, 76, X6, X9, 10X, 204, 285, 3E1, 3E4, 522, 648, 828, 968, E16,
84: 3, 95, 173,
88: 1, 4, 20, 21, 40, 45, 157, 164, 28E, 2E8, 460, X34,
8X: 1, 2, 3, 7, 9, X, 12, 21, 25, 32, 4X, 4E, 5X, 62, 79, 7E, 92, 11E, 15X, 1XE, 232, 25X, 293, 431, 631, 662, 891, E95,
92: 3, 5, 8, X, 14, 15, 73, XE, 108, 359, 434, X02, E28, E43,
94: 3, 6, 7, E, 10, 12, 13, 14, 17, 1X, 38, 52, 5E, 6E, XE, E7, 117, 274, 353, 373, 55E, 664, 734,
98: 1, 9, X, 11, 13, 16, 17, 19, 26, 37, E6, 149, 1E1, 217, 42E, 536, 897, 935, 977, E26,
9X: 1, 2, 11, 14, 2X, 45, 54, 62, 78, 85, 9X, 121, 525,
X2: 2, 6, 8, 17, 20, 28, 37, 66, 116, 137, 247, 297, 37X, 476, 64X, X66,
X4: 3, 10, 15, 30, 84, E0, 119, 289, 2E3, 364, 395, 530, 985,
X8: 1, 2, 9, 11, 21, 28, 30, 45, 88, 102, 158, 159, 215, 290, 450, 631,
XX: 1, 4, E, 10, 14, 15, 20, 23, 39, 43, 6X, 8X, 126, 13E, 14X, 21X, 337, 456, 513, 527, 73X, 837, 90E, 969, 997, XX6, E0X,
E2: 1, 3, 4, 5, 1E, 28, 29, 35, 45, 77, 89, 91, 97, 127, 137, 143, 168, 177, 195, 309, 349, 474, 567, 678, 789, 798, 997, X84,
E4: 2, 3, 9, X, 11, 12, 16, 1X, 23, 62, 99, XX, 106, 263, 313, 557, 69X, 783, 996,
E8: 1, 2, 3, 5, 6, 8, 9, X, E, 11, 14, 16, 19, 1X, 23, 35, 38, 42, 57, 9X, 137, 197, 19X, 1XE, 1E1, 232, 254, 342, 435, 443, 450, 532, 628, 667, 803, XE3,
EX: 2, 3, 7, 10, 12, 18, 20, 63, 122, 197, 256, 326, 357, 5X2, 722, X93, E56,
102: 6, X, 21, 26X,
104: 1, 4, 5, 8, 9, 14, 18, 21, 24, 48, 84, E2, 201, 289, 359, 4X9, 615, 808, 809,
108: 2, 6, 10, 26, 2E, 33, 46, 5E, 63, 173, 1X3, 338, 392, 44E, 9EE,
10X: 1, 3, 4, 11, 15, 17, 1E, 21, 70, 75, 7E, 87, 103, 150, 1X0, 241, 265, 2E9, 363, 499, 52E, 591, 674, 779,
112: 5, 9, 91, E6, 1X9, 270, 435, 515, 576, 679, 830, 974, E70,
114: 1, 2, 4, 6, 7, 10, 11, 12, 16, 17, 18, 25, 26, 2E, 41, 72, 75, 9E, X8, 12X, 137, 281, 491, 592, 7E0, 897, 8XE, 98X, X56,
118: 1, 7, 8, 11, 17, 23, 54, 77, 81, 147, 148, 1X0, 201, 213, 473, 828, 9X4, E10,
11X: 2, 3, 6, 9, 15, 16, 23, EX, 1E6, 326, 722, E82,
122: 1, 12, 22, 38, 42, 4E, 75, 102, 118, 122, 165, 505, 548, 811, E35,
124: 3, 4, 6, X, 10, 14, 24, 34, 40, 54, 86, 157, 1E6, 253, 354, 387, 407, 777, 7E4,
128: 2, 3, 5, 9, 11, 13, 17, 1E, 22, 31, 47, 5E, 87, 10X, 135, 189, 26X, 55E, 592, 611, E13,
12X: 2, 16, 39, 188, 279, 6X8, 890, E42,
132: 2, 4, 7, E, 14, 1E, 27, 40, 53, 70, 72, X2, 154, 214, 27X, 31X, 35X, 43E, 69E, 777, 87E, X1E,
134: 3, 5, 8, E, 15, 37, 7E, 97, X8, 585, 68E, 810,
138: 1, 4, 12, 25, 36, E0, 104, 11X, 190, 250, 285, 331, 372, 495, 4E1, X60,
13X: 1, 2, 8, X, 15, 19, 22, 2E, 32, 34, 52, 64, 8E, 124, 232, 318, 335, 3E8, 64E, 835, 901,
142: 3, 8, 9, 13, 25, 39, 4E, 63, 239, 249, 724, 823, E95,
144: 1, 15, 91, XE, 281, 547, 6XE, 731,
148: 1, 3, 6, 9, X, 13, 20, 3X, 45, 54, 60, 69, 7X, E0, 189, 22E, 30E, 377, 393, 413, 54E, 714,
14X: 4, 10, 16, 18, 2X, 34, 7E, X8, 848, X88,
152: 1, 13, 3X, 43, X7, X9, 17X, 1X6, 231, 466, 8X3,
154: 2, 5, 6, X, 10, 14, 22, 25, 40, 49, 55, 64, 90, 9X, E2, 132, 145, 172, 494, 510, 540, 562, 696, 774,
158: 2, 7, 8, E, 3E, 48, 50, 78, 7E, 11E, 153, 263, 862,
15X: 1, 4, 9, E, 30, 40, 105, 120, 123, 150, 15E, 249, 330, 35E, 399, 541, 714, X21,
162: 1, 4, 5, X, 28, 34, 38, 11X, 151, 24X, 30X, 321, 555, 621,
164: 1, 2, 3, 12, 18, 1X, 22, 23, 31, 3X, 44, 86, 93, 104, 1X4, 212, 477, 6E8, 73X,
168: 3, 4, 7, 9, 10, 39, 54, 81, 94, 99, 544,
16X: 1, 3, 5, 9, 12, 15, 35, 51, 76, X2, X9, 205, 305, 375, 805, 852,
172: 2, 5, 28, 32, 40, 5E, 105, 322, 342, 380, 582, 650, 875, EX5,
174: 2, 3, 7, E, 12, 14, 24, 27, 58, 73, 82, 1EX, 203, 297, 612, 993,
178: 5, 9, 25, 53, 11X, 28E, 5X9, E1X,
17X: 2, 6, 9, 14, 18, 20, 38, 46, 5X, 90, 91, X4, E4, EX, 101, 175, 3E0, 661,
182: 6, X, 10, 13, 20, 26, 27, 36, 46, 80, X4, E4, 100, 107, 126, 13X, 48E, 55E, 5E4, 62E,
184: 4, 11, 18, 1E, 40, 45, 85, 135, 221, 275, 311, 580, X3E,
188: 1, 8, 18, 72, 17X, 19X, 272, 464, 56X, 632, X78,
18X: 4, 10, 13, 49, 59, 74, 116, 353, 5E4, 794, 94X, E63,
192: 1, 3, 28, 58, 87, 9E, E1, 13E, 153, 24E, 301, 377, 725, X43, E3E,
194: 3, 5, 13, 2E, 35, 89, 14E, 159, 529, E79,
198: 2, 3, 4, 5, 7, 8, X, 18, 1X, 1E, 64, 68, 111, 16X, 173, 258, 287, 392, 48X, 55X, 742, E0X,
19X: 2, 4, 6, 7, X, 10, 12, 14, 22, 2X, 43, 64, 123, 233, 793, 836, 9X3,
1X2: 1, 2, 26, 27, 29, 46, 69, 7E, 82, 125, 169, 173, 17X, 19X, 333, 3X5, 5E3, 5E7, 6E1, 777, X53,
1X4: 2, 5, 8, 15, 32, 39, 46, 59, 95, 108, 132, 2X6, 2E0, 5X0, 842,
1X8: 2, 4, E, 14, 28, 30, 34, 46, 70, E7, 11X, 128, 147, 220, 244, 686, 877,
1XX: 1, 4, 18, 27, 48, 88, 121, 175, 187, 1E1, 411, 481, 874,
1E2: 6, 8, 110, 114, 29X, 359, 8X6,
1E4: 1, 3, 4, E, 18, 19, 22, 42, 61, 96, 97, XX, E9, 119, 138, 202, 23X, 2X8, 337, 539, 566, 60E, 6E3, 753,
1E8: 4, 5, 19, 27, 35, 50, 70, 71, 135, 195, 225, 355, 484, 679,
1EX: 1, 5, 6, 12, 15, 1X, 21, 25, 32, 36, 3X, 65, 91, EX, 24X, 312, 36E, 396, 60X, 621, X7X, E97,
202: 2, 3, 9, X, 18, 24, 89, 692, 744, 998,
204: 3, 6, 8, X, 12, 16, 1X, 24, 7X, E3, 114, 116, 143, 208, 214, 266, 314, 436, 55X, 68X, 874,
208: 1, 2, E, 13, 15, 17, 27, 5E, E7, 11E, 15E, 211, 223, 367, 379, 982,
20X: 4, 6, 9, 14, 19, 25, 2X, 30, 74, X9, 105, 176, 211, 304, 35X, X30,
212:
214: 1, 4, 7, 8, 9, 11, 19, 28, 33, 41, 44, 51, 53, 54, 81, 83, 300, 443, 447, 534, 608,
218: 5, 10, 20, 35, 40, 50, 188, 195, 330, 412, 480, 4E8, 536, 662, 885, X10,
21X: 1, 2, 3, 5, 6, 9, E, 11, 17, 19, 23, 26, 28, 41, 46, 53, 61, 62, 65, 82, 83, 9E, X0, X9, E9, 117, 175, 1XE, 225, 248, 3EE, 495, 4X6, 526, X66, E88,
222: 1, 15, 17, 30, 41, 4E, 54, 238, 31E, 4EE, 538, 67E, EE5,
224: 1, 2, 9, E, 15, 21, 22, 3E, 41, 43, 45, 62, 89, 95, 132, 182, 27E, 602,
228: 2, 4, 6, 9, 12, 20, 28, 30, 35, 36, 56, 66, 79, 86, 90, 266, 272, 2E6, 393, 41X, 435, 5X3, 684, 78X,
22X: 2, 3, 7, 3E, 94, 12X, 238, 33X, 564,
232: 1, 7, 1X, 3X, 47, 17X, 83X,
234: 1, X, 10, 14, 31, 5X, 84, 101, 186, 296, 61X, X70, E3X,
238: 3, 4, 13, 22, 34, 48, 120, 134, 164, 184,
23X: 8, 1E, 2E, 33, 38, 143, 788, X4E,
242: 1, 2, 8, 9, 18, 20, 29, 46, 51, 72, 75, 80, X5, X9, 152, 160, 182, 332, 365, 755, 920,
244: 1, 4, 5, 7, 23, 26, 29, 34, 53, 56, 73, 7X, 86, XX, E6, EX, 15X, 16X, 215, 217, 263, 271, 341, 469, 541, 721, 759, 887, X73,
248: 1, 5, 11, 47, 123, 188, 205, 237, 395, 3X3, 3E8, 659, 951,
24X: 3, 6, 12, 32, 46, 67, 226, 257, 377, 467,
252: 1, 4, 5, 6, 9, 17, 19, 1X, 2X, 30, 31, 34, 69, 71, 86, 98, X0, X9, E7, 10E, 121, 142, 185, 261, 290, 310, 317, 36X, 406, 455, 546, 54E, E86, EE0,
254: 2, 8, 27, 38, 78, 88, E8, 308,
258: 2, 11, 17, 26, 42, 45, 46, 66, 67, XX, E7, 167, 191, 215, 256, 2E2, 407, 632, 7X1,
25X: 2, 5, 35, 39, 44, X2, E8, 115, 118, 2X1, 434, 484, 734,
262: 2, 10, 12, 13, 14, 1X, 2X, 33, 56, 62, 6X, 7X, X4, E3, 172, 180, 248, 256, 42E, 810,
264: 1, 4, 7, E, 25, 28, 43, 49, 70, 74, 78, 80, 98, 104, 120, 225, 279, 333, 501, 629, X01,
268: 1, 6, X, 11, 16, 39, 51, 74, 85, X6, E9, 100, 106, 136, 160, 216, 336, 49X, 765, 954,
26X: 1, 2, 5, 7, X, E, 12, 15, 7X, 142, 15E, 1XE, 216, 315, 330, 422, 59E, 622, 9X1,
272: 4, 9, 24, 41, 44, 60, 67, 709, 813,
274: 3, 5, 6, 9, X, 15, 32, 76, 8E, X5, 189, 19X, 213, 379, 875, 89E,
278: 3, 9, 30, 63, 113, 123, 149, 439, 509, 6E7, X70,
27X: 3, 4, 27, 40, 50, 53, 74, 143, 197, 1XX, 1XE, 204, 25E, 55E, 770, 9X0, E8X,
282: 45, 59, 133, 149, 35E, 7E3,
284: 1, 2, 6, 11, 16, 18, 28, 30, 34, 69, X8, E6, 141, 288, 372, 519, 691, 754,
288: 2, 4, 6, 8, 10, 17, 18, 23, 2X, 34, 37, 57, 6E, 82, 120, 153, 18E, 1X7, 207, 378, 3X0, 58E, 658, 67E, 916, 926, X50,
28X: 1, 17, 43, X9, 151, 381, 3E5, 4E3, 76E, 9E8, X2E,
292: 1, 2, 4, 6, 8, 1X, 24, 28, 38, 3X, 40, 42, 58, 5X, 60, 62, 64, 91, E5, 102, 128, 180, 186, 23X, 2E2, 365, 558, 59X, 655, 658, 998, EX5,
294: 3, 7, 11, 13, 21, 31, 59, 6E, 83, E1, E3, 143, 331, 8X3,
298: 34, 54, 135, 154, 255, 9E5,
29X: 1, 6, 7, 13, 16, 19, 21, 29, E9, 12X, 21X, 296,
2X2: 1, 3, 7, X, 14, 1E, 29, 34, 44, 49, 64, 65, 71, 76, 84, XE, 109, 10E, 3XE, 427, 53E, 707, 989, E0E,
2X4: 6, E, 16, 1E, 22, 96, E6, 128, 146, 23E, 380, 462, 478, 490,
2X8: 7, X, 19, 23, 36, 47, X9, 296, 622, 6E1, 719, X22,
2XX: 2, 4, 5, 22, 66, 90, 392, 832, EX2,
2E2: 2, 3, 16, 26, 28, 37, 50, 83, 122, 14E, 167, 16E, 8E6, X18,
2E4: 3, 7, E, 11, 14, 17, 40, 5E, 80, 347, 410, 499, 633, 900, 944, EE7,
2E8: 1, 2, 4, 5, 8, 12, 19, 48, 65, 69, X2, 224, 385, 444, 485, 862, 894, 968, EE8,
2EX: 1, 8, 31, 44, 4X, 64, 218,
302: 1, 3, 4, 9, 5E, 61, 63, 6E, 83, 9E, 131, 149, 171, 1X0, 1X9, 21E, 304, 333, 627, 995,
304: 1, 2, 25, 2E, 5E, 65, 73, 86, 101, 105, 1E6, 311, 329, 343, 59E, 627, 8XE, E82,
308: 1, 6, 8, E, 21, 101, 105, 110, 170, 26X, 405, 471, 504, 89X,
30X: 3, 4, 7, E, 13, 1E, 24, 87, X7, 154, 374, 41E, 55E, 598, 604, 83E,
312: 2, 3, 5, 6, 22, 2E, 3E, 66, 73, 96, 9X, X2, 209, 29X, EE3,
314: 5, 34, X0, E4, 114, 11X, 140, 142, 18X, 199, 2E1, 328, 459, 511, 904,
318: 3, E, 10, 17, 1E, 30, 4E, 6X, 11E, 1X4, 3X4, E03,
31X: 1, 5, 14, 34, 51, 98, E4, 164, 191, 211, 228, 284, 2E1, 370, 577, 664,
322: 1, 4, 9, X, 56, 61, 69, 91, E9, 186, 19X, 1X1, 994, E89,
324: 2, 5, X, 10, 19, 2X, 39, 59, 76, 93, 118, 2E6, 458, 502, 556, 656, 676,
328: 3, 2E, 49, 50, 13E, 150, 1X9, 245, 293, 3EE, 470, 66E, 895, E18, E90,
32X: 13, 17, 1E, 49, 65, 6X, 9X, 9E, 129, 1EE, 35X, 415,
332: 1, 2, 3, 4, 15, 17, 19, 25, 31, 39, 54, 67, 6X, 73, 85, 131, 155, 314, 463, 547, 607, 957, XEX,
334: 3, 4, 12, 1X, 23, 2X, 42, 47, 4X, 6X, 72, 83, 84, X0, X6, 12X, 1X3, 203, 877,
338: 1, 2, 6, X, 15, 42, 47, 8E, X1, 14X, 151, 166, 24E, 3XX, 473, 526, 695, 963, X37, E62,
33X: 1, 6, 21, 29, 69, X6, E6, 136, X92, E81,
342: 2, 4, 7, 12, 1X, 22, 3X, 44, E7, 107, 1EX, 202, 207, 2E7, 38E, 84E,
344: 1, 7, 21, 31, 61, 69, 91, X9, 149, 201, 449, 857, 909,
348: 2, 5, 8, 10, 18, 24, 39, 62, 116, 150, 155, 174, 180, 1X6, 1E6, 384, 409, 570, E98, E9X,
34X: 2, 3, 5, 9, E, 10, 12, 16, 23, 30, 39, 6E, 102, 103, 1X6, 223, 27E, 293, 2X6, 305, 363, 3E6, 620, 679,
352: 1, 3, 4, 5, 9, 17, 1E, 20, 30, 3E, 79, E7, 110, 115, 3XE,
354: 1, 2, 36, 57, 9X, X2, 33X, 4E1, 53X, 5EX,
358: 1, 3, 4, 6, 8, 12, 14, 20, 21, 48, 89, 97, X9, 1X7, 218, 294, 327, 372, 562, 618,
35X: 2, 3, 8, E, 10, 5X, 60, 70, E2, 10X, 148, 283, 536, 66E, 67E, X93, XE2, E22,
362: 5, 6, 7, 11, 1E, 25, 27, 32, 3E, 42, 52, 97, 176, 196, 243, 496, 5X3, 636, 645, 746, 96E, X72,
364: 1, 1X, 34, 54, 7X, 1X1, 391, X11, XE1,
368: X, 1X, 58, 117, 408, 497, 547, 5E2,
36X: 3, 8, 9, 33, E8, 251, 864, 880, 953,
372: 1, 4, 10, 22, 36, 62, 105, 138, 149, 199, 256, 531, 659, 980,
374: 1, 2, 5, 8, E, 1E, 22, 42, 93, 108, 149, 181, 366, 93E, 983, X71,
378: 1, 4, 5, 8, 18, X0, EE, 204, 215, 301, 344, 677, 698,
37X: 2, 5, E, 22, 59, 65, 69, 72, EX, 185, 287, 613, X0E,
382: 4, 6, 14, 16, 19, 20, 22, 33, 34, 36, 46, 4X, 55, 58, 116, 145, 258, 296, 299, 65X, E76,
384: 2, 7, 8, 13, 6X, 92, X8, 134, 147, 17X, 247, 252, 347, 807, 868,
388: 1, 6, 9, 17, 43, 139, 177, 249, 263, 277, 291, 296, 35X, 377, 3X9, 3E9, 76X, E77,
38X: 1, 4, 6, 8, 16, 41, 64, 76, X0, E1, 8X5, E55,
392: 2, 3, 8, 30, X0, 170, 2E0, 356, 502,
394: 9, E, 13, 34, 38, 59, 74, 115, 250, 264, 3E0, 444, 504, 509, 634, 638,
398: 2, 6, 9, 10, 46, 259, 2X8, 411, 576, 876,
39X: 4, 5, 6, 7, 14, 1X, 21, 24, 27, 31, 43, 63, 7X, 80, E0, 100, 117, 157, 246, 317, 36E, 4E7, 57X, 5E0, 937,
3X2: 3, 7, 17, 18, 28, 38, 7E, 427, 584,
3X4: 1, 2, 6, 9, X, 23, 37, 66, 129, 663, 706, 9X1,
3X8: 2, 18, 24, 27, 32, 37, 58, 5E, 94, 12E, 1X7, 1X8, 27X, 558, 668,
3XX: 3, 7, 17, 23, 113, 146, 170, 1X0, 327, 953,
3E2: 1, 5, X, 2E, 122, 256, 266, 3E1, 4E6, 585, 5E1, 675, E97,
3E4: 8, 9, 12, 15, 39, 58, 168, 229, 235, 355, 4E2,
3E8: 2, 3, 13, 14, 1E, 22, 23, 26, 52, 74, 7E, 90, 93, 108, 306, 392,
3EX: 1, 3, 7, 8, 11, 13, 15, 17, 23, 25, 35, 48, 54, 67, 74, 83, 87, EE, 148, 168, 171, 191, 248, 300, 363, 509, 8EE, X87,
402: 1, 4, 5, 6, 11, 35, 86, 13X, 376, 571, 609, 946, X21,
404: 5, 8, 15, 2E, 32, 48, 7X, X4, E4, 335, 345, 735,
408: 3, 4, 7, 8, 10, 23, 24, 28, 30, 48, 49, 99, 161, 250, 259, 290, 2X0, 321, 457, 4X1, 4E8, 577, 903,
40X: 2, E, E5,
412: 2, 7, 12, 18, 1E, 20, 22, 32, 45, 89, 119, 141, 1X1, 387, 44E, 532, 548, 647, X72,
414: 4, 6, 17, 20, 2X, 34, 97, 137, 19X, 26E, 2E0, 350, 3X4, 454, X80,
418: 1, 3, 11, 19, 22, 31, 37, 42, 73, 81, 87, EX, EE, 111, 113, 127, 287, 367, 462, 57X, 619, 6X2, 7E3,
41X: 2, 4, 8, X, 10, 20, 29, 32, 61, 81, 92, 200, 206, 276, 3E1, 6E6, 928, X99, E76,
422: 2, 3, 4, X, 12, 18, 1E, 23, 34, 64, 87, 12X, 243, 287, 58E, 67E, 742, 758, 897, E70,
424: 1, 7, 8, 1E, 20, 23, 63, 91, 143, 228, 285, 407, 925, 9XE,
428: 1, 2, 5, 6, X, 11, 15, 30, 3X, 40, 45, 52, E0, EX, 101, 358, 35X, 4X6, 6E2, 975, X68,
42X: 4, 5, 8, 11, 12, 14, 17, 18, 29, 2E, 35, 47, 5X, 64, X5, XE, 101, 135, 143, 235, 244, 3X7, 402, XE4, EX1,
432: 19, 20, 59, 143, 160, 920,
434: 1, 3, 7, 9, X, 16, 25, 31, 47, 79, X6, XE, 1E7, 27X, 327, 55X, E37,
438: 5, 10, 20, 53, 60, 66, 83, 109, 126, 195, 516, 62E, 659, 6E6, 8E0, 98E, X39,
43X: 7, 8, 3X, 46, 5X, 60, 76, 9E, 167, 258, 70E, 748, X04,
442: 1, 3, 6, 11, 16, 17, 29, 4X, 71, X6, 126, 129, 229, 2X3, 486,
444: 2, 4, 12, 25, 3X, 154, 186, 512, X36,
448: 18, 26, 50, 156, 162, 168, 346, 548,
44X: 1, 3, 5, 7, 9, 17, 34, 39, 41, 64, 101, 203, 259, 26E, 333, 450, 521, 57E, 7E0, 915,
452: 1, 2, 8, X, 58, 64, 72, 78, 95, E1, E5, 105, 122, 125, 182, 215, 271, 402, 648,
454: 4, 7, 10, 14, 87, 90, 99, E0, 2E9, 3E9, 81X, 846, 986, E54,
458: 1, 3, 4, 5, 8, 13, 17, 1E, 20, 23, 24, 2E, 37, 50, 54, 77, X5, 110, 127, 129, 154, 237, 2X3, E79,
45X: 2, 6, 12, 23, 35, 42, 43, 123, 169, 243, 402, 4X5, 522,
462: 1, 2, 7, E, 10, 14, 16, 17, 1E, 24, 45, 54, 61, 72, 82, XE, 162, 165, 166, 1EE, 206, 297, 385, 3X7, 3E4, 422, 756, 99X, E97,
464: 2, 14, 18, 2E, 53, 87, 92, 94, X3, 107, 177, 234, 334, 407, 6X8, 79E,
468: 2, 5, 15, 19, 1E, 23, 32, 49, 7X, 92, 11E, 12X, 22X, 252, 262, 342, 5EX, 632,
46X: 1, 12, 15, 31, 36, 42, X6, 122, 358, 464, 665,
472: 6, 27, 47, 5X, 8X, 9X, E6, EX, 1EE, 36E, 693, 87E, 953, E24,
474: 4, 8, 18, 191, 305, 308, 59E, 865,
478: 1, 2, 6, 8, X, 16, 19, 28, 32, 3X, 44, X6, 124, 161, 19X, 1E9, 341, 544, 718, 76X, E89,
47X: 2, 3, 4, 8, 10, 14, 16, 4X, 164, 176, 202, 502, 70X, E60,
482: 5, 7, 10, 1E, 31, 97, 178, 28E, 29E, 2EE, 50E, 855, E41,
484: 1, 3, 5, 21, 43, 53, 55, 69, 6E, X5, 113, 1X7, 205, 323, 465, 473, 7E9, X85,
488: 1, 4, 7, 9, E, 14, 22, 35, 62, 77, 83, 8X, 9E, 107, 124, 225, 378,
48X: 3, 6, 8, X, 12, 30, 33, 37, 193, 2E2, 576, X36,
492: 2, 3, 9, X, 16, 7E, 161, 289, 451, 479, 822, X8E, E5E,
494: 1, 9, 20, 25, 31, 61, X0, 105, 150, 166, 245, 3X9, 412, 5X6, 6X9, 901,
498: 1X, 20, 24, 37, 47, 67, 6X, 116, X5X,
49X: 1, 9, 14, 15, 19, 28, 58, 61, 95, X8, 174, 785,
4X2: 6, 69, 76, E6, 149, 186, 1E9, 316,
4X4: 1, 2, 3, 5, 6, 9, 11, 12, 20, 23, 31, 34, 44, X5, XX, E5, 12E, 164, 172, 210, 395, 400, 625, 796, 964,
4X8: 1, 9, E, 13, 15, 1E, 33, 40, 5E, 6E, 73, 84, 8E, X1, 134, 21E, 223, 28E, 514, 657, 675, 689, 823, X27, X79,
4XX: 2, 7, 22, 117, 247,
4E2: 1, 2, 6, 9, X, 18, 29, 43, 4X, 61, 84, 89, X3, 113, 153, 183, 1XX, 266, 2E0, 582, 660, 752, 7E1, 98X,
4E4: 10, 12, 18, 28, 34, 3E, 53, 116, 294, 29E, 348, 530, 578, 642, 6XX, 79X, 93E, 966,
4E8: 7, E, 12, 32, 35, 65, 8E, 267, 351, 3E2, XX2,
4EX: 1, 4X, 249, 299, 390, 4X9,
502: 4, 7, 13, 34, 44, 53, 94, 124, 214, 237, 263, 353, 5EE, 638, XX8,
504: 9, 10, 20, 33, 43, 49, 63, 80, X9, 118, 169, 178, 228, 233, 290,
508: 2, 4, 5, 6, 10, 12, 14, 25, 30, 34, 39, 40, 104, 152, 195, 24X, 372, 3E5, 521, 526, 6X5, 722, 966,
50X: 2, 3, 7, 11, 12, 23, 31, 32, 63, 66, X8, 1E8, 24E, 276, 305, 483, 58E, 5X2, 5E0,
512: 4, 5, 7, 8, E, 17, 25, 55, 85, 14E, 164, 170, 1E4, 358, 71E, X61,
514: 1, 7, 9, 11, 12, 17, 19, 1X, 21, 22, 27, 2X, 39, 49, 55, 59, 61, 6E, 8X, 1X1, 1X7, 20X, 221, 521, 607, 671,
518: 2, 3, 5, E, 13, 18, 1E, 40, 4X, 60, 74, X3, 156, 164, 173, 25X, 294, 532, 6E4, E3E,
51X: 4, X, E, 14, 18, 1E, 22, 5E, 147, 4EE, 8E4,
522: 1, 5, 9, 13, 15, 2X, 67, 86, 99, X1, 173, 199, 209, 26E, 295, 366, 37E, 479, 49X, 63E, 847,
524: 1, 5, 6, 8, X, 22, 38, 76, 85, 94, 265, 351, 546, 5X5, 6E4,
528: 7, 8, 10, 12, 13, 1X, 28, 46, 63, 73, 83, 262, 337, 802, X28, X74,
52X: 3, E, 13, 18, 39, 84, 99, 168, 239, 383, 4E4, 645, X0E, X75,
532: 1, 6, 19, 26, 45, 52, 95, X2, 129, 142, 168, 172, 385, 489, 521,
534: 4, 7, 9, 10, 14, 19, 23, 67, E6, 104, 109, 160, 189, 23X, 330, 356, 373, X69,
538: 3, 5, 9, 11, 14, 18, 21, 38, 41, 59, 5E, E7, 295, 4X4, X77,
53X: 1, 3, 6, 29, 32, 42, 62, 77, X7, 172, 257, 442, 766, 849, 963,
542: 1, 3, 19, 1X, 26, 44, 53, 59, 69, X0, 130, 131, 3E0,
544: 2, 7, E, 10, 17, 1E, 20, 22, 28, 2E, 58, 87, 167, 338, 370, 957,
548: 2, 12, 25, 36, 85, 395,
54X: 1, 2, 8, 11, 4X, 51, 59, 5X, 72, 91, 754, 811, 929,
552: 6, 8, 14, 62, 66, 88, 124, 242, 323, 440, 863, 8XX, X22,
554: 1, 21, 23, 111, 187, 1EE, 4E7, 58E,
558: 10, 11, 24, 31, 131, 196, 4XX, X85,
55X: 2, 5, X, 15, 22, 26, 30, 3X, 3E, 41, 42, 4E, 6X, 85, 91, 111, 116, 198, 238, 261, 374, 405, 577, 777,
562: 1, 101, 168, 248, E37,
564: 3, 1X, XX, 119, 259, 356,
568: 1, 3, 17, 19, 23, 29, 33, 37, 47, 5E, 69, 8E, EE, 156, 2X9, 3E0, 419, 501, 771, 9E3, X51,
56X: 10, 20, 2E, 30, 33, 1E3, 36E, 580,
572: 1, 2, 7, 21, 23, 57, X7, 167, 169, 43X,
574: 1, 4, 29, 70, 9X, 176, 180, 258, 398, 698, 771,
578: 2, 7, E, 12, 20, 30, 96, 204, 286, 2E2, 373, 914, X97,
57X: 1, 3, 10, 13, 1E, 20, 21, 28, 2E, 35, 71, 77, 89, E3, 247, 269, 3X1, 7E3,
582: 10, 14X, 158, 2X0, 315, 31X, 3X2, 424, 438, 808,
584: 1, 14, 17, 38, 91, E4, 108, 1X4, 252, 42X, 94E,
588: 3, 5, 9, 13, 18, 24, 25, 29, 49, 4E, 53, 7E, 99, E3, E5, 108, 143, 158, 18E, 390, 3XE, 428, 469, 508, 519, 58E, 8X4, 949, E48,
58X: 1, 2, 6, 7, E, 12, 33, X3, 175, 186, 24E, 427, 567,
592: 3, 6, E, 11, 14, 21, 26, 3X, 90, X3, 526, 62E, 745, X00, E44,
594: 2, 4, 6, 7, 12, 1X, 30, 3X, 40, 56, 92, E0, E2, 106, 156, 167, 212, 237, 452, 824, 99E, X1X,
598: 2, 3, 6, 7, X, 17, 19, 1X, 29, 32, 52, 212, 236, 286, 491, 536,
59X: 2, 8, 10, 1X, 29, 2X, 4X, 84, 89, EX, 199, 1E2, 33X, 590, 844, 9E2, X69, XX4,
5X2: 2, 6, 8, 10, 17, 1E, 20, 22, 42, 53, 5E, 73, 87, 9E, X0, E6, 110, 163, 220, 258, 483, 568, 617, 682, 747, 882, X02,
5X4: 1, 3, 7, E, 10, 11, 17, 30, 51, 55, 57, 77, 8E, 225, 231, 283, 460, 633, X53,
5X8: 1, 4, 9, 14, 54, 2E4, 434, 439, 91X,
5XX: 1, 2, 8, 11, 13, 16, 19, 27, 30, 34, 43, 66, 149, 14X, 170, 179, 19X, 1X4, 237, 273, 356, 426, 427, X10,
5E2: 3, 5, E, 3E, 40, 48, 89, 149, 155, 333, X73,
5E4: 2, 12, 19, 21, 27, 31, 62, 77, 86, X1, 171, 293, 342, 706, X47,
5E8: 1, 7, 8, E, 17, 32, 71, 75, 9X, XE, 1E1, 371, 580, 680, 6E4, 876, 89X, 97E,
5EX: 2, 4, X, 4X, 52, 1E2, 238, 23X, 273, 404, 7XX, E5X,
602: 2, 5, 9, E, 15, 23, 35, 46, 53, 73, 83, 85, 8X, 8E, 14E, 29E, 49E, 53X, 8X6,
604: 5, 9, 10, 18, 25, 29, 3X, 44, 7X, X6, XX, 19X, 1E4, 265, 2X4, 445, 509, 638, 644, 658, XE5,
608: 7, X, 1E, 34, 3E, 21X, 27E, 41X, 87X, X1E,
60X: 1, 4, 21, 24, 34, 97, X0, EE4,
612: 1, 2, 6, 2X, 39, 5X, 70, 78, 111, 142, 180, 208, 2X2, 376, 5E0, 690, 826, X86, E24, E51,
614: 2, 6, 8, 9, 22, 23, 33, 39, 60, 146, 256, 6X0, 6E6, 835, EX6,
618: 5, 10, 17, 1E, 329, 379, 380, 739, 85E, 919, X59, E40,
61X: 1, 5, 6, 45, 65, 67, 69, 153, 161, 165, 20X, 247,
622: 2, 3, 4, 7, 9, X, 18, 2X, 42, 48, 71, 85, 8X, 99, E7, 279, 36E, 48X, 573,
624: 3, 4, 7, 14, 22, 28, 43, 4X, 74, 150, 176, 17X, 217, 766,
628: 1, 5, X, 3X, 61, 71, 76, 82, 93, X6, 1XX, 1E5, 239, 306, 426, 716,
62X: 1, 2, 5, 11, 15, 25, 62, 78, 278, 692, X32, E18,
632: 2, 4, 6, 8, X, 10, 12, 17, 30, 3X, 46, 52, X2, 142, 2E0, 2E6, 30E, 32E, 390, 724, X36, E04,
634: 1, 3, 8, E, 11, 14, 21, 23, 74, 88, E5, 174, 207, 354, 388, 528, 843, X1E,
638: 2, 4, 6, 8, 16, 29, 30, 40, 50, 55, 56, X2, 228, 332, 3X5, 428, 516, 579, 5E4, 634, 970, 998,
63X: 1, 4, 8, 9, 17, 1X, 27, 2X, 37, 40, 47, 68, 75, E5, 154, 195, 2X0, 370, 442, 4EE, 51X, 528, 813, 945, X2X, E73,
642: 1, 3, 7, 11, 41, 100, 153, 473, 74E, 817, X91,
644: 2, 5, E, 11, 16, 47, 52, 65, 87, 166, 212, 652, 825,
648: 8, X, 11, 14, 83, X7, 106, 111, 140, 147, 148, 154, 163, 172, 19X, 431, 53X, 637, E93,
64X: 2, 6, E, 14, 1X, 26, 124, 13X, 320, 386, 41E, 740, EX6,
652: 1, 17, 29, 31, 96, E9, 197, 203, 207, 213, 221, 271, 273,
654: 4, 5, 9, 16, 1X, 50, 59, 141, 206, 4X4, 6X4, 78X, 894, 996, X71,
658: 2, 3, 18, 22, 78, 82, 102, 123, 252,
65X: 1, 4, 7, 9, 11, 19, 21, 67, 107, 110, 231, 307, 3E1, 4E1,
662: 8, 14, 22, 34, 42, 50, 154, 300, 321, 3E4, 3E9, 964,
664: 1, 5, 9, 12, 13, 16, 20, 22, 25, 40, 75, 113, 165, 239, 250, 400, 431, 655, 681, 812, 933, 978, E22, E33,
668: 4, 7, 15, 18, 35, 15E, 225, 264, 405, 6E8, E15,
66X: 1, 2, 3, E, 17, 1X, 29, 2X, 39, 6X, 83, 123, 1X2,
672: 4, 5, 1E, 65, 198,
674: 3, 14, 24, 40, 80, E4, 417, 693,
678: 5, 7, 17, 1E, 37, 65, 83, 87, 109, 1E7, 32X, 461, 4X1, 576, 669, 679, 767, 88E, 915, 945, E09, E66,
67X: 20, 35, 40, 56, 112, 158, 242, 250, 280, 452,
682: 13, 38, 43, 46, 13X, 200, 556, 883, E88,
684: 13, 33, 49, 50, 70, 178, 270, 325, 353, 438, 5E9, 7X3, X40,
688: 1, 16, 18, 21, 35, 36, 41, 66, 68, X9, 1E1, 279, 341,
68X: 1, 3, 4, 7, X, E, 15, 1E, 23, 41, 5X, 66, 83, 103, 124, 166, 1EE, 204, 764,
692: 3, 4, 5, 8, 13, 15, 19, 27, 3E, 5E, 6E, E5, 12E, 139, 195, 1XE, 269, 27E, 415, 573, 757, 76E, 798, 847, 8XE, X55,
694: 1, 2, 12, 4X, 77, 122, 652, 6XX,
698: 1, 2, 3, 4, 7, 8, E, 11, 12, 14, 27, 3X, 45, 67, 77, 81, X3, X8, E7, 194, 205, 20E, 246, 26E, 29X, 2E7, 4E1, 523, 53X, 553, 586, 5EX, 626, E23,
69X: 2, 3, 6, 7, 26, 2E, 36, 48, 387,
6X2: 1, 5, X, 11, 17, 1E, 26, 2X, 2E, 31, 45, 6X, 71, 82, 85, 96, 11X, 141, 157, 1E1, 1E6, 2XE, 352, 637, 926,
6X4: 1, 9, X, 14, 15, 35, 75, 8X, E4, 105, 265, 344, 371, 479, 5E4, 749, 751,
6X8: 3, 6, 8, 14, 16, 20, 23, 24, 30, 8X, 8E, 1E3, 1E6, 302, 42E, 543, 593, X14, E98,
6XX: 4, 7, 10, 11, 2E, 39, 45, X5, 130, 161, 168, 599, 770, X55, XX5,
6E2: 6, X, 1X, 16X, 245, 325, 340, 34X, 390, 44X, 844, X4X,
6E4: 1, 2, 5, 8, E, 17, 18, 22, 78, 13E, 148, 205, 218, 274, 28X, 292, 3X5, 53X, 5E8, 815,
6E8: 1, 3, 19, 24, 37, X3, 127, 153, 947, E23,
6EX: 5, 6, 25, 35, 5E, 85, 106, 1XE, 459, 575, 752,
702: 13, 25, 38, 55, 72, 122, 130, 155, 209, 243, 283, 458,
704: 4, 6, 7, X, 16, 27, 34, 50, 54, E3, 146, 170, 1X0, 42E, 50E, 51E, 523, 5X3, 7XX, X04,
708: 3, 7, 29, 31, 79, 92, 121, 147, 407, 555, 583, 835, X71,
70X: 2, 4, 8, 10, 18, 1X, 2X, 49, 90, 104, 119, 129, 132, 142, 1E4, 331, 429, 4X8, 541, 588, 816, X7X,
712: 4, 6, 8, X, 12, 1E, 22, 3E, 54, 98, X7, E6, 262, 438, 44X, 492, 64X,
714: 3, 15, 19, 27, 41, 87, 195, 1E3, 275, 375, 725, 919, X95,
718: 1, 4, 22, 3X, 82, 8X, 91, 20X, 438, 604, 848,
71X: 1, 3, X, 13, 14, 17, 2X, 1EX, 314, 503, 557,
722: 3, 5, 8, E, 15, 19, 28, 2E, 45, 64, 75, 84, 124, 16E, 194, 209, 345, 553,
724: 2, 9, 15, 23, 32, 35, 75, X2, E9,
728: 1, 4, 6, 7, 11, 31, 37, 63, 94, E4, 103, 176, 223, 240, 257, 364, 391, 3X3, 3X4, 550, 5E6, 92X,
72X: 2, 4, 6, X, 17, 18, 6E, 76, 78, 90, 117, 12X, 134, 162, 184, 200, 264, 2E8, 55X, 59X, 687,
732: 1, 2, 11, 19, 22, 23, 41, 123, 142, 509, 719,
734: 2, 5, 40, 1E0, 364, 508, 678, E29,
738: 2, 3, 6, 8, 12, 13, 16, 27, 30, 37, X8, 128, 168, 300, 503, 7X6,
73X: 5, 13E, 181, 227, 345,
742: 2, 5, 9, X, 12, 14, 24, 48, 55, 78, 94, X8, 122, 132, 169, 335, 43X, 669, X3X,
744: 2, 3, X, 10, 16, 17, 18, 1X, 2X, 32, 33, 37, 46, 49, 58, XX, 231, 242, 35X, 467, 624, 818, 83X, 907, 980,
748: 1, 4, 5, 8, 9, 13, 18, 33, 45, EE, 14E,
74X: 9, 11, 12, 13, 15, 19, 42, 111, 142, 227, 256, 4E1, 526,
752: 1, 2, 5, 6, E, 10, 14, 27, 47, 5E, 92, 102, 1X2, 262, E01, E64,
754: 8, E, 17, 27, 34, 37, 3X, 4X, 58, 62, EE, 17E, 234, 284, 2E8, 3EE, 537,
758: 5, 22, 6X, 269, 925, 926,
75X: 4, 6, 10, 11, 14, 18, 28, 29, 2X, 34, 40, 41, 50, E8, 100, 161, 174, 2E9, 330, 369, 65X, 826,
762: 4, X, 36, 54, 73, 96, 196, 2X7, 350, 786,
764: 1, 4, 5, E, 14, 15, 27, 45, 57, 1E0, 221, 23E, 275, 347, 5E4, 851, 8X8, 961,
768: 2, 8, 10, 20, 49, 69, 80, 129, 969, X38,
76X: 3, 4, 8, E, 1X, 29, 32, 43, 73, 98, 212, 219, 224, 61X, 70E,
772: 3, 5, 8, 13, 43, 285, 36E, 77E, 958,
774: 9, 1E, 21, 26, 29, 49, 159, 165, 176, 2EX, 4X6, 537, 57X, 765, 771, 86E,
778: 1, 5, 12, 1E, 25, 28, 31, 35, 5X, 77, 84, 109, 112, 1X7, 247, 305, 333, 351, 538, 6E8, 771,
77X: 3, 4, 8, 18, 23, 24, 30, 48, 52, 67, 70, 72, E7, 12X, 15X, 160, 1E8, 392, 634,
782: 5, 7, E, 15, 21, 35, 37, 61, 9E, 10E, 117, 12X, 265, 33E, 59E,
784: 1, 6, 10, 16, 51, 86, 101, 2E9, 396,
788: 2, 4, 12, 1X, 24, 27, 5E, X6, 11E, 126, 19X, 208, 44X, 876, X62, X78, EE7,
78X: 5, 1E, 23, 29, 39, 99, E8, 4E9,
792: 2, 9, X, 20, 32, 39, 166, 1X9, 20X, 214, 234, 255, 3E6, 435, 828, 928, X12,
794: 1, 2, 7, 1X, 30, 43, 44, 163, 18E, 265, 278, 298, 344, 382, 502, 597, 6X1, 9E1,
798: 1, 3, 5, 30, 39, 43, 70, 71, 73, 74, 79, X4, 130, 195, 214, 223, 263, 39E, 3X4, 3E9, 521, 56E, 741, E59,
79X: 2, 5, 15, 16, 2X, 37, 45, 47, 76, E2, E7, 155, 1E2, 221, 301, 456, X92,
7X2: 1, 2, 3, 4, 7, 11, 24, 30, 33, 40, 57, 61, 67, 76, 107, 113, 116, 119, 131, 187, 320,
7X4: 4, 8, X, E, 14, 18, 1E, 22, 58, 5E, 64, 74, 114, 11X, 1X4, 268, 284, 3E2, 67X, E28,
7X8: 1, 2, 3, 5, 15, 22, 31, 49, 65, 202, 245, 289, 30E, 422, 7X7,
7XX: 1, 4, 6, X, 14, 16, 25, 56, 66, 96, 299, 311, 359,
7E2: 18, 4E, 68, EX, 11X, 197, 244, 2EX, 934, 99X,
7E4: 9, 10, 24, 27, 28, 50, 70, 290, 319, X03,
7E8: 2, 4, 8, X, 15, 1X, 25, 40, 58, 65, 101, 124, 161, 172, 218, 264, 299, 308, 635, 675, E55,
7EX: 1, 6, 10, 20, 22, 36, 38, 56, 70, 82, 92, X9, 127, 230, 279, 290, 313, 316, 588, 766, 9X9,
802: 1, 10, 14, 34, 45, 55, 61, 74, 91, E5, 117, 15E, 177, 190, 575, 8X0, 8X8, E77,
804: 1, 9, E, 17, 1E, 23, 29, X9, XE, E7, 14E, 435, 477, X17,
808: 3, 4X, 59, 110, 239, 4X9, 6E9, 820, 886,
80X: 2, 4, 6, X, 12, 13, 18, 23, 3E, 87, 108, 178, 194, 253, 31E, 552, 56E, 596, 6X8, 808, EE0,
812: 3, E, 16, 19, 36, 46, 69, 83, 115, 153, 166, 419, 455, 4E5, 563, 729, 816, 966,
814: 6, 15, 48, X6, E4, 176, 386, 550, 695, 6X6, 6E0, 8X5,
818: 3, 6, 14, 16, 1X, 37, 76, 7X, 97, E0, 100, 132, 133, 224, 316, 70X, 818, EE0,
81X: 4, 5, 48, 60, 98, 9E, 169, 345,
822: 1, 2, 8, 10, 15, 16, 20, 35, 66, X8, 141, 162, 1E1, 520, 538, 846,
824: 1, 3, 7, 13, 14, 35, 40, 43, X3, 177, 413, 433, 535, 561, 729, 733, X2E,
828: 7, 8, 14, 34, 94, 207, 3XE, 9E8,
82X: 1, X, 11X, 219, 2EX, 35X, 556,
832: 2, 5, 6, 10, 11, 1X, 23, 43, 45, 47, 57, 61, 6X, 8X, 95, X5, 10X, 110, 155, 182, 201, 217, 222, 2X2, 36X, 847, 929,
834: 3, 12, 18, 28, 40, 62, 66, 76, 180, 278, 28E,
838: 5, 6, 7, 25, 26, 2E, 32, 35, 45, 52, 5X, 6E, E1, 1X2, 246, 252, 3X5, 591, 5XX, EE7,
83X: 1, 2, 5, X, 11, 18, 49, E5, E9, 1X1, 1X5, 1XX, 208, 255, 431, 66X, 8X1, 949,
842: 6, 8, E, 16, 1E, 50, EE, 110, 166, 218, 31E, 492, X7E,
844: 3, 4, 8, 9, 17, 68, 7E, 104, 191, 199, 2E4, 420, 508, E59,
848: 1, 4, 5, X, 144, 224, 5X9,
84X: 2, 4, 5, 7, 11, 2E, 32, 42, 4X, 65, 74, 9E, 10X, 185, 1X5, 37X, 437, 464, 655, 738, 79X, 804, 864, 89X, 972, 9XE,
852: 7, 17, 21, 29, 40, 138, 151, 297,
854: 3, 6, 9, X, 13, 15, 16, 23, 35, 123, 129, 143, 1E3, 203, 71E, 856, 8X3,
858: 1, 2, 3, 8, 18, 20, 22, 25, 40, 48, 49, 76, 82, 96, 195, 1E7, 216, 505, 55E,
85X: 3, 4, 10, 14, 1E, X4, 133, 183, 206, 403, 486, X73,
862: 1, E, 13, 35, 41, 53, 77, 85, 157, 20E, 287, 789, X85,
864: 6, X, 11, 29, 3X, 6X, 91, 99, 164, 250, 369, 391, 3X0, 3X1, 550, 571, 959,
868: 2, 7, 10, 1E, 23, 48, 6X, X2, E0, 110, 12E, 14X, 158, 223, 40X, 743,
86X: 1, 3, 5, 8, 13, 15, 40, 70, 88, 13E, 160, 298, 7E0, X77,
872: 6, 11, 14, 16, 31, 54, 74, 76, 110, 11X, 146, 2X0, 2EX, 310, 336, 481, 666, XE0,
874: 1, 2, 3, 5, E, 11, 17, 18, 19, 1E, 31, 59, 63, 67, E2, 107, 118, 12X, 151, 1X7, 217, 231, 269, 313, 3X8, 455, 479, 561, 605, 613, 641, 8XX, E99,
878: 3, 20, 33, 43, 133, 178, 3E3, 633,
87X: 2, 3, 7, X, 1E, 22, 32, 57, 6E, E5, 141, 157, 1EX, 283, 39E, 556,
882: 3, 5, 6, 7, 16, 20, 21, 24, 74, E3, 175, 179, 1X5, 214, 29E, 5E6, 92E, 9E6,
884: 4, 7, 14, 20, 7E, 88, 11E, 212, 22X, 37E, 588, 5X2, 610, 912,
888: 1, 3, 6, 9, 13, 16, 19, 1X, 21, 51, 67, X3, 147, 157, 193, 2E7, 671, 919,
88X: 2, 8, 12, 16, 25, 58, 75, 78, 82, 84, 96, 124, 146, 200, 270, 365, 390, 449, 470, 479, 4E4,
892: 38, 68, XE, 187, 228,
894: 3, 13, 20, 33, 40, 49, 83, 90, X1, 143, 1E3, 240, 494, 690, 743,
898: 1, 2, 15, 34, 42, 48, 58, 61, X8, 14X, 188, 4X1, 781,
89X: 9, 12, 40, 56, 148, 292, 2X0, 500, 659,
8X2: 1, 14, 17, 65, 80, X5, 1XE, 210, 244, 329, 738,
8X4: 2, 11, 12, 16, 23, 32, 43, 62, 65, 6E, 76, 77, 93, 96, 122, 192, 263, 57E, 63E, 906,
8X8: 2, 11, 2X, 44, 50, 54, 180, 204, 4X7, 5E1, 621, 684, X34,
8XX: 3, 4, 8, E, 1E, 22, 53, 77, 1X7, 203, 22E, 517, 57E, 81X, 862,
8E2: 3, X, E, 12, 22, 42, 63, 125, 1XX, 27E, 286, E5X,
8E4: 1, 4, 28, 104, 14X, 254, 342, 531, 825,
8E8: 3, 4, E, 1E, 20, 40, 76, 127, 144, 20E, 286, 52X, 5XX, 910,
8EX: 1, 5, 7, 8, 11, 20, 28, 47, 58, 67, 264, 411,
902: 2, 4, 8, 9, 16, 1X, 40, 58, 5X, 96, 189, 1XX, 216, 252, 270, 492, 4X0, 876, EX4,
904: 2, 3, 5, 8, 14, 15, 18, 2X, 36, 49, 56, 60, 95, 14X, 294, 2E6, 338, 398, 3X2, 458, 4XE, XEX, E19,
908: 1, 7, 8, E, 18, 31, 77, 91, X1, 158, 205, 309, 469, 520, 748,
90X: 1, 6, 9, 13, 1X, 69, X6, E9, 257, 3E9, 423, 615,
912: 1, 2, 4, 7, E, 15, 17, 22, 24, 38, 44, 58, X4, E9, 229, 343, 349, 3E5, 45E, 501, 527, 695, 871, X25, XX1,
914: 2, 3, 24, 32, 43, 110, 337, 6X8, 770, 786, 7X2, 92X,
918: 1, 3, 6, 23, 29, 2X, 63, 9X, 101, 123, 136, 151, 153, 179, 206, 396, 3XX, 509, 5XX, 673, 6X6, 936,
91X: 5, 19, 22, 68, 71, 81, 89, X9, 375, 598, 6X8,
922: 2, 16, 40, 2X2, 342, 6EE, 960,
924: 3, 4, 28, 34, 68, 1E8, 233, 608,
928: 6, 8, 9, 12, 25, 3X, 45, 85, 8X, 98, X0, 130, 13X, 155, 252, 25X, 319, 474, 786, 945,
92X: 1, 2, 6, X, 11, 15, 20, 24, 29, 50, 73, 8E, 92, 101, 108, 11E, 2X0, 326, 472, 536, 5E3, 6X3, 787,
932: 1, 3, 5, 7, 10, 15, 1E, 47, 6E, 129, 22E, 5X7, 739, 7X7, 919,
934: 1, 5, 12, 2E, 46, 14E, 156, 15E, 432, 562, 567,
938: 1, 17, 18, 22, 27, 38, 48, 124, 164, 1E4, 232, 311, 317, 458, 492, 5E7, 711,
93X: 13, 54, 13X, 14X, 194, 6E3,
942: 2, 3, 9, 2E, 46, 71, 4E5, 59E,
944: 15, 19, 36, 40, 80, 85, 249, 2X0, 319, 870, XE5,
948: 8, 17, 1X, 23, 27, 9E, 173, 27E, 487, 543, 762,
94X: 4, 44, 78, 81, 150, 1X9, 403, 5X9, 784, 943, EE7,
952: 1, 5, 6, 11, 12, 32, 82, 115, 151, 205, 378, 424, 535, 706,
954: 1, 2, 8, 9, 15, 25, 147, 149, 1E6, 211, 6X2, 719, 827, X79, E38,
958: 1, 5, 7, 14, 28, 37, 47, 50, 77, XE, 101, 285, 385, 747,
95X: 5, 7, 17, 25, 2X, 75, 85, 8E, 91, 121, 271, 44X, 691, X72,
962: 2, 4, 8, X, 23, 26, 3X, 11X, 126, 1E0, 253, 423, 504, 50X, 596, 729, X53,
964: 2, 6, 8, E, 10, 12, 18, 23, 27, 2X, 33, 36, 3X, 3E, 74, 87, E2, 13X, 174, 206, 223, 327, 392, 3EX, 478, X30,
968: 1, 6, 7, 11, 3E, 45, 46, 66, 8E, E7, 133, 4EE, 776, 98E, 9X1,
96X: 1, 2, 6, 10, 18, 36, 3X, 102, 148, 420, 9X6, E96,
972: 2, 3, X, 10, 17, 27, 42, 44, 72, 98, X8, E6, 140, 180, 330, 8E2, E86, EX4,
974: 4, 9, 23, X0, 110, 11E, 270, 33E, 980,
978: 2, 5, 18, 41, 69, 86, 132, 159, 191, 1E8, 1E9, 206, 2E6, 505, 511, 806,
97X: 3, 4, 7, 9, X, 25, 29, 31, 33, 67, 134, 154, 217, 22X, 23X, 251, 307, 313, 3E9, 643,
982: 4, 9, 427, X74,
984: 3, 6, 7, 9, 11, 21, 27, 37, 46, 49, 69, E7, 157, 193, 363, 546, 797, 9E2, X23,
988: 3, 6, 8, 16, 36, 53, 73, 85, 98, EE, 300, 339, 340, 350, 436, 522, X22,
98X: 3, 17, 83, 88, 98, 112, 240, 390, 656, 703, X37,
992: 1, 2, 21, 26, 2X, 7X, 7E, 86, E2, 1E5, 261, 421, 571, 81X, 956, E3E,
994: 2, 5, 8, X, 12, 19, 31, 39, 108, 138, 152, 191, 239, 259, 504, 89X, E6X,
998: 4, 20, 52, 86, 134, 183, 412, 438, 586,
99X: 1, 3, 5, 8, 11, 15, 58, 6E, 80, 148, 15E, 187, 223, 2E5, 35E, 477, 5XE, 777, 794, 7E4,
9X2: 1, 25, 141, 291,
9X4: 1, 4, 7, 16, 17, 2X, 90, 96, 310, 384, 481, 516, 631, 72X, E36,
9X8: 1, 3, 4, 8, 21, 29, 51, 59, 61, 67, 88, 91, 147, 180, 1X0, 441, 504, 619, E89,
9XX: 3, 6, 15, 19, 29, 39, 66, 95, X9, 193, 223, 285, 3E9, X65,
9E2: 1, 3, 5, 6, 9, 13, 1E, 20, 33, 39, 68, 75, 79, 110, 120, 121, 147, 1X9, 252, 2X1, 3E1, 459, 88E,
9E4: 16, 53, 8X, 106, 507, 6EX,
9E8: 2, E, 42, 52, 67, 82, X3, E5, 10E, 12E, 169, 192, 219, 252, 3X2, 445, 513,
9EX: 2, 8, 12, 14, 29, 2X, 30, 54, 58, E6, 236, 2XX, 341, 388, 3E0, 514, 552, 960,
X02: 3, E, 24, 37, 66, 77, E6, E7, 217, 26E, 2X0,
X04: 5, 31, 6E, 16E, 6E1,
X08: 5, 6, 8, 16, 20, 22, 30, 35, 46, 50, 51, 54, 56, E0, E8, 160, 232, 252, 360, 6X8, X0X, X30, E3X,
X0X: 1, 2, 5, 9, 14, 25, 27, 39, 44, 48, 49, 57, 5E, 68, 134, 139, 1E5, 208, 311, 438, 569, 738, 774,
X12: 4, 5, 8, E, 1E, 29, 44, EE, 135, 145, 154, 273, 570, 678, 6EE, 93E, 9X4,
X14: 2, 5, 12, 17, 1E, 26, 37, 4E, 137, 145, 206, 38X, 472, 4E9, 736,
X18: 3, 4, 5, 6, 10, 13, 19, 24, 31, 37, 73, 131, 217, 634, 68E, 984, X14,
X1X: 8, E, 20, 47, 118, 130, 198, 1E6, 237, 320, 397, 4XE, 5E6, 984,
X22: 1, 3, 6, X, 16, 1X, 21, 31, 63, 97, 233, 257, 7EX,
X24: 4, 6, 14, 16, 19, 26, 30, 84, 135, 189, 294, 4X4, 556, 789, X74, XX4,
X28: 23, 150, 6X3, 943, EX6,
X2X: 1, 5, 14, 15, 44, 149, 163, 2X0, 404, 467, 4X9, 581, 633, 837, E64,
X32: 5, 15, 39, X9, 278, 2E8,
X34: 6, 7, X, 1X, 20, 21, 23, 33, 38, 51, 5X, 61, 91, 136, 189, 1X2, 238, 242, 330, 703, 936, E47,
X38: 1, 5, 9, 15, 1E, 21, 29, 2E, 35, 44, 79, 11E, 171, 27E, 300, 571, 699, 9E4,
X3X: 1, 11, 15, 16, 17, 1E, 22, 23, 36, 61, 11E, 1EE, 221, 24E, 347, 45E, 515, E1E,
X42: 4, 5, 12, 2X, 37, 77,
X44: 3, 4, 8, 14, 18, 1X, 1E, 34, 43, 52, 62, 6E, 94, EE, 134, 162, 163, 193, 2XX, 2E3, 458, 47E, 494,
X48: 2, X, 12, 52, 5X, 72, 49E, 8E5,
X4X: 1, 6, 9, 11, 26, 30, 31, 4X, 99, 126, 401, 969,
X52: 4, 6, 7, X, E, 1X, 1E, 27, 2E, 37, 3X, 73, 174, 19X, 21E, 234, 320, 354, 383, 580, 89X,
X54: 5, 10, 35, 38, 4E, 80, 105, 110, 20E, 250, 47E, 73E,
X58: 1, 4, 19, 20, 29, 41, 74, 91, E2, E9, 129, 184, 5X8, 7E4, 830,
X5X: 8, X, 10, 13, 18, 1X, 26, 29, 30, 3X, 48, 4X, 69, 80, 109, 10E, 124, 143, 7E5, 8X6,
X62: 7, 9, 10, 11, 13, 15, 19, 27, 79, 95, E1, E3, 109, 133, 155, 171, 179, 299, 3E0, 579, 7E5,
X64: 1, 6, 7, X, 55, 85, 2X3, 421, 48X, 56X,
X68: 2, 3, 9, X, E, 17, 18, 1X, 21, 72, 7X, 83, 95, 97, 109, 118, 125, 265, 303, 365, X34,
X6X: 2, 1X, 4X, 57, 247, 457, 5X8, 614,
X72: 3, 7, E, 15, 17, 22, 3E, 45, 5E, 81, 8E, 96, X9, 12E, 371, 493, 937,
X74: 1, 2, 5, 28, 30, 48, 52, 56, 69, 82, 116, 161, 191, 320, 618, 812,
X78: 8, X, 18, E0, 132, 13X, 1E4, 30E, 434, 577, 718, 79E,
X7X: 45, 67, 91, 107, 42E, 527, 5X5, 85E,
X82: 2, 4, 18, 42, 49, 60, 62, 84, 124, 155, 1X0, 219, 228, 249, 304, 344, 619, 976, X54,
X84: 2, 3, 4, 5, 6, 18, 1X, 1E, 24, 2X, 35, 4E, 54, 62, 82, 8E, 124, 262, 36X, 401, 578,
X88: 3, 4, 17, 21, 23, E5, 10E, 180, 277, 394, 420, 677, 937,
X8X: 1, 2, 6, 7, 11, 2E, 32, 36, 37, 3X, 51, 62, 8E, X5, X7, 106, 117, 246, 305, 31X, 37X, 401, 4XX, 68X, 69X,
X92: 1, 3, X, 10, 11, 14, 17, 39, 5X, 99, X0, 116, 404, 633, 7E4, X63,
X94: 2, 3, 4, 10, 20, 32, 72, 82, 88, 93, 9X, 19X, 1E3, 334, 3E2, 466, 634, 658,
X98: 25, 35, 53, 9E, 289, 903,
X9X: 1, 5, 10, 11, 19, 36, 3X, 46, 59, 74, 134, 16X, 31X, 3E4, 4XX, 506, 5X4, 840, 969, 9X4,
XX2: 2, 13, 18, 2E, 33, 74, 77, X3, E2, E3, 143, 1E8, 238, 877, 9X7, X1E,
XX4: 1, 3, 4, 13, 14, 28, 40, 48, 67, 98, 133, 221, 253, 343, 367, 407, 494, 741, 7X8, 899,
XX8: 1, 6, 9, 12, 22, 24, 28, 3X, 64, 76, 85, 99, 114, 135, 191, 1X6, 22X, 278, 290, 374, 37X, 391, 83X, 84X, 854, X00,
XXX: 5, 6, 9, E, 13, 17, 48, 61, 65, 67, 87, 90, 188, 197, 42E, 468, 871, 9X1, E9E,
XE2: 1, 4, 7, 37, 48, 54, 5E, 217, 241, 2E1, 38E, 867, 914, 994, X85, E57,
XE4: 13, 363, X5X,
XE8: 4, X, E, 16, 18, 22, 24, 25, 44, 64, 84, 102, 114, 218, 398, 399, 492, 642,
XEX: 6, 10, 36, 48, 70, 83, 12E,
E02: 3, 5, 7, 11, 19, 26, 31, 3X, 3E, 47, 106, 135, 141, 203, 243, 26E, 406, 446, 4E3, 67E, 685, 967,
E04: 11, 26, 40, 95, 192, 23X, 71X,
E08: 2, 4, 6, 17, 18, 54, 62, 66, 9X, 13X, 158, 202, 234, 482, 517, 942, E97,
E0X: 3, 4, 5, 9, 14, 20, 30, 33, 34, 49, 58, 59, 85, 9E, 1E0, 200, 203, 225, 274, 339, 595, 695, 725, X08, X9E,
E12: 1, 5, 6, 16, 40, 66, 80, 140, 1E6, 215, 289, 500, 906,
E14: 1, E, 1E, 21, 35, 4E, 5E, 67, 7E, 9E, 5XE, 787, 94E,
E18: 14, 18, 23, 25, 57, 63, 65, 84, 187, 321, 358, 46E,
E1X: 1, X, 12, 17, 19, 27, 31, 36, 53, 57, 77, 10X, 1X6, 273, 493, 519, 603, 747,
E22: 2, 4, 8, 9, X, 10, 12, 13, 1X, 32, 33, 38, 70, 74, 96, 100, 138, 141, 168, 169, 182, 1X1, 1E9, 20X, 324, 344, 49X, 4X7, 4E1, 667, 799, 887, X02, E98,
E24: E, 17, 18, 23, 30, 67, 8E, 303, 428, 466, 878, X7E,
E28: 2, 1X, 52, 62, 6E, 171, 186, 19X, 285, 327, 571, E81,
E2X: 2, 8, 9, 12, 1X, 25, 38, 4X, 78, 81, 178, 2X1, 364, 414, 511, 618, 922, X1X, X91,
E32: 3, 4, 6, X, 12, 2E, 5E, 193, 1X2, 1X4, 21E, 380, 400, 476, 83X,
E34: 1, 4, 5, 7, 9, 17, 20, 23, 53, 58, E4, 109, 125, 147, 1E1, 389, 577, 609, 710, 833, 919, E35, E41,
E38: 6, 6X, 81, 330, 35X, 366, 414, 584, E84,
E3X: 1, 2, 6, 8, E, 16, 1X, 25, 51, 5X, 6X, 94, EE, 110, 135, 140, 240, 278, 2X4, 4X4, 74E, 935, E1E, E2E,
E42: 10, 23, 139, 189, 208, 463, 710,
E44: 2, 3, 5, 9, 12, 29, 42, 43, 76, 96, 11X, 179, 18X, 359,
E48: 1, 2, 3, 11, 15, 22, 45, 69, 133, 137, 150, 167, 188, 233, 396, 793, E71,
E4X: 6, E, 10, 1E, 44, 93, XE, 106, 11X, 2E6, 39E, 876, X3X,
E52: 1, 2, 9, 22, 32, 5X, 69, 91, E2, 113, 171, 211, 245,
E54: 1, 2, 22, 6X, 128, 144, 279, 326, 432, 472, 56X, X31, E82,
E58: 2, 4, 7, 8, E, 1X, 37, 52, 7X, 9E, 18E, 197, 34E, 3E2, X48,
E5X: 3, 13, 39, 273, 403,
E62: 1, 6, 1X, 24, 32, 36, 44, 61, 64, X0, 106, 132, 151, 174, 204, 491, 644, 7E6,
E64: 2, 3, 12, 32, 3E, 59, 68, 93, 159, 1E9, 203, 3X3, 59E, 612, 703,
E68: 3, 8, 18, 44, 185, 29E, 515, 524, 635, 8EE, 949,
E6X: 5, E, 12, 25, 2E, 35, 37, 39, 59, 62, 66, 85, 9X, XX, 127, 13X, 17X, 1X5, 1EX, 24X, 29X, 42E, 457, 59X, 68E, 752, 779,
E72: 1, 9, 19, 46, 57, E5, 110, 121, 2X7, 450, 95E,
E74: 4, 7, E, 10, 24, 27, 34, 504, 520, 606, XX6,
E78: 2, 9, X, 13, 17, 29, 47, 57, 87, E2, 147, 162, 23X, 307, 331, 361, 531,
E7X: 2, 18, 75, X2, 1X5, 404, 482, 71X, E25,
E82: 2, 3, 22, 30, 32, 57, 70, 130, 213, 242, 256, 2E2, 312, 462, 857, 892,
E84: 1, 4, 10, 17, 24, 37, 69, 8E, 117, 14E, 195, 204, 243, 557, 831, X45,
E88: 4, 12, 39, 75, 88, 104, 215, 2E9, XX4,
E8X: 4, 13, 18, 21, 22, 36, 54, 56, 80, X2, X3, E9, 128, 142, 193, 333, 516, 550, 6X3, 989, E74,
E92: 1, 3, 5, E, 11, 24, 28, 34, 57, 78, 87, 14E, 277, 2E3, 304, 579, 779,
E94: 1, 2, 5, 6, 9, E, 13, 15, 17, 23, 29, 45, 52, 59, 14E, 187, 1X5, 223, 349, 409, 623, 745, 881, 926, E06,
E98: 1, 2, 4, 7, X, E, 10, 27, 34, 3X, 40, X2, X8, 137, 2X0, 307, 366, 555, 572, 577, 591, 5XX, 8E8, 966, X7E, E08,
E9X: 3, 7, 8, X, E, 13, 22, 23, 27, 5E, 84, 153, 1X3, 262, 28E, 343, 637, 6EX, 868, 957,
EX2: 3, 6, 476,
EX4: X, 15, 26, 29, E5, 2E5, X58,
EX8: 16, 26, 30, 63, 113, 1EE, 216,
EXX: 5, 14, 15, 17, 21, 38, 71, 78, 32E, 570, 744, 770, 798, 890, X98,
EE2: 1, 2, 6, X, 10, 21, 3X, 48, 56, 8X, 106, 130, 324, 436, X84,
EE4: 3, 5, X, 15, 16, 26, 40, 62, 74, 150, 159, 212, 348, 35E, 390, 516,
EE8: 1, 9, E, 17, 23, 27, 3E, 53, 61, 73, 8E, X9, E5, 127, 167, 207, 209, 318, E83,
EEX: 3, 5, 16, 3E, 41, 46, 53, 57, 59, 79, 81, 87, 8X, 12E, 13E, 167, 26X, 291, 349, 7XE, 839, XXX,
