2: 2, 4, 5, 6, 9, 1X, 31, 35, 76, 86, 89, 225, 374, 391, 3X9, 460, 550, 556, 679, 949,
4: 2, 3, 5, 19, 27, 31, 35, 45, 61, 85, 127, 14E, 169, 31E, 3X5, 463, 931,
8: 1, 3, 4, 7, 8, 12, 18, 1X, 52, E7, 192, 1X8, 2EX, 637,
X: 1, 3, 4, 5, 6, 8, 15, 16, 19, 1X, 30, 32, 35, 46, 48, 69, 78, 84, 8X, 114, 21X, 29X, 3X8, 632,
12: 1, 2, 3, 4, 5, 8, 15, 17, 25, X4, 214, 454, 845, X91,
14: 1, 2, 3, 5, E, 13, 43, 59, 83, 16E, 279, 389,
18: 1, 2, 3, 4, 5, 6, X, E, 17, 18, 1E, 21, 22, 5E, 68, 77, 85, E7, 106, 12E, 148, 186, 41E, 442, 79X,
1X: 1, 2, 3, 4, 9, 11, 24, 39, 3X, 134, 1E9, 494, 4X1, 889,
22: 1, 2, 7, X, 11, 1X, 23, 26, 49, 52, 99, 193, 387, 463, 609, 6E2, X52,
24: 2, 4, 6, X, 13, 1X, 20, 23, 2E, 53, 77, 7E, 80, X4, E0, 164, 1E4, 242, 270, 300, 3E4, 498, 516, 7E4, 814, E96,
28: 1, 2, 3, 5, 8, 16, 19, 59, 70, 131, 160, 325, 456, 480,
2X: 1, 3, 4, 7, E, 11, 25, 28, 30, 38, 67, 111, 145, 245, 32E, 6E0, 9X5,
32: 2, 3, 4, 6, X, E, 34, 4E, 56, 7E, 98, 114, 13E, 2X3, 30X, 588, 6X8, 788, 798, XE3,
34: 1, 2, 3, 4, 8, X, 11, 34, 3X, XEX,
38: 1, 3, 4, 5, 7, 11, 23, 25, 39, 40, 60, 71, 110, 163, 214, 333, 353, 511, 974, EX0,
3X: 1, 2, 3, 5, 6, 7, E, 16, 35, 3E, 42, 81, 10E, 11E, 127, 12E, 147, 182, 205, 20E, 2X7, 305, 461, 552, 586, EE5,
42: 1, 2, 3, 4, 5, 7, 11, 38, 41, 4E, 53, 63, 93, 104, 118, 13E, 232, 327, 387, 481, 503, 51E,
44: 2, 4, 5, 6, X, 19, 29, 30, 56, 59, 82, 90, 104, 198, 29X, 529, 596, 5EX, 786, 835, 88X, XX9,
48: 1, 2, 3, 6, 7, E, 11, 12, 15, 16, 1E, 22, 29, 2X, 65, E2, 133, 14E, 217, 261, 2X1, 336, 389, 40E, 452, 465, 4X6,
4X: 3, 4, 7, X, 10, 2X, 33, 86, 234, 3X0, 6EE, X10,
52: 1, 2, 4, 5, 11, 12, 20, 21, 31, 35, 78, X8, 118, 20X, 29X, 540, 5EX,
54: 1, 3, 4, 5, 11, 17, 25, 7E, 105, 125, 22E, 777,
58: 2, 3, 4, 6, 20, 22, 33, 46, 52, 68, 2X2, 2E2, 776, 913, E73,
5X: 1, 2, 3, 4, 5, 6, 8, X, 11, 13, 22, 24, 30, 69, 84, E8, 125, 131, 199, 239, 333, 361, 396, 3X8, 484, 665, E88,
62: 1, 3, 4, 7, 9, 11, 19, 21, 29, 37, 39, 51, 63, 81, X3, 131, 189, 1X9, 269, 317, 419, 479, 863,
64: 1, 2, 4, 5, 6, 7, 12, 1E, 2E, 52, 8E, 175, 1E5, 266, 285, 316, 355, 482, 495, 6XX,
68: 2, 3, 5, 8, 9, 15, 23, 26, 32, 38, 40, 45, 52, 7E, E0, E5, E6, 105, 10X, 154, 15X, 185, 495, 595, X3E,
6X: 1, 2, 6, X, 10, 26, 3X, 81, 91, X0, E0, 158, 1X0, 240, 248, 390, 8E1,
72: 1, 3, 4, 5, 6, 9, X, 27, 33, 5E, 71, 77, 89, 105, 199, 201, 2E1, 409, 4E1,
74: 2, 3, 4, 6, 7, 8, 10, 12, 17, 26, 27, 30, 72, 77, 96, 128, 132, 193, 258, 286, 29E, 318, 3E2,
78: 1, 2, 4, 5, 8, 18, 1X, 21, 42, 1X8, 338, 552, 5E8, 715, 788, XX8,
7X: 3, 4, 5, 10, 13, 15, 18, 20, 40, 48, 58, 5E, EE, 140, 259, 870, 968,
82: 2, 3, 4, 6, 7, 10, 12, 13, 14, 16, 1X, 1E, 20, 37, 46, 63, 72, 78, 8X, X8, 11E, 120, 142, 292, 294, 378, 3E6, 613, 61X, 833, X50, E4X, EX3,
84: 1, 3, 4, 7, 9, 11, E7, E9, 111, 149, 179, 297,
88: 1, 4, 5, 7, E, 10, 14, 15, 30, 54, 55, 88, 8E, 135, 288, 2X7, 334, 520, 59E, 958,
8X: 1, 2, 3, 5, 7, 9, X, 13, 15, 1X, 22, 25, 47, 52, 75, 77, 79, 93, 9X, 127, 15X, 175, 1XE, 20X, 322, 3XX, 4E9, 503, 571, 662, 67X, 712, 732, 815, 997, X22, E6X, EEE,
92: 1, 2, 3, 4, 6, 8, 10, 14, 17, 19, 20, 24, 29, 2X, 47, 51, 66, 92, EX, 101, 119, 211, 22X, 277, 292, 334, 4E9, 5X0, 840, 8X7,
94: 1, 2, 4, 5, 6, 8, 9, X, 11, 34, 35, E1, 121, 41X, 429, 552, 769, 8E6, XE2,
98: 1, 2, 3, 5, 6, 11, 12, 1E, 22, 43, 69, X7, 105, 10E, 37E, 471, 502, 517,
9X: 2, 4, 7, 14, 32, 67, 8E, 97, E2, E7, 137, 144, 15E, 497, 907,
X2: 2, 4, 6, 14, 28, 35, 36, 40, E2, 2XX, 386, 60X,
X4: 3, 4, 7, 9, 13, 18, 44, 84, 221, 273, 363, 4X3, 7E9, X78,
X8: 3, 4, 6, X, E, 13, 17, 1X, 1E, 44, 46, 47, 73, 83, 8E, 117, 126, 16E, 174, 19E, 207, 30E, 440, 6E6, 813, X1X,
XX: 1, 3, 5, 6, 9, 12, 22, 27, 32, 41, 42, 51, 53, 67, 138, 149, 1X9, 331, 3X3, 400, 449, 569, 881,
E2: 1, 3, 4, 5, 7, 8, E, 13, 14, 19, 1E, 24, 33, 41, 49, 55, 14E, 197, 263, 284, 2X5, 2E3, 318, 418, 559, 577, 89E, X68,
E4: 2, 3, 5, 6, X, E, 19, 1X, 22, 23, 36, 8X, XE, 17X, 1E2, 282, 32X,
E8: 1, 2, 3, 4, 5, 8, 9, X, E, 11, 12, 14, 15, 18, 1E, 2E, 35, 6E, 85, 91, X1, XX, 134, 1X2, 1X3, 1X8, 1E2, 258, 268, 301, 308, 335, 33X, 3EX, 42E, 444, 4XX, 4E4, 6XX, 735, 78X, 7E3, 845, 968, E65,
EX: 1, 4, 5, 6, 9, X, 10, 14, 1X, 34, 35, 5X, 6X, E5, 104, 140, 3E6, 434, 506, 754, 8X9, E35,
102: 2, 5, 12, 26, 52, 86, 10E,
104: 2, 4, 7, X, 12, 47, 67, 187, 22X, 277, 418, 454, 483, 644, 6E3, X2X,
108: 1, 4, 6, 9, X, 2X, 101, 136, 1E0, 341, 3E9, 411, 454, 639,
10X: 1, 3, 4, 5, 10, 11, 17, 18, 20, 27, 29, 2E, 30, 31, 48, 53, 55, 65, 70, 7E, 87, 91, E9, 127, 138, 215, 258, 291, 38E, 445, 7X3, X01,
112: 2, 3, 6, 7, E, 13, 1E, 2E, X6, 162, 190, 457, 493, 616, X58,
114: 1, 2, 4, 5, 6, 7, X, 10, 36, 50, 58, 84, 87, 15X, 195, 23E, 241, 2X0, 300, 31E, 45E, 658, EEX,
118: 3, 4, 5, 8, E, 18, 19, 20, 24, 2E, 7E, 94, 95, 103, 13E, 199, 239, 269, 370, 54E,
11X: 1, 2, 3, 6, 12, 16, 19, 29, 46, 62, 93, 99, 109, 176, 399, 4X2,
122: 1, 4, 5, 7, E, 47, 4E, 71, 8E, XX, 15X, 177, 32E, 52E, 697,
124: 2, 5, 6, 8, 15, 18, 22, 25, 58, 68, 95, 98, X5, 145, 148, 188, 409, 479, 585, 589, 642,
128: 1, 2, 3, 5, 7, 9, 11, 2E, 43, X1, 11E, 195, 262, 291, 402, 622, 649, 941, 992,
12X: 3, 4, 10, 14, 16, 56, 70, 124, 254, 260, 326,
132: 1, 2, 4, 5, 6, 8, 9, 12, 1X, 35, 48, 108, 116, 128, 144, 5X2,
134: 1, 3, 4, 5, 7, 14, 1E, 20, 24, 67, 79, 103, 160, 257, 2E1, 357, 531, 8E4, 91E,
138: 2, 4, 6, 7, 8, 10, 1E, 24, 27, 38, 5E, 62, 9X, 152, 196, 22E, 3E7,
13X: 2, 3, 4, 5, 7, 11, 13, 47, 74, 254, 288, 30E, 402, 438,
142: 1, 3, 4, 7, 8, 9, 11, 19, 24, 59, 67, 71, 103, 1E0, 310, 4E3, 539, 597, 724, 809,
144: 1, 5, E, 11, 17, 2E, 227,
148: 1, 2, 3, 5, 7, 8, 9, 11, 12, 20, 21, 22, 23, 31, 35, 36, 41, 43, 45, 48, 59, 62, 68, 73, X6, 152, 165, 1E1, 210, 257, 262, 308, 393, 645, 805, 865,
14X: 1, 2, 5, 8, 10, 15, 21, 24, 28, 3X, 52, 61, 98, 130, 138, 220, 334, 390, 548, 608, 7EX, 8E8,
152: 2, 3, 5, 6, 9, 16, 139, 479, 613,
154: 2, 3, 4, 6, 7, 8, 17, 43, 46, 52, 63, 76, 114, 122, 154, 158, 1X7, 33X, 3E0, X26, X96,
158: 4, 5, 9, 10, 11, 16, 20, 50, 65, 75, 141, 166, 184, 734, X54, X99,
15X: 1, 5, 7, 9, E, 23, 35, 39, 80, 81, 279,
162: 3, 4, 8, X, 22, 27, 2E, 63, 68, 77, 93, E2, 188, 1X2, 1E3, 25E, 2X3, 543, 577, 963,
164: 2, 3, 4, 5, 6, 9, E, 12, 13, 25, 4X, 78, 9X, X4, E2, E3, 109, 123, 16X, 27X, 473, 638, 9E2, E53,
168: 3, 5, 8, E, 13, 18, 19, 45, 173, 198, 309, 63E, XE0,
16X: 1, 3, 5, 6, 9, E, 11, 13, 16, 2E, 7X, 356, 456, 629, 74E, 766,
172: 1, 4, 5, 6, 11, 36, 41, 46, 54, E0, EX, 2E0, 461, 564, 676, X41,
174: 1, 2, 4, 5, 8, 1X, 45, 48, 59, 79, 7X, 82, 91, 94, 104, 14X, 209, 414, 481, 701,
178: 1, 2, 5, 7, 9, 13, 51, E7, 129, 169, 197, 209, 256, 313, 391, 451,
17X: 2, 3, 4, 5, 6, 7, 8, 10, 24, 26, EE, 113, 137, 148, 14E, 323, 384, 618, X57,
182: 1, 2, 6, 9, 19, 20, 30, 48, 60, 76, 88, 100, 108, 139, 242, 785, 876,
184: 1, 4, 8, E, 10, 14, 1E, 20, 37, 95, 125, 208, 244, 270, 695,
188: 2, 4, 5, E, 1X, 22, 24, 38, 42, 48, 6X, EE, 152, 318, 392, 544,
18X: 2, 3, 5, 6, 8, 9, 12, 13, 19, 40, 58, 68, 80, X8, 109, 142, 1X9, 5E2, 6E0, 818,
192: 1, 3, 4, 5, 7, 9, 14, 25, 30, 40, 41, 51, 54, 85, 90, 139, 157, 199, 343, 347, 423, 430, 435, 815, 990, 9XE, X70,
194: 3, 5, 7, 9, 17, 29, 37, 53, 89, 161, 361, 6E3, 991,
198: 1, 2, 3, 4, 5, 8, 9, X, E, 11, 1X, 29, 43, 84, 191, 1E2, 332, 34E, 7X8, 942, 98X, 995, 9X4, X28,
19X: 4, 5, 6, 8, 9, X, 12, 16, 25, 2X, 125, 222, 298, 299, 366, 3E9, 520, 559, 7X0,
1X2: 1, 2, 3, 5, 6, 9, 11, 13, 15, 16, 21, 26, 36, 39, 53, E1, 109, 127, 249, 3EE, 45X, 561, 88X, 892, 9X1,
1X4: 3, 6, 10, 23, 60, 66, 76, 117, 123, 14X, 173, 180, 476, 4X6, 933, 956, 9E4,
1X8: 1, 2, 4, 5, 6, 10, 12, 16, 25, 35, 44, 184, 254, 255, 2X4, 2XX, 421, 586, 660, 665, 9X6,
1XX: 1, 4, 5, 7, 8, 11, 15, 1E, 21, 28, 38, 4E, 61, 74, 91, X7, 164, 254, 465,
1E2: 2, 3, 4, X, 10, 17, 23, 2X, 37, 44, 50, 54, 60, 88, X4, 108, 1E7, 230, 238, 264, 277, 360, 470,
1E4: 1, 2, 4, 5, 6, 7, 9, 17, 2E, 33, 67, 69, 75, 80, 91, 92, 10E, 285, 29E, 440, 467, 55X, 649, 664, 917, 926, 958,
1E8: 1, 3, 5, 8, 17, 20, 27, 40, 43, 48, 67, 447,
1EX: 1, 2, 5, 6, 7, X, 11, 12, 15, 1E, 22, 26, 32, 65, 211, 317, 42X, 805,
202: 2, 3, 5, 6, 8, E, 8E, 12X, 506, 762, 788,
204: 2, 4, 8, 9, X, 11, 12, 22, 32, 3X, 71, 92, 9X, X0, 108, 131, 134, 1X0, 2E2, 432, 4E6, 626, 77X, 79X, 86X, X38, E82,
208: 1, 3, 5, 6, 9, 11, 13, 1X, 21, 33, 41, 45, 46, 5X, 71, 7X, 109, 121, 31X, 353, 431, 43X, 785,
20X: 3, 6, 7, 8, E, 10, 12, 22, 33, 37, 3E, 57, 160, 720, 892, 957, 9X8,
212: 2, 5, 9, 25, 329,
214: 3, 4, 5, 8, 9, 19, 24, 33, 35, 88, 9E, X3, 13E, 174, 200, 253, 295, 383, 414, 515, 800, 885, 944, 969,
218: 3, 4, 6, 7, X, 10, 34, 50, 54, 70, 25X, 494, 650, 683, 840,
21X: 1, 3, 4, 5, 6, 7, 9, 20, 21, 31, 36, 3E, 44, 47, 56, 63, 6E, 83, 130, 1XX, 22X, 2E0, 481, 62X, 766, X13,
222: 1, 4, 5, 7, 8, 41, 54, 207, 227, 291, 2E8, 3X1, 847,
224: 1, 2, 5, 7, X, 19, 27, 2X, 31, 3E, 11E, 193, 362, 431, 569, 599, 77E,
228: 1, 2, 3, 4, 6, 7, 10, 14, 1X, 31, 32, 4X, 56, 83, 132, 157, 163, 1E2, 227, 259, 266, 280, 3E2, 623, 676, 873, X02,
22X: 2, 4, 5, X, 12, 31, 32, 81, 90, 122, 1X9, 259, 2E8, 412, 512, 590, 71X,
232: 2, 5, 7, 22, 45, 72, 75, 97, 125, 14E, 1E5, 382, 585, 907,
234: 6, E, 12, 42, 50, 56, 19E, 2X6, 356, 538, E7E,
238: 4, 5, 6, 8, 12, 1X, 30, 34, 3X, 115, 144, 190, 386, 430, 688, 8X9, XE0,
23X: 1, 3, 24, 1E9, 484, 550, 711,
242: 3, 4, X, E, 10, 13, 17, 2E, 43, 53, 56, 96, X4, 103, 1E7, 38X, 3EE, 430, 443, 527, 53E, 68E, 8E7, 987, X56,
244: 1, 2, 3, 5, 6, 7, 8, E, 10, 16, 25, 28, 38, 46, 48, 52, 56, 57, 59, 5E, 62, 66, 76, 118, 147, 330, 386, 428, 475, 51E,
248: 3, 4, 5, 8, 15, 17, 31, 4E, 104, 11E, 5X8,
24X: 2, 5, 6, 15, 22, 43, 5X, XE, 18E, 1X6, 4X6,
252: 1, 4, 5, 6, 8, 9, X, E, 14, 20, 26, 27, 34, 59, 82, 96, E2, 112, 13E, 196, 380, 538, E04,
254: 1, 4, 5, 15, 21, 84, X1, XX, 834,
258: 1, 2, 5, 6, 7, X, E, 16, 21, 26, 32, 45, 51, 122, 14E, 1E1, 205, 2XX, 721, 792, 79E, 991,
25X: 2, 3, 4, 8, E, 13, 1X, 73, 77, 7E, 17X, 197, 1XX, 273, 363, 4E2, 733,
262: 1, 2, 4, 6, 8, X, 10, 12, 1X, 20, 2X, 32, 34, 38, 61, 62, X9, 139, 15X, 174, 334, 526,
264: 3, 4, 7, 8, 9, 19, 1E, 20, 25, 28, 35, 38, 51, 54, 65, 144, 171, 213, 251, 421, 451, 6E5, XE1,
268: 2, E, 17, 28, 2E, 57, 62, 63, 100, 293, 3X7, 44E, 5X0, 7XE, 868, X97,
26X: 1, 5, 6, X, E, 10, 17, 21, 2X, 47, 64, X2, 157, 15E, 21X, 435, 4E8, 645, 691, 80E, 852, 896, 996, 9E5, E42,
272: 3, 4, 5, 9, 19, 1E, 23, 60, 105, 11E, 154, 235, 2E9, 564, 888,
274: 1, 2, 3, 6, 7, 11, 17, 21, 23, 33, 4X, 69, XX, 117, 189, 2XX,
278: 3, 5, 6, 16, 29, 33, 45, 65, 6E, 75, 10E, 135, 29E, 32E, 379, 615, 625, 969, 9X3,
27X: 1, 2, 5, 6, 9, 29, 30, 31, 39, 60, 105, 185, 210, 215, 266, 440, 928, X02, E75,
282: 1, 3, 7, 33, 8X, 113, 201, 593, EE1,
284: 2, 4, 8, X, 16, 1E, 26, 28, 40, 50, 82, 168, 17E, 1XE, 252, 3EE, 44E,
288: 1, 2, 4, 5, 6, X, 11, 12, 15, 20, 25, 66, 76, X6, 12X, 269, 31X, 3X0, 420, 488, 492, 536, 5X5, 684, 755,
28X: 3, 4, 5, 9, E, 25, 34, 35, 59, E3, 110, 125, 18E, 265, 2X3, 349, 44E, 605, 614, 773,
292: 2, 4, 6, 7, 8, 10, 12, 14, 17, 34, 36, 3X, 40, 78, 84, X0, X7, X8, 128, 174, 194, 236, 264, 33X, 378, 387, 697, X6X,
294: 1, 3, 5, 7, E, 13, 19, 29, 5E, 95, E1, 125, 14E, 255, 601, 679, 681,
298: 1, 7, 31, 47, 91, E8, 101, 378, X61,
29X: 2, 3, 5, E, 13, 29, 42, 55, 56, 92, X6, E6, 125, 129, 143, 149, 275, 2E5, 305, 382, X05,
2X2: 2, 3, 5, 7, 8, 9, 18, 20, 21, 32, 36, 49, 60, 62, 73, 88, X5, X8, EE, 118, 11E, 1E9, 243, 259, 318, 355, 500, 576, 919,
2X4: 1, 4, 6, 14, 70, 8X, 140, 204, 216, 366, 894, 8E6,
2X8: 3, 5, 6, 9, 29, 33, 56, 75, 3X9, 856,
2XX: 2, 4, 6, 8, X, 10, 16, 27, 40, 44, 47, 58, 84, 226, 2E6, 334, 407, 468, 470, 498, 737,
2E2: 1, 5, 6, 14, 29, 30, 3X, 40, 45, 66, 74, 124, 125, 224, 359, 484, 670, X6X,
2E4: 1, 3, 5, 9, 10, 11, 19, 23, 29, 39, 58, 71, 109, 117, 131, 6E8, 743, 7E7, 991, X18,
2E8: 2, 3, 4, 7, 8, 13, 17, 37, 83, 9X, E3, EE, 524, 852,
2EX: 2, 4, 8, 12, 14, 25, 3E, 62, 82, 234, 25E, 364,
302: 1, 4, 5, 7, 9, E, 17, 20, 21, 27, 28, 35, 88, 375, 445, 448, 974, EX7,
304: 1, 3, 5, 6, X, E, 11, 15, 16, 4X, 55, 56, 81, 95, X7, E6, 401, 646, 663, 667, EX1,
308: 2, 4, 5, 7, 8, 12, 18, 2E, 36, 3X, 42, 4X, 5E, 70, 82, X0, 105, 1XX, 280, 2XX, 307, 352, 397, 487, 505, 512, 566, 871, 8X0, 971, 998, X30,
30X: 1, 2, 5, 14, 18, 2X, 42, 88, 89, 101, 32X, 358, 3X1, 3X8, 408, 588, 709,
312: 1, 3, 6, 7, 9, X, 12, 16, 19, 23, 2X, 31, 57, 87, 89, 97, 107, 172, 359, 366, 431, 43X, X82,
314: 2, 3, 4, 6, 8, X, E, 16, 17, 24, 28, 33, 36, 4X, 52, 57, X4, E0, 232, 260, 29X, 302, 322, 378, 536, 703,
318: 1, 2, 6, 9, 10, 59, 150, 1E2, 325, 830, 961,
31X: 4, 5, 7, 17, 2E, 38, 57, 7E, 185, 318, 498, 4E0, 5E8, 7XE,
322: 2, 3, 6, 10, 12, 16, 96, 113, 2X2, 2E8, 64E, 982,
324: 1, 3, 4, 6, 8, 17, 24, 27, 29, 38, 5X, 134, 144, 148, 563, 992, XX4, E78,
328: 1, 4, 7, 9, 10, 11, 14, 20, 34, 43, 50, 51, 53, 444, 601, E10, E73,
32X: 1, 2, 3, 5, 6, 7, 11, 13, 16, 1E, 36, 73, 183, 513, 679,
332: 1, 2, 3, 4, 5, 8, 9, X, E, 15, 19, 22, 24, 25, 2X, 31, 32, 48, 63, 78, 83, 101, 12X, 137, 144, 145, 304, 337, 662, 72X, 731, 803, 853, 917, XX8, E6E,
334: 2, 5, 6, 8, 9, 10, 12, 16, 26, 42, 65, 200, 334, 736, 98X,
338: 2, 3, 5, 9, X, 11, 12, 13, 17, 23, 25, 26, 41, 8E, 91, 112, 12X, 135, 183, 23X, 273, 3E5, 797, 855, X92,
33X: 4, 6, 7, 3E, 156, 187, 453, 744,
342: 1, 4, 5, 8, X, 11, 12, 18, 22, 24, 32, 34, 42, 152, 172, 194, 395, X45,
344: 3, 5, 13, 15, 1E, 3E, 193, 6X5, X13,
348: 2, 3, 6, 7, 8, 14, 16, 66, E0, 193, 213, 246, 337, 9E4,
34X: 1, 3, 4, 6, 7, 11, 26, 30, 33, 46, 87, E6, E7, 12X, 1E3, 1E6, 203, 211, 283, 2X7, 2E6, 30X, 354, 511, 870, XE1,
352: 1, 3, 5, 7, 8, 10, 35, 37, 3E, 43, 49, 4E, 55, 60, 85, E9, 12E, 131, 195, 208, 231, 258, 290, 3X0, 435, 723, XE3,
354: 2, 6, E, 11, 12, 17, 1E, 22, 27, 36, 3X, 45, 66, 85, 86, XE, 182, 217, 245, X4X, X82,
358: 2, 4, 5, 6, 9, X, 12, 14, 15, 19, 20, 26, 72, 75, 9E, 16E, 180, 1E8, 21X, 506, 550,
35X: 1, 4, 6, 9, 11, 29, 32, 34, 50, 59, 1E0, 220, 290, 431, 640,
362: 1, 3, 5, 6, X, E, 51, 81, 83, XE, 137, 165, 17X, 235, 2XE, 2E5, 306, 509, 596, 736,
364: 2, 8, 252,
368: 1, 2, 4, 5, X, 14, 15, 18, 38, X1, 101, 1E2, 2X5, 355, 455, 578, 5E4,
36X: 3, 4, 5, 8, 1E, 20, 25, 4E, 54, 219, 268, 463,
372: 2, 3, 6, 7, 8, E, 14, 20, 24, 2X, 32, 6E, 83, 1X0, 277, 300, 426, 583, 5X8, 692, 826, 892, 940, XE7,
374: 4, 5, 7, 9, 16, 1X, 21, 40, 55, 84, 281, 2X1, 3X7, 5E7, EX4,
378: 1, 4, 5, 7, 8, 11, 1E, 25, 28, 31, 47, 4E, 51, 11E, 127, 128, 1X4, 264, 317, 31E, 320, 3X8, 4X8, 507, 60E, 891, X30,
37X: 1, 3, 5, 9, 11, 12, 19, 1E, 22, 82, 9E, 112, 181, 1XE, 67E, 732, 781,
382: 2, 3, 4, 6, 7, 10, 13, 30, 63, 100, 106, 126, 184, 193, 273, 334, 404, 406, 427, 44X, 478, 692, 716,
384: 2, 6, 8, 15, 16, 36, 61, 72, 135, 1EX, 221, 2E5, 325,
388: 3, 5, 6, E, 25, 36, 3E, 4E, 53, 5E, 76, 11E, 123, 179, 81E, 843,
38X: 4, 6, X, E, 12, 17, 18, 1X, 26, 48, 50, 5X, 7X, 88, XX, XE, 177, 197, 1E6, 212, 244, 25X, 34X, 4X6, 624, 776, 966,
392: 4, 9,
394: 1, 4, 9, 10, 19, 63, X4, 278, X67,
398: 3, 4, 6, E, 14, 2X, X3, 19E, 230, 3XE, 756,
39X: 1, 2, 3, 5, 6, 7, 8, E, 11, 16, 17, 30, 31, 35, 47, 75, 11E, 12E, 150, 242, 6X2, 9E8, XX8, XE0,
3X2: 5, 8, 13, 14, 18, 19, 1E, 24, 51, 55, 73, 11E, 187, 688, 7E8,
3X4: 2, 5, 6, E, 13, 19, 22, 2E, 35, 43, 52, 63, 6X, XE, 109, 11E, 162, 20X, 32X, 975,
3X8: 1, 4, 5, 7, 12, 14, 42, 58, 68, 6X, 104, 105, 18X, 1X4, 458, 55X, 60X, 6X7, 935,
3XX: 6, 9, 15, 115, 159, 416, 769,
3E2: 1, 2, 6, 7, 1X, 21, 25, 26, 41, X5, 241, 30X, 43X, 555,
3E4: 3, 4, 7, X, 13, 447, 4X7, 554, 673, 73X, E73,
3E8: 1, 2, 4, 6, X, 10, 12, 14, 2X, 32, 5X, 69, 71, 102,
3EX: 1, 3, 5, 7, 8, E, 11, 20, 33, 34, 37, 41, 5E, 65, 69, 79, X0, X3, 129, 131, 153, 17E, 203, 247, 263, 269, 368, 391, 499, XX0,
402: 2, 6, 7, 16, 38, 3E, 573, 697, X38, X7E,
404: 1, 2, 4, 5, 6, 7, 8, 10, 11, 16, 18, 34, 44, 47, 74, 7E, 8X, 9X, E7, 105, 184, 1E2, 202, 258, 36X, 395, 5E0, 756, 7XE,
408: 3, 4, 10, 14, 1E, 28, 59, 24E, 400, 565, 89E, 980,
40X: 2, 7, 12, 57, EX, 267, 3XX, 6X1,
412: 1, 3, 4, 5, 6, 7, E, 10, 13, 1E, 27, 3X, 66, E6, 133, 247, 273, 275, 344, 36E, 443, 63X,
414: 5, 6, 16, 19, 22, 26, 38, 50, 55, 82, 85, 100, 160, 2E6, 316, 320, 358, 388, 646, 8X9,
418: 1, 2, 3, 5, 9, X, E, 13, 19, 27, 31, 53, 55, 92, 125, 14E, 152, 195, 1E2, 34X, 52E, 543, 772, E6X,
41X: 3, 6, X, E, 10, 1E, 30, 53, 84, 98, E0, 143, 194, 196, 35E, 590, 5EE, 812,
422: 1, 2, 4, 5, 6, 9, 16, 18, 2X, 50, 51, 100, 150, 189, 1E8, 200, 279, 3X8, 544, 762, 788, 852, X4X,
424: 1, 3, 4, 7, 9, 10, 13, 14, 15, 21, 27, 41, 5E, 114, 144, 250, 29E, 479, 897, XE1,
428: 2, 7, 8, X, 10, 16, 20, 37, 47, 60, 6E, E7, 33E, 378, 547, 608, 82E, 9E4, X17,
42X: 1, 2, 5, 9, X, E, 12, 14, 23, 27, 2X, 35, 3X, 52, XE, 171, 238, 282, 382, 387, 544, 839, 914, 955,
432: 3, 9, 19,
434: 1, 2, 5, 6, 7, E, 13, 15, 17, 2X, 41, 57, 5X, 75, 7E, 8X, 91, X6, 11E, 129, 1E9, 235, 287, 357, 439, 453, 475, 66X, 709, 746, 8X7,
438: 1, 3, 6, 7, 11, 19, 26, 37, 49, 53, 81, 137, 167, 240, 267, 470, 627, 640, 967,
43X: 1, 2, 4, 5, 6, 8, X, 21, 54, 68, 75, 85, 124, 198, 1X8, 30X, 651, 781,
442: 2, 3, 5, 6, E, 16, 26, 33, 3E, XX, 23E, 2E2,
444: 2, 3, 4, 6, 7, 12, 17, 22, 24, 52, 327, 344, 347, 443, 6XX, XX2,
448: 5, 6, 9, X, 20, 21, 3X, 135, 1E5, 236, 324, 826,
44X: 1, 3, 7, 8, 10, 13, 15, 35, 55, 60, 90, 109, 117, 135, 261, 2X9, 42E, 49E, 865,
452: 4, 7, 8, X, E, 14, 27, 4E, 5X, 64, 87, 10E, 268, 39X, 697, E24,
454: 2, 3, 5, 6, E, 12, 16, 26, 38, 48, 4E, 50, 78, 100, 126, 166, 360, 419, 463, 5E8,
458: 1, 3, 4, 5, 7, E, 10, 15, 17, 23, 34, 35, 59, X0, 110, 127, 1X8, 1E5, 239, 383, 538, 541, 589, 623, 658, 7E0,
45X: 1, 3, 6, 9, X, 13, 17, 19, 1X, 26, 39, 41, 6X, 183, 18X, 437, 476, 6XX, 717,
462: 1, 2, 4, 6, E, 14, 15, 16, 1X, 32, 36, 67, 81, 85, 104, 16X, 1E0, 217, 222, 24X, 291, 346, 444, 64X, 660, 69X, 708,
464: 2, 4, 5, 9, 12, 1X, 25, 31, 61, 62, 111, 191, 278, 302, 909, E04, EE4,
468: 1, 2, 6, 7, X, 1X, 27, E1, 123, 24X, 452,
46X: 3, 4, 6, 8, X, E, 12, 16, 17, 1E, 22, 26, 2E, 63, 83, 123, 172, 286, 623, X47,
472: 1, 2, 5, 6, 21, 28, 30, 149, 169, 228, 338, 4E8, 6X9,
474: 1, 5, 7, 8, 11, 15, 21, 27, 2E, 31, 34, 44, 55, 6E, 127, 181, 218, 364, 805,
478: 2, 3, 4, 6, 10, 12, 20, 23, 43, 44, 52, 78, 14X, 248, 252, 260, 392, 503, 596, 603, 6X0, 82E, E84, EX6,
47X: 2, 3, 6, 9, X, 11, 18, 36, 56, X0, X1, E4, 108, 142, 230, 2E9, 308, 466, 748, 9X8, E91,
482: 3, 4, 5, 9, 10, 15, 20, 29, 31, 61, 100, 1EE, 241, 351, 5E1,
484: 1, 5, 6, 7, 13, 25, 35, 59, 5E, 63, 65, 8E, 105, 171, 187, 201, 333, 519, 527, 917, E5E,
488: 1, 3, 4, 8, X, E, 11, 13, 21, 25, 27, 2X, 34, 38, 48, 5X, 69, 118, 121, 12X, 175, 214, 239, 26E, 2X1, 48E, 508, 567, 56E, 647, 858,
48X: 2, 4, 5, 6, 8, 9, X, 18, 1X, 24, 32, 39, 40, 4X, 75, 102, 1X5, 200, 202, 210, 236, 2X9, 394,
492: 1, 2, 3, 5, 6, X, E, 1X, 22, 26, 31, 39, 45, 72, 92, X6, 185, 18X, 25X, 312, 731, 75X, 82E, 8E6, X42, X47, X76, E12,
494: 3, 4, 6, 7, E, 10, 13, 16, 20, 27, 2E, 43, 44, 53, 54, 56, 63, 80, 93, 94, 16X, 216, 50E, 660, 6X3, 1000,
498: 2, 5, 6, 8, 15, 30, 110, 186, 492,
49X: 1, 4, 7, 8, 14, 28, 103, 237, 2X3, 481, 578, X1E,
4X2: 4, 6, 7, 10, 17, 1X, 2X, 3X, 50, 84, 93, 96, 15X, 453,
4X4: 2, 3, 4, 5, 6, 7, 8, 10, 12, 16, 18, 1E, 31, 36, 37, 38, 40, 50, 57, 68, 71, 73, 74, 79, 7X, 7E, 80, 87, 88, 110, 148, 153, 162, 165, 1E0, 202, 267, 350, 471, 610, 663, 700, 894, X68, E45,
4X8: 1, 3, 5, 7, 8, 9, 11, 13, 18, 25, 35, 41, 91, X5, 171, 1X5, 201, 269, 2X1, 378, 569, 993,
4XX: 5, 6, 7, 12, 21, 26, 55, 5X, 1E1, 255, 371, 637, 992,
4E2: 2, 3, 5, 6, 8, 9, 10, 16, 22, 23, 29, 3E, 60, 73, 82, 90, 10X, 142, 14E, 202, 352, 499, 5E6, 719,
4E4: 1, 4, 6, 8, X, 20, 21, 24, 26, 2X, 44, 50, 68, XX, 126, 158, 198, 36X, 700, 8X1,
4E8: 6, 7, E, 11, 17, 1X, 35, 41, 9E, 8XX, E91,
4EX: 2, 3, 6, 8, 12, 13, 36, 3E, 40, 46, 6E, 108, 132, 363, X3E,
502: 1, 4, 5, 6, 8, 15, 18, 35, 44, 88, 89, 131, 231, 249, 264, 2X4, 434, 641, 6X1, X24,
504: 4, 6, 9, 14, 19, 20, 33, 74, 93, 229,
508: 2, 3, 4, 7, X, E, 10, 12, 13, 16, 18, 27, 48, 50, 58, 74, 76, 94, 96, 10X, 114, 156, 16E, 192, 227, 22X, 242, 306, 318, 66E, 707, E84,
50X: 1, 5, E, 10, 11, 14, 15, 1X, 21, 24, 27, 40, 44, 51, 40X, 529, 57E, 853,
512: 4, 5, 6, 7, 8, E, 11, 17, 20, 34, 40, 57, 8E, 127, 2E4, 611, 85E, 904,
514: 1, 2, 3, 6, 7, 9, X, 15, 17, 1E, 22, 42, 9X, X5, E9, 113, 333, 60E, 70X, 7E2,
518: 4, 6, 7, 8, X, 10, 11, 1X, 26, 31, 40, 41, 44, 76, 81, 97, X9, 108, 204, 2EX, 570, 730,
51X: 1, 2, 4, 5, 6, 12, 14, 15, 2X, 34, 64, 75, 91, 10X, 15X, 1E1, 278, 318, 414, 624,
522: 1, 3, 5, 6, E, 12, 35, 39, 69, 77, 87, 95, 101, 125, 197, 207, 235, 3XE, 60E, 819, 831, X87,
524: 2, 6, 7, 8, 10, 14, 24, 27, 2E, 48, E2, 242, 30E, 464, 52E, 560, 5EE, 63E,
528: 2, 5, 6, 14, 1X, 29, 32, 34, 3X, 49, 125, 1X9, 205, 289, 4E4, 574, 885, E25,
52X: 1, 3, 4, 7, 8, 20, 33, 60, 98, E3, 3X4, 4E4, 518,
532: 4, 6, 7, E, 13, 20, 67, 84, X3, 156, 247, 36X, E6X,
534: 1, 2, 3, 6, 7, 8, 15, 23, 27, 32, 70, 78, 102, 121, 2E2, 343, 916, 930,
538: 1, 4, 5, 7, 9, E, 14, 19, 31, 38, 49, 51, 55, 68, 7E, 105, 119, 177, 179, 224, 325, 405, 824, XE7,
53X: 2, 3, 5, 6, 9, 19, 29, 33, 45, 56, 109, 123, 172, 272, 5XE, 94X, X89,
542: 2, 3, 6, 8, 9, 13, 15, 16, 20, 39, X9, 133, 21E, 2E6, 8E3, 92E, 989, 9X8,
544: 1, 4, 6, 9, 10, 15, 21, 30, 34, 35, 45, 61, 71, 85, 86, E1, E6, 110, 199, 299, 374, 386, 3X1, 476, 591, 670, 950,
548: 1, 6, 2X, 2X1, E4X, E57,
54X: 2, 3, 7, 8, X, E, 12, 14, 22, 3X, 4E, 57, 7E, 132, 18X, 348, 363, 36X, 467, 563, 6E2, 872, X57,
552: 2, 4, 6, 8, 10, 11, 14, 16, 20, 44, 56, X8, E0, 32X, 430, 692, 726, 922,
554: 3, 5, 9, 11, 13, 17, 1E, 1E3, 22E, 589, 6X1, X11,
558: 3, 6, 7, 10, 1E, 60, 83, 97, E2, 288, 608,
55X: 1, 4, 5, 6, E, 12, 16, 1E, 2X, 2E, 38, 67, X4, 12X, 142, 205, 2XE, 317, 697,
562: E, 14, 15, 2E,
564: 2, 3, 6, 119, 776, 959,
568: 1, 3, 4, 5, 6, E, 10, 11, 16, 1X, 49, 60, 7E, 86, X0, XE, 1E5, 250, 4X0,
56X: 6, 19, 31, 39, 40, 91, 120, 170, 189, 470, 911,
572: 2, 5, 7, X, 15, 73, X2, 167, 1E2, 3X5,
574: 4, 6, 12, 22, 30, 34, 38, 44, 62, XE, 123, 262, 272, 274, 3EE, 53X, 918, X98,
578: 1, 5, 6, 8, X, 14, 16, 19, 20, 26, 29, 61, 8X, 91, 286, 49X, 609,
57X: 1, 3, 4, 5, 7, 9, E, 13, 14, 31, 63, 97, XE, E3, E9, 1X9, 26E, 3X4, 4E0, 534, 664, 90E, X53, E89,
582: 2, 6, 8, X, E, 18, 1X, 1E, 28, 68, 84, 98, 102, 26X, 287, 66X, 74E, XXX,
584: 2, 4, 5, 7, 8, X, E, 14, 22, 25, 28, 32, 51, 72, 1EE, 234, 23X, 342, 38E, 728, 842,
588: 1, 3, 4, 8, 9, 11, 13, 30, 31, 57, 317, 447, 531, 5E8,
58X: 1, 6, 7, E, 11, 12, 19, 1X, 1E, 35, 37, 3X, 75, 7X, 81, X7, X9, 17X, 17E, 24X, 307, 385, 565, 585, 72X, 833,
592: 1, 2, 5, 6, E, 18, 19, 20, 22, 31, 36, 57, 86, 180, 455, 518, 671, 769, 7E1, 83E, 9X6,
594: 1, 2, 4, 6, X, 10, 11, 15, 16, 41, 44, 82, 8X, 136, 510, 594, 696, 755, 875, X51, X9X,
598: 2, 3, 5, 6, 12, 23, 25, 3X, 4X, 165, 222, 27E, 335, 99X, X93,
59X: 2, 3, 4, 6, X, 10, 12, 14, 18, 24, E4, 138, 1E4, 1EX, 310, 347, 6E0,
5X2: 1, 4, 5, 6, X, 10, 11, 15, 26, 29, 30, 35, 46, 50, 61, 76, 139, 304, 415, 546, 609, 74X, 779,
5X4: 5, 8, 9, E, 10, 21, 2E, 37, 148, 189, 235, 2EE, 369, 397, 3X7, 540,
5X8: 2, 3, E, 12, 22, 23, 33, 83, 98, 25E, 6X2,
5XX: 3, 4, 5, 8, X, 12, 16, 1E, 25, 29, 7E, 92, 9E, X2, 11E, 126, 238, 255, 25X, 294, 516, 6E9, 73E, 893, 995,
5E2: 3, 4, 51, 160, 319, 544, 589, 944,
5E4: 1, 3, 5, 6, X, 11, 17, 3X, 51, 9X, XE, 375, 5E7, 617, 779, X33,
5E8: 1, 5, 6, 7, 8, X, 16, 25, 26, 71, 77, 88, E5, EX, 100, 142, 347, 416, 456, 4X6, 791, 956,
5EX: 1, 2, 5, 21, 61, 8X, 92, 138, 38X, 3X4, 662, X64,
602: 1, 2, 3, 6, 7, 12, 16, 19, 22, 23, 39, 46, 109, 193, 19X, 231, 23X, 283, 321, 333, 401, 66X,
604: 2, 4, 6, 7, 8, 12, 13, 18, 22, 34, 63, 74, 87, 188, 266, 432, 452, 4X6, 4E0, 4E6, E12,
608: 2, 8, 12, 18, 21, 75, X5, 108, 132, 241, 461, 518, X38,
60X: 5, 10, 15, 60, 155,
612: 4, 6, 8, X, 13, 16, 18, 24, 2X, 2E, 54, 11X, 160, 170, 20E, 9EX,
614: 1, 3, 6, 7, 9, X, 13, 14, 21, 29, 46, 6X, 74, 89, X3, X7, 129, 190, 1E1, 897,
618: 1, 3, 5, 7, 15, 2E, 151, 545, 679, 787, 957, E59,
61X: 1, 2, 3, 5, 6, 7, 9, E, 16, 17, 23, 35, 37, 47, 51, 56, 61, 65, E2, 156, 181, 236, 25E, 422, 4XE, 64E, 797, E05,
622: 1, 2, 3, 4, 5, 7, 9, 11, 17, 1E, 21, 39, 41, 55, 62, 92, X5, 1E3, 217, 24X, 251, 279, 3X9, 473, 50E, 58X, 652, 735, 979, E32,
624: 2, 4, 6, 8, 10, 12, 25, 28, 32, 35, 46, 74, E5, 285, 585, 652, E96,
628: 2, 5, 6, 7, 9, X, 1X, 21, 22, 49, 86, X9, 102, 107, 127, 129, 14X, 153, 171, 249, 26X, 35X, 462, 621, E53,
62X: 7, X, 14, 1E, 27, 37, 7E, 12X, 497,
632: 4, 5, 6, 8, X, 10, 11, 15, 2X, 31, 3X, 41, 108, 10X, 120, 156, 195, 356, 404, 734, 8E0, X22,
634: 3, 4, 5, 7, 8, E, 37, 3E, 43, 4E, 59, X4, 1E3, 29E, 319, 427,
638: 3, 4, 6, 7, 8, 10, 12, 13, 18, 30, 34, 50, 74, 82, 86, X6, 102, 118, 14X, 244, 287, 367, 732, 734, 7X7, 844,
63X: 1, 3, 4, 6, 7, 8, 9, E, 10, 15, 20, 21, 26, 31, 39, 3X, 49, 61, 81, 8E, 14X, 15E, 177, 199, 20X, 263, 264, 2E6, 652, 990,
642: 1, 3, 8, 10, 11, 27, 8E, X9, XE, 175, 191, 325, 427, 487, 631, 717, 885,
644: 2, 5, 15, 16, 17, 2X, 116, 171, 22X, 4E7, 601, 67X, 771, 941,
648: 2, 4, 5, 6, 8, X, E, 13, 29, 2X, 30, 34, 3E, 4X, 6X, 8E, X8, 108, 169, 182, 1X3, 1E9, 234, 248, 286, 324, 4X0, 586, 5E5, 5E8, 939, 960,
64X: 1, 6, 8, 11, 18, 20, 22, 26, 30, 41, 42, 48, 76, 7X, 82, 144, 1X0, 200, 320, 444,
652: 5, 6, 9, E, 13, 23, 2E, 49, 415,
654: 2, 6, 7, 10, 13, 16, 1E, 23, 30, 3E, 40, 106, 123, 166, 1E2, 270, 3E3, 652, 863, 960,
658: 1, 3X, 6X, 74, X9, 139, 30X, 5X4, 7EX, XX4,
65X: 3, 4, 5, 9, E, 10, 13, 15, 25, 30, 35, 39, 53, 59, 6E, 123, 139, 17E, 29E, 433, 449, 455, 493, 544, 729, 76E, 773,
662: 2, 3, 4, 7, 8, X, 1X, 24, 26, 28, 42, 4X, 57, 82, 18X, 197, 238, 347, 647, 8E8, 8EX, EX4,
664: 1, 4, 6, 9, X, E, 10, 13, 14, 15, 17, 21, 27, 35, 46, 70, 83, X0, XE, 10X, 140, 16E, 24X, 287, 307, 33E, X94,
668: 1, 4, 5, 11, 95, 127, 131, 2X1, 33E, 39E, 505, XE7, EX7,
66X: 2, 3, E, 11, 12, 23, 2E, 62, 102, 132, 4E9, 73X, X8E,
672: 1, 2, 7, X, 14, 27, 3X, 1X2, 254, 497, 757,
674: 5, 6, 9, 30, 46, 52, 55, 80, 1X8, 1E9, 512, 520, 9E9,
678: 1, 2, 3, 6, 7, E, 19, 29, 35, 3E, 66, 81, 103, 617, 632, 669, 732, 843, 935,
67X: 4, 6, 7, 30, 57, E0, 147, 437,
682: 2, 4, 5, 6, 14, 18, 19, 22, 46, E0, 115, 178, 274, 740,
684: 3, 4, 7, 9, 28, 37, 83, X7, X9, 1E8, 231, 430, 689, 999,
688: 3, 4, 6, E, 2E, 3X, 3E, 54, 5E, 67, 6E, 9E, 156, 170, 243, 39E, 443, 44E, 6E0, 743,
68X: 1, 5, 6, 7, 8, 9, 13, 15, 19, 20, 25, 31, 32, 41, 5E, 89, X5, 155, 192, 193, 258, 278, 493, 879,
692: 1, 3, 7, 11, 13, 17, 21, 24, 25, 27, 57, 78, 79, 83, X7, 103, 141, 197, 201, 274, 2X3, 388, 773, 854, E79,
694: 2, 5, X, 12, 15, 3X, 3E, 16X, 182, 202, 225, 352, 665, 765, 97E,
698: 1, 2, 3, 6, 8, 12, 16, 19, 1X, 38, 51, 61, 99, 189, 224, 239, 302, 377, 3X5, 579,
69X: 5, 9, X, 11, 29, 4X, 196, 589, 780, 88X,
6X2: 1, 2, 5, 6, 7, E, 12, 15, 1E, 21, 25, 27, 35, 4X, 52, 65, 66, 6E, 111, 126, 12E, 24X, 277, 31E, 44E, 4E2, 575, 686, 87X, X35, X81, E9E,
6X4: 4, 8, X, E, 13, 18, 24, 32, 34, 43, 72, 8X, E7, EE, 104, 333, 558, 66X, 8E2,
6X8: 2, 4, 6, 8, 9, X, 14, 18, 19, 1X, 29, 34, 49, 5X, 76, 82, 8X, 1EX, 220, 468, 951, X29,
6XX: 1, 3, 5, 7, E, 10, 11, 14, 24, 30, 78, 10E, 220, 221, 2E5, 358, 3E1, 444, 944,
6E2: 3, 6, 8, 10, 12, 18, 26, 40, 43, 48, 56, X0, 100, 150, 266, 430, 590,
6E4: 1, 2, 4, 5, 6, 7, X, 11, 15, 34, 37, 48, 4X, 5E, 68, 94, E7, 104, 16E, 19E, 2X7, 325, 39X, 4X7, 651, 941, E82,
6E8: 3, 5, 8, 9, 18, 4E, 90, 143, 3E5, 435, 475, 620, 919,
6EX: 2, 6, 7, X, 12, 43, 51, 52, 8X, 122, 2X7, 567,
702: 3, 4, 6, 14, 21, 46, 100, 184, 253, 269, 421, 803, 869, 996,
704: 1, 5, 6, 9, 10, 15, 18, 28, 52, 66, 90, 150, 152, 189, 230, 291, 329, 670,
708: 1, 5, 7, 13, 15, 22, 71, 93, E9, 101, 321, 4X9, 503, 55E,
70X: 2, 3, 4, X, E, 12, 1E, 23, 34, 3X, 3E, 4E, 52, 74, 420, 50E, 6X4,
712: 1, 2, 4, 6, 9, X, 16, 1X, 24, 32, 46, 70, 98, E2, 134, 230, 260, 282, 381, 396, 534, 7E0, 806, X6X,
714: 1, 3, 7, E, 11, 17, 23, 33, 35, 43, 6E, 73, 283, 2X9, 2E1,
718: 2, 4, 12, 14, 28, 34, 3X, 54, 88, X4, E2, 118, 1E4, 5XE, 6XE, 71X, 9E4,
71X: 2, 5, 8, 19, 1E, 22, 49, 62, 65, 8E, 119, 15E, 395, 9X3,
722: 1, 4, 7, 8, 17, 28, 83, 88, X8, E0, 518, 523, 728, 954,
724: 1, 3, 6, 7, X, 19, 51, 76, 93, 99, 233, 477, 481, 4XX, 556, 85X, 8E6, X0X,
728: 2, 3, 5, 6, 8, 10, 12, 1E, 26, 50, 68, 89, 126, 14E, 175, 339,
72X: 1, 2, 6, 8, 11, 14, 16, 20, 26, 4X, 74, 88, X8, 17X, 198, 246, 2X2, 335, 361, 381, 6X4, 781, 7E2, E42, E78,
732: 3, 6, 9, 12, 19, 3E, 83, E9, 71E, E83,
734: 2, 3, 4, 10, 18, 28, 190, 243, 25X, 912, 958, X20, X62,
738: 1, 4, 5, 10, 11, 14, 24, 25, 29, 35, 49, 65, 79, 13X, 231, 34X, 3E4, 410, 6E1, 764, 930,
73X: 1, 5, 8, 11, 17, 38, 105, 317, 4E5, 51E, 547,
742: 2, 3, 4, 7, 8, X, E, 12, 14, 17, 18, 33, 57, 58, E7, 127, 12X, 248, 303, 367, 3X8, 474, 597, 6X7, 812,
744: 2, 3, 6, 8, E, 15, 29, 2E, 39, 42, 63, 120, 129, 19X, 1X3, 22E, 2E8, 498, 920, E0E, E10, EE0,
748: 1, 4, 5, 7, 18, 20, 40, 4E, 77, 78, 111, 11E, 277, 337, 394, 971,
74X: 1, 3, 5, 6, 9, E, 13, 15, 26, 3X, 47, 49, 117, 133, 166, 193, 259, 393, 51X, 586, 70E, 915,
752: 2, 5, 7, 18, 42, 114, 170, 176, 192, 19E, 227, 305, 431, 445, 464, 536, 592, 655, 84X,
754: 1, 2, 4, 5, X, 15, 18, 31, 3X, 41, 42, 52, 59, 85, X5, E5, E8, 142, 3E5, 448, 538, 642,
758: 3, 6, X, 11, 22, 46, 69, 79, 107, 16X, 21X, 3X6, 449, 707, 896, 9XX,
75X: 2, 3, 4, 6, 7, 8, 13, 16, 1E, 20, 26, 28, 34, 6X, 70, 80, 82, E2, 13X, 14X, 15E, 208, 308, 39E, 400, 5X0, 6X7, 838,
762: 5, 6, 8, 10, 22, 35, 82, X6, E5, 116, 400, 842, 910,
764: 7, 8, E, 11, 14, 15, 21, 27, 31, 41, 50, 67, 68, 81, 137, 140, 168, 197, 1E4, 2E7, 32E, 385, 487, 6E4,
768: 3, 6, 10, 16, 23, 24, 26, 40, 60, 80, 154, 15X, 2E6, 314, 486, 624, 8E0,
76X: 1, 3, 4, 7, 8, 9, 14, 16, 31, 32, 33, 37, 43, 46, 70, 10X, 204, 24X, 464, 583, 700, 9X3, X73,
772: 1, 4, 7, E, 15, 21, 57, 91, E7, 20E, 304, 455, 99E, X19,
774: 1, 2, 3, 5, 6, 7, 9, E, 11, 12, 46, 55, 69, 72, 77, 2XE, 343, 643, 819, 8E2,
778: 1, 2, 4, 5, 7, 9, E, 13, 32, 35, 37, 3E, 41, 52, 88, 9E, 169, 21X, 281, 318, 35E, 527, 5X7, 661, X55, XE5,
77X: 2, 4, 5, 6, X, 10, 12, 22, 24, 80, 88, X4, X6, 102, 104, 179, 206, 359, 35X, 365, 379, 414,
782: 1, 2, 5, X, E, 11, 17, 27, E5, 111, 622, 887,
784: 6, 10, 13, 1E, 6E, 126, 150, 296, 606, 676, 80E,
788: 1, 2, 4, 6, 8, 10, 14, 1X, 36, 38, X6, E2, 11X, 1E1, 650,
78X: 3, 4, 34, 91, 109, 757,
792: 2, 3, 6, 7, 8, 14, 1X, 23, 42, 63, 72, 87, 113, 143, 162, 172, 243, 253, 287, 308, 388, 42X, 437, 4E2, 7E8, 847, 84X,
794: 1, 3, 4, 5, 8, 13, 18, 19, 1E, 34, 35, 62, E9, 157, 177, 18E, 25E, 26X, 289, 3E5, 4X5,
798: 3, 5, 7, 8, E, 11, 13, 15, 18, 21, 25, 37, 39, 41, 43, 48, X0, X5, E3, 100, 1E0, 1E1, 230, 390, 3E1, 657, 703, 729, 9X3, E1E,
79X: 1, 2, 5, 6, 7, X, E, 11, 15, 16, 21, 26, 35, 6X, 102, 175, 187, 20X, 28E, 371, 3E6, 4X7, 83X,
7X2: 3, 4, 5, 6, 8, 9, E, 13, 20, 25, 28, 35, 38, 3X, 45, 69, 73, X9, 119, 126, 135, 155, 1X3, 289, 609, 729,
7X4: 1, 2, 4, X, 11, 12, 14, 22, 38, 42, 64, 72, X1, 132, 248, 8E8,
7X8: 3, 7, 13, 17, 37, 39, 41, 5X, 63, 6E, 71, 285, 31X, 407, X11,
7XX: 2, 6, 7, 10, 12, 52, 76, 97, X6, E0, 110, 216, 758, E87,
7E2: 4, 8, 9, 11, 14, 45, 48, 4X, 71, XX, 144, 148, 159, 20X, 442, EE9,
7E4: 3, 4, 8, 9, 10, 25, 68, 398, 3E0, 589, 868, 913, 978,
7E8: 6, 7, 8, X, 10, 23, 24, 43, 77, E6, 11E, 313, 847, 867, EX3,
7EX: 3, 4, 5, 6, X, 14, 16, 1X, 26, 2X, 41, 71, 84, 127, 17E, 186, 5X0, 85X, 9X6, 9EX, XEX, E24,
802: 1, 5, 7, 8, E, 14, 1E, 20, 2E, 47, 81, 118, 381, 538, 547, 821,
804: 1, 3, 7, E, 11, 51, 117, 175, 201, 205, 267, 443, 457, 751, 999,
808: 2, 6, 9, 108, 208, 329, 472, 5E3, 743, E89,
80X: 2, 5, 6, 8, 9, 10, 12, 14, 16, 20, 21, 4X, 8X, E2, E8, 13X, 172, 196, 1X0, 228, 312, 42X, 475, 498, 4X2, X48, X81,
812: 1, 7, 9, 19, 27, 39, 121, 191, 281, 367, 741,
814: 4, 6, 7, 8, X, E, 14, 24, 37, 38, 42, 56, 88, 112, 127, 282, 28E, 2EX, 390, 442, 5X4, 82E,
818: 2, 4, 5, 6, 30, 35, 36, 55, 62, 92, X2, EX, 106, 290, 8E5, 918, X22, X72,
81X: 1, 4, 7, 8, 10, 11, 13, 18, 23, 34, 61, 71, 81, 113, 143, 307, 357, 390, 521, 604,
822: 3, 4, 6, 7, 1E, 2X, 30, 3X, 46, 56, 6E, 96, X3, 100, 124, 1E0, 1EX, 346, 436,
824: 2, 3, 5, 8, 9, 10, 13, 15, 6E, 83, 118, 399, 478, 493, 827, 890, 909,
828: 1, 4, 5, E, 15, 57, 58, 64, 2X4, 34E, 548,
82X: 6, E, 12, 26, 35, 72, 123, 173, 292, 36E, 476, 932,
832: 1, 2, 3, 4, 5, 6, 7, 9, X, 10, 11, 15, 1E, 21, 26, 31, 3E, 46, 5X, 72, 112, 118, 133, 1E8, 253, 2E6, 349, 362, 409, 42X, 435, 444, 6X1, 6E0, 8XE,
834: 6, 10, 40, 120, 24X, 286, 491, 75X, X0X,
838: 1, 2, 5, 6, 7, X, 15, 32, 7X, 9X, 162, 181, 20X, 21X, 27X, 2E7, 521, 52E, 581, 926, X32,
83X: 3, 4, E, 13, 18, 1X, 27, 117, 11X, 137, 152, 193, 384, 397, 732, 74E, 853, 903, X33, X88,
842: 2, 9, X, 12, 18, 28, 42, 58, X8, 130, 176, 1E4, 241, 372, 3E1, 861, 8E4,
844: 1, 4, 7, 10, 17, 30, 51, 59, 63, 68, 88, 99, 100, 124, 1X5, 1E3, 204, 298, 304, 34E, 383, 413, 463, 47E, 694, 731, 753, 788, 7XE, E94,
848: 3, 6, E, 12, 17, 30, 33, 38, 98, 147, 28E, 317, 566,
84X: 2, 4, 5, 7, 8, X, E, 12, 14, 1X, 25, 27, 2X, 38, 78, 84, 107, 124, 164, 247, 254, 767, X77, X87,
852: 3, 5, 8, 10, 13, 1E, 28, 58, 84, 98, 104, 120, 16E, 220, 318, 515, 555,
854: 1, 6, 7, 13, 21, 22, 26, 3X, 66, 7X, X1, X7, 121, 136, 262, 271, 333, 3X1, 3E3, 6E9,
858: 1, 3, 5, 6, 7, X, 17, 19, 25, 36, 41, 59, 9E, 129, 196, 1E7, 2E5, 824, 943, 974,
85X: 2, 9, 12, 31, X1, E0, 301, 335,
862: 1, 2, 5, 9, 17, 1X, 27, 5X, X1, 1X2, 2EE, 309, 807, 962,
864: 3, 6, 8, E, 18, 22, 32, 33, 48, 68, 70, 74, 83, X8, E3, E6, 10E, 270, 28E, 42X, 458, 808,
868: 1, 2, 4, 6, 9, 10, 12, 15, 1X, 25, 31, 39, 40, 42, 56, 71, 95, X1, 235, 291, 400, 615, 95X,
86X: 1, 4, 5, 7, 20, 25, 29, 30, 35, 4E, 73, 81, X5, E1, 127, 141, 277, 280, 393, 644, 7EE, 919,
872: 2, 6, 8, E, 10, 12, 18, 26, 28, 2E, 68, 6E, 9E, E0, E8, 136, 192, 1X0, 288, 346, 408, 650,
874: 1, 2, 3, 5, 7, 9, X, 13, 14, 1E, 29, 31, 32, 35, 43, 58, 5X, X2, 112, 133, 137, 327, 414, 417, 441, 48E, 4X2, 544, 589, 6X3, 6EX, 967,
878: 3, 4, 9, 10, 64, 779,
87X: 2, 7, X, 52, 67, 87, 142, 15X, 166, 249, 2XX, 2E9, 39X, 3E9, 41X, 821, 8E5,
882: 3, 6, 7, 9, E, 23, 29, 66, 69, 79, 85, 87, 97, 146, 179, 246, 259, 367, 391, 528, 570, 9E9,
884: 1, 4, 5, 6, 8, 11, 16, 20, 34, 42, 45, 48, 88, E4, 178, 266, 641, 6XX,
888: 3, 5, 9, X, E, 13, 15, 22, 39, 49, 69, 79, 85, 1EE, 60X, 783, 7X6, 862, X8E, E49,
88X: 2, 3, 7, 8, X, 10, 13, 43, 44, 68, 9X, E4, 104, 200, 460, 46X, 5X0, X68,
892: 1, 4, 5, X, 11, 14, 25, 31, 35, 10X, 241, 38X, 405, 82X,
894: 3, 5, 8, 10, 18, 35, 39, 50, E3, 129, 133, 15E, 178, 323,
898: 2, 4, 7, X, 28, 38, 52, 202, 214, 244, 937,
89X: 6, 9, 19, 23, 33, 34, 49, 56, 94, 96, 140,
8X2: 4, 5, E, 13, 19, 33, 53, 80, 154, EE3,
8X4: 3, 5, 6, 7, X, 11, 13, 19, 26, 45, 6X, 135, 245, 693,
8X8: 1, 7, 8, 11, 26, 35, 68, 86, 110, 37E, 3X5, 414, 435, 518, 717, X5X, E94,
8XX: 1, 4, 5, 8, 9, 14, 15, 19, 24, 31, 38, 41, E5, 195, 1X1, 269, 284, 3X2,
8E2: 1, 2, 3, 6, 9, 11, 13, 27, 32, 37, 91, X3, 101, 137, 15X, 166, 262, 291, 486, 493, 639, 653, 906,
8E4: 2, 8, E, 14, 22, 5E, 94, 9X, X2, X4, X8, 102, 282, 98E, E52,
8E8: 1, 2, 5, 6, 20, 22, 35, 36, 46, 55, 70, 81, 98, 281, 320, 331, 418,
8EX: 1, 4, 5, E, 11, 14, 18, 25, 2E, 31, 5E, 68, X1, X5, 104, 10E, 110, 244, 2XE, 460, 4E7,
902: 2, 4, 6, X, 10, 12, 18, 20, 36, 5X, 78, 92, 9E, X8, 124, 130, 132, 134, 142, 150, 226, 232, 2X0, 594,
904: 1, 2, 6, 7, 8, 12, 16, 18, 28, 30, 42, 82, 86, 9X, 107, 110, 134, 150, 278, 307, 42X, 5X3, XX1,
908: 1, 3, 4, 5, 7, 9, E, 10, 14, 17, 67, 99, X0, X1, X4, 115, 12E, 214, 470, 524, 609, 8E4, X63, X8E,
90X: 1, 2, 3, 5, 6, 7, 12, 15, 19, 22, 26, 31, 32, 37, 39, 3E, 62, 107, 282, 30E, 34E, 385, 403, 422, 463, 747, XX6, E26,
912: 1, 2, 3, 4, 7, E, 12, 15, 17, 19, 1X, 1E, 22, 29, 2X, 33, 57, 5E, 73, 79, X7, E5, EX, 104, 141, 224, 243, 262, 2E2, 3E9, 711, 792, 995, X2X, E81,
914: 2, 4, 5, 9, X, 10, 24, 26, 2X, 34, 40, 58, 75, 7X, 96, 170, 314, 42X, 478, 518, 552, 594, 83X, X94, XX0, E04,
918: 2, 3, 6, 9, 12, 39, E6, 506,
91X: 3, 4, X, E, 13, 14, 1E, 54, 5E, 6E, 93, 104, 176, 276, 446, 670,
922: 1, 6, X, 21, 2X, 31, 4X, 5X, 6X, 76, 81, 12X, 18X, 31X, 44X, 901,
924: 1, 3, 7, 8, 13, 31, 124, 174, 19E, 303, 707, 898,
928: 2, 3, 6, 7, 8, 17, 22, 27, 32, 34, 36, 42, 78, 132, 222, 407, 434, 523, 660, 713, 998,
92X: 1, 2, 3, 4, 5, 6, 7, 8, 9, X, 11, 15, 29, 2E, 33, 43, 4E, 51, 53, 80, 85, 95, X7, 131, 157, 176, 193, 21X, 237, 273, 2X9, 442, 443, 470, 505, 574, 717, 72X,
932: 3, 5, 7, 8, 13, 15, 18, 1E, 20, 25, 2E, 39, 95, 97, X3, E5, 140, 159, 289, 28E, 337, 567, 629, 669, 6X5,
934: 2, 5, 6, X, E, 26, 4E, 76, 96, 136, 236, 42X, 58X, EE6,
938: 4, 5, X, 12, 18, 54, 72, 8X, E2, 114, 11X, 252, 3EE,
93X: 6, 9, 80, E0, E8, 128, 390, 538,
942: 3, 5, 6, 16, 37, 43, 71, 73, 5E9, 603, 673,
944: 3, 6, 7, 10, 20, 47, 56, 63, 66, E0, 127, 236, 613,
948: 5, 8, X, 15, 1X, 21, 25, 32, 39, 48, 59, 65, X9, 259, 3X5, 549, 595, 649,
94X: 3, 9, 10, 35, 70, 2X4,
952: 4, 7, 12, 14, 22, 3X, 5E, 7X, 11E, 144, 156, EE8,
954: 4, 5, 6, 7, X, 11, 1X, 34, 45, 61, 8E, 94, 105, 153, 15X, 647, 6E1, 6E3, 91X, EX3,
958: 1, 4, 7, 8, E, 14, 18, 20, 21, 75, 81, X0, 271, 488, 598, 660, 7E4,
95X: 5, 7, E, 15, 17, 1X, 21, 45, 47, 55, 72, 117, 122, 35E, 381, 38E, 447, 44X, 502, 6X1,
962: 1, 2, 4, 6, 9, X, 11, 1X, 26, 27, 29, 2X, 34, 38, 4X, 64, 110, 111, 149, 154, 162, 17X, 202, 296, 318, 559, X01, X56, E56,
964: 4, 5, 6, 8, 9, 16, 22, 24, 45, 48, 59, 6X, 71, 78, 12X, 132, 19X, 405, 518, 529, 54X, 636, 710, 76X, 786, 992, E15,
968: 1, 2, 6, 7, 9, 11, 23, 51, 62, 72, 246, 25E, 269, 891, X69,
96X: 4, 7, 10, 16, 24, 46, 52, 60, 260, 31E, 387, 3EE, 410,
972: 2, 4, 6, 8, 9, X, 12, 14, 15, 18, 1X, 20, 4X, 58, 75, 89, 132, 154, 235, 2EX, 39X, 570, 672,
974: 1, 4, 11, 14, 18, 20, 48, 74, X9, 114, 358, 3X8, 488, 739, 748, 920, XE8,
978: 3, 4, 6, E, 13, 14, 2E, 34, 204, 2X3, 456, 596,
97X: 2, 6, 7, 8, E, 10, 16, 19, 23, 39, 69, 76, 478, 502, 768, 997, X23,
982: 3, 5, 8, 9, E, 18, 19, 29, 38, 105, 123, 178, 219,
984: 5, 9, X, 25, 75, 11X, 3X5, 80X, 90X, 976,
988: 3, 4, 7, X, 10, 11, 20, 21, 2X, 31, 33, 36, 5X, 74, X3, 184, 250, 264, 2E9, 5X9, 5EX, 781, X07,
98X: 1, 4, 6, 31, 64, 6X, 94, 13X, 241, 29X, 61X,
992: 5, 6, 16, 2E, 41, 4X, 5X, 20E, 23E, 316, 686, 84X, 856, EXE,
994: 2, 3, 4, 8, X, 12, 2X, 32, 4X, 52, 5X, 1XX, 2E4, X4X,
998: 1, 6, X, 26, 29, 30, 5X, 66, 106, 179, 261, 6X9, 82X,
99X: 5, 7, 8, 9, 10, 14, 18, 20, 34, 37, 39, 44, 7E, X7, 104, 114, 167, 2X0, 348, 465, 48E, 4E9, 699, 88E, 968, 975,
9X2: 2, 7, 12, 18, X2, 178, X5E,
9X4: 6, E, 10, 22, 38, 155, 290, 335, 34E, 795, 7X0, 872,
9X8: 5, E, 10, 13, 2E, 34, 35, 38, 5E, 63, 85, 8E, 160, 408, 594, 950,
9XX: 1, 3, 7, 9, 13, 17, 21, 2X, 36, 37, 63, 67, E9, 209, 259, 356, 371, 379, 491,
9E2: 1, 5, 6, 7, 9, 19, 20, 24, 25, 27, 4E, 54, 65, 70, 83, 93, E4, 103, 116, 139, 156, 15E, 1E9, 217, 243, 24E, 291, 461, E27,
9E4: 1, 2, 9, E2, 200, 362, 629, X86,
9E8: 1, 2, 3, 5, 7, 15, 3X, 45, 6X, 81, X5, EX, 101, 161, 1X7, 263, 2X3, 307, 41X, 919,
9EX: 2, 6, E, 12, 16, 18, 1X, 24, X8, EX, 148, 14E, 180, 230, 264, 370, 39E, 43X, 43E, 446, 664, X73, X90,
X02: 1, 2, 4, 8, 10, 11, 12, 1X, 38, 59, 82, 85, 162, 255, 285, 348, 724, 745,
X04: 5, 7, 11, 1E, 21, 10E, 345,
X08: 2, 4, 6, 7, 8, X, E, 14, 17, 18, 24, 26, 60, 70, 140, 152, 160, 17E, 4XX, 60E, 836, 877, 9X7,
X0X: 1, 3, 9, 12, 13, 17, 18, 2E, 42, 5E, 93, 144, 1X2, 1E3, 214, 441, 444, 583, 59X, 8E5, 9E5, E09,
X12: 1, 3, 4, 7, 8, 9, 10, 11, 17, 21, 27, 28, 87, X7, 107, 110, 121, 201, 209, 237, 2E0, 328, 419, 627, 633, 669, 730, 988,
X14: 1, 2, 3, 5, 6, X, E, 11, 1X, 76, 79, 7E, 85, 95, 239, 257, 265, 552, 5E5, 891, 93E, E7X,
X18: 2, 3, 5, 7, 8, 9, E, 10, 11, 26, 2E, 37, 38, 50, 81, E5, EE, 100, 229, 28E, 2EE, 303, 3X3, 426, 435, 467, 479, 496, 635, 988, E56,
X1X: 1, 2, 4, 6, 8, X, 10, 11, 12, 1X, 21, 2X, 35, 38, 3X, 40, 4X, 65, 8X, 95, X5, 114, 155, 181, 1E1, 271, 27X, 386, 390, 840,
X22: 3, 5, 9, 1E, 36, 39, 62, 92, E2, 125, 176, 17X, 259, 35E, 432, 539, 8X6,
X24: 2, 6, 7, 10, 20, 22, 2X, 33, 36, 38, 92, 123, 140, 176, 312, 517, 55X, 602,
X28: 5, 6, 9, 20, 25, 45, 210, 385, 546, 785, XX6,
X2X: 1, 3, 5, 8, E, 13, 15, 18, 28, 33, 35, 37, 50, 5E, 85, 183, 277, 28E, 45E, 578, 615, 907, X5E,
X32: 3, 7, X, 13, 14, 1X, 27, 4X, 137, 253, 25X, 387, 997,
X34: 2, 3, 4, 5, 6, 8, 10, 12, 20, 32, 34, 36, 45, 50, 52, 75, 7X, 188, 373, 422, 538, 6E6,
X38: 1, 8, 9, E, 10, 1E, 24, 28, 2E, 43, 47, 5E, 64, 77, X1, 173, 178, 200, XE0,
X3X: 1, 3, 6, 7, 17, 1X, 1E, 27, E1, 145, 1E1, 22E, 27X, 28X, 783, 935,
X42: 1, 2, 4, 6, X, 17, 30, 50, 77, 80, 12E, 211, 325, 334, 42E, 6E8, 811,
X44: 1, 2, 5, 9, X, 11, 24, 2X, 31, 41, 59, 62, 78, 30X, 374, 434, 488, 4X9, 545, 562, 941, X29,
X48: 1, 2, 7, 37, 3X, 62, 251, 43X,
X4X: 2, 3, 6, E, 28, 30, 1X0, 1E3, 368, 938,
X52: 1, 2, 5, 6, 8, 9, 10, 11, 15, 18, 40, 48, 61, 62, 68, 69, X2, 120, 161, 1X1, 219, 2X5, 456, 539, 839,
X54: 4, 7, 14, 24, 57, 8X0,
X58: 2, 3, 4, 10, 16, 54, 94, 116, 142, 174, 1XX, 4E8, 528,
X5X: 3, 4, 7, 8, 13, 20, 29, 31, 36, 46, 60, 86, E3, 100, 252, 260, 307, 407, 416, 479, 663, 836, 922, 96X,
X62: 1, 3, 4, 7, 9, E, 10, 13, 17, 41, 43, 47, 49, 77, 93, 9E, 110, 123, 149, 183, 674, X07,
X64: 3, 6, E, 11, 13, 16, 47, 91, X3, 112, 149, 157, 263, 276, 3X7, 417, 43E, 731,
X68: 2, 3, 4, 5, X, 12, 18, 19, 27, 32, 6E, 122, 134, 219, 598,
X6X: 5, 8, X, 24, 28, 112, 124,
X72: 1, 3, 5, 6, 7, E, 11, 12, 1X, 49, 75, E5, 105, 301, 319, 383, 595, 895, E87,
X74: 4, 7, 26, 30, 54, 6E, 76, 10E, 1XX, 1E3, 2X4, 31E, 384, 440, 560, 634, 774, 77X, 7XE, 840,
X78: 2, 4, 5, 1X, 21, 2X, 34, 40, 45, 4X, X8, 150, 301, 350, 385, 5X4, 748, 885,
X7X: 1, 4, 5, 7, 9, 17, 18, 39, 3E, 81, 8E, 128, 145, 153, 274, 491, 54E, 5X5,
X82: 3, 6, 8, 12, 13, 16, 20, 32, 50, 5X, 114, 167, 202, 6E0,
X84: 2, 4, 5, 6, 7, 8, 9, 12, 18, 19, 22, 27, 2X, 34, 36, 39, 42, 51, 58, 64, X9, 132, 177, 26X, 27X, 322, 327, 334, 33X, 35X, 444, 44E, 45X, 484, 5X9, 62X, 6E0, 709, 7X0, E40,
X88: 5, 7, 11, 28, 55, 81, X5, 195, 2X5, 311, 325, 4E3, 4E9, 528, 6E0,
X8X: 1, 5, 7, X, E, 11, 15, 16, 1E, 25, 3X, 45, 55, 5X, 62, X6, 165, 22X, 957, 96X,
X92: 3, 5, 6, 8, 9, 13, 1E, 3E, 128, 1E5, 223, 236, 253, 27E, 622, 862,
X94: 1, 2, 4, 6, 8, 9, 12, 16, 62, 88, E2, EX, 11X, 161, 188, 229, 356, 44X, 494, 889,
X98: 1, 6, 7, 9, X, 31, 41, X9, 383, 576, 643,
X9X: 2, 3, 6, 8, 12, 13, 28, 30, 42, 70, 83, 8E, X6, EE, 10E, 123, 316, 522, 636, 696, 6E2, X02,
XX2: 1, 2, 4, 5, 8, 9, X, 11, 4X, 99, 165, 1E4, 478, E75,
XX4: 4, 5, 9, 14, 18, 1E, 24, 29, 2E, 34, 35, 48, 78, 84, X4, X8, X9, 103, 379, 569, 6E8, 778, 835,
XX8: 2, 4, 6, 7, 8, 14, 20, 26, 33, 42, 12X, 134, 170, 174, 240, 6E2, 76X, 800, 89X, X08,
XXX: 1, 3, 4, 5, 7, 10, 11, 14, 15, 16, 20, 46, 5X, 90, XX, E0, 11E, 137, 146, 156, 301, 330, 39X, 535, 846,
XE2: 1, 4, 7, 8, E, 14, 27, 28, 107, 235, 331, 548,
XE4: 2, 3, 1E, X3, 119, 132,
XE8: 2, 3, 4, 7, 12, 14, 16, 56, 57, 5X, 70, 93, 11X, 14X, 170, 207, 211, 244, 289, 343, 640, 792,
XEX: 1, 6, X, 20, 24, 2X, 3X, 70, 74, 9X, 119, 131, 160, 1X4,
E02: 1, 3, 6, 7, 9, 11, 12, 15, 17, 1E, 23, 142, 169, 18E, 203, 212, 287, 3E3, 693,
E04: 2, 6, 7, 8, 14, 27, 2E, 117, 190, 32E, 917, X27,
E08: 2, 4, 6, 8, X, 19, 1X, 20, 3X, 50, 58, 66, 72, 82, E8, 104, 10X, 150, 1E2, 374, 419, 472, 48X, 548, 794, 7E2, 950, 959, 975,
E0X: 3, 7, 8, 9, 10, 11, 41, 43, 67, 79, 1X0, 253, 400, 528, 667, 727,
E12: 3, 16, 1E, 26, 3E, 60, 73, E6, 106, 220, 406, 783, 9EE,
E14: 1, 7, 17, 21, 3E, 51, 461,
E18: 1, 4, 5, 8, E, 17, 1E, 24, 29, 47, 48, 61, 89, E4, 143, 228, 421, 724, 987,
E1X: 2, 3, 6, 9, 15, 16, 23, 33, 56, 83, 112, 506, 612, 656, 749,
E22: 1, 2, 3, 5, 6, 7, 8, 19, 1X, 21, 26, 30, 31, 34, 78, 92, XE, E0, 115, 131, 138, 175, 304, 883, 956, X89,
E24: 1, 4, 6, 10, 45, 60, X6, 104, 130, 269, 400, 431, 446,
E28: 1, 2, 5, 6, 7, 21, 2X, 57, 5X, 87, 10E, 267, 2E7, 41X, 425, 517,
E2X: 2, 7, 8, 12, 24, 43, 4X, 58, 72, 167, 21E, 22E, 357, 3E8, 428, 5X2,
E32: 1, 2, 9, X, 10, 49, X4, 160, 269, 3E6, 832, 882,
E34: 1, 3, 4, 5, 7, 8, 9, E, 11, 13, 28, 31, 38, 39, 40, 49, 4E, 54, 98, E8, 119, 167, 250, 255, 297, 319, 383, 393, 601, 6E7, 6E8, 915, 945,
E38: 2, 3, 8, E, 10, 12, 13, 1E, 20, 6E, XE, E6, 152, 402, 552, 5X3, 928,
E3X: 1, 2, 4, 7, 8, 10, 11, 17, 20, 31, 38, E0, 100, 142, 1X4, 221, 22X, 23X, 311, 554, 57X, 742, E98,
E42: 3, 4, 9, 10, 13, 14, 54, 339, 744, X69, XE0,
E44: 2, 3, 6, 9, X, 12, 16, 26, 41, 7X, X1, E2, 102, 122, 206, 233, 503, 613, 8EX, X62,
E48: 1, 3, 4, 6, 7, 9, 11, 16, 17, 27, 29, 30, 35, 56, 57, 59, 6E, 90, 91, 377, 383, 3E5, 88E, X6E,
E4X: 5, 8, 9, 15, 21, 25, 28, 29, 38, 46, 92, 1E2, 1E8, 385, 559, 575, 5X5, 606, 821, 855, 956, E95,
E52: 2, 3, 7, 12, 2X, 3E, X7, 17E, 87X, E67,
E54: 3, 4, 6, E, 1E, 2X, 46, 66, 96, 223, 330, 3X3, 490, 983, XX3,
E58: 4, 5, 8, X, 11, 14, 1X, 22, 24, 34, 44, 62, X5, 162, 164, 16X, 271, 27X, 391, 518, 57X, 774, E24,
E5X: 3, E, 2E, XE, E9, 44E, 92E,
E62: 6, 8, 2E, 1XE, 254, 330, 8E0, 966,
E64: 1, 4, X, 11, 13, 14, 17, 19, 24, 51, 5X, 114, 424, 484, 627, 77X, 82X, 953, 9X3, X27,
E68: 3, 4, 7, 11, 13, 24, 58, 59, 60, 79, 113, 198, 303, 414, 4X4, 513,
E6X: 1, 2, 5, 6, 7, X, E, 13, 21, 26, 35, 3X, 47, 4E, 56, 59, 5X, 62, 89, X2, 186, 287, 543, 787, X01, EE3,
E72: 1, 5, 6, 9, 11, 16, 35, 40, 43, 46, 56, 67, 95, 141, 163, 173, 200, 52E,
E74: 1, 2, 5, 8, 30, 31, 36, 45, 78, E5, 111, 128, 142, 18X, 1E1, 358, 442, 850,
E78: 2, 5, 6, X, 1E, 22, 35, 8E, E5, 109, 162, 196, 253, 2EE, 30E, 38X, 54X, 623,
E7X: 2, 4, 7, 32, 47, 74, X2, 112, 154, 23X, 242, 267, 3E8,
E82: 4, 5, 6, X, 19, 30, 44, 49, 50, 64, E9, 3E0, 464, 5E9,
E84: 3, 7, 8, E, 11, 17, 33, 3E, 4E, 53, 5E, 218, 245, 487, 779, 990, E6E,
E88: 4, 7, 13, 27, 28, 38, 5E, 11X, 143, 73E,
E8X: 3, 4, 5, 8, 10, 14, 19, 1X, 24, 34, 3X, 44, 68, 292, 2X9, 4E9, 533, X44, E1X,
E92: 3, 4, 5, 9, E, 10, 19, 29, 30, 41, 4E, 51, 65, 6E, 81, 84, EE, 153, 181, 1X4, 211, 263, 275, 298, 378, 439, 4EE, 518, 618, 6X4, 981, 9E5,
E94: 1, 3, 5, 6, 7, 9, 31, 41, 6X, E6, 111, 12X, 159, 179, 255, 297, 4X3, 585, 67E,
E98: 1, 4, 6, 7, 8, X, E, 10, 11, 16, 1X, 25, 34, 35, 37, 45, 51, 58, 65, 68, 75, 9E, E7, 111, 124, 145, 168, 194, 22E, 341, 572, 72E, X76,
E9X: 1, 2, 4, 5, 9, X, 11, 15, 1X, 22, 24, 45, 62, 69, 101, 108, 1E8, 1E9, 381, 395, 521, 611, 70X, 8E5,
EX2: 2, 6, 9, 29, 96, 296, 709,
EX4: 2, 4, 7, 16, 18, 32, 60, X8, 100, 106, 198, 1EE, 410, 664, 826, E50, EX6,
EX8: 1, 6, 9, 19, 30, 31, 41, 89, 301, 361,
EXX: 5, E, 11, 14, 24, 84, 151, 747,
EE2: 2, 4, X, 10, 13, 16, 23, 3X, 3E, 4X, 62, 12X, 282, 32X, 3EE, 404, 44E, 482, 49E, 6E2,
EE4: 3, 6, 7, X, 13, 14, 16, 1X, 24, 28, 31, 34, 60, 8X, X1, X6, X7, 116, 221, 267, 326, 511, 640, X4X,
EE8: 1, 3, 5, 7, 9, 15, 24, 45, 59, 64, X5, 13E, 1E1, 1E5, 209, 253, 360, 421, 765,
EEX: 1, 3, 5, 6, 7, 9, 12, 13, 15, 17, 19, 21, 22, 27, 2E, 31, 49, 5E, 77, 136, 139, 149, 4X9, 779, 786, 7E1, 87E,
