1: 1, 2, 4, 8, 14,
3: 1, 2, 5, 6, 8, 10, 16, 26, 30, 35, 56, 139, 149, 155, 1E0, 255, 2X0, 306, 386,
5: 1, 3, 7, 11, 13, 21, 33, 47, 63, 71, X7,
7: 2, 4, 6, 12, 18, 22, 42, 44, 78, X0, 126, 130, 13X, 202, 228, 286, 300, 434, 592,
9: 1, 2, 3, 6, 7, E, 12, 15, 29, 36, 37, 53, 55, 57, 69, E2, 116, 152, 157, 266, 473, 552, 909, 997, X46,
E: 1, 3, 5, 7, 17, 19, 37, 69, X5, X7, 155, 157,
11: 2, 8, X, 18, 24, 6X, 138, 218, 224, 6E4,
13: 1, 2, 4, 9, X, 10, 23, 31, 32, 38, 40, 66, 94, 120, 171, 209, 243, 371, 376, 466, 630, X66,
15: 3, 13, 23, 43, 103, 183, 1X3, 24E, 333, 523,
17: 6, X, 3X, 266, 87X,
19: 1, 4, 5, 7, 9, 10, 14, 15, 35, X4, X8, X9, 137, 155, 1E0, 221, 291, 62E, X78, E25,
1E: 1, 9, 11, 25, 35, 41, 59, 61, 245, 279, 285, 461,
21: 2, 4, 6, X, 18, 1X, 44, 54, 66, 134, 174, 1X4, 244, 314, 3X2, 474, 518, 524, 8X8, 928, E48,
23: 2, 4, 7, 14, 17, 18, 1X, 22, 34, 38, 3X, 3E, 42, 48, 4E, 54, 78, 127, 15E, 1XE, 29E, 31E, 758, 76X,
25: 1, 3, 5, E, 23, 37, 49, 63, 65, 79, 87, EE, 135, 173, 185, 287, 739, 81E,
27: 8, 50, 58, E8, 160, 2X8,
29: 1, 6, 11, 16, 19, 1X, 21, 24, 56, 79, 9X, 201, 2X4, 319, 379, 506, 590, 9X4, E3X,
2E: 1, 3, 7, 9, 11, 13, 27, 39, 3E, 41, 47, 103, 185, 233, 257, 473, 9X7, X03,
31: 2, 4, 8, X, 10, 14, 1X, 22, 58, 6X, 70, 8X, 92, 11X, 178, 192, 1EX, 202, 4E4, 874, EX2,
33: 1, 2, 3, 5, 7, X, E, 11, 12, 16, 19, 1X, 27, 36, 57, 5X, 5E, 61, 18E, 26X, 273, 285, 29E, 372, 582, 601, 741, E16,
35: 1, E, 17, 15E, 201, 277,
37: 2, 6, 10, 16, 22, 28, 7X, 82, 88, 100, 112, 190, 54X, 758,
39: 2, 9, 10, 12, 1E, 20, 25, 50, 139, 148, 239, 270, 30E, 328, 569, 966,
3E: 407, X37,
41: 2, 6, X, 26, 36, 46, 56, 9X, 286, 416, 842,
43: 1, 3, 7, 9, 11, 15, 21, 37, 45, 6E, 75, 78, 9E, 127, 137, 195, 19E, 1X3, 229, 239, 49E, 589, X39,
45: 1, 5, 15, 19, 51, 71, 79, 89, E1, 345, 5E5, E69,
47: 4, 8, 14, 1X, 28, 7X, 164, 184, 19X, 1EX, 248, 258, 288,
49: 2, 3, 7, 8, X, 14, 16, 17, 34, 40, 47, 76, 80, 82, 13X, 292, 320, 35X, 4EE, 914, 987,
4E: 5, E, 23, 2E, 203, 765,
51: 4, 10, 40, 74, 120,
53: 1, 4, 5, 9, X, 12, 15, 16, 19, 21, 31, 32, 38, 50, 55, 7X, E1, 109, 170, 1E4, 222, 232, 23X, 244, 2X2, 2E9, 442, 499, 519, 540, 7EX, 8E6, X01,
55: 1, 3, 5, E, 15, 19, 25, 3E, 71, 79, X9, 107, 151, 17E, 195, 1X7, 217, 253, 291, 33E, 3X1, 919, E3E,
57: 2, 6, 12, 18, 38, 56, 62, 86, E2, 15X, 178, 17X, 246, 256, 27X, 31X, 332, 41X, 506, 606, 7E8, 95X, E90,
59: 1, 2, X, 12, 17, 22, 42, 47, 101, 36E, 5X2, X0X,
5E: 3, 5, 9, 17, 1E, 23, 49, 4E, 55, 9E, 20E, 2X9, 4X9,
61: 2, 6, 12, 20, 26, 28, 36, 38, 50, 92, 158, 172,
63: 1, 3, 4, 6, 7, X, 10, 2X, 37, 43, 49, 50, 53, 57, 73, 86, 117, 166, 187, 220, 291, 2EX, 483, 593, 6X0, 70X, 73X, E27,
65: 3, 7, 17, 1E, 7E, 1EE, 343, 3X7, 467, 477, E47,
67: 2, X, 3X, 152, 38X, 68X, 92X,
69: 1, 4, 5, 7, 10, 13, 14, 19, 21, 23, 28, 2E, 30, 33, 40, 75, 88, X1, X5, 104, 108, 1X3, 1X7, 1E1, 208, 230, 248, 290, 2E1, 304, 313, 38E, 401, 414, 4E3, 575, 5E0, 974,
6E: 1, 5, 111, 131, 175, 271,
71: 4, 6, X, 26, 2X, 30, 32, 62, 74, 7X, 104, 148, 440, 904,
73: 2, 6, 8, 16, 22, 48, 66, 72, 88, E2, 153, 372, 422, 898, 906,
75: 1, 7, 9, 19, 31, 51, 411, 4E3, X81,
77: 8, 120, 198, 4X0,
79: 2, 4, 6, X, 10, 26, 36, 38, 44, 5X, 64, 90, X2, 118, 122, 16X, 20X, 292, 492, 710, 786, X32, E52,
7E: 1, 3, 5, 7, 11, 15, 19, 45, 49, 51, 6E, 75, 93, 11E, 127, 179, 385, 439, 471, 529, 6X9, 727,
81: 2, 4, 12, 18, 34, 1X2, 294, 464, 502,
83: 1, 2, 5, 6, X, E, 1X, 27, 29, 2X, 35, 36, 45, 4X, 55, 6X, X6, EE, 116, 122, 136, 139, 152, 157, 1X6, 227, 269, 2X2, 301, 447, 626, E29,
85: 3, 9, 15, 19, 23, 33, 39, 3E, 5E, 7E, 99, X3, EE, 125, 283, 285, 369, 449, 58E, 68E, 77E,
87: 14, 16, 26, 34, 4X, E6, 18X, 434, 43X, 514,
89: 1, 2, 5, 7, 8, 10, 12, 1E, 23, 29, 32, 41, 51, 52, 71, 79, 7X, 8E, 10E, 132, 15E, 1X9, 27X, 288, 2X5, 302, 34X, E3E,
8E: 3, 7, 1E, 23, 203, 213, 21E, 33E, 3E3,
91: 6, 12, 4X, 52, 226, XE2,
93: 1, 4, 24, 28, 38, 3E, 5E, X8, E5, 141, 484,
95: 1, 5, 11, 29, 101, 265, 2X1, 365, 3X1, 481, 511, 681, 731, X85,
97: 2, 10, 18, 22, 36, 96, 170, 290, 320, 342, 902,
99: 3, 4, 6, X, 14, 26, 30, 77, 7X, 110, 27X, 31X, 457, 603, 9X0,
9E: 1, 3, 7, 11, 19, 1E, 39, 53, 3X1, 78E,
X1: 8, 10, 38, 70, 80, 170, 1X0, 228, 510, 558,
X3: 6, 8, 15, 19, 25, 28, 3X, 49, 59, X8, E9, 1X4, 239, 338, 51X, 594, 819, E79,
X5: 1, 5, 7, 15, 21, 2E, 57, 1E5, 237, 34E, 405, 665, 845, 8X7, 997, E3E,
X7: 2, 10, 16, 20, 46, 60, 96, 130, 15X, 360, 3X6, 684, 776, 9X4,
X9: 3, 5, 19, 23, 4E, 63, 93, 1EE, 2X6, 556, 686, 753,
XE: 1, 3, 9, 11, 17, 19, 21, 43, 47, 81, 109, 119, 147, 199, 1E9, 261, 271, 329, 337, 381, 539,
E1: 4, 6, X, 14, 26, X4, 126, 140, 240, 420, 500, 770, 7XX, E04, E58,
E3: 1, 2, 4, 6, X, 13, 16, 18, 26, 27, 2E, 32, 33, 43, 71, 76, 8X, 90, 14X, 17X, 191, 1E6, 236, 261, 318, 323, 45X, 627, 64X, 841, 98X, X01, X1X, X6E, E23, 
E5: 3, 23, 33, 6E, 14E, 28E, 32E, 60E,
E7: 2, 12, 642,
E9: 1, 3, 5, 7, 8, 10, 13, 18, 27, 29, 31, 35, 51, 55, 77, 79, 87, 99, E1, E5, E9, 114, 203, 213, 247, 348, 387, 3X3, 3X4, 454, 530, 629, 645,
EE: 45, 65, 205, 239, 289, 575, 589,
101: 6, 14, 24, 5X, 64, 18X, 1E0, 220, 3XX, 450, 95X, X94,
103: 8, E, 13, 16, 17, 22, 38, 50, 70, 76, 77, E2, 10E, 12E, 196, 1XE, 337, 438, 588, 620,
105: 3, 7, 9, 13, 15, 23, 29, 2E, 49, X5, X7, E5, 13E, 369, 583, 58E, 649, 657, 733, 7E7, E13,
107: 4, 18, 20, 64, 80, 394, 3X8, 798,
109: 1, 2, 11, 14, 15, 22, 31, 52, 61, 81, 94, 1EX, 221, 225, 6E5, 871, XX5,
10E: 1, 7, 15, 1E, 25, 27, 35, 199, 255, 305, 313, 413, 461, 485, 885, 905,
111: 8, 10, 12, 20, 28, E2, 190, 1X8, 298, X18,
113: 6, 7, 9, 16, 17, 1X, 26, 2X, 36, 8X, 13X, 19X, 243, 256, 277, 33X, 377, 496, 4EX, 5E3, 683, 767,
115: 3, 5, E, 11, 43, 45, 53, 5E, 87, 12E, 151, 1X3, 253, 411, 4EE, X11,
117: 2, 4, 6, 8, 10, 16, 1X, 26, 2X, 38, 44, 46, 4X, 52, 54, 58, 94, 96, X4, X6, 100, 104, 142, 16X, 2X8, 34X, 372, 388, E4X,
119: 1, 2, 3, 5, 7, 9, 10, 15, 21, 29, 33, 37, 43, 55, 5E, 60, 70, 84, 88, 120, 146, 1X0, 1E6, 205, 254, 277, 42E, 484, 4EE, 509, 521, 705, 993, 9X1, X78,
11E: 7, 87, 107, 187,
121: 2, 12, 22, 112, 1E6, 20X, 29X, 376, 386, 736, X26, X32, E26,
123: 8, 9, 20, 28, 5E, 99, E9, 100, 269, 289, 3EE, 599, 649, 6EE,
125: 1, 11,
127: 2, 4, 14, 28, 2X, 30, 44, 48, 6X, 74, 80, 102, 1X4, 1E8, 298, 5E4, E58,
129: 2, 4, 6, 10, 14, 18, 1E, 28, 32, 40, 46, 50, 84, 98, 9X, 9E, E8, 106, 117, 122, 13X, 184, 1X7, 206, 20E, 228, 23X, 2X6, 307, 30X, 330, 504, 562, 5X2, 600, 720,
12E: 1, 3, E, 13, 17, 2E, 33, 43, 53, 93, 95, 117, 2XE, 449, 475, X5E,
131: 4, 8, 28, 148, 1X8, 2X8, 344, 558,
133: 1, 2, 5, X, 19, 2X, 51, 60, 111, 121, 141, 160, 285, 328, 418, 469, 562, 8E5, E28,
135: 3, 19, 355, 4XE, 659, 683, 82E, 935,
137: 6, 10, 40, 6X, X6, 136, 510,
139: 1, 2, 6, 9, 15, 33, 39, 7E, 25E, 37X, 429, 553, 582, 645, X05, E06, E1X,
13E: 1, 5, 13, 17, 35, 4E, 75, 105, 11E, 131, 149, 207, 337, 341, 5E5, 881, 995, EXE,
141: 2, 4, 8, 10, 20, 24, 26, 5X, 6X, 84, X4, E2, 302, 33X, 390, 4E0, 674, 738, 752, X74,
143: 4, 8, 11, 12, 18, 27, 32, 5X, 68, 72, 92, X5, E8, 122, 12E, 172, 242, 265, 272, 371, 5E8, 668, 731, 89X,
145: 13, 17, 2E, 47, 4E, 97, 117, 26E, 81E,
147: 2, 12, 16, X6, E2, 5E2, 906,
149: 3, 4, 9, 50, 60, 63, 70, 250, 414, 944, 970, E40,
14E: 11, 21, 25, 29, 39, 49, 55, 109, 145, 185, 451,
151: 2, 6, 22, 26, 34, 72, X6, XX, 106, 180, 556, 7E6,
153: 2, 3, 4, 6, 7, X, 12, 13, 14, 2X, 36, 38, 3X, 52, 56, 8X, X7, XX, 123, 14X, 173, 174, 17X, 188, 194, 208, 222, 2X4, 424, 678, 713, 8E3, X12, XX4,
155: 1, 5, E, 11, 55, 95, 20E, 23E, 86E,
157: 18, 24, 28, 140, 278, 994, E74,
159: 2, 6, 12, 15, 30, 52, 68, 70, 110, 506, 602,
15E: 1, 3, 123, 409, 809, E33,
161: 56, 70, 614,
163: 1, 2, 3, 9, 11, 12, 15, 19, 1X, 21, 23, 43, 4X, 83, E6, 145, 231, 282, 2X5, 337, 381, 543, 58X, 78X,
165: 1, 7, 9, 11, 19, 57, 65, 69, 75, 85, 99, XE, 115, 131, 171, 455, 529, 559, 63E, 947, X19,
167: 8, X, 1X, 38, 4X, 52, 58, 6X, 84, 88, 9X, 172, 198, 308, 312, 368, 4X4, 624, 658, 874, X14,
169: 3, 6, 8, 9, 10, 11, 12, 17, 1X, 28, 2E, 31, 68, 72, 86, 9X, E3, 113, 151, 1X5, 2EX, 303, 387, 397, 592, 710, 71X, 75E, 769, 788, 831,
16E: E, 13, 2E, 43, 6E, 73, 83, 133,
171: 6, 6X, 136, 23X, 496, 59X, 7E6, X36,
173: 1, 4, 5, 7, 9, E, 10, 11, 13, 23, 29, 55, 71, 75, 89, X0, 105, 115, 127, 171, 1E3, 207, 217, 257, 319, 380, 441, 4X1, 573, 593, 613, 631, 65E, 6X4, 895, 9E4, E51,
175: 1, 5, 9, 11, 15, 21, 29, 45, 49, 65, 375, 415, 429, 5X5, 645, 6X1, 921,
177: 2, 4, 8, X, 10, 12, 18, 1X, 20, 28, 48, 64, 70, 72, 78, 9X, 118, 27X, 424, 7E8,
179: 4, X, 44, 4X, 4E, 58, 6X, 97, 187, 45E,
17E: 1, 3, 5, 7, 15, 25, 27, 75, E3, 171, 195, 215, 351, 551, 577, 821, 917, EX5,
181: 30, 60, 200,
183: 1, 4, 10, 11, 16, 20, 41, 54, 66, 100, 104, 150, 196, 319, 564, 911, E24,
185: 1, 5, 9, 21, 59, 61, 83, 109, 117, 167, 1X9, 1E3, 237, 307, 311, 417, 421, 831,
187: 6, 12, 16, 22, 2X, 36, 48, 62, 66, 7X, E0, 102, 136, 1E8, 212,
189: 1, 2, 3, 6, 7, X, 12, 13, 1E, 2X, 37, 42, 4E, 67, 93, 96, X7, EX, EE, 101, 10X, 113, 131, 137, 246, 336, 34X, 366, 53X, 559, 5X3, 746, 962, EX7,
18E: 1, E, 11, 15, 2E, 65, 10E, 231,
191: 2, 4, 6, 14, 28, 40, 42, 44, 54, 56, 60, 72, 90, XX, 118, 214, 258, 342, 346, 4E4, 544, 596, 838, X58, X94, E14,
193: 2, 5, 28, 30, 32, 35, 49, 59, 5E, 60, 98, E5, 110, 145, 179, 240, 255, 349, 395, 486, 728, 7X9, 855, X0E, XE5, E05,
195: 1E3, 2X7, 4E3,
197: 32, 5X,
199: 1, 3, 4, 5, 7, 9, E, 23, 25, 31, 49, 4E, 57, 5E, 61, 85, 99, 10E, 111, 114, 141, 143, 154, 1X9, 213, 234, 259, 301, 30E, 310, 33E, 40E, 773, 779, 7E9, 8E7, 91E, XE8,
19E: 25, 71, 425, 8E9, E11,
1X1: 2, 4, 14, 4X, 5X, 68, 112, 14X, 22X, 258, 434,
1X3: 2, 3, 4, 10, 2X, 34, 3X, 5X, 6X, 86, 9X, 9E, 140, 14X, 210, 302, 364, 36E, 370, 430, 496, 4EX, 563, 5X6, 788,
1X5: 3, 5, 13, 23, 45, E5, 109, 10E, 135, 17E, 4E9, 513, 559, 93E,
1X7: 4, 70,
1X9: 1, 2, 5, X, 11, 34, 35, 39, 48, 54, 60, 72, 7X, X1, 114, 159, 242, 254, 595, 706, 754, 776, 901, 971,
1XE: 7, 13, 19, 21, 23, 59, 5E, 89, 153, 1E9, 42E, 44E, 45E, 689, 79E, 807,
1E1: 2, 6, 8, 16, 18, 1X, 30, 52, 90, X0, 116, 130, 166, 316, 382, 4XX, 718, 840, 900, 956,
1E3: 2, 5, X, 57, 5X, 135, 162, 192, 382, 38E, 40E, 53E, 572, 7E2, 815,
1E5: 1, 7, 9, E, 29, 69, 95, EE, 135, 16E, 25E, 289, 447, 797, 8X1, 947,
1E7: 26, 1X0, 346,
1E9: 1, 3, 4, 13, 16, 19, 23, 31, 39, 47, 4X, 59, 61, 73, 123, 149, 174, 217, 273, 3E3, 616,
1EE: 3, 23, 4E, 203, 4X3, 88E,
201: X, 1X, 2X, 36, 106,
203: 4, 10, 14, 18, 20, 33, 34, 55, 65, 7E, 180, 194, 213, 274, 2X8, 418, 534, 725, 731, X95,
205: 1, 5, 131, 195, 331, X85,
207: 2, 4, 8, 26, 44, 58, X8, E8, 122, 132, 136, 206, 238, 356, 370, 380, 386, 782,
209: 3, 6, 12, 13, 18, 23, 32, X3, 1E0, 233, 278, 2X3, 396, 583, 803, 8X2,
20E: 1, 3, 7, 9, 39, 49, 61, 67, 69, 77, E9, 129, 141, 181, 1X3, 351, 549, 649, 813, 823, 833, E89,
211: 4, 134, 248, 254, 288, 744,
213: 1, 2, 5, 8, 9, X, 11, 15, 19, 26, 32, 79, X5, E8, 122, 12X, 131, 28X, 319, 410, 809, 859, XE1, E69,
215: 3, 7, 19, 1E, 25, 2E, 45, 73, 77, 7E, 97, 119, 12E, 175, 267, 2XE, 429, 55E,
217: 2, 8, 14, 22, 2X, 94, 132, 16X, 214, 552,
219: 1, 2, 3, 6, 9, 19, 43, 45, 49, 57, 59, 8X, EE, 117, 141, 142, 173, 242, 247, 839, 916,
21E: 9, 25, 2E, 89, X5, XE, 12E, 25E,
221: 4, X, 14, 20, 5X, 134, 18X, 300, 324, 560,
223: 1, 3, 6, 9, 18, 1X, 23, 28, 60, 81, 83, 88, 8E, X0, E8, EX, 107, 130, 214, 215, 246, 308, 349, 375, 44E, 475, 481, 53E, 610, 728, 915, 953,
225: 7, E, 183, 203, 233, 84E,
227: 2, X, 16, 1XX, 222, 376, 3XX, 402, 416, 422, 656, 756,
229: 1, 5, 28, 58, 91, X8, E1, 158, 181, 465, 548, 937,
22E: 1, 5, 101, 235, 279, 329,
231: 2, 12, 16, 28, 36, 60, 100, 126, 1E6, 226, 590, 936,
233: 3, 4, 6, 13, 26, 54, 83, 90, E3, 263, 2X6, 383, 400, 577, 926, 99X, X30,
235: 1, 3, 5, 9, E, 13, 23, 47, 73, 89, 93, 117, 169, 21E, 347, 389, 503, 513, 543, X63, E13,
237: 4, 8, 10, 18, 24, 30, X0, 134, 148, 530, 558, 908,
239: 5, 6, 9, 16, 21, 29, 42, 46, 59, 5X, 85, 109, 128, 185, 295, 314, 521, 540, 572, 5X0, 936, EE2,
23E: 17, 1E, 25, 125, 19E, 207, 46E, 56E, 757, 767, 7X1, 831,
241: 4, 6, X, 22, 54, 56, 5X, 86, 22X, 26X, 3E6,
243: 3, E, 15, 19, 22, 42, 52, X5, 119, 1E2, 202, 863, 8X3, 925,
245: 1, 3, 7, 17, 19, 29, 37, 83, 133, 177, 357, 403, 7X9, 861,
247: 2, 18, 1X, 3X, 4X, 16X,
249: 1, 2, 4, 8, 9, E, 13, 16, 18, 20, 26, 34, 3E, 73, 74, 106, 10X, 11X, 143, 1X0, 260, 2X4, 306, 396, 3E5, 439, 441, 54X, 57X, 729, 831, 906, 950, 985, X21, X85, X91, XX8,
24E: 3, 7, 13, 1E, 23, 127, 197, 287, 427, 487, 5EE, 653, 6E3, 937, 963, X97,
251: X, 22, 32, 3X, 78X,
253: 10, 11, 13, 27, 30, 39, 45, X3, 109, 10E, 124, 167, 187, 1X5, 1EE, 255, 9X0,
255: 19, 269,
257: 6, 10, 20, 2X, 3X, E6, 126, 580, 810, E70, EX0,
259: 2, 3, 7, 8, X, 12, 16, 1E, 22, 23, 2E, 38, 3X, 42, 47, 48, 4E, 57, 68, 97, E6, 188, 1E4, 227, 270, 2X8, 31X, 440, 472, 492, 4X6, 4XE, 572, 5X7, 602, 9X6,
25E: 1, 5, 7, 9, 3E, 47, 55, 59, 81, 87, 1X9, 867, EE5,
261: 24, 30, 84, 220, 3E4,
263: 1, 2, 5, 14, 25, 51, E4, 101, 111, 12X, 3X8, 405, 6E5, 86X, 925, 962, 991, X85,
265: 5, E, 17, 53, 79, 7E, 87, 103, 1XE, 205, 38E, 43E, 78E, 825, E8E,
267: 10, 40, 60, 70, 170, 216, 260, 298, 378, 746,
269: 1, 3, 11, 33, 51, 83, 93, X1, EX, 281,
26E: 1, 3, 1E, 23, 33, 35, 81, 85, X3, 133, 149, 21E, 2X3, 373, 39E, 3X5, 603, XEE, E1E,
271: 2, 6, 12, 30, 52, 78, X2, 204, 532,
273: 1, 3, 6, 8, X, 11, 12, 14, 15, 19, 1X, 22, 26, 28, 29, 33, 41, 45, 108, 116, 131, 175, 234, 400, 445, 476, 588, 5XX, 647, 7X3,
275: E, EE, 437,
277: 12, 22, 26, 7X, 23X, 356, 4E6, X06,
279: 3, 13, 15, 18, 19, 35, 38, 43, 95, E8, 12E, 163, 189, 22E, 325, 375, 47E, 488, 498, 49E, 4E8, 575, 589, 61E, 629, 73E, 9EE, E49,
27E:
281: 8, X, 12, 14, 30, 52, 64, 74, 96, E6, 196, 1E2, 242, 2X8, 38X, 412, 514, 756, 802, 892,
283: 2, 7, 13, 23, 24, 50, 57, 6X, 74, X2, 12E, 14X, 177, 20X, 373, 467,
285: E, 49, 4E, 97, 20E, 24E, 4E7,
287: 4, 18, 24, 34, 74, 78, 234, 738, 9X4,
289: 1, 5, 6, 8, 11, 15, 19, 20, 21, 31, 35, 3X, 125, 135, 1E9, 221, 248, 268, 2E1, 39X, 3X6, 479, 4E1, 525, 551, 678, 701, 7E1, 811, X01, X19,
28E: 5, E, 1E, 35, 165, 345, 59E,
291: 4, 6, 14, 20, 26, 30, 34, 44, 50, 66, E0, 150, 254, 3X4,
293: 2, 6, E, 12, 13, 36, 4E, 56, 63, 77, 86, X6, XE, 143, 563, 577, 996, E3E,
295: 3, 7, 49, X3, 433,
297: 2, 4, 6, 12, 14, 28, 34, 62, 92, E2, 190, 1E4, 216, 258, 2X2, 498, 534, 858, 8E2,
299: 1, 2, 4, 8, X, 12, 28, 37, 3X, 4X, 68, 117, 134, 16E, 19X, 261, 414, 422, 43E, 452,
29E: 3, E, 13, 1E, 63, 9E, 113, 15E, 16E, 177, 657, 697, 7E7, EEE,
2X1: 2, 6, 16, 92, 136, 226, 292,
2X3: 1, 4, 7, 17, 31, 47, 60, 67, 69, E4, E7, 677, 694, 697, X81, XE7,
2X5: 1, 5, 9, 11, 21, 71, 95, E1, 135, 161, 1X5, 1E9, 331, 715,
2X7: 6, X, 22, 26, 34, 42, 58, 7X, 8X, 96, E8, 234, 282, 306, X84,
2X9: 2, 4, 7, 8, E, 10, 13, 14, 17, 20, 24, 43, 4E, 52, 53, 54, 63, 67, E0, 242, 257, 372, 498, 572, 8E3, E2X,
2XE: 1, 7, E, 17, 45, 77, E1, 137, 157, 19E, 1E5, 237, 305, 561, 7EE,
2E1: 4, 8, 10, 14, 20, 30, 60, 144, 400, 654,
2E3: 2, 5, 6, 8, 9, 10, 15, 20, 38, 40, 49, 58, 62, X5, 150, 1X8, 216, 249, 276, 348, 380, 486, 526, 692, 7E0,
2E5: 7, 23, 27, 37, 67, 121, 141, 181, 367, 6X3, 8X1,
2E7: 2, 4, 6, 8, 10, 18, 1X, 48, 56, 7X, E4, EX, 126, 136, 148, 1EX, 254, 262, 368, 406, 5X2, 740, 760, 7E4, 876,
2E9: 1, 3, 5, 6, 9, E, 19, 23, 31, 46, 47, 95, 103, 131, 135, 166, 221, 225, 49E, 6E7, 89X, 975, X37, X67, XX7,
2EE: 1, 3, 9, 13, 1E, 39, 3E, 7E, 169, 219, 263, 64E, 9X9, X29, E6E,
301: 2, 8, 28, 32, 3X, 4X, 78, 158, 182, 238, 352, 768,
303: 2, 4, 5, 7, E, 16, 17, 29, 43, 58, 59, 6X, 79, 83, 85, 95, E0, E6, E9, 146, 149, 193, 20X, 376, 380, 385, 389, 397, 55X, 633, 720, 837, 959, E24, EE9, 
305: 1E, 6E, 32E,
307: 6, 16, 2X, 46, 4X, 31X, 38X, 6XX, 796,
309: 1, 3, 4, 11, 15, 19, 3E, 64, 77, E5, 11E, 131, 157, 24E, 255, 29E, 33E, 3X1, 413, 523, 699, 993,
30E: 1, 5, 9, 29, 39, 185, 295, 3E1,
311: 4, 8, X, 1X, 34, 44, 48, 4X, E4, 108, 10X, 154, 224, 258, 264, 334, 528, 6EX, 878,
313: 2, 14, 17, 18, 1E, 42, 44, 5E, 98, 1EX, 277, 287, 28E, 2X2, 31X, 338, 4X4, 4E8, 938, X02, EX8,
315: 3, 5, 15, 21, 45, 55, 63, 79, 16E, 19E, 1X1, 31E, 443, 571, 82E, 885,
317: 10, 20,
319: 1, X, 14, 16, 19, 29, 31, 40, 49, 56, 80, 90, E1, 146, 19X, 340, 39X, 481, 5E6, 6X4, 749, XE4,
31E: 1, 5, 9, 13, 15, 31, 93, E7, 135, 1EE, 209, 3X9, 4X9, 541, 82E, X81,
321: 8, 24, 2X, 5X, 76, 112, 1E4, 228, 314, 874,
323: 1, 3, 9, 16, 17, 19, 25, 2E, 43, 45, 49, 63, 93, 106, 127, 1X9, 1E3, 216, 225, 337, 479, 4E9, 526, 8E7, 926, X09, X37, X55,
325: 5, 7, 15, 35, 127,
327: 6, 8, 26, 52, 80, 9X, 166, 238, 334, 380, 766, 978, EE4,
329: 2, 6, 9, 19, 35, 42, 62, 89, 9E, 115, 13E, 186, 193, 296, 2XE, 390, 665, 765, 879, 882, 99E,
32E: 17, 187, 397,
331: 2, 13X, 182, 232, XX2,
333: 3, 4, 5, 7, 8, E, 15, 18, 30, 34, 37, 3E, 45, 5E, 8E, X3, 169, 249, 268, 324, 330, 441, 464, 573, 724, 783, 8E1, X77, E25,
335: 1, 5, 31, 91,
337: 2, 22, 32, 84, 244, 492,
339: 6, 7, 12, 13, 16, 23, 33, 36, 42, 46, 5E, 74, 83, 86, 88, E6, 120, 1XE, 216, 433, 8X2, 967,
33E: 3, 5, 19, 39, X3, 155, 209, 295, 349, 535,
341: 54, 144,
343: 1, 2, 11, 12, 16, 19, 1X, 22, 48, 61, 62, X1, E1, 121, 140, 141, 16X, 182, 1E6, 24X, 258, 2X8, 371, 578, E59,
345: 1, 3, 7, 17, 27, 93, 103, 195, 197, 217, 221, 27E, 295, 317, 341, 343, 373,
347: 2, 4, 8, X, 12, 14, 16, 20, 22, 24, 30, 38, 52, 54, 7X, 92, E4, 164, 254, 38X, 396, 598, 780, 958,
349: 5, 11, 17, 31, 41, 42, 55, 9E, 41E, 56E, 647, 731, 782,
34E: 1, 3, 9, 21, 25, 61, 71, 75, 115, 121, 175, 181, 199, 1X9, 5E7, 839, XX5,
351: 2, 488, 566, 788,
353: 1, 7, 14, 20, 24, 29, 33, 3X, 41, 61, 70, X7, 167, 1X7, 1E0, 413, 450, 473, 691, 880,
355: 7, E, 17, 27, 2E, 5E, 67, 177, 227, 97E, X9E,
357: 2, 16, 4X, 7X, 102, 262, 42X, 4E6, 62X, 6XX, X62, EE2,
359: 4, 5, 8, 10, 11, 31, 34, 39, 45, 50, 51, 65, X0, X5, 108, 113, 151, 1X5, 22E, 248, 253, 445, 6X8, X38, X71, E2E, EE1,
35E: 5, 11, 15, 1E1, 325, 845,
361: 4, 6, 8, 12, 28, 30, 32, 36, 46, 58, 80, E6, 112, 132, 15X, 282, 490, 52X, 684, 852,
363: 2, 3, 8, E, 18, 1E, 22, 26, 28, 60, 62, 78, 130, 148, 178, 18E, 246, 260, 3XE, 4X6, 682, 938, 986, X9E,
365: 1, 3, 9, 11, 27, 29, 33, 43, 89, X1, 181, 269, 383, X17,
367: 8, 1X0, 980,
369: 2, 4, 5, 6, 9, X, 10, 12, 15, 1X, 22, 26, 29, 39, 56, 92, 98, X6, 109, 119, 126, 164, 172, 176, 206, 262, 298, XE4, E35, E48,
36E: 1, 5, 7, E, 15, 27, 55, 65, 69, 79, X7, XE, 1X1, 295, 47E, 527, 57E, 797, 89E,
371: 2, 4, 1X, 34, 42, 54, 104, 184, 21X, 32X, 384, 442, 82X,
373: 1, 3, 9, X, E, 13, 22, 32, 47, 53, 5X, 61, 63, X9, 101, 11X, 136, 17E, 21X, 21E, 26X, 35E, 409, 452, 483, 613, 681, 77E, 786, 7XE, 7EX,
375: 5, E, 19, 25, 33, 3E, 55, 5E, 75, 9E, 605, E13,
377: 4, 18X, 210,
379: 1, 3, 6, 8, E, 11, 22, 24, 2E, 48, X5, 122, 13X, 185, 223, 268, 476, 6EX, 7E8,
37E: 3, E, 3E, 5E, 12E, 2EE,
381: 6, 12, 22, 52, 56, 86, X2, X6, 172, 176, 186, 2X2, X96,
383: 1, 5, 8, 24, 35, 41, 44, 45, 64, 68, X4, E4, 155, 235, 408, 4X4, 668,
385: 11, 25, 171, 179, 879, 945, 951, X61,
387: 2, 22, 76, 156, 182, 198, 426, E36,
389: 3, 6, 7, 16, 20, 26, 2X, 6X, 86, 8X, EX, 12X, 18X, 29X, 386, 637, 753, 826, X30, X86,
38E: 7, 9, E, 29, 2E, 45, 47, 55, 107, 113, 11E, 145, 175, 18E, 205, 325, 395, 98E,
391: 8, 14, 30, 48, X0, 1X8, 234, 3X8, 630, 808, X94, E20,
393: 1, 4, 5, 9, 16, 19, 22, 25, 30, 35, 39, 3X, 55, 71, X5, 131, 324, 341, 495, E19,
395: 1, 7, 11, 15, 27, 2E, 57, 61, 91, 165, 205, 231, 245, 28E, 291, 307, 391, 407, EEE,
397: 4, 20, 30, 62, 64, 88, 170, 538, 7E8,
399: 5, E, 19, 36, 55, 10E, 173, 1X9, 1XE, 1E9, 9E9,
39E: 1, 3, 7, 11, 17, 331, 447, 8E7,
3X1: 2, 4, 6, X, 1X, 20, 26, 36, 3X, 42, 48, 50, 54, 70, 132, 13X, 14X, 150, 15X, 194, 22X, 27X, 280, 296, 540, 778,
3X3: 2, 3, 5, 6, 9, 12, 14, 15, 16, 18, 23, 29, 38, 40, 44, 50, 52, 55, 61, 70, 83, 94, E0, 134, 139, 161, 1E6, 260, 265, 2X4, 310, 3X1, 410, 517, 530, 764, 828, E86,
3X5: 3, 33, 53, 317, 703,
3X7: 2, X, 1X, 5X, 62, 14X, 16X, 222, 242, 27X, 362, 382, 4E2, 802,
3X9: 1, 7, 8, 9, 10, 11, 13, 14, 33, 34, 38, 41, 43, 57, 60, 69, 79, 89, 90, 99, X4, 143, 177, 188, 1XE, 1E1, 230, 30E, 334, 344, 410, 411, 57E, 99E, X73,
3XE: 9, 35, 45, 49, 135, 2X9, 399, 429,
3E1: 4, 6, 10, 1X, 24, 40, 120, 150, 194, 206, 270, 2E4, 3X4, 6X6,
3E3: 2, 7, E, 20, 2X, 54, 66, X0, E6, 13E, 164, 20E, 270, 276, 316, 33X, 406, 488, 692, 6E8, 827, 1000,
3E5: 13, 23, 33, 37, 43, 71, 93, 107, 1XE, 593, 633, 647, 97E, X4E,
3E7: 4, 14, 28, 38, 48, 298,
3E9: 2, 11, 15, 1X, 75, 78, 141, 1X5, 222, 248, 275, 57X, 832,
3EE: 1, 5, 13, 19, 2E, 33, 37, 43, 45, 51, 69, 79, 87, 93, XE, E1, 119, 131, 203, 227, 22E,
401: 2, 6, 10, 12, 16, 18, 78, 82, 86, 110, 202, 236, 378, E16,
403: 6, X, 19, 39, 3X, 59, 83, 1X9, 24X, 389, 446, 786,
405: 1, 3, 5, 11, 19, 27, 37, 47, 63, 77, 79, 14E, 1X7, 223, 425, 431, 5E1, 779, X85, E27,
407: 2, 6, 8, 10, 26, 40, 56, E2, 224, 266, 338, 382, 3X2, 45X, 4E2, 828, 9E0, X32,
409: 1, 2, 6, 9, E, 15, 17, 28, 39, 49, 51, 56, 72, 7E, 116, 161, 172, 243, 293, 320, 578, X01, X25,
40E: 16E,
411: 2, 1X, 2X, 52, 86, 21X, 226, 392,
413: 3, 5, 9, E, 35, 45, 48, 79, 143, 185, 189, 2X3, 463, 6X9, X85,
415: 1, 9, 29, 99, E9, 7X1, 941,
417: 2, 4, 10, 14, 32, 3X, 46, 56, 60, 70, 8X, XX, 100, 174, 19X, 220, 316, 332, 396, 3X2, 496, 526, 5X4, 89X, 8X6,
419: 2, 8, 12, 16, 24, 5X, 6X, 98, 13X, 144, 162, 1X6, 224, 27X, 386, 482, 4E2,
41E: 3, 7, 9, 11, 15, 23, 2E, 45, 55, 81, 97, EE, 233, 277, 313, 371, 395, 487, 557, 57E, 587, E37, EXE,
421: 14, 28, 38, 44, 134, 2E4, 3X4,
423: 4, 6, 8, X, 10, 16, 3X, 46, 5X, 64, 108, 164, 1EX, 294, 326, 3E4, 408, 40X, 825, 876,
425: E, 13, 29, 39, 49, 55, 145, 183, 203, 253, 263, X29, E9E,
427: 10, 24, 44, 194, 254, 270, 4X0, 656,
429: 2, 5, 6, X, 16, 17, 22, 31, 3X, 47, 51, 6X, 7X, E2, E7, 296, 389, 392, 401, 519, 879, 961,
42E: 1, 3, 5, E, 15, 19, 21, 33, 45, 73, 75, 10E, 119, 19E, 1E7, 225, 31E, 333, 389, 435, 643, 689, 715, 73E, 78E, 8E5, 915, 97E, X39,
431: 6, 22, 32, 74, 142, 266, 292, 2X6, 396, 816, 89X, 9XX,
433: 1, 5, 7, 12, 1E, 28, 31, 4E, 55, 91, 97, 102, 147, 14E, 155, 15E, 285, 287, 3X5, 435, 4E1, 735, XE2,
435: 3, 7, 1E, 5E, 133, 137, 1X3, 1E3, 1E7, 493, 503,
437: 2, 142, 456, 906,
439: 3, 10, 33, 40, 47, 87, X4, 1X3, 249, 393, 3X4, 441, 449, 503, 744, 793, 7E7, 844,
43E: 5, 19, 29, 89, 125, 155, 245, 291, 319, 3E9, 691, 751,
441: 8, 14, 18, 20, 28, 30, 74, 88, 228, 320, 354, 410,
443: 6, X, 17, 1X, 26, 34, 4X, 83, 8X, 160, 183, 1EX, 2EX, 3E6, 464, 46E, 626, 646, 970,
445: 1, 5, 7, E, 15, 17, 25, 27, 37, 4E, 51, 5E, 6E, 87, X5, 115, 195, 1E5, 311, 357, 437, 43E, 451, 471, 557, 717, XE1,
447: 100, 288, 2E8, 408, 634,
449: 9, 10, 19, 20, 28, 39, 132, 175, 190, 318, 490, X69, X70,
44E: 3, 7, 97, E1, 109, 259, 537, 7X1, 929,
451: 2, 4, 12, 14, 1X, 46, 4X, 80, 86, 96, E6, 136, 14X, 196, 214, 292, 398, 616, 842,
453: 1, 2, 3, 6, 11, 16, 1X, 22, 23, 27, 2X, 3X, 42, 61, 9E, 137, 13X, 142, 147, 216, 232, 25X, 289, 42E, 473, 902, 916, 929, XX7,
455: 1, E, 17, 25, X3, 13E, 141, 143, 621, 669, X71, E91,
457: 4, X, 12, 34, 62, X4, 1E4, 24X, 2X2, 424, 572,
459: 1, 4, 5, 6, 7, 9, E, 10, 1X, 2X, 52, 55, 5X, 5E, 89, 95, 152, 189, 1E8, 26E, 296, 305, 39E, 421, 431, 507, 935, 964, E81,
45E: 13, 73, 26E, 4XE, 803,
461: 1X, 11X, 226, 80X, 856, 91X,
463: 1, 3, 8, 14, 19, 23, 28, 31, 64, 75, X0, E3, 117, 12E, 139, 161, 163, 167, 553, 597, 7X4, 947,
465: 1, 5, 15, 25, 75, 89, E9, 105, 209, 2X1, 715, 729,
467: 2, 1X, 20, 24, 26, 58, 154, 172, 202, 2E8, 430, 626, X4X,
469: 4, 8, E, 4X, 7E, 84, 10X, 13E, 23E, 37X, 5E2, 688, 898,
46E: 1, 3, 5, 11, 13, 1E, 2E, 3E, 49, 6E, 7E, 101, 105, 127, 12E, 193, 201, 275, 353, 419, 547, 57E, 5X5, 73E, 835, 859, 867, 887, X5E, E2E,
471: 8, 10, 68, 70, 188, E78,
473: 1, 6, 10, 11, 16, 1X, 20, 26, 40, E0, 121, 17X, 1X1, 24X, 5X0, 729, 846, 85X, 924, 926, 994, E76,
475: 7, 9, 1E, EE, 249,
477: 6, 28, 3X, 148, 15X, 272, 470, 586, 818,
479: 2, X, E, 1X, 22, 23, 26, 2X, 32, 42, 46, 86, 93, XE, 127, 16X, 172, 175, 1X2, 222, 22E, 239, 2XX, 322, 343, 402, 593, 659, 99X, E79,
47E: 7, E, 17, 1E, 25, 8E, 107, 10E, 191, 1XE, 231, 391, 591,
481: 2, 10, 14, 34, 52, 60, X2, 216, 29X, 374, 746,
483: 5, 6, 8, 9, 12, 13, 19, 22, 98, 126, 229, 412, 472, 589, 758, X58, E7E,
485: 3, 53, X7, 397, 587,
487: 6, X, 38X, 7EX, E56,
489: 3, 8, 11, 23, 27, 31, 40, 61, 93, 167, 1X5, 211, 620,
48E: 1, 9, 15, 29, 45, 61, 149, 221, 309, 325, 4X5, 621,
491: 2, 8, 14, 18, 32, X4, 1X2, 472, 688, 758,
493: 2, 4, 6, 8, X, 2X, 52, 57, E6, 298, 403, 627, 886,
495: 13, 23, 43, 1X3, 28E, 529, 683, 813,
497: 4, 24, X4, 184,
499: 8, 11, 28, 39, 48, 59, 65, 78, 81, 109, 121, 1X2, 1E0, 1E5, 268, 4E8, 519, 536, 589, 616, 882, X22, E11, E76, EX1,
49E: 9, E, 77, 105, 315, 4X5, 703, 7E7, 905,
4X1: 2, 20, 26, 32, 54, 9X, 114, 126, 154, 174, 1X4, 222, 440, 526, 7X0, 9E2,
4X3: 1, 2, 5, X, 11, 27, 32, 35, 71, 9E, X5, 147, 14X, 162, 19E, 207, 21E, 332, 482, 552, 895, 89X,
4X5: 5, 25, 33, 47, 59, 63, 71, 77, 7E, 9E, 103, 111, 121, 14E, 163, 203, 29E, 423, 503, 579, 581, 889, 969, X03,
4X7: 8, 12, 22, 38, 40, 78, 118, 232, 748,
4X9: 3, 6, X, 16, 30, 43, 46, 70, 87, 90, 91, 93, 123, 13X, 1E3, 211, 214, 227, 3E7, 7X0, E96,
4XE: 3, 27, 33, 4E, 10E, 483,
4E1: 2, 6, 3X, 56, X6, 15X, 166, 1X2, 202, 212, 392, 50X, E32,
4E3: 1, 3, 7, 10, 11, 15, 18, 21, 27, 30, 53, 63, 77, 93, E5, 1X9, 211, 223, 260, 270, 333, 358, 569, 749, 8E9, E41, E48, E5E,
4E5: 1, 5, 61, 71, 301, 761,
4E7: 2, 8, 16, 1X, 34, 74, EX, 148, 172, 38X, 55X, 708, 948,
4E9: 3, 10, 1E, 22, 23, 26, 30, 40, 4E, 5E, 90, 242, 252, 2EE, 300, 326, 388, 49E, 872,
4EE: 1, 7, 9, 17, 23, 41, 47, 51, 59, 73, 83, 89, X7, 189, 253, 329, 439, E53,
501: 8, 140, 150, 2X0, 384,
503: 1, 6, 8, 14, 16, 20, 2X, 42, 61, 70, 82, X0, E2, 160, 1EX, 354, 378, 5X1, X54,
505: 1, 3, 5, 7, 15, 25, 27, 33, 37, 47, 65, 85, 91, 153, 243, 271, 293, 309, 427, 445, 597, 6E7, 713,
507: 2, 4, 8, 14, 28, 38, 44, 84, 2E8, 568, 574,
509: 1, 2, X, E, 2E, 3X, 45, 10X, 25X, 382, 701, 892, 965, 981,
50E: 3, 15, 33, 4E, 95, 9E, E3, E5, 19E, 3XE,
511: 10, 1X, 20, 36, 3X, 50, X6, 190, 254, 310, 50X, E14,
513: 1, 3, 6, 12, 14, 18, 19, 1E, 21, 26, 30, 68, 7E, 89, E9, 103, 114, 203, 244, 279, 313, 463, 465, 491, 733, X28, XE5, EX8,
515: 3, E, 13, 17, 1E, 33, 3E, 57, 67, 73, 117, 11E, 13E, 19E, 227, 303, 46E, E1E,
517: 2, 6, 36, 6X, 166, 322, 53X,
519: 1, 7, 8, E, 2E, 34, 48, 51, 57, 98, 208, 284, 3E1, 5X7, 5E5, 5E7, 784, 955, 968, X38,
51E: 1, 9, 11, 19, X9, 3X1, 609, 689,
521: 6, 12, 90, E6, 142, 176, 2X0, 302, 360, 3X8, 650, 950,
523: 4, 6, 7, 17, 37, E6, 133, 204, 397, 477, 646, X06,
525: 1, 7, 9, E, 19, 29, 3E, 41, 57, 59, 69, 85, 91, 99, E5, EE, 109, 155, 179, 415, 495, 519, 77E, 965,
527: 10, 30, 690, 770, 9X4,
529: 4, 5, 6, 9, X, 15, 21, 28, 29, 34, 41, 45, 4X, 52, 6X, E1, 114, 11X, 171, 249, 2X4, 322, 546, 7XX, 801, 9X1, X16, X29, X52,
52E: 1, E, 15, 17, 1E, 31, 37, 3E, 57, X5, E5, 121, 177, 211, 281, 357, 361, 70E, 99E,
531: 4, 6, 8, 1X, 2X, 58, 76, 84, 88, 17X, 186, 31X, 410, 544, 618, E40,
533: 2, 3, 15, 25, 36, 66, 82, 12E, 19E, 233, 505, 52E, 783, X65, X8E, E06,
535: 1, 3, 11, 51, 59, 1E1, 273, 413,
537: 8, 18, 20, 22, 34, 54, 108, 136, 634, 716, 734, 866, X60,
539: 1, 2, 3, 4, 5, X, 10, 13, 16, 18, 1X, 21, 34, 35, 42, 44, 57, 60, 65, 73, 76, X1, E3, 107, 120, 1E6, 200, 286, 2X0, 2E3, 311, 316, 333, 38X, 3E8, 402, 549, 626, 649, 830, 972,
53E: 1E, 17E, 753, EX7,
541: 12, 3X, 65X, 792,
543: 1, 7, E, 17, 30, 33, X9, E0, 253, 510, 890, E81,
545: 45, 499,
547: 4, X, 10, 50, 6X, 94, 96, 104, 324, 384, 510, 526, 7E0,
549: 2, 3, 4, X, 23, 43, 47, 56, 72, 80, 123, 14E, 156, 21X, 842, 882,
54E: 1, 7, E, 11, 1E, 61, 65, 6E, 93, X3, 135, 263, 295, 497, 4E9, 921,
551: 4, 10, 18, 90, 318, 350, 4E8,
553: 1, 5, 15, 48, 65, 114, 1X5, 365, 434, 511, 655, E85,
555: 1, 5, E, 21, 77, 107, 233, 417, 41E, 651,
557: 8, 16, 76, 82, X0, 852,
559: 1, 6, 9, 11, 19, 26, 49, 59, 89, 107, 123, 183, 696, 883, E23,
55E: 1, 3, 23, 27, 41, 69, 77, 89, 141, 183, 343, 401, 4E7, 621, 661,
561: 4, 6, X, 14, 16, 4X, 5X, 76, X6, E4, 108, 110, 126, 150, 158, 19X, 2X4, 33X, 428, 590, 638, 716, 974, 9E8, E7X,
563: 2, 3, 4, X, E, 17, 18, 27, 4X, 64, 67, 69, 6E, 1E6, 200, 249, 260, 764, X87,
565: 2E, 6E, 12E, 5E7,
567: 6, 22, 86, 182, 266, 282, 766, 862, 982, XXX,
569: 5, 10, 1E, 30, 35, E0, 200, 300, 51E, 610, 825, 835, 9E5,
56E: 1, 11, 21, 29, 31, X09,
571: 2, 6, 8, 16, 52, 56, E88,
573: 2, 8, E, 10, 22, 27, 33, 38, 43, 58, 70, 73, 8E, 122, 137, 20E, 23X, 313, 3EX, 428, 7E8, 8X8,
575: 1, 3, 5, 7, 9, 15, 17, 27, 2E, 31, 35, 3E, 51, XE, EE, 1E3, 293, 483, 84E,
577: 14, 18, 38, 58, X4, 324, 428, 488,
579: 1, 2, 4, 5, 8, 9, 24, 25, 29, 39, 40, 41, 49, 4X, 59, 64, 71, 72, 75, 79, 125, 155, 181, 249, 271, 272, 306, 354, 380, 4X0, 558, 609, 639, 651, 679, 839,
57E: 3, E, 19, 3E, 163, 26E, 4E9,
581: 6, X, 16, 26, 34, 46, 17X, 59X, 5X0, 73X, 9X0, X5X,
583: 3, 5, 9, X, 13, 17, 1X, 4E, 53, 5X, 6X, 81, 111, 11E, 151, 156, 1XX, 202, 263, 339, 526, 57E, 766, 78X, X31, X33, E25, EX3,
585: 3, 9, 11, 49, 79, 127, 399, 419, 431, 491,
587: 6, 16, 18, 1X, 22, 30, 82, 168, 376, 3X8, 948,
589: 2, 7, E, 14, 24, 27, 35, 38, 75, 97, 178, 204, 45E, 512, 67E, 852,
58E: 17, 4E, 7E, 12E, 1E7, 43E, 827, X47,
591: 16,
593: 1, 4, 9, 23, 39, 83, 143, 404, 4E1, 4E9, 523, 624, 911,
595: 1, 49, 101, 249,
597: 6, 10, 48, 64, 78, 86, 154, 33X, 7X0,
599: 6, 7, E, 10, 14, 17, 1X, 20, 3E, 50, 5X, 7X, 8E, X4, 234, 392, 45E, 4X7, 50E, 628, 65X, 814, 870, X10, E4E, E92, EX0,
59E: 5, 11, 45, 55, X5,
5X1: 4, 8, 20, 64, E0, 100, 248, 2X4, 908, 994,
5X3: 2, 9, 10, 12, 18, 22, 25, 69, 75, 85, 92, 105, 140, 172, 185, 210, 288, 2E2, 412, 576, 866, 980,
5X5: 3, 7, 13, 21, 27, 29, 43, 107, 123, 151, 173, 181, 321, 329, 441, 551, 587, 6X9,
5X7: 2, 4, 10, 12, 16, 1X, 22, 32, 46, 58, 62, 9X, 232, 242, 274, 364, 784, X26,
5X9: 1, 3, 9, 11, 15, 21, 23, 25, 27, 39, 43, 69, 76, 77, 79, 86, 95, X5, X9, 117, 12X, 13X, 157, 161, 165, 179, 182, 252, 26E, 5X3, 611, 617, 787, 827, 8E3, X11, E69,
5XE: 7, 35, 39, 55, 57, 67, 179, 653,
5E1: 2, 4, 1X, 24, 32, 34, 38, 42, 94, 10X, 214, 33X, 554, 562,
5E3: 3, 4, 5, 6, 7, X, E, 15, 16, 21, 23, 27, 29, 34, 35, 55, 56, 5X, 77, 79, 7X, 91, X7, E1, E4, 139, 159, 1XX, 1EE, 23E, 31X, 321, 33X, 341, 38E, 497, 565, 78X, 83E, 86X, X63, E01,
5E5: 3, 13, 3E, 103, 493,
5E7: X, 1X, 9X, 8EX,
5E9: 1, 10, 21, 43, 51, 64, 80, 83, X0, XE, 118, 120, 138, 170, 1E0, 240, 261, 284, 299, 444, 488, 59E, 864, 868, 954,
5EE: 5, 15, 31, 141, 275,
601: 2, 4, 10, 12, 18, 1X, 70, EX, 130, 156, 1X2, 370, 374, 432, 440, 448, E66,
603: 2, 4, 7, 8, 37, 44, E2, 214, 427, 4E4, 602, 977,
605: 5, 9, 13, 21, 25, 27, 35, 39, 51, 133, 195, 1X1, 341, 407, 4E5, 5X1, 659, 773, 7E3, EX5,
607: 8, 18, E0, 220, XX8,
609: 1, 14, 21, 69, 6X, 71, 8X, 94, 101, 13X, 269, 2E0, 339, 349, 359, 374, 379, E36, E7X,
60E: 3, 5, 11, 17, 19, 37, 3E, E9, 125, 159, 191, 213, 319,
611: 4, 8, 18, 24, 30, 48, 100, 10X, 168, 170, 17X, 218, 244, 2X8, 576, 692, 83X, 88X, 890, 920, X80,
613: 1, 2, 11, 15, 16, 17, 1X, 27, 2E, 35, 47, 71, 115, 119, 141, 211, 237, 266, 387, 41X, 54E, 662, 775, X67, X75, X8E, E99, EE2,
615: 717, 957,
617: 2, X, 16, 18, 26, 2X, 66, 76, 276, 2X4, 42X, 676, 972, 9X4,
619: 2, 12, 15, 25, 28, 2E, 32, 55, 128, 14E, 1X8, 220, 252, 512, 553, 708,
61E: 7, 27, 43, 193, 267, 293, 5E7, 657, 853, 887, X07,
621: 2, 6, 7X, 96, 70X, 73X, 8E6, 942,
623: 1, 3, 5, 8, 9, 19, 1E, 33, 35, 4E, 68, 7E, 100, 113, 120, 121, 218, 223, 234, 263, 340, 474, 530, 561, 663,
625: 1, 35, 189,
627: 2, 4, 12, 18, 44, 48, 94, 128, 184, 194, 36X, 3E8, 43X, 484, 518,
629: 3, X, 18, 24, 27, 34, 36, 40, 44, 4X, 60, X2, X7, E6, E8, 124, 1X8, 218, 316, 322, 417, 4E4, 534, 840, 89E, 993, X73, XE3,
62E: 3, 9, E, 4E, 123, 303, 659,
631: 10, 510, 600, 6X0,
633: 2, 4, 6, 8, 9, 16, 19, 20, 28, 4X, 62, 75, X2, 232, 259, 2X0, 404, 460, 516, 796, 885, X29,
635: 1, 5, 11, 27, 41, 47, X5, E9, 107, 121, 125, 177, 247, 289, 2X5, 437, 4X5, 899,
637: 6, X, 30, 3X, 54, 74, 126, 144, 440, 496, 4E4, 522, 650, 986, X94,
639: 2, X, 12, 25, 2E, 31, 3X, 71, 7X, 111, 171, 185, 19E, 25E, 262, 491, 627, 767, 851, 972, XXX,
63E: 1, 5, E, 11, 21, 37, 81, 87, 95, 1E9, 435, 907,
641: 16, 18, 28, 56, 58, 96, X0, 118, 128, 146, 178, 240, 2E8, 376, 8E0, E48,
643: 1, 3, 16, 1X, 21, 31, 3X, 47, 5X, 77, E4, 136, 17X, 306, 371, 464, 50X, 76X, 784, EE7,
645: 23, 5E, 463,
647: 2,
649: 3, 4, 5, 7, 9, 11, 13, 19, 21, 29, 33, 39, 40, 45, 55, 65, 75, 98, E4, 138, 185, 1X5, 321, 340, 369, 3E3, 460, 559, 5E7, 844, 8E1, 900, X97, E80,
64E: 1, 5, 35, 51, 61, 105, 145, 285, 311,
651: 2, 24, 2X, 46, 62, 110, 114, 176, 232, 288, 430, 43X, 454, 642,
653: 2, 3, 8, 13, 18, 1E, 42, 62, 6E, 72, 9E, 100, 123, 230, 263, 26E, 460, E72,
655: 3, 7, 9, 17, 57, X3, 133, 1X3, 1X9, 263, 629, 863,
657: 4, 18, 20, 28, 94, 288, 2E4, 300, 790, 810, 868,
659: 1, 2, 4, 11, 20, 26, 34, 36, 55, 109, 10X, 115, 120, 16X, 199, 1EX, 206, 2E1, 324, 375, 441, 4E6, 636, 6E1, 81X, X36, E01,
65E: 1, 3, 5, 11, 1E, 33, 83, E3, E7, 127, 165, 187, 19E, 1E9, 309, 37E, 42E, 587, 705, 727, 743, 82E, 925, 965, X17,
661: 8, X, 32, 44, 78, 92, 144, 58X, XE4,
663: 1, 7, E, 13, 1X, 23, 107, 186, 227, 453, 6X1, 6EE,
665: 3, 5, 23, 2E, 53, 85, 24E, 2E5, 43E, 61E, 735, 8EE, 9E3,
667: 6, 2X, 74, X4, 180, 266, 306, X16,
669: 3, 4, 5, 8, 10, 11, 13, 15, 17, 20, 33, 38, 40, 58, E3, 103, 176, 310, 520, 6X0, 829, E90,
66E: 3, 23, 87, 443, 4X7,
671: 2, 6, 12, 32, 5X, 92, 9X, X2, E6, EX, 156, 172, 23X, 41X, 426, 51X, 626, 656,
673: 4, 11, 17, 1E, 37, 38, 67, 7E, 164, 171, 177, 301, 327, 871, X04,
675: 1, 5, 11, 19, 29, 45, 169, 175, 215, 2X5, 2E9, 705,
677: 2, 6, 8, 10, 28, 32, 38, 50, 60, 226, 312, 418, 450, 506, 772, 820, 908, X10,
679: 4, 7, X, 10, 1X, 30, X4, XX, 217, 42X, 577, 690, 800, XXX, E56,
67E: 3, 5, 7, E, 13, 15, 1E, 21, 23, 29, X3, 153, 157, 255, 273, 383, 393, 397, 40E, 799,
681: 4, 8, 18, 198, 3E4, 414, 554,
683: 2, 5, X, 10, 15, 24, 31, 65, 6X, 75, 88, E5, 1E4, 202, 46X, 621, E19,
685: 1, 5, 45, 4E, 61, 67, 85, 14E, 235, 345, 377, 43E, 7E1,
687: 4, 8, 10, 16, 22, 28, 2X, 58, 74, 88, E0, 12X, 146, 158, 372, 41X, 428, 4EX,
689: 2, 3, 6, 59, 76, 95, 109, 1X5, 1X9, 1E3, 66E, 832, 866, 893, 90E, X95,
68E: 9, 21, 27, 47, 69, 87, 101, 373, 453, 4X7,
691: 4, 6, 8, 10, 12, 14, 26, 28, 58, 5X, 94, E2, 108, 134, 168, 1E2, 1E4, 228, 2E2, 484, 540, 726, 766, E90,
693: 1, 4, 6, 10, 12, 13, 14, 15, 20, 22, 28, 2E, 31, 33, 34, 69, 76, 110, 114, 214, 238, 275, 27X, 442, 92X, 98X, 9X8, X79, X84,
695: 3, 27, 87, X7, 537, 593, 837,
697: 2, 1X, 42, 132, X8X,
699: 5, 24, 29, 2E, 63, 83, 84, 95, 97, E3, E7, 163, 244, 279, 283, 299, 364, 43E, 545, 788, 957, 9X3,
69E: 9, 155, 519,
6X1: 4, 2X, EX, 38X, 44X,
6X3: 7, E, 14, 17, 1E, 27, 2X, 2E, 32, 3E, 56, 77, X7, E4, 133, 137, 13X, 22E, 463, 486, 493, 512, 717, 823, 9X3, 9E3,
6X5: 1, 5, 17, 35, 3E, 49, 4E, 7E, 85, 89, 97, 9E, X9, 11E, 12E, 165, 179, 357, 445, 497, 567, 619, 96E, X61,
6X7: 14, 20, 60, 74, 100, 5E0,
6X9: 1, 4, 8, 11, 12, 14, 28, 2X, 44, 61, 64, E2, 10X, 135, 14X, 204, 224, 22X, 235, 254, 264, 331, 392, 3X4, 428, 478, 711, 96X,
6XE: 9, 23, 2E, 213,
6E1: 2, 6, 18, 20, 56, 198, 228, 286, 526, 748, 886, 980, X38,
6E3: 1, 3, 7, X, 11, 16, 19, 23, 57, 199, 1E6, 236, 263, 327, 611, 756, 811,
6E5: 1, 3, 17, 19, 23, 31, 43, 51, X9, XE, 111, 137, 197, 323, 365, 3E7, 569, E35,
6E7: 2, 18, 22, 26, 28, 40, 4X, 52, 92, X2, 124, 1X2, 218, 334, 74X, 866, 994, E28,
6E9: 1, 2, 8, 9, 12, 13, 16, 18, 22, 30, 41, 4X, 58, 68, 76, 9E, X0, 110, 12X, 190, 19X, 218, 220, 228, 230, 29E, 2E2, 358, 446, 4X8, 60X, 632, 709, 998,
6EE: 1E, 3E, 127, 177, 3EE, 46E,
701: 6, 32, 112, 18X, X9X,
703: 3, 5, 10, 13, 1E, 25, 40, 43, 79, 85, 105, 125, 1X3, 239, 3XE, 573, 600, 719, E23,
705: 1, 9, 29, 121,
707: 8, 2X, 84, X0, 152, 188, 224, 574, 670, 974,
709: 4, 6, 10, 1E, 28, 2X, 33, 56, E6, 150, 167, 1X8, 208, 258, 29E, 32X, 444, 560, 768, 7XE, 7E7, 800, 8X4,
70E: 1, 5, 27, 2E, 31, 9E, 103, 135, 347, E03,
711: 94,
713: 2, 4, 9, 11, 12, 14, 28, 29, 69, 85, X4, 182, 1X8, 211, 278, 319, 331, 385, 430, 655, 761, 820,
715: 5, 9, 15, 23, 35, 43, 149, 573, 9E9,
717: 4, 6, X, 10, 16, 3X, 146, 156, 1EX, 236, 330, 476, X5X,
719: 3, 7, X, E, 1X, 21, 26, 27, 33, 37, 9E, 107, 146, 149, 1X1, 21E, 261, 309, 33X, 461, 47E,
71E: 1, 5, 7, 15, 17, 1E, 2E, 77, X7, 105, 121, 143, 145, 14E, 183, 457, 4XE, 507, 8E9, 927, X05,
721: 2, 4, 16, 22, 48, 128, 248, 408, 494, 520, 688, 922,
723: 4, 8, E, 12, 18, 42, 44, 45, 68, 178, 198, 211, 238, 2E4, 381, 385, 4XE, 538, 625, 652, 7X4, 804, 805, 82X, 83X,
725: 3, E, 27, 7E, 87, 117, 14E, 15E, 177, 4E7, 56E, 57E, 7X7, E17,
727: 2, 26, 46, E6, 116, 426, X76,
729: 1, 3, 4, 9, 10, 11, 19, 34, 54, 59, 94, 100, 193, 2E3, 417, 421, 4E1, 633, 659, 931,
72E: 1, 5, 19, 21, 29, 39, 61, 71, 89, 95, 131, 209, 229, 239, 839, 989, X35, XE9, EE9,
731: 8, X, 14, 18, 24, 38, 60, 8X, 150, 160, 166, 200, 354, 4XX,
733: 3, X, 13, 34, 36, 40, 58, 9E, E6, 104, 146, 170, 1X6, 21X, 233, 304, 662, 724, 75E, 978,
735: 1, 5, E, 17, 3E, 57, 71, 215, 257, 947,
737: 8, 10, 18, 44, 54, 70, 94, 108, 134, 168, 218, 310, 8X8,
739: 12, 16, 19, 38, 79, E6, 165, 229, 330, 915, XE5,
73E: 1, 13, 19, 31, 33, 41, 43, 51, 109, 119, 627, 713, 7E1, 957, E33,
741: 2, 8, X, 16, 30, 46, 4X, 8X, 180, 1X6, 2E0, 2EX, 836, 9XX, X18,
743: 5, 6, 17, 19, 22, 25, 2X, 43, 59, 69, 6X, 97, 125, 13E, 175, 17X, 257, 2XX, 3X6, 3E5, 826,
745: 9, 21, 2E, 39, 71, 75, 177, 231, 3EE, 417, 5E7, 791, 845,
747: 2, 12, 22, E2, 142, 144, 352, 454, 812,
749: 1, 2, 3, 4, 6, 12, 13, 19, 24, 26, 46, 48, 56, 5X, 88, X6, 102, 126, 188, 1X2, 21X, 23X, 272, 303, 408, 456, 536, 642, 665, 878, 8X6, 921, X03,
74E: 3, 2E, E3,
751: X, 1X, 76, 376,
753: 1, 4, 5, 7, 8, 13, 14, 21, 35, 41, 43, 48, 78, 7E, 81, 97, 100, 161, 165, 24E, 448, 544, 820, 975,
755: 5, 19, 1E9, 269, 345, X55,
757: 8, 18, 24, 26, 38, 46, 70, 90, 98, 228, 512, 540, 6X6,
759: 17, 24, 67, 87, 97, 142, 157, 15X, 3E4, 52X, E07,
75E: 7, E, E7, 1EE,
761: 10, 18, 48, 88,
763: 6, X, 10, 36, 39, 49, 5X, 169, 236, 3X6, 476, 66X,
765: 3, 5, 9, 23, 25, 3E, 45, 55, 59, 7E, 85, 8E, 95, 155, 167, 183, 1E7, 207, 295, 433, 447, 477, 857,
767: 2, 4, X, 10, 16, 1X, 26, 2X, 30, 6X, 7X, 82, 86, 98, 144, 176, 3E6, 40X, 4E8, 5X4, 610, 7E6, 93X,
769: 1, 2, 3, 5, 6, 7, 13, 16, 17, 1X, 25, 29, 37, 43, 55, 79, 89, 8E, X3, XE, E9, EX, 115, 116, 119, 165, 1X3, 223, 277, 321, 343, 44X, 485, 5X5, 5E1, 5E9, 60X, 79X, 92E,
76E: 5, 2E, 45, 65, 271, 341, 9X5,
771: 2, 4, 10, 12, 18, 1X, 44, 48, 5X, 64, 102, 202, 250, 272, 414, 464, 570, 5X2,
773: 3, 8, 9, 13, 19, 28, 36, 43, 45, 63, 68, 115, 139, 166, 198, 1E9, 215, 28E, 369, 425, 76E, 7E0, 86E, E13,
775: 7, 13, 37, 133, 1X7,
777: 2, 12, 3X, 46, 9X, 14X, 20X, 3X6, 522, 562, 812, XE2,
779: 1, 7, 8, E, 11, 15, 27, 28, 31, 41, 43, 87, 14E, 159, 1X5, 1E0, 349, 34E, 388, 484, 501, 50E, 767,
77E: 1, 11, 19, 879,
781: 2, 4, 8, 18, 24, 2X, 34, 44, 52, X8, E4, 104, 164, 38X, 55X, X32,
783: 4, 6, 7, 12, 1X, 28, 42, 14X, 2EE, 518, 5XX, 6E3, 878, 9E6, E56,
785: 35, 39, 55, 69, 73, 7E, X3, 115, 123, 395, 44E, 625, 6E9, 959, X39,
787: 10, 20, 270, 280, 2E0,
789: 5, 6, X, 11, 1X, 22, 26, 36, 50, 64, 68, 74, 80, 98, X0, 106, 108, 114, 120, 164, 179, 27X, 304, 365, 5X0, 728, 791, 8E2, E65,
78E: 9, 17, 25, 33, 85, 105, 173, 197, 325, 515, X65,
791: 8, X, 28, 76, 78, E2, 122, 142, 534, 6E8,
793: 1, 5, 11, 12, 25, 2X, 42, 47, 4X, 51, 67, E2, 137, 1EX, 335, 337, 527, 725,
795: 1, 3, 7, 9, 23, 31, 35, 37, 39, 55, 59, 71, 95, X1, X9, E9, 103, 111, 119, 16E, 199, 257, 273, 595, 767, 87E, 975, X05, E91,
797: 2, 12, 120,
799: 1, 3, 9, 20, 26, 29, 43, 4X, 50, 53, 63, X3, X4, 110, 134, 173, 1EX, 21X, 414, 671, 714, X40,
79E: 13, 17, 23, 2E, 9XE,
7X1: 2, X, 12, 2X, 46, 6X, 72, 86, E2, 192, 77X, X2X,
7X3: 3, 4, 10, 13, 18, 21, 23, 50, 55, 60, 70, 74, 10E, 183, 200, 244, 457, 8XE, X81, E69, E98,
7X5: 1, 51, 211, 721,
7X7: 30, 42, 128, 350,
7X9: 2, 18, 23, 26, 32, 36, 86, E2, 108, 158, 172, 1X3, 1X6, 323, 362, 428, 466, 660, 830, E26,
7XE: 9, 11, 77, 237, 381,
7E1: 4, 74, 100, 144, 1X4,
7E3: 1, 4, 9, 15, 21, 3X, 7X, X6, 166, 23X, 291, 3X5, 611, 684, 694, 766, 785, 966, E24,
7E5: 3, 11, 1E, 29, 43, 107, 133, 159, 3X5, 535, 8E7,
7E7: 4, 8, 14, 24, 5X, 64, 74, 9X, 33X, 628,
7E9: 2, 7, 12, 22, 2X, 6X, 82, 11X, 19X, 19E, 285, 38X, 4X6, 587, E95,
7EE: 3, 5, E, 15, 23, 25, 39, 45, 6E, 75, 9E, 11E, 163, 183, 349, 353, 665, 753, E05,
801: 16, 70, 340, 384,
803: 1, 2, 3, 4, 15, 16, 17, 18, 1X, 22, 27, 49, 51, 58, 59, 67, 70, 92, E8, 124, 141, 189, 249, 278, 293, 301, 332, 337, 461, 527, 564, 605, 741, 869, E01, E52,
805: 3, E, X7, 1X3, 2E3, 633, 807, 847,
807: 2, 6, 1X, 26, 2X, 62, 86, 9X, X6, 21X, 28X, 542, X6X,
809: 7, E, 15, 17, 7E, 81, 101, 175, 245, 277, 458, 53E, 835, 891,
80E: 5, 25, 75, 719,
811: 6, 10, 32, 162, 1E6, 302, 326, 336, 432, 466, X32,
813: 3, 7, 10, 14, 17, 2X, 40, 86, 8X, 10X, 117, 20X, 254, 293, 2X4, 507, 586, 6EX,
815: 1, 5, 13, 17, 19, 21, 25, 35, 39, 71, E1, 121, 139, 167, 205, 249, 263, 2X1, 323, 3EE, 945, 96E,
817: 8, 50, X8, 488, X50,
819: 1, 5, 9, X, 21, 31, 59, 81, 91, X0, EX, 139, 161, 394, 39X, 3E9, 425, 4X5, 565,
81E: 1, 7, 45, 61, 81, 301, 421, 43E, 585, EE1,
821: 6, 14, 24, 38, 44, 88, 124, 188, 1X8, 27X, 298, 314, 61X, E50,
823: 3, E, 15, 19, 1E, 22, 26, 33, 35, 3E, 43, 4E, 79, 92, 93, X2, XE, E9, 106, 115, 12E, 135, 366, 446, 516, 576, 893, 925,
825: 7, 17, 23, 51, 57, E3, 313, 783, 947,
827: 2, X, 10, 12, 20, 36, 38, 4X, 68, 76, 94, 10X, 180, 250, 254, 264, 26X, 2X2, 2E4, 308, 382, 398, 5E0, 706, 9E0, E62,
829: 1, 7, 8, 9, 12, 17, 21, 2E, 38, 50, 54, 68, 70, 83, 87, E1, 247, 25E, 438, 439, 53X, 581, 688, 698, 71X, 75E, X64, X68, XX4, E43,
82E: 3, 7, 2E, XE, 1E7, 1EE, 427, X93,
831: X, 22, 62, 72, 9X, 10X, 212,
833: 1, 5, 8, 14, 28, 40, 4E, 51, 79, E1, 128, 180, 191, 2X7, 30E, 348, 369, 3E4, 44E, 468, 517, 551, 70E, 760, 801, 880, X1E,
835: 5, 9, 25, 29, E5, 105, 135,
837: 4, 6, 26, XX, 186, 954,
839: 2, X, 10, 13, 14, 1X, 1E, 22, 27, 2X, 30, 34, 44, 54, 5X, 60, 82, 8X, XE, 152, 174, 194, 264, 274, 362, 3EX, 410, 582, 744, 844, X74, XXE,
83E: 1, 9, E, 21, 23, 2E, 49, 6E, 115, 30E, 321, 3X1, E77,
841: 680, 724,
843: 2, 4, 8, X, 18, 22, 28, 51, 88, 118, 201, 204, 208, 228, 285, 294, 2X8, 2E8, 318, 345, 401, 451, X01,
845: 1, 5, 9, 21, 23, 25, 8E, 97, 195, 245, 681,
847: 6, 30, 42, E6, 162, 200, 252,
849: 6, 7, 9, 13, 29, 33, 36, 61, 66, 73, 93, E3, 107, 121, 159, 179, 189, 221, 267, 43X, 4E3, 8E3,
84E: 1, 3, 7, 9, 11, 23, 29, 37, 3E, 61, 181, 239, 277, 307, 349, 45E, 509, 553, 587, 641, 6E1, 6EE, 949,
851: 28, 4X, 50, 56, 68, 6X, 86, 92, X2, 116, 118, 290, 348, E10, E18,
853: 2, 3, 4, 6, 7, 8, 17, 20, 34, 50, 57, 64, 6E, 8X, E0, 106, 128, 159, 193, 244, 31X, 394, 50X, 528, 550, 552, 553, 940, X63, X79, E83,
855: 7, E, 17, 1E, 27, 207, 74E, 797,
857: 2, 6, 22, 2X, 32, 62, 8X, 116, 186, 256, 992,
859: 3, 15, 23, 43, 45, 4E, 15E, 173, 21E, 229, 235, 275, 2XE, 479, 783, 795, 818,
85E: 1, 9, 21, 41, E9, 199, 201, 301, 5E9,
861: 6, 1X, 40, 54, 7X, 80, 12X, 1E4, 35X, 468, 49X, 68X, 720,
863: 2, 3, 7, 8, X, E, 18, 24, 32, 37, 38, 7E, 193, 31X, 376, 3X2, 3X6, 46E, 676, 680, 75X, E12,
865: 1, 3, 9, E, 11, 21, 25, 33, 3E, 49, 59, 8E, E9, 201, 2X9, 315, 353, 355, 38E, 549, 593, 59E, 6X1, 8E1, 9EE, X0E,
867: 4, 48, 104, 224, 304, 338, E24,
869: 1, 2, 10, 14, 16, 1X, 30, 49, 70, 72, 74, 78, 84, E4, E5, 11X, 26X, 27X, 414, 4E8, 628, 8X4,
86E: 5, 9, 25, 39, 1E3, 20E, 25E, 399, 489, 665,
871: 4, 10, 4X, 60, 210, 250,
873: 2, 17, 29, 2X, 35, 56, 62, 83, X2, 583, 5X2, 719, 763,
875: 3, 7, 1E, 35, 45, 69, 79, 123, 14E, 165, 169, 229, 39E, E15,
877: 2, 4, 8, X, 12, 16, 24, 30, 60, 76, 88, 98, X0, 112, 126, 330, 334, 374, 6E2, 71X, E52, E88,
879: 5, 7, 14, 2E, 32, 44, 4E, 64, 97, X7, EX, 237, 267, 341, 715, 864,
87E: 7, E, 2E, 9E, 15E, 317, 3E3, 467,
881: 12, 42,
883: 1, 3, 23, 39, 41, 47, 89, 90, 363, 380, 5X3, 644,
885: 15, 21, X5, 125, 155, X75,
887: 2, 10, 18, 26, 32, 38, 54, 58, 5X, 68, 126, 150, 168, 174, 192, 52X, 578, 760, E74,
889: 4, 6, E, 16, 33, 47, 64, 82, 83, 156, 223, 70E, X98,
88E: 5, 15, 17, 71, 121, 145, 327, 461, 561,
891: 4, 14, 20, 48, 100, 114, 650, 858,
893: 6, 29, 62, 92, 96, 186, 580, E92,
895: 1, 7, 11, 17, 21, 33, 67, 87, 91, 93, 107, 141, 321, 367, 451, 499, 501, 553, 671, E99,
897: 10, 30, 48, 56, 60, 68, 8X, X6, 106, 128, 1X8, 308, 66X, 7X4,
899: 1, 2, 5, X, E, 16, 31, 39, E9, 16X, 1X7, 28E, 311, 391, 395, 6X2,
89E: 1, 3, 1E, 21, 25, 27, 35, 3E, 43, 59, 7E, 91, E7, E9, 247, 2X7, 5X7, 7X3, 855, 93E, X13, E25,
8X1: 4, 8, X, 48, 68, 7X, 92, 98, 11X, 188, 1XX, 1E4, 274, 284, 382, 3EX, 5X4, 858, 974, E0X,
8X3: 1, 2, 5, 10, 11, 15, 19, 1X, 25, 27, 2E, 33, 53, 72, 77, 7E, 8E, E1, 11E, 141, 150, 183, 1X8, 217, 219, 235, 337, 587, 73X,
8X5: EE, 113, 1E3, 4E3,
8X7: 1X, X6, 11X,
8X9: 5, 10, 11, 15, 1E, 21, 23, 25, 2E, 31, 34, 65, 68, 91, 98, 101, 11E, 135, 1EE, 33E, 374, 3E9, 499, 51E, 528, 651, 888, X74, X81,
8XE: 5, 31, 39, 85, 125, 231, 2E9, 831,
8E1: 6, 8, 14, 16, 20, 22, 36, 3X, 44, 52, 60, 64, 108, 17X, 214, 43X, 452, 5X8, 66X, 95X, E92,
8E3: 4, 8, 14, 24, 27, 28, 2E, 42, XE, EX, 214, 242, 3E4, 622, X14,
8E5: 1, 3, E, 11, 17, 27, 53, 61, 91, E1, 113, 119, 1E9, 231, 301, 30E,
8E7: 10, 5E8,
8E9: X, 46, 4X, 74, 76, XX, 100, 166, 179, 460, 649, 834, E46,
8EE: 1, E, 31, 35, 39, 45, 49, 5E, 6E, 95, 10E, 111, 15E, 235, 237, 239, 289, 2EE, 377, 44E, 695, 7XE,
901: 2, 4, 6, 16, 1X, 20, 2X, 36, 3X, 46, 52, 54, X2, 112, 222, 272, 400, 48X, 502, 814, 88X, 982, E26,
903: 2, 6, 7, 9, X, E, 26, 3X, 3E, 51, EX, 105, 181, 19E, 221, 29X, 442, 466, 4X2, 4E1, 63X, 6X2, 915,
905: E, 5E, E7, 1E7, 27E, 3X1,
907: 4, X, 10, 18, 1X, 28, 30, 36, 70, 74, 78, 104, 10X, 154, 226, 23X, 29X, 428, 7E6,
909: 5, 10, 13, 15, 23, 28, 30, 36, 38, 55, 12E, 17E, 202, 26E, 303, 360, 3X5, 3E8, 4X8, 55E, 695, 8EE,
90E: 3, 43,
911: 2, 6, 12, 36, 72, 142, 332, 392,
913: 5, 7, 9, 10, 11, 14, 15, 28, 53, 58, E4, 108, 129, 144, 208, 255, 2X7, 2X8, 369, 405, 445, 491, 635, 660, 933,
915: 5, 115, 355, 589,
917: 2, 1X, 32, 4X, 6X, 82, 1XX, 242, 262, 302, 47X, 954,
919: 8, 12, 13, 18, 23, 2X, 47, 5X, 66, 70, 273, 432, 452, 488, 520, 626, 71X, 982,
91E: 5, 19, 1E, 39, 3E, 63, 75, 79, 83, 125, 159, 773, 785, 863, 925, E19, EEE,
921: 10, X0, E0, 100, 120, 170,
923: 1, 4, 5, 6, 11, 12, 22, 29, 39, 41, 44, 51, 59, 74, 85, 8X, 120, 121, 182, 191, 199, 455, 512, 689, 6E9, 712, 716, 869, E34,
925: 3, 9, E7, 14E, 163, 17E, 2E3, 319, 387, 3E5,
927: 2, 12, 20, 52, 88, 132, 160, 174, 628, 802,
929: 1, E, 1X, 31, 55, 57, 7E, 8X, XX, 15X, 165, 195, 1XX, 21X, 245, 24E, 287, 44X, 6XX,
92E: 1, 7, 2E, 5E, 71, 125, 141, 191, 245, 705,
931: 2, 6, 18, 26, 32, 286,
933: 1, 7, 13, 16, 17, 49, 56, 73, 121, 174, 1X1, 1X4, 1E6, 227, 460, 653, 657, 900, X13,
935: 13, 37, 47, 67, X3, 223, 907,
937: X, 22, 8X, 202, 496,
939: 1, 3, 9, 10, 14, 17, 20, 21, 24, 39, 78, 88, 91, 108, 131, 137, 1E7, 200, 30E, 349, 3E8, 588, 754, 854,
93E: 1, 15, 25, 131, 331, 931,
941: 2, 4, 8, X, 12, 18, 1X, 24, 28, 3X, 4X, 56, 68, 72, 98, X6, 102, 108, 146, 242, 270, 290, 446, 588, 748, 9X0, X16, E54,
943: 6, 10, 12, 18, 38, 46, 4E, 80, 248, 53E, 578, 950,
945: 1, 7, 9, 43, 59, 81, 113, 141, 263, 333, 771, 9E1, E91,
947: 4, 14, 28, 54, 64, 144, 334, 548, 988,
949: 1, 2, 4, 8, 15, 20, 25, 2X, 30, 34, 65, 82, E4, 105, 199, 229, 271, 31X, 329, 350, 36X, 411, 448, 580, 6E9, 774, 782, 885,
94E: 1, E, 13, 15, 17, 3E, 18E, 229, 449, 581, 7E1, E4E,
951: 4, X, 14, 2X, 44,
953: 1, 2, 9, 12, 21, 23, 25, 31, 33, 45, 51, 59, 133, 14E, 202, 272, 433, 5X1, 619, 7XX, 881, X3E,
955: 3, 9, E, 19, 1E, 33, 43, 49, 4E, 63, 69, 79, 95, 10E, 175, 299, 333, 4X9, 569, 715, 755, 779,
957: 14, 64, E0, 10X, 136, 45X, 54X, 624, E10,
959: 1, 4, 7, X, E, 10, 12, 15, 18, 33, 36, 3X, 40, 44, 46, 51, 61, 64, 6E, 80, 85, 91, 9X, E6, 104, 123, 142, 166, 181, 198, 19X, 1X5, 211, 226, 330, 35E, 3E6, 446, 572, 591, 7E8,
95E: 3, 63, 127, 21E, 33E, 367, 36E, 57E, 8X7,
961: 2, X, 12, 2X, 46, 86, 122, 18X, 63X, 72X,
963: 4, 14, 18, 34, 38, 55, 67, 148, 25E, 274, 3EE, 424, 4X7, 687, 7E7,
965: 39, 169, 179, 589, 8X5,
967: 2, 6, 10, 26, 62, 72, 76, 180, 226, 242, 3X2,
969: 6, X, 14, 16, 1X, 24, 26, 27, 33, 34, 36, 63, 64, 66, 9X, E4, EX, 123, 187, 1X6, 216, 267, 524, 7EX, 846,
96E: 5, 9, 15, 21, 31, 91, E3, 121, 269, 655,
971: 10, 24, 40, E0, 498,
973: 1, 4, 5, 6, 22, 32, 48, 54, 56, 115, 128, 135, 161, 192, 206, 241, 2E8, 311, 322, 324, 382, 63X, E04,
975: E, 11, 1E, 51, 65, 6E, 225, 30E, 405, 525,
977: 4, 8, 12, 20, 22, 24, 62, 64, 154, 268, 450, 522, XX0,
979: 2, 3, 5, 6, 19, 42, X2, X6, 249, 292, 432, 4X6, 612, 713, 772, 816,
97E: 33, 49, 83, 193, 1E9, 357, 5X7, 613, 853, 933,
981: 2, 6, 26, 30, 42, 52, 76, 124, 2E6, 53X, 666,
983: 1, 2, 3, 5, 7, E, 15, 19, 22, 27, 37, 3X, 46, 61, 95, X3, E2, 117, 132, 159, 24X, 253, 309, 3X9, 455, 48E, 516, 537, 693, 87X, 891, X12,
985: 3, 7, 1E, 4E, 77, 12E, 163, 18E, 213, 433, 487, 5XE, 81E, 86E, X47,
987: X, 22, 102, 212, 29X, 502, 53X, 732, 89X,
989: 1, E, 10, 13, 14, 15, 17, 23, 2E, 31, 34, 44, 47, 57, 5E, 60, 85, 99, E9, 119, 131, 257, 264, 459, 577, 591, 757, 924, E30,
98E: 9, E5, 109,
991: 4, X, 2X, 34, 3X, XX, 120, 15X, 194, 2E0, 870,
993: 3, 7, 8, 10, 17, 1E, 36, 57, 63, 6X, 120, 214, 247, 2XE, 368, 428, 620, 696, 7X8, 948,
995: 1, 3, 23, 25, 51, 111, 205, 541, 76E, X4E,
997: 8, 10, 14, 18, 28, 34, 58, 64, 68, X4, X8, 130, 164, 178, 990,
999: 2, 11, 12, 14, 32, 44, 65, 72, 82, 88, E1, 104, 178, 184, 234, 511, 562, 858, 932,
99E: 3, 5, 9, 11, 19, 23, 29, 37, 59, 83, 85, 115, 187, 245, 369, 373, 399, 3E9, 429, 493, 683, X83,
9X1: 2, 8, 10, 16, 18, 28, 72, 82, 140, 170, 422, 572, 5E6, 8X2, 906, 910,
9X3: 3, X, 11, 13, 103, 113, 151, 153, 196, 303, 473, 491, 533, E27,
9X5: 1, 3, 7, E, 19, 23, 29, 39, 3E, 67, 71, 73, 75, 79, XE, 115, 121, 133, 15E, 175, 199, 1E3, 259, 445, 679, 7X1, 879,
9X7: 2, 4, 8, 18, 2X, 46, 62, EX, 11X, 196, 206, 212, 222, 480, XX8,
9X9: 1, 2, 8, 9, 11, 20, 27, 36, 46, 49, 70, 82, 16E, 189, 22E, 235, 268, 596, 699, 77E, E66,
9XE: 7, E, 17, 67, 77, 15E, 207, 4XE, 51E, 96E,
9E1: 2, 6, 12, 16, 22, 126, 226, 32X, 336,
9E3: 9, E, 15, 19, 1E, 30, 70, 78, E8, 123, 13E, 165, 195, 38E, 449, 580, 630, 639, 810,
9E5: 9, 19, 59, 139, 441,
9E7: 2, 4, 6, 18, 1X, 26, 36, 48, 56, 5X, 76, 80, 88, E0, 108, 126, 178, 1X0, 216, 2E6, 340, 368, 382, 4E0, 566, 612, 896, E94,
9E9: 2, 3, 4, 6, E, 13, 20, 34, 64, 6X, 78, X4, 103, 10X, 130, 172, 223, 23E, 33E, 5X6, 5XE, 712, 904, E63, E72,
9EE: 1, 5, 15, 29, 6E, X1, 117, 133, 141, 18E, 371, 39E, 455, 5EE,
X01: 4, 58, 188, 414,
X03: 1, 6, 8, 10, 18, 24, 28, 51, 64, 65, 66, 6X, 98, X1, 120, 1E5, 252, 26X, 281, 2E8, 306, 638, 752, 809, 892, 9E9,
X05: 13, 3E, 49, 12E, 57E, X4E,
X07: 5X, 7X, 206, 39X, 420, 55X, 62X,
X09: 3, 6, 12, 17, 27, 35, 39, 47, 69, 92, 109, 152, 159, 177, 1EX, 239, 31X, 3E7, 566, 597, 613, 979, X77,
X0E: 1, 9, 11, 15, 17, 21, 27, 31, 37, 65, 89, 95, 18E, 235, 271, 351, 3E1, 415, 541, 599, 5XE, 771, 835,
X11: 2, 6, X, 10, 3X, 54, 6X, X0, X6, 2X2, 542, 922, 9E2,
X13: 2, 8, E, 11, 14, 32, 44, 55, 71, 72, XX, E1, EE, 178, 26E, 4X7, 508, 592, 765, 7X4, E75,
X15: 3, 17, 37, 12E, 14E, 313, 36E, 393,
X17: 6, 56, 106, 286,
X19: 3, 7, 10, 23, 30, 37, 43, 47, 63, 73, 211, 213, 5X7, 6X7, 7X3, 923, 993,
X1E: 1, 5, 29, 35, 39, 45, 71, 75, 121, 175, 209, 265, 8X5, EE1,
X21: 2, 6, 10, 14, 16, 18, 28, 40, 44, 56, 64, 72, 90, 94, 144, 232, 234, 254, 646,
X23: 2, 4, 6, 8, X, 10, 12, 13, 17, 22, 33, 38, 44, 4X, 5X, 62, 74, 78, 90, 13X, 174, 23X, 240, 258, 2X3, 468, 4X8, 4E0, 648, 864, 900, 9E4, X9X, EE6,
X25: 1, E, 15, 1E, 2E, 4E, 145, 247, 33E, 41E, 57E,
X27: 4, 8, 14, 188,
X29: 5, 6, 15, 22, 25, 32, 52, 65, 99, X6, E5, 119, 190, 325, 666, 690,
X2E: 3, 7, 23, 37, 69, 79, 109, 187, 217, 3E3, 473, 617, 687, X79, E97,
X31: 4, 6, 12, 16, 1X, 30, 34, 46, 64, 66, 7X, 80, 84, E0, 1X0, 25X, 2E8, 340, 486, 494, 4EX, 638, 65X, 6X2, 72X,
X33: 3, X, 11, 13, 17, 1X, 22, 29, 2X, 2E, 46, 47, 79, 101, 147, 167, 326, 411, 429, 6E6, 857, 86X, 8E1, 983, X32, E5X,
X35: 1, 9, 21, 3E, 41, 1E9, 209, 367, 381, 405, 4E9, 531, 635, 675, 679, 733, 829,
X37: 8, 14, 18, 94, 112, 23X, 2X4, 418, 45X, 574, 688,
X39: 1, 4, 5, 9, 10, 14, 15, 19, 1E, 36, 40, 43, 4X, 60, 65, 71, 80, X4, 101, 111, 121, 139, 166, 171, 1X1, 1X4, 205, 28X, 290, 311, 455, 574, 577, E51,
X3E: 3, 73, EE, 11E, 133, 173, 423, 453,
X41: 16, 1X, 36, 4X, 18X, 196, 62X, E26,
X43: 4, 5, 8, E, 11, 15, 25, 37, 3E, 41, 43, 49, 70, X9, E3, E5, 134, 141, 149, 154, 19E, 22E, 275, 285, 2X1, 364, 4E9, 638, 655, 867,
X45: 5, 11, 31, 51, 161, 565, 591, 911,
X47: 2, 12, 38, 52, 8X, X6, 110, 1X4, 32X, 450, 490, 492, 642,
X49: X, 12, 1E, 37, 67, X2, 167, 168, 20X, 27E, 328, 4XX, 907, X02,
X4E: 1, 5, 9, 13, 21, 43, 105, 141, 1E7, 1E9, 235, 3E9, 5X9, 607, 77E, E83,
X51: 8, 120, 148,
X53: 4, X, 10, 21, 39, 50, 5X, E0, 190, 239, 2E0, 319, 920, 9X6, X20,
X55: 1, 3, E, 6E, XE, 2E5, 355, 661, X29,
X57: 2, 4, 8, X, 12, 22, 26, 32, 42, 5X, 86, X2, X4, XX, E2, 3X2, 64X, 846, 87X, E22,
X59: 1, 2, 3, 7, X, 11, 19, 37, 43, 53, 8E, X1, X5, 199, 282, 322, 65E, 781, 823, XX9,
X5E: 1, 5, 17, 21, 51, 75, E7, 44E,
X61: 2, 8, 1X, 20, 76, 7X, 108, 238, 596, 780, 874,
X63: 5, 9, 15, 19, 35, 42, 50, 75, 80, 88, 89, E8, 286, 315, 698, 782, 855, 886, 946, X75,
X65: 13, 23, 133, 153, 237, 313, 683,
X67: 2X, 32, 5X, 72, 102, 15X, 16X, 23X, 38X, 3E2, 42X,
X69: 4, 5, E, 10, 18, 1E, 25, 37, 38, 54, 64, 79, 91, 15E, 300, 31E, 41E, 43E, 980,
X6E: 101, 121, 381, 481, 609,
X71: 2, X, 28, 42, E8, 28X, 99X,
X73: 6, 7, X, E, 10, 14, 18, 2X, 2E, 37, 47, 4X, 64, 72, 74, 77, 7X, 8E, 96, 10X, 112, 134, 137, 16X, 194, 207, 223, 24E, 338, 492, 592, 7X2, 830,
X75: 9, 49, 5E, 6E, 9E, 1E5, 27E, 6EE, 749,
X77: 14, 234, 300,
X79: 1, 2, 5, 9, X, 18, 19, 2X, 36, 38, 69, 75, X5, E2, E4, 139, 168, 1E9, 209, 261, 2E4, 454, 461, 468, 4E1, 779,
X7E: 3, 5, 9, 27, 29, 35, 37, 65, 89, 109, 169, 171, 203, 205, 31E, 36E, 3E3, 439, 50E, 529, 777, 817, E95,
X81: 4, 6, 8, 20, 34, 66, 98, 148, 154, 156, 418, 566,
X83: 1, 7, 15, 1X, 27, 2E, 61, 97, 182, 222, 3X1, 3EX, 852, X07,
X85: 1, 3, 9, 11, 1E, 33, 49, 61, 65, 69, 73, 79, 99, 105, 109, 141, 149, 163, 291, 543, 55E, 85E, 893, 90E,
X87: 2, 10, 100, 210,
X89: X, 14, 17, 2X, 30, 44, 61, 6X, 83, 8X, X9, 154, 159, 17X, 18X, 1E6, 264, 286, 2X4, 337, 349, 3E9, 526, 701, 983,
X8E: 3, 7, E, 1E, 47, 53, 9E, 127, 153, 623, X73,
X91: 2, 6, 12, 22, 66, 1EX, 2E2, 312, 426, 4EX, 65X, X7X,
X93: 3, 5, 7, 8, 9, 17, 19, 20, 29, 33, 37, 43, 58, 7E, E8, 131, 189, 1E9, 217, 221, 343, 390, 3X7, 520, 561, 781, 801, 849, 988, X58,
X95: 5, 115, 195, 535, 605,
X97: 2, X, 14, 18, 26, 30, 38, 44, 48, 54, 62, 8X, 90, 92, X8, 220, 242, 29X, 314, 3X0, 4X0, 54X, 5EX, 748, 7E4, 820, E32,
X99: 2, 3, 20, 53, 70, 120, 170, 36E, 3X3, 3E0, 56E, 59E, 622,
X9E: 1, 3, 11, 13, 33, 41, 89, 111, 361, 519, 577, 781,
XX1: 4, 8, 10, 40, 74, 2X0, 450, 460, 7X0,
XX3: 10, 15, 18, 19, 41, 50, 64, 70, X9, 131, 170, 198, 224, 241, 24X, 4E8, 875, 904, X64,
XX5: 11, 17, 1E, 25, 45, 61, EE, 10E, 113, 143, 151, 19E, 331, 337, 54E, 887, E75,
XX7: 2, 4, X, 14, 18, 24, 28, 38, 54, 11X, 154, 174, 194, 852, X64,
XX9: 2, 3, 6, 15, 1E, 22, 26, 2E, X2, X9, 155, 193, 1X9, 209, 237, 576, X56, E25,
XXE: 3, 5, 29, 45, 63, 85, 93, 153, 215, 249, 393, 665,
XE1: 4, 6, X, 54, 64, 23X, 81X,
XE3: 2, 3, 6, 11, 14, 17, 18, 24, 33, 3E, 42, 5X, 64, 73, 83, 103, 111, 160, 166, 178, 1E4, 1E6, 1E7, 200, 227, 311, 317, 427, 463, 470, 594, 880, E16,
XE5: 2E, 3E, 73, 29E, 367, 70E, 727,
XE7: 2, X, 16, 5X, 86, 226, 356,
XE9: 1, 5, E, 1E, 35, 45, 55, 114, 154, 164, 165, 1XE, 287, 565, 765, 838, X24,
XEE: 1, 85, X5, 219, 269, 399, 491, 6X5,
E01: 12, 68, 86, 1X8, 248,
E03: 3, 40, 44, 63, 64, 203, 260, 864,
E05: 3, 5, 7, 33, 3E, 53, 113, 327, 3E3, 425, 687, 713, 819, 953, 965, X9E,
E07: 4, 14, 30, 50, E4, E8, 174, 3X4, 510, 788,
E09: 1, 2, 19, 22, 34, 3X, 48, 4X, 50, 68, 70, 84, 89, XX, E5, 142, 180, 198, 199, 1X0, 27X, X48, E51, E60, EE4,
E0E: 1, 7, E, 11, 15, 1E, 21, 25, 2E, 45, 487, 507, 571, 57E,
E11: 2, X, 32, 36, 52, 9X, XX, 232, 30X, 312, 332, 430, 446, 776,
E13: 2, 5, 6, 9, E, 22, 32, 36, 4E, 75, 135, 639, 909,
E15: 1, 3, 13, 17, 19, 27, 39, 71, 77, 93, 169, 199, 237, 253, 447, 481, 497, 9E7, X53,
E17: 6, X, 38, 42, 72, 76, 100, 10X, 280, 408, 47X, 500, 57X, 75X,
E19: 2, 3, 5, 7, 10, 15, 22, 24, 33, 35, 36, 3X, 40, 55, 8E, 94, 104, 11E, 124, 133, 14X, 157, 158, 205, 220, 254, 270, 295, 33X, 463, 484, 4E7, 507, 552, 603, 665, 83X, 937, 98E, E59,
E1E: E, 17, 5E, 87, 2XE, 7XE,
E21: X, 12, 22, 15X, 2EX, 52X,
E23: 3, 7, 9, 11, 17, 1E, 24, 29, 67, 6E, 78, 118, 171, 289, 291, 328, 35E, 398, 564, 578, 62E, 977, X37,
E25: 9, 29, 39, 105, 109, 129, 219, 395,
E27: 4, 20, 24, 36, 44, E4, 10X, 214, 276, 34X, 430, 6X6, 830, 91X, X64,
E29: 2, 4, X, 13, 18, 24, 50, 58, 76, 80, XX, 186, 233, 25X, 384, EX4,
E2E: 3, 13, 23, 61, X3, 141, 159, 315, 32E, 33E, X95,
E31: 8, 14, 18, 24, E0, 110, 284, 3E4, 830,
E33: 4, 8, X, 12, 1X, 31, 32, 34, 42, 44, 54, 6X, 222, 2XX, 351, 465, 591, 728, 754, 8X2, X31, XE8,
E35: 1, 3, 7, 11, 13, 19, 23, 31, 39, 63, 83, 89, 95, EE, 141, 155, 3E3, 3E7, 40E, 451, 459, 657, X5E,
E37: 8, 46, 248,
E39: 1, 3, 7, 11, 19, 41, 57, 73, 99, 129, 137, 167, 196, 1EX, 217, 227, 286, 2X9, 6X3, 8X7, 901,
E3E: 3, 13, 27, 2E, 53, 83, X3, E9, 1X9, 223, 263, 269, 26E, 36E, X53,
E41: 6, 14, 20, 2X, 3X, 42, 52, 1XX, 254, 356, 36X, 642, 672, 6E6, 762, X94,
E43: 1, 4, 5, E, 12, 13, 1E, 21, 43, 51, 54, 67, X5, 22E, 237, 332, 362, 474, 482, 55X, 642, 664, 81E, 904,
E45: 27, 3E, 13E, 247, 327, 467, 4XE, 86E,
E47: X, 12, 1X, 3X, XX, 23X, 30X, 44X,
E49: 8, E, X8, 128, 129, 140, 250, 268, 3XE, 529, 598, 72E, 773, 78E, X30,
E4E: X21,
E51: 2, 4, 8, X, 10, 18, 28, 88, 460, 528, 614, E88, E96,
E53: 3, 8, E, 12, 72, 96, 97, 110, 180, 208, 248, 3X3, 730, 798, 978, 992,
E55: 1, 5, 7, 9, 15, 17, 29, 101, 111, 135, 161, 215, 329, 335, 405, 413, 845, 873, 949,
E57: 4, 8, 14, 44, 54, 744, 894,
E59: 1, 4, 11, 19, 29, 32, 39, 48, 54, 58, 79, 90, 91, 94, E9, 104, 114, 172, 186, 211, 226, 23X, 281, 310, 334, 534, 579,
E5E: 3, 9, 15, 2E, 8E, 14E, 625,
E61: 4, 20, 2X, 36, 44, 50, 56, 5X, 64, 114, 14X, 186, 1X6, 30X, 766,
E63: 1, 2, 5, 7, 16, 19, 1E, 26, 2X, 2E, 65, 79, 8E, 96, 166, 225, 396, 459, 61E, 725, 766, 796, 905, 93E,
E65: 1, 9, 11, 13, 19, 1E, 3E, 55, 67, 85, 89, 193, 211, 261, 301, 58E, 627, 771, 8X5, E99,
E67: 2, 6, 14, 4X, 164, 196, 1X4, 2X4, 332, 464, 606, 976, X82,
E69: 1, 2, 4, 5, X, 21, 35, 3E, 41, 62, 67, 82, 85, 9X, 105, 172, 18X, 1X4, 2E8, 32E, 45E, 512, 572, 58X, XX5,
E6E: 3, E, 23, 3E, 63, 73, 87, 153, 603, 913,
E71: 172,
E73: 1, 4, 14, 31, 103, 141, 1X0, 304, X51,
E75: 1, 19, 45, 3E9, 585, 689, 779, 819, 9E5,
E77: 2, 4, 6, 8, 4X, 94, 96, 122, 14X, 206, 240, 2E4, 336, 354, 5X8, 63X, 736, E06,
E79: 2, 3, 4, 7, 12, 17, 24, 34, 44, 5X, E8, 104, 137, 197, 1X8, 240, 264, 2E4, 327, 32X, 36X, 58X, 6X8, 720, 780, 816, 932, 974, 9X7,
E7E: 1, 7, E, 11, 31, 37, 51, 6E, 3E7, 401, 417, 461, 471, 551, 61E, 707,
E81: 10, 40, 60, 140, 230, 318, 858,
E83: 2, 5, 6, 15, 20, 28, 45, E2, 108, 146, 182, 226, 232, 256, 266, 296, 410, 532, 642, 780, 9X8, 9E5,
E85: 1, 7, 27, 51, 71, 91, 221, 281, 311, 9X7, 9X9,
E87: 4, 1X, 24, 2X6, 624, 970, X90,
E89: 3, 5, 16, 17, 1X, 1E, 33, 36, 41, 79, 83, E6, 241, 257, 2EX, 473, 619, 9X9, E85,
E8E: 31, 33, 47, 57, 5E, 65, 85, 133, 433, 4E9, 65E,
E91: 14, 1X, 2X, 44, 4X, 74, 144, 38X, 4E4,
E93: 1, 2, X, 10, 15, 16, 17, 22, 24, 26, 33, 36, 3X, 40, 41, 45, 53, 7X, 8X, 92, 9X, E5, 102, 105, 11E, 1EE, 266, 295, 2EX, 2EE, 320, 355, 366, 3E5, 55X, 5X1, 606, 712, 774, 823, 84X, 992, X31, E38,
E95: 3, 43, 53, X3, 173, 263, 48E,
E97: 2E6, X16,
E99: 13, 15, 31, 34, 39, 71, 103, 108, 280, 283, 299, 329, 361, 363, 381, 3X0, 563, 735, 979,
E9E: 1, 5, 15, 65, 145, 255, 7E1,
EX1: 4, 6, 8, X, 12, 26, 30, 4X, 50, 72, X0, E6, 166, 168, 264, 32X, 33X, 48X, 858, 85X, E22,
EX3: 2, 8, X, 17, 42, 67, 78, 9E, X2, XX, 138, 16E, 488, 52E, 877,
EX5: E, 13, 15, 17, 77, 9E, E5, 187, 1EE, 215, 229, 275, 283, 975,
EX7: 8, 60, 198, E90,
EX9: 4, 9, X, 79, E6, 121, 16X, 1X9, 201, 310, 514, 52X, 701, XE1, E8X,
EXE: 3, 5, 19, 2E, 41, 81, 95, 171, 32E, 511, 64E, 6X3, X63, XE7,
EE1: 2, X, 12, 42, 5X, 68, 6X, 92, 132, 14X, 158, 1E2, 310, 444, 4E2, 76X, 840, X28,
EE3: 5, 6, 26, 29, 2X, 35, 39, 55, 71, 7X, 316, 539, 576, 61X, X53,
EE5: 5, 15, 21, 145, 22E, 345, 715,
EE7: 6, 10, 12, 22, 70, E4, 108, 274,
EE9: 5, 10, 12, 16, 1E, 20, 22, 26, 30, 53, 98, XE, 100, 120, 206, 239, 253, 27E, 37E, 3X3, 442, 480, 599, 619, 73E, 8X6, 982,
EEE: 267, 313,
