1: 3, 4, 5, 7, 8, 9, 10, 11, 13, 14, 15, 16, 17, 18, 20, 21, 22, 23, 26, 28, 29, 30, 32, 33, 34, 35, 38, 39, 40, 42, 43, 45, 47, 51, 52, 54, 60, 62, 63, 65, 66, 72, 74, 75, 76, 82, 83, 93, 94, 98, 105, 106, 111, 112, 119, 121, 122, 123, 124, 131, 132, 135, 136, 137, 140, 142, 144, 145, 152, 156, 158, 160, 172, 180, 182, 185, 195, 201, 207, 209, 220, 225, 226, 231, 234, 235, 240, 242, 245, 272, 280, 285, 287, 288, 299, 301, 321, 328, 335, 336, 344, 356, 359, 363, 399, 404, 414, 423, 431, 433, 440, 449, 453, 473, 509, 522, 568, 569, 571, 626, 656, 693, 706, 707, 708, 714, 771, 840, 846, 916, 918, 936, 960, 1006, 1008,
2: 2, 3, 5, 6, 9, 10, 11, 13, 14, 18, 21, 24, 29, 33, 35, 38, 41, 50, 53, 54, 56, 58, 59, 66, 69, 89, 90, 94, 95, 97, 99, 101, 104, 117, 118, 120, 135, 138, 160, 167, 181, 191, 210, 221, 237, 242, 247, 288, 322, 326, 329, 369, 459, 498, 504, 514, 523, 561, 582, 637, 667, 675, 728, 747, 762, 832, 842, 929, 955, 965, 992,
3: 2, 4, 5, 9, 10, 11, 14, 16, 17, 21, 28, 35, 36, 40, 46, 51, 52, 57, 58, 61, 62, 70, 76, 81, 82, 90, 103, 108, 112, 125, 150, 154, 167, 176, 184, 186, 193, 209, 213, 218, 222, 236, 240, 245, 247, 276, 293, 306, 316, 336, 350, 361, 363, 400, 425, 543, 585, 594, 616, 643, 647, 674, 707, 725, 730, 814, 831, 860, 911, 916, 960, 980,
4: 3, 6, 15, 18, 21, 24, 45, 48, 60, 69, 75, 78, 96, 138, 141, 174, 231, 282, 306, 312, 336, 342, 405, 420, 513, 558, 666, 732, 837, 954,
5: 2, 5, 8, 11, 14, 16, 17, 18, 21, 26, 28, 30, 38, 40, 53, 56, 72, 76, 84, 87, 102, 110, 122, 154, 168, 184, 197, 237, 266, 268, 318, 354, 396, 414, 440, 468, 511, 527, 686, 699, 711, 713, 822, 845, 849, 882, 985, 1004,
6: 3, 7, 10, 11, 14, 21, 27, 29, 34, 63, 102, 112, 126, 136, 213, 234, 239, 258, 282, 298, 342, 382, 492, 532, 533, 590, 596, 659, 664, 733, 899, 902,
7: 2, 5, 13, 16, 18, 19, 23, 38, 45, 54, 65, 70, 112, 126, 156, 173, 291, 300, 312, 334, 432, 456, 458, 463, 499, 533, 581, 582, 585, 699, 896, 897, 950,
8: 5, 6, 7, 9, 10, 11, 20, 30, 33, 48, 51, 54, 60, 83, 86, 111, 134, 142, 166, 188, 214, 225, 292, 326, 361, 378, 426, 574, 588, 650, 676, 693, 798, 842, 945, 962, 980,
9: 4, 10, 14, 21, 26, 29, 34, 40, 50, 52, 53, 61, 78, 94, 108, 110, 152, 172, 189, 205, 290, 291, 311, 314, 316, 366, 425, 462, 527, 655, 672, 806, 830, 894, 1020,
10: 3, 5, 6, 14, 17, 20, 26, 30, 34, 61, 92, 102, 105, 112, 123, 124, 136, 154, 161, 173, 176, 235, 243, 257, 311, 376, 425, 452, 550, 552, 633, 674, 732, 799, 837, 866, 897, 965,
11: 2, 15, 45, 580, 805, 960,
12: 5, 12, 19, 22, 27, 29, 50, 51, 76, 83, 89, 102, 123, 125, 196, 197, 243, 288, 368, 426, 586, 589, 612, 614, 622, 634, 665, 691, 746, 776, 808, 832, 851,
13: 2, 10, 14, 19, 23, 28, 35, 54, 55, 111, 114, 118, 124, 140, 180, 198, 264, 285, 303, 381, 637, 695, 822, 846, 852, 903, 912, 978,
14: 3, 6, 18, 30, 33, 39, 45, 96, 123, 153, 168, 225, 249, 696, 864,
15: 4, 16, 22, 23, 26, 30, 39, 58, 83, 111, 115, 161, 190, 211, 269, 283, 340, 364, 390, 414, 602, 654, 680, 758, 769, 796, 842, 852,
16: 3, 10, 14, 22, 28, 34, 61, 62, 91, 92, 100, 126, 135, 155, 165, 186, 283, 336, 406, 454, 880, 1002, 1005,
17: 2, 5, 11, 22, 40, 74, 78, 81, 92, 99, 160, 261, 276, 300, 372, 377, 460, 506, 672, 712, 1010,
18: 7, 12, 20, 34, 42, 52, 70, 81, 94, 96, 136, 142, 223, 248, 325, 356, 368, 396, 418, 582, 670, 955, 972, 984,
19: 2, 11, 18, 20, 21, 26, 50, 64, 70, 90, 117, 135, 138, 280, 304, 314, 345, 433, 450, 468, 500, 513, 603, 623, 655, 674, 698, 798, 958,
20: 3, 5, 7, 11, 17, 19, 20, 24, 25, 26, 30, 42, 51, 58, 96, 110, 111, 112, 125, 196, 224, 271, 359, 403, 582, 703, 747,
21: 4, 8, 9, 28, 29, 36, 43, 76, 90, 91, 95, 109, 154, 199, 202, 230, 234, 251, 255, 376, 410, 554, 626, 680, 688, 712, 804, 894, 901, 954,
22: 6, 10, 19, 28, 34, 40, 41, 52, 59, 74, 85, 98, 100, 113, 116, 162, 173, 206, 318, 349, 534, 684,
23: 2, 5, 8, 11, 16, 40, 49, 52, 59, 101, 115, 120, 162, 180, 198, 244, 260, 342, 815, 912,
24: 3, 10, 13, 15, 17, 19, 21, 35, 40, 63, 92, 105, 112, 129, 145, 237, 261, 264, 265, 283, 286, 353, 440, 561, 672, 732, 734, 914,
25: 32, 38, 49, 58, 63, 80, 83, 84, 135, 143, 145, 204, 206, 207, 230, 242, 413, 426, 480, 614, 666, 797, 937,
26: 3, 9, 28, 43, 52, 63, 85, 101, 170, 252, 259, 271, 296, 330, 378, 481, 589, 610, 836, 927, 962,
27: 20, 30, 42, 53, 66, 74, 131, 170, 264, 362, 701, 738, 879, 985,
28: 6, 10, 19, 20, 40, 101, 104, 113, 114, 125, 160, 161, 194, 235, 270, 275, 290, 508, 538, 560, 597, 660, 1010,
29: 2, 14, 35, 462, 588,
30: 5, 12, 21, 28, 35, 39, 63, 70, 90, 92, 130, 141, 170, 198, 204, 267, 296, 317, 362, 390, 660, 674, 739, 902, 927,
31: 2, 10, 15, 16, 17, 32, 70, 71, 87, 112, 126, 170, 181, 182, 265, 383, 679, 764,
32: 5, 9, 20, 23, 34, 46, 70, 97, 102, 150, 160, 212, 250, 251, 300, 336, 337, 351, 395, 480, 625, 702, 754, 840, 932, 1016,
33: 4, 5, 7, 8, 11, 17, 35, 39, 45, 59, 62, 70, 112, 331, 422, 710, 904,
34: 14, 15, 33, 40, 42, 51, 78, 84, 118, 160, 342, 350, 535, 615, 624, 717, 745, 946, 995,
35: 21, 71, 75, 84, 107, 186, 213, 312, 358, 386, 455, 528, 532, 580, 682, 735, 744, 845, 984,
36: 3, 12, 27, 30, 36, 102, 195, 198, 786,
37: 2, 28, 32, 40, 81, 90, 102, 112, 113, 148, 198, 203, 249, 266, 280, 436, 695, 782, 822,
38: 6, 17, 26, 29, 50, 63, 67, 96, 117, 144, 204, 208, 212, 246, 283, 316, 630, 688, 770, 1005,
39: 4, 11, 14, 21, 29, 45, 64, 250, 330, 870, 1002,
40: 3, 15, 35, 44, 90, 114, 116, 121, 151, 154, 237, 268, 530, 564, 666, 850, 978,
41: 2, 9, 10, 11, 16, 18, 21, 35, 38, 62, 65, 80, 95, 149, 173, 211, 224, 226, 237, 291, 308, 335, 369, 374, 429, 462, 623, 640, 718, 823, 869, 1022,
42: 28, 37, 104, 198, 219, 258, 336, 348, 387, 404, 780, 792, 880, 1000,
43: 2, 11, 13, 25, 33, 41, 42, 54, 63, 71, 81, 140, 177, 230, 239, 355, 492, 615,
44: 10, 18, 31, 53, 59, 75, 77, 102, 110, 143, 260, 358, 401, 438, 450, 653, 668, 745, 879, 881, 898,
45: 4, 5, 14, 30, 32, 60, 66, 86, 111, 132, 163, 190, 235, 312, 358, 408, 583, 654, 675, 678, 792, 848, 909, 947,
46: 11, 14, 21, 34, 63, 65, 66, 100, 163, 204, 304, 316, 426, 525, 530, 795,
47: 2, 7, 8, 10, 19, 50, 58, 72, 162, 245, 275, 316, 388, 689, 736, 799, 828, 948,
48: 5, 9, 11, 14, 20, 24, 30, 46, 52, 99, 125, 142, 156, 171, 253, 348, 385, 499, 563, 673,
49: 10, 26, 28, 51, 175, 184, 244, 764, 810, 954, 986,
50: 6, 11, 73, 96, 171, 311, 592, 743, 816, 942, 974,
51: 8, 11, 23, 114, 116, 122, 123, 130, 219, 227, 260, 380, 408, 446, 513, 610, 672, 978,
52: 6, 14, 22, 23, 30, 34, 46, 80, 144, 189, 193, 207, 236, 354, 362, 446, 796,
53: 2, 5, 10, 13, 18, 22, 88, 128, 141, 264, 449, 673, 716, 750, 765, 931,
54: 3, 22, 74, 82, 90, 98, 104, 150, 237, 245, 300, 361, 459, 543, 600, 703, 778, 832, 892,
55: 15, 21, 60, 62, 116, 120, 278, 390, 470, 522, 731, 1017,
56: 3, 11, 40, 59, 174, 179, 190, 244, 283, 323, 391, 402, 426, 436, 739,
57: 4, 10, 25, 30, 36, 86, 87, 142, 228, 244, 295, 308, 366, 873, 954,
58: 5, 27, 34, 50, 66, 147, 163, 186, 240, 241, 328, 329, 402, 406, 430, 506, 578, 645, 978,
59: 2, 16, 21, 28, 33, 38, 40, 90, 99, 100, 111, 122, 171, 174, 182, 185, 222, 250, 335, 559, 585, 722,
60: 24, 26, 28, 36, 47, 66, 70, 81, 90, 143, 248, 342, 343, 477, 546, 654, 711, 751, 755, 962,
61: 2, 8, 9, 14, 40, 81, 111, 204, 266, 350, 375, 486, 534, 669, 982,
62: 5, 6, 18, 19, 30, 34, 42, 50, 51, 86, 106, 138, 312, 314, 391, 532, 802, 964, 968,
63: 8, 16, 20, 57, 77, 188, 311, 413, 435, 913, 980,
64: 6, 10, 13, 28, 38, 47, 54, 60, 66, 78, 95, 140, 150, 155, 259, 285, 330, 356, 372, 408, 437, 600, 707,
65: 9, 22, 27, 38, 232, 233, 374, 533, 575, 641,
66: 3, 12, 20, 24, 28, 33, 38, 40, 50, 52, 62, 96, 100, 198, 253, 254, 261, 266, 270, 327, 396, 414, 454, 698,
67: 2, 5, 11, 13, 26, 33, 42, 45, 76, 118, 158, 170, 186, 323, 411, 484, 656, 740, 806, 820, 908, 984,
68: 5, 22, 28, 45, 116, 119, 164, 171, 240, 325, 416, 554, 585, 660,
69: 10, 11, 34, 36, 53, 69, 136, 434, 517, 556, 634, 722, 733, 749, 769, 798,
70: 5, 6, 9, 15, 40, 48, 66, 72, 78, 83, 122, 129, 134, 240, 328, 471, 542, 647,
71: 2, 10, 15, 18, 55, 71, 99, 191, 291, 308, 312, 332, 342, 372, 394, 467, 594,
72: 7, 10, 14, 23, 24, 28, 63, 65, 72, 73, 81, 90, 117, 144, 245, 267, 326, 350, 365, 374, 409, 494, 960,
73: 2, 13, 21, 57, 116, 171, 180, 214, 221, 250, 266, 281, 286, 378, 819,
74: 3, 6, 33, 41, 52, 82, 90, 156, 158, 165, 268, 345, 558, 560, 777, 1000,
75: 5, 9, 15, 16, 17, 34, 45, 56, 67, 75, 76, 124, 136, 508, 540, 670, 886,
76: 6, 15, 102, 114, 135, 171, 186, 222, 279, 318, 414, 780, 834,
77: 5, 9, 11, 38, 53, 66, 414, 420, 605, 772, 836, 876,
78: 5, 29, 45, 52, 72, 84, 92, 173, 182, 278, 304, 369, 647, 994,
79: 2, 8, 16, 68, 78, 84, 92, 123, 177, 182, 186, 365, 379, 546, 554, 638, 721,
80: 5, 15, 20, 21, 33, 35, 48, 58, 62, 100, 126, 152, 450, 456, 804, 856, 1012,
81: 4, 7, 21, 33, 60, 123, 208, 317, 394, 475, 584, 750, 814,
82: 10, 135, 230,
83: 2, 25, 30, 55, 57, 101, 116, 120, 131, 152, 273, 517, 536, 646, 749, 781,
84: 3, 11, 12, 13, 30, 58, 70, 88, 93, 165, 194, 222, 422, 445, 484, 495, 556,
85: 15, 21, 23, 26, 40, 54, 105, 549, 569, 579, 628, 852, 966,
86: 7, 11, 15, 21, 31, 33, 34, 113, 228, 242, 360, 378, 425, 501, 546,
87: 5, 9, 11, 14, 32, 66, 86, 213, 216, 218, 260, 351, 379, 451, 949,
88: 9, 28, 49, 66, 73, 125, 134, 144, 171, 174, 239, 245, 260, 416, 618, 955, 970,
89: 2, 13, 17, 40, 80, 97, 111, 132, 160, 204, 365, 438, 455, 520, 552, 588, 760,
90: 3, 5, 39, 42, 46, 76, 111, 167, 219, 251, 337, 434,
91: 8, 10, 15, 28, 41, 51, 91, 113, 120, 147, 261, 272, 294, 370, 449, 668, 834,
92: 6, 13, 23, 82, 98, 144, 182, 284, 604, 870,
93: 8, 31, 90, 110, 129, 149, 150, 170, 189, 269, 378, 474, 566, 688, 702, 754, 794, 937,
94: 3, 6, 21, 46, 50, 53, 82, 178, 182, 209, 282, 311, 683, 742,
95: 21, 42, 45, 47, 59, 62, 90, 132, 143, 150, 167, 181, 218, 244, 463, 621, 654, 729, 1006,
96: 7, 12, 20, 21, 33, 34, 40, 119, 129, 200, 269, 304, 315, 448, 516, 603, 754, 811, 844, 868, 882, 914, 930, 953,
97: 2, 5, 14, 16, 38, 42, 47, 94, 125, 126, 144, 258, 588, 612, 736, 1020,
98: 7, 13, 19, 25, 30, 40, 41, 42, 66, 125, 208, 258, 358, 472, 600, 1006,
99: 4, 20, 26, 57, 61, 90, 110, 160, 170, 180, 327, 418, 446, 468, 560, 859, 947, 1016,
100: 5, 15, 17, 18, 30, 33, 52, 81, 112, 141, 176, 246, 254, 290, 346, 375, 384, 402, 404, 438, 479, 515, 693, 770, 850, 879,
101: 2, 142, 238, 250, 474, 504, 660,
102: 10, 12, 52, 133, 536, 590, 814, 844,
103: 2, 8, 11, 13, 33, 38, 80, 81, 82, 131, 160, 161, 184, 216, 229, 260, 380, 455, 563, 640,
104: 10, 15, 17, 28, 30, 38, 42, 95, 188, 194, 252, 257, 288, 362, 453, 457, 501, 792, 950, 979,
105: 4, 13, 26, 38, 61, 72, 104, 146, 163, 180, 234, 532, 632, 649, 884,
106: 6, 17, 39, 42, 52, 67, 73, 89, 96, 121, 123, 172, 210, 219, 351, 420, 604, 846,
107: 2, 8, 14, 18, 25, 30, 37, 40, 50, 85, 105, 118, 122, 140, 147, 348, 474, 528, 570, 592, 594, 628, 814, 879,
108: 5, 10, 28, 72, 73, 106, 113, 114, 441, 575, 915, 936,
109: 2, 21, 27, 35, 105, 136, 228, 254, 261, 328, 343,
110: 3, 13, 28, 29, 40, 70, 88, 103, 132, 210, 657, 720, 773, 891, 892, 942,
111: 4, 7, 33, 59, 63, 85, 105, 171, 246, 250, 278, 409, 412, 887,
112: 6, 38, 50, 53, 86, 234, 260, 670, 682, 773, 840, 922,
113: 2, 11, 16, 20, 54, 57, 89, 104, 140, 219, 244, 257, 317, 744, 878, 918, 921,
114: 12, 22, 39, 60, 82, 144, 210, 220, 373, 397, 400, 588, 612, 829, 963, 1020,
115: 15, 20, 78, 83, 102, 116, 117, 118, 133, 153, 154, 159, 171, 189, 191, 204, 209, 308, 310, 674, 688, 893,
116: 3, 14, 18, 23, 33, 38, 78, 141, 226, 244, 260, 338, 346, 353, 425, 451, 736, 989,
117: 4, 5, 33, 38, 39, 47, 65, 76, 124, 157, 166, 276, 336, 356, 470, 570, 605, 684, 759,
118: 18, 21, 24, 50, 65, 100, 117, 125, 126, 290, 328, 364, 469, 531, 914,
119: 10, 16, 22, 33, 42, 60, 71, 92, 109, 178, 198, 783, 998,
120: 3, 5, 21, 24, 35, 80, 88, 90, 582, 619, 699,
121: 14, 34, 41, 45, 50, 54, 60, 208, 262, 317, 328, 332, 516, 526, 536, 663, 778, 847, 894,
122: 6, 7, 9, 51, 81, 85, 88, 106, 172, 218, 232, 296, 398, 556, 639, 689, 933, 978, 995,
123: 4, 27, 38, 46, 69, 142, 160, 234, 239, 271, 286, 576, 634, 660, 740, 787, 892,
124: 3, 21, 52, 56, 100, 135, 180, 206, 212, 251, 334, 471, 472, 954,
125: 5, 7, 11, 25, 38, 43, 95, 101, 130, 145, 223, 276, 399, 852, 909, 918,
126: 3, 17, 26, 36, 63, 152, 211, 412, 951,
127: 2, 10, 128, 147, 178, 255, 274, 424, 426, 726, 774, 1020,
128: 13, 18, 34, 37, 40, 60, 150, 168, 304, 371, 479, 490, 796, 914,
129: 10, 13, 17, 60, 156, 168, 204, 232, 234, 390, 403, 435, 446, 556, 855, 965,
130: 3, 6, 48, 84, 102, 117, 118, 157, 286, 304, 319, 345, 426, 493, 533, 678, 727, 939, 950,
131: 2, 15, 62, 73, 85, 118, 143, 174, 187, 256, 366, 406, 458, 460, 764, 913,
132: 5, 9, 30, 43, 49, 55, 57, 94, 170, 886,
133: 25, 47, 56, 85, 100, 112, 222, 231, 434, 512, 518, 808, 825,
134: 3, 6, 15, 17, 38, 39, 42, 58, 75, 82, 86, 180, 286, 310, 338, 386, 393, 399, 513, 759, 833, 848, 856, 900, 956,
135: 30, 43, 52, 62, 90, 95, 105, 133, 170, 179, 210, 228, 303, 374, 587,
136: 26, 30, 61, 120, 121, 142, 284, 296, 308, 386, 390, 626, 686, 864, 870,
137: 2, 7, 40, 134, 146, 147, 198, 209, 239, 284, 408, 564, 628,
138: 5, 14, 74, 86, 118, 124, 126, 156, 179, 236, 359, 768, 863,
139: 2, 9, 14, 20, 26, 54, 58, 65, 130, 135, 251, 354, 432, 446, 569, 690,
140: 6, 24, 132, 138, 156, 237, 294, 471, 690, 888,
141: 46, 77, 150, 154, 176, 225, 330, 344, 360, 371, 454, 529,
142: 14, 117, 332, 464, 533, 866, 913, 985,
143: 10, 14, 112, 125, 160, 177, 287, 303, 469, 613, 735, 865,
144: 20, 33, 40, 95, 126, 224, 318, 344, 350, 468, 570, 694, 786, 998,
145: 11, 21, 27, 30, 70, 112, 136, 146, 195, 248, 278, 288, 290, 679, 692, 804,
146: 3, 6, 11, 18, 34, 38, 63, 82, 152, 237, 390, 412, 727, 875, 880, 970,
147: 4, 27, 105, 108, 208, 260, 415, 455, 616, 683, 797, 806,
148: 10, 26, 40, 76, 148, 150, 180, 210, 309, 336, 380, 410, 637, 794,
149: 2, 8, 10, 18, 84, 112, 122, 193, 194, 214, 274, 345, 385, 638,
150: 3, 14, 28, 30, 62, 81, 88, 148, 207, 504, 553, 810, 880,
151: 2, 9, 13, 14, 50, 62, 70, 78, 101, 137, 264, 322, 338, 686, 722, 891, 922,
152: 5, 18, 21, 25, 30, 44, 114, 168, 609, 678,
153: 7, 40, 44, 63, 88, 92, 93, 174, 188, 205, 324, 412, 512, 664,
154: 6, 10, 52, 78, 79, 88, 154, 249, 282, 298, 408, 849, 903,
155: 5, 30, 32, 43, 49, 59, 60, 64, 76, 98, 160, 182, 194, 592, 724,
156: 3, 15, 65, 152, 179, 189, 215, 445, 640,
157: 2, 9, 10, 11, 16, 22, 72, 85, 99, 106, 114, 294, 383, 434, 440, 453, 745, 787, 1007,
158: 6, 13, 14, 45, 51, 54, 98, 165, 295, 391, 470, 525, 786,
159: 34, 46, 49, 62, 66, 74, 75, 232, 260, 273, 330, 387, 722, 756, 1011,
160: 3, 6, 9, 11, 30, 33, 34, 62, 86, 109, 170, 175, 177, 218, 286, 292, 422, 516, 670, 685, 686, 713, 898,
161: 22, 129, 170, 293, 294, 748, 826,
162: 22, 33, 59, 66, 84, 95, 178, 194, 225, 257, 287, 310, 398, 477, 492, 720, 950, 965,
163: 2, 5, 8, 10, 23, 28, 30, 38, 63, 94, 179, 195, 196, 210, 224, 397, 516, 536, 831, 834, 996, 1008,
164: 14, 19, 21, 24, 41, 60, 112, 134, 138, 165, 313, 315, 330, 363, 398, 451, 454, 458, 558, 656, 916,
165: 13, 17, 30, 44, 102, 105, 109, 118, 137, 144, 155, 178, 198, 202, 260, 310, 350, 362, 494, 642,
166: 18, 21, 26, 28, 31, 54, 75, 80, 101, 111, 174, 271, 277, 288, 300, 306, 319, 390, 792, 981,
167: 2, 9, 14, 18, 34, 60, 72, 126, 150, 393, 455, 846, 862,
168: 10, 12, 68, 81, 82, 195, 210, 213, 318, 553, 1022,
169: 15, 28, 35, 50, 123, 124, 204, 412, 420, 459, 657, 750, 868, 944,
170: 3, 11, 38, 60, 70, 105, 112, 198, 319, 354, 645,
171: 4, 14, 46, 84, 100, 130, 187, 218, 292, 338, 840,
172: 6, 20, 28, 57, 76, 146, 159, 171, 234, 245, 802, 865,
173: 2, 10, 13, 16, 35, 39, 54, 62, 109, 151, 178, 197, 609, 936,
174: 9, 10, 14, 35, 47, 52, 152, 349, 363, 390, 420, 473, 890, 938,
175: 17, 30, 38, 73, 171, 259, 265, 297, 396, 876, 971,
176: 3, 7, 45, 50, 100, 176, 238, 496, 922, 924,
177: 22, 40, 70, 121, 148, 159, 160, 248, 260, 414, 422, 475, 496, 581, 790,
178: 6, 18, 22, 50, 80, 126, 228, 230, 260, 314, 443, 694,
179: 2, 10, 28, 30, 63, 75, 114, 117, 150, 216, 259, 543, 564, 627,
180: 3, 14, 20, 34, 39, 52, 112, 137, 168, 191, 243, 266, 338, 351, 403, 416, 620, 650, 690, 736, 770,
181: 2, 11, 14, 20, 33, 38, 98, 360, 387, 702, 747, 907,
182: 7, 24, 40, 42, 47, 87, 180, 222, 331, 458, 473, 507, 669, 778, 828, 831,
183: 14, 36, 42, 50, 224, 244, 284, 403, 514, 828,
184: 3, 14, 33, 35, 60, 65, 112, 148, 544, 588, 764, 851,
185: 18, 22, 118, 126, 312, 340, 469, 504, 603, 624, 752,
186: 20, 21, 24, 26, 33, 108, 169, 179, 255, 300, 341, 487, 548, 688, 705, 795, 900,
187: 8, 14, 31, 53, 80, 120, 210, 251, 256, 322, 341, 502, 754, 839, 994,
188: 11, 62, 83, 230, 315, 342, 813,
189: 7, 10, 28, 30, 40, 46, 68, 77, 102, 120, 142, 230, 413, 914, 927,
190: 5, 14, 47, 101, 242, 294, 371, 416, 418, 440, 780,
191: 2, 9, 55, 61, 104, 105, 124, 155, 482, 644, 841, 959,
192: 10, 22, 76, 93, 102, 115, 118, 183, 400, 561, 594, 782, 957, 996,
193: 2, 10, 16, 62, 136, 181, 294, 874, 906,
194: 9, 21, 34, 41, 50, 78, 144, 170, 182, 268, 287, 343, 576, 597, 612, 732, 738, 942,
195: 27, 57, 70, 82, 102, 154, 193, 231, 282, 534, 564, 576, 594,
196: 15, 18, 21, 22, 30, 74, 88, 92, 213, 219, 243, 246, 498, 515, 615, 732,
197: 2, 14, 16, 17, 25, 52, 92, 98, 134, 138, 156, 198, 276, 343, 726, 1016,
198: 24, 33, 36, 59, 89, 110, 145, 202, 215, 269, 290, 392, 450, 520,
199: 2, 11, 22, 33, 374,
200: 15, 33, 87, 204, 208, 318, 448, 771, 932, 990,
201: 7, 23, 36, 75, 87, 236, 264, 310, 390, 477, 674,
202: 13, 24, 61, 80, 89, 173, 309, 448, 921,
203: 5, 40, 41, 42, 95, 99, 106, 115, 126, 170, 186, 354, 422, 454, 561, 605, 942,
204: 3, 10, 24, 33, 52, 60, 107, 517, 523, 792, 805, 882,
205: 15, 16, 18, 63, 178, 218, 254, 377, 423, 450, 663, 867, 954,
206: 3, 11, 14, 18, 38, 62, 92, 96, 150, 269, 342, 408, 815,
207: 5, 9, 25, 26, 37, 55, 69, 73, 98, 122, 166, 208, 312, 407, 482, 519, 520, 585, 914, 982,
208: 5, 40, 41, 81, 104, 122, 127, 130, 150, 186, 196, 197, 198, 240, 334, 353, 432, 488, 561, 615, 738, 931,
209: 14, 52, 66, 88, 186, 280, 290, 556, 892, 902,
210: 3, 15, 20, 30, 125, 130, 291, 300, 492, 521, 566, 628, 904,
211: 2, 7, 10, 17, 21, 28, 50, 65, 224, 280,
212: 10, 48, 59, 98, 143, 150, 154, 255, 363, 764,
213: 5, 14, 35, 42, 45, 99, 146, 210, 397, 420, 478, 528, 761, 774, 930,
214: 10, 17, 39, 52, 65, 89, 90, 95, 204, 430, 464, 470, 578, 652, 672,
215: 7, 8, 56, 180, 319, 475, 551, 820, 1010,
216: 36, 51, 61, 74, 88, 104, 117, 206, 240, 247, 294, 390, 886, 979, 1008,
217: 9, 10, 11, 23, 30, 34, 37, 45, 46, 109, 111, 112, 158, 185, 246, 297, 401, 420, 924,
218: 6, 88, 144, 158, 312, 396, 428, 741, 767, 950,
219: 4, 21, 49, 52, 63, 69, 71, 86, 124, 800,
220: 100, 125, 154, 237, 310, 360, 380, 446, 578, 621, 765,
221: 9, 15, 41, 54, 81, 84, 112, 120, 126, 161, 203, 233, 238, 356, 427, 469, 525, 567, 644, 660, 894,
222: 5, 23, 28, 223, 252, 276, 519, 677,
223: 2, 9, 13, 14, 28, 50, 138, 240, 298, 301, 402, 428, 633, 822,
224: 3, 7, 9, 20, 46, 93, 188, 189, 452, 462, 818,
225: 4, 70, 99, 105, 114, 196, 264, 814,
226: 17, 47, 54, 56, 66, 82, 83, 110, 270, 530, 583, 846, 869, 939,
227: 2, 63, 128, 187, 188, 236, 276, 286, 453, 490, 584, 609, 843, 936, 949,
228: 7, 12, 13, 26, 40, 95, 100, 110, 145, 146, 197, 262, 291, 335, 354, 525, 528, 628, 736,
229: 2, 30, 60, 86, 94, 100, 114, 120, 124, 150, 390, 448, 456, 836, 966,
230: 3, 6, 11, 15, 18, 25, 84, 102, 106, 131, 178, 185, 226, 350, 384, 441, 459, 463, 689, 771, 985,
231: 8, 17, 30, 32, 174, 323, 451,
232: 5, 20, 21, 60, 76, 86, 94, 149, 152, 204, 340, 388, 723, 840, 918,
233: 2, 16, 18, 114, 115, 473, 537, 839, 886,
234: 9, 21, 42, 78, 114, 462, 594, 924,
235: 16, 60, 265, 271, 309, 404, 413, 480, 662,
236: 3, 10, 20, 22, 48, 61, 181, 182, 352, 369,
237: 4, 10, 11, 32, 52, 98, 110, 172, 252, 386, 452, 458, 485, 658, 778, 970,
238: 5, 25, 30, 76, 101, 117, 120, 193, 210, 264, 275, 318, 544, 696,
239: 2, 17, 57, 60, 80, 104, 126, 136, 220, 227, 317, 461, 508, 900, 957,
240: 3, 11, 30, 115, 154, 190, 533, 539, 855, 918,
241: 2, 9, 13, 45, 64, 156, 244, 299, 408, 447, 516, 668,
242: 5, 6, 14, 26, 33, 63, 136, 234, 293, 457, 480, 493, 590, 618, 716, 962,
243: 4, 8, 28, 33, 65, 100, 149, 211, 221, 360, 492, 531, 736,
244: 6, 7, 14, 38, 47, 51, 83, 119, 120, 191, 202, 260, 264, 451, 453, 516, 526, 630,
245: 34, 54, 57, 77, 88, 95, 142, 186, 240, 259, 274, 295, 410, 656, 760, 823,
246: 9, 23, 27, 42, 47, 48, 70, 115, 147, 204, 226, 293, 310, 450, 477, 806,
247: 9, 11, 23, 40, 41, 56, 93, 125, 150, 175, 210, 400, 607,
248: 6, 9, 14, 28, 40, 42, 92, 94, 124, 163, 315, 330, 355, 470, 480, 513, 850,
249: 4, 52, 63, 173, 406, 536, 985, 1015,
250: 3, 7, 54, 73, 178, 220, 298, 466, 594, 672,
251: 2, 17, 27, 54, 74, 80, 93, 204, 243, 249, 320, 668, 952, 1002,
252: 5, 7, 12, 22, 158, 228, 258, 269, 302, 373, 489,
253: 17, 18, 33, 38, 45, 55, 82, 223, 306, 332, 451, 467, 666, 878, 960,
254: 14, 22, 52, 54, 63, 90, 134, 278, 322, 336,
255: 4, 14, 81, 111, 186, 203, 310, 360, 543, 640,
256: 3, 6, 17, 20, 80, 136, 167, 179, 184, 248, 320, 432, 593, 732, 867, 906, 994,
