2: 4, 6, 15, 91, 703, 1891, 2701, 11305, 12403, 13981, 18721, 23001, 30889, 38503, 39865, 49141,
3: 9, 21, 45, 65, 105, 133, 231, 341, 481, 645, 1541, 3201, 4033, 4371, 5461, 5565, 6533, 7107, 8321, 11041, 13333, 13833, 14981, 18705, 19345, 24661, 31621, 35371, 38081, 48133, 50881, 56033,
4: 8, 10, 12, 28, 66, 85, 435, 451, 946, 1387, 2047, 3277, 3367, 5551, 8695, 13747, 14701, 15051, 16471, 16705, 19951, 24727, 26335, 31417, 40501, 42127, 47197, 50737, 53131,
5: 25, 33, 165, 217, 325, 385, 793, 1045, 1065, 2665, 3565, 4123, 4681, 5005, 5185, 6697, 8029, 9073, 12025, 12801, 13741, 15457, 22177, 22321, 23653, 24013, 25327, 30745, 30885, 34133, 34441, 34945, 35425, 37345, 38665, 49105, 57889, 58969, 63393,
6: 14, 18, 35, 39, 153, 247, 259, 671, 861, 949, 1035, 1247, 1649, 1785, 2071, 2501, 2871, 3145, 4005, 4187, 5611, 7957, 9881, 13019, 15251, 16589, 17169, 17767, 20591, 26599, 29891, 31609, 33153, 33227, 45141, 49051, 55969, 60701, 63139,
7: 49, 145, 301, 637, 781, 1885, 1921, 2413, 3913, 5365, 5713, 6541, 7345, 8365, 9331, 10621, 11521, 11557, 12673, 18361, 19201, 22791, 24211, 25585, 25681, 29185, 31021, 34861, 43213, 45451, 47641, 49321, 54145, 54913, 57421, 61579, 62605, 64285, 65281,
8: 16, 20, 24, 30, 51, 52, 70, 190, 276, 286, 532, 742, 1261, 2806, 2926, 4795, 5662, 6643, 7471, 8481, 8646, 9061, 11476, 14491, 15211, 19669, 27511, 39831, 40132, 41881, 42121, 45551, 51319,
9: 27, 57, 63, 117, 185, 273, 285, 585, 651, 1001, 1221, 1281, 1365, 1417, 1653, 1905, 2553, 3097, 3605, 4577, 4641, 4921, 6305, 7161, 8401, 9265, 12545, 14833, 16297, 16485, 20801, 25761, 26467, 30857, 32865, 33001, 35113, 37401, 44801, 52521, 52801, 55245, 55537, 57681, 59641, 61337,
10: 22, 55, 75, 175, 205, 403, 425, 427, 697, 1111, 2059, 3439, 4141, 6943, 8149, 9211, 13213, 13695, 16441, 17017, 18103, 21667, 23377, 23725, 25351, 27613, 29539, 30073, 31753, 35785, 36661, 41665, 44287, 44409, 49771, 50997,
11: 69, 121, 345, 469, 805, 1771, 2737, 3751, 3781, 4961, 5785, 6097, 7381, 9361, 10261, 10465, 14689, 17353, 18109, 19909, 22945, 27001, 28405, 30121, 32131, 37051, 40321, 48709, 52417, 54901, 59185, 59685,
12: 26, 36, 42, 76, 186, 195, 221, 357, 511, 765, 1271, 1581, 3281, 5963, 7081, 7701, 9471, 9773, 9919, 13685, 14111, 14911, 15181, 16021, 34221, 40885, 43621, 49231, 49601, 55651, 59291,
13: 169, 265, 553, 1441, 2041, 3445, 4081, 7189, 11713, 13345, 15505, 19513, 20881, 21361, 22765, 23521, 23585, 25201, 28153, 35245, 35881, 44671, 46531, 54961, 57553, 59081, 64681,
14: 87, 559, 4699, 4753, 6409, 8041, 12871, 13051, 14065, 16745, 32021, 32689, 38985, 41311, 56791,
15: 77, 93, 99, 225, 305, 369, 429, 465, 525, 589, 925, 1661, 1825, 2121, 2145, 2257, 2353, 3053, 3165, 3325, 3553, 3825, 4097, 4305, 5149, 6161, 6273, 6525, 6545, 7449, 7585, 7613, 7657, 7905, 8113, 8965, 10325, 10349, 10857, 11077, 12209, 13585, 14245, 16725, 19729, 20017, 24641, 25425, 26797, 27133, 27265, 28105, 32477, 36465, 37901, 43225, 44023, 44173, 48433, 50065, 54705,
16: 32, 34, 40, 48, 60, 112, 130, 176, 232, 246, 255, 364, 370, 496, 595, 616, 679, 1036, 1128, 1288, 1695, 1770, 2431, 2509, 2626, 3052, 3655, 4369, 4636, 5083, 5151, 5356, 6364, 8119, 8614, 8866, 9605, 9730, 11782, 13021, 13366, 21349, 21682, 21931, 24130, 25669, 26281, 28645, 28939, 34716, 43165, 45991, 54811, 57226, 58618,
17: 289, 721, 3585, 4521, 5833, 8905, 9373, 13699, 22351, 22681, 25345, 26677, 27937, 28033, 34113, 43981, 59305, 62281,
18: 38, 54, 95, 111, 135, 315, 365, 763, 969, 1241, 1431, 1991, 3015, 3683, 6031, 6441, 6903, 7421, 8295, 9131, 9709, 9945, 13481, 14091, 16531, 16771, 19041, 27261, 32551, 35333, 38963, 42001, 49661, 50061, 53083, 64345,
19: 361, 2101, 2977, 9637, 13357, 17701, 22645, 26353, 30457, 31201, 51961, 60685, 65077, 65131, 65341,
20: 44, 50, 123, 124, 154, 715, 1309, 1834, 2035, 2275, 2425, 2805, 3133, 4495, 5995, 6175, 11175, 15067, 15458, 16269, 18445, 18631, 21049, 22933, 28085, 29234, 46189, 46513, 52975, 56661, 61075, 61975,
21: 129, 147, 245, 261, 377, 609, 817, 833, 889, 931, 1305, 1491, 1813, 2193, 2201, 2321, 3045, 3577, 5719, 5729, 6061, 7201, 10353, 10649, 11121, 11137, 12441, 15805, 16401, 18241, 19285, 19561, 23569, 24617, 28009, 28861, 34489, 37701, 37969, 45449, 51181, 53601, 54481, 57929, 61777, 62785,
22: 46, 115, 445, 871, 1513, 5865, 6001, 7363, 7543, 9453, 11011, 12121, 17893, 20191, 20491, 28981, 29161, 34237, 36121, 47611, 51185,
23: 141, 529, 705, 973, 1551, 1645, 3601, 4089, 4465, 6721, 10011, 11985, 12649, 18487, 18565, 21385, 21421, 27307, 30673, 35443, 36001, 39997, 41581, 47081, 62881,
24: 56, 72, 78, 84, 90, 119, 148, 344, 366, 396, 485, 804, 2046, 2356, 2556, 2651, 3486, 3589, 4564, 4859, 6205, 8227, 12901, 14089, 15885, 17391, 19517, 24871, 24929, 28462, 31171, 41245, 42799, 43387, 47972, 60551, 63903, 64821,
25: 125, 505, 825, 1025, 1057, 1353, 1525, 1705, 2761, 5425, 6565, 6817, 8569, 8625, 11005, 12505, 13237, 14645, 14707, 14725, 14905, 17425, 18685, 19825, 20329, 22165, 23281, 23485, 26065, 27379, 35929, 36865, 37297, 39277, 41125, 44545, 45193, 47125, 54097, 58807, 58825, 59585, 61699,
26: 159, 1027, 1099, 1183, 4069, 4505, 6681, 7267, 33337, 34669, 46999, 56953,
27: 81, 171, 189, 333, 399, 405, 545, 657, 665, 741, 777, 891, 945, 1141, 1377, 1665, 1881, 2133, 2405, 2451, 2981, 3059, 3321, 3441, 3705, 3801, 3861, 3885, 4745, 5685, 7361, 7437, 7665, 8177, 9253, 10745, 11169, 13889, 14497, 16065, 16511, 17081, 17501, 17865, 18745, 19251, 19721, 20501, 21953, 23241, 24921, 25141, 26885, 28305, 30481, 33201, 36741, 37505, 40001, 40833, 44317, 44897, 47601, 51245, 52429, 57305, 61061, 61721, 64201,
28: 58, 172, 196, 426, 493, 565, 1015, 2755, 2911, 2955, 3091, 3621, 4165, 4381, 5842, 7633, 8701, 9271, 9457, 14191, 20683, 22261, 27985, 32743, 37333, 38311, 40186, 44149, 44821, 58421, 60583, 65041,
29: 177, 841, 885, 2065, 3009, 4071, 4537, 9937, 12331, 12685, 15145, 15753, 26845, 29665, 32509, 46905, 47593, 60385,
30: 62, 143, 155, 183, 475, 495, 533, 1147, 1155, 1159, 1267, 1845, 3131, 4453, 6119, 6369, 7315, 10027, 10279, 13755, 15203, 15385, 17593, 19503, 20567, 23331, 27331, 27435, 39493, 43739, 45305, 45795, 49241, 53467, 53599, 54417, 54825, 58829, 64079, 64907,
31: 961, 3421, 4849, 15709, 41329, 49609, 56029, 58621,
32: 64, 68, 80, 96, 102, 120, 208, 238, 280, 730, 782, 910, 976, 1066, 1068, 1351, 2044, 2091, 2278, 2486, 2706, 3160, 7030, 7735, 8245, 8827, 9976, 10963, 11155, 12496, 17446, 17466, 19096, 19390, 19684, 20710, 22015, 23959, 24388, 24976, 26596, 34126, 34386, 39091, 42661, 45676, 49155, 54223, 56551, 57205, 62986, 64855,
33: 161, 201, 207, 483, 801, 897, 1005, 1273, 1393, 2185, 2211, 2541, 3641, 4485, 5161, 6945, 8241, 9345, 11481, 13617, 15249, 16341, 16465, 16549, 16721, 16881, 18601, 20301, 21901, 26013, 29785, 30721, 32841, 33745, 34241, 43273, 51121, 54161, 58201, 58801,
34: 685, 1339, 2329, 5317, 6931, 11359, 11647, 21097, 23479, 27637, 31651, 44749, 54397, 55777, 55801, 61447,
35: 213, 725, 957, 1225, 1333, 1477, 1519, 2233, 2365, 2485, 2989, 3729, 4785, 5473, 5945, 6985, 7365, 7525, 8449, 8845, 11809, 11989, 15925, 17329, 18265, 20845, 23617, 26245, 27559, 28063, 29029, 31465, 31861, 32305, 32581, 34465, 37497, 38857, 43993, 45325, 51985, 54649, 61705, 63253,
36: 74, 108, 114, 126, 219, 455, 555, 629, 873, 1106, 1854, 1989, 4845, 5061, 5629, 5778, 8931, 9139, 9809, 10185, 11781, 11899, 17711, 23205, 26691, 28731, 29261, 31395, 35037, 36315, 36569, 42059, 42706, 47989, 49985, 51291,
37: 745, 1369, 1561, 9685, 10081, 20293, 31141, 32929, 38545, 44065, 48391, 55081, 60721,
38: 1603, 5941, 19465, 32851, 34831, 40161,
39: 237, 477, 689, 785, 845, 1113, 1185, 1501, 2385, 2751, 4061, 4901, 5181, 5809, 6253, 8205, 9805, 10507, 11661, 12337, 19757, 20145, 20461, 22477, 22849, 23829, 30261, 31697, 36301, 40369, 40545, 45629, 54165, 56869,
40: 82, 88, 100, 110, 132, 150, 187, 244, 310, 568, 606, 615, 638, 868, 1435, 1687, 3485, 4015, 4215, 4411, 4825, 5917, 6526, 7588, 8023, 10897, 13795, 15862, 20263, 21115, 23885, 31525, 33118, 36391, 37231, 47278, 48093, 52246, 54691, 57133, 60229,
41: 249, 1245, 1681, 2905, 6391, 7885, 14041, 15521, 19505, 24817, 34279, 37765, 38161, 57685,
42: 86, 98, 203, 215, 735, 1017, 1591, 1651, 4331, 4631, 5901, 8471, 10701, 10761, 10961, 11441, 11865, 12103, 13843, 14023, 14383, 17141, 17261, 20905, 21973, 22185, 24601, 27765, 28991, 30315, 34191, 37961, 38191, 38491, 43071, 43553, 46501, 55261,
43: 865, 1849, 4741, 11245, 13321, 14705, 21781, 27853, 32005, 40021, 57313, 63145,
44: 92, 138, 267, 268, 322, 506, 726, 874, 1173, 1426, 1495, 4301, 10186, 14527, 28855, 35581, 36127, 40951, 51221, 60151, 61831, 65305,
45: 209, 279, 297, 549, 627, 693, 905, 1085, 1209, 1425, 1485, 1897, 2337, 2409, 2725, 2745, 2925, 2993, 3171, 3465, 3537, 3965, 4047, 4257, 6045, 6105, 6405, 6649, 6665, 6825, 7033, 7869, 9017, 9465, 10385, 11193, 12927, 14457, 15409, 15665, 16017, 17633, 18281, 19593, 21777, 21793, 21825, 22269, 22345, 22673, 22793, 23985, 24073, 24225, 24311, 26785, 26825, 29745, 31025, 32109, 34881, 39105, 39729, 40921, 41965, 42813, 43065, 44253, 45985, 51491, 59977,
46: 94, 235, 1807, 1939, 5071, 5593, 5781, 15751, 16215, 18901, 23299, 23545, 31747, 37381, 39621, 42151, 42811, 60517, 61309,
47: 1981, 2209, 9885, 25753, 37639, 61411, 62641,
48: 104, 140, 144, 156, 168, 180, 210, 291, 292, 304, 663, 965, 988, 1044, 1090, 1330, 1606, 1615, 1794, 1843, 2466, 3111, 3290, 3336, 4026, 5055, 7141, 7501, 8170, 9367, 10795, 11914, 13073, 14028, 14444, 15964, 16110, 16786, 18492, 23651, 29146, 30970, 39403, 54626, 62893,
49: 343, 985, 2107, 5401, 6501, 6517, 7105, 12805, 16385, 16513, 16777, 25041, 39817, 40033, 43537, 43645, 45601, 48865, 56161, 58345, 63511,
50: 275, 303, 375, 775, 1963, 3157, 6025, 6765, 7813, 8585, 11935, 14025, 27625, 37597, 44485, 45811, 46717, 52297, 57065, 58597,
51: 309, 1233, 1545, 1957, 2149, 7969, 8961, 10277, 14385, 17461, 18785, 20961, 23661, 25233, 25441, 25829, 29857, 34997, 41441, 47461,
52: 106, 316, 786, 795, 901, 1855, 2191, 5371, 5731, 6095, 14287, 14365, 16393, 17755, 17803, 25705, 30361, 37999, 40663, 47005, 50403, 53641, 55279, 60691, 63271,
53: 321, 1605, 2809, 3531, 3745, 5457, 11145, 13161, 15301, 17227, 34561, 48685, 50611, 56001,
54: 162, 327, 351, 819, 855, 1533, 1995, 2119, 3285, 4239, 5621, 5951, 8151, 8955, 10991, 11837, 13209, 18019, 19209, 22181, 23499, 26481, 28119, 30381, 31031, 37851, 39711, 41811, 49471, 50251, 55611, 62985,
55: 253, 363, 605, 759, 847, 1265, 1573, 1725, 2077, 2225, 2317, 2937, 3289, 3649, 3685, 4807, 7337, 8593, 10879, 10945, 11649, 11725, 12221, 12529, 14145, 14539, 14977, 16093, 16261, 18271, 18829, 21505, 21965, 27145, 28609, 31825, 32263, 34639, 37825, 43183, 46345, 47725, 47905, 49981, 57265, 59041, 62033, 64561, 65485,
56: 116, 174, 339, 406, 430, 490, 1204, 1270, 1846, 2359, 3268, 3556, 4686, 6076, 8749, 10612, 13195, 15484, 19171, 22591, 29197, 29326, 33355, 38122, 40807, 50851, 60126, 61789, 62101,
57: 1145, 2527, 4011, 4693, 5921, 6281, 8473, 11191, 15081, 22021, 28073, 29121, 33361, 38391, 39349, 44121, 46313,
58: 118, 295, 1165, 2443, 3961, 15793, 17941, 19351, 29371, 36163, 53971, 59711, 62481,
59: 3481, 9217, 12405, 20197,
60: 122, 198, 287, 418, 906, 915, 975, 1037, 1205, 2263, 2794, 3977, 5307, 5525, 6191, 6315, 6475, 6611, 7293, 8421, 8917, 8925, 9699, 11803, 12083, 14965, 15799, 17343, 19783, 24341, 24461, 26235, 29459, 30383, 32053, 38301, 39645, 39775, 41003, 41159, 47573, 55831, 62177,
61: 2569, 3721, 9529, 16609, 32241, 33397, 49561, 56761, 62305, 63505,
62: 2611, 21223, 31705, 57691,
63: 381, 387, 441, 903, 1073, 1505, 1677, 2205, 2653, 3185, 3311, 3393, 4191, 4431, 4851, 5341, 6461, 6941, 7881, 7917, 8265, 8385, 8841, 9841, 10143, 11229, 12513, 13245, 15921, 16891, 16965, 17153, 18081, 20701, 20769, 21021, 21217, 21905, 24897, 30229, 30401, 30849, 31369, 32385, 32809, 32893, 35061, 36801, 39249, 39585, 40977, 42021, 43745, 46221, 48741, 57181, 59073, 61585, 64533, 64897,
64: 128, 136, 160, 170, 192, 204, 240, 388, 442, 448, 520, 656, 904, 1056, 1216, 1285, 1456, 2120, 2296, 2752, 3952, 4984, 5320, 5986, 6280, 6735, 6990, 7051, 8128, 9997, 10396, 10426, 12124, 13870, 14806, 16405, 17290, 17563, 17733, 17776, 18316, 18336, 20026, 20451, 21268, 21736, 21907, 24564, 25546, 28680, 28912, 30256, 31648, 32407, 33046, 37576, 38165, 38836, 43435, 49987, 52507, 54741, 57646, 62488,
65: 393, 1325, 1749, 1965, 2449, 3925, 4225, 4345, 4585, 7825, 8745, 9577, 10309, 10865, 11397, 13665, 13825, 16165, 17143, 22249, 28249, 31837, 32185, 33733, 33865, 34069, 36673, 51025, 53053, 56485, 57505, 59605, 60445, 60481, 65065,
66: 134, 299, 335, 1157, 1869, 2415, 2479, 2587, 2779, 3417, 7271, 13427, 15295, 21691, 27101, 28221, 33419, 38181, 45527, 58765, 59911, 60451, 62491,
67: 1345, 4489, 17485, 22865, 39005, 54433, 62341,
68: 411, 412, 1445, 2266, 2863, 3757, 6202, 10693, 17098, 19261, 22411, 39673, 50005, 55783, 61285,
69: 329, 417, 423, 987, 1385, 1833, 2085, 2641, 6063, 7089, 7601, 8601, 9141, 9165, 9681, 10249, 10777, 14505, 22101, 23805, 28121, 29751, 34333, 36841, 45585, 47321, 48081, 56057, 58045, 58233, 59361, 60865,
70: 142, 319, 355, 1075, 1189, 1405, 2623, 2695, 2743, 2825, 2947, 4633, 4777, 7171, 7711, 8425, 10045, 13987, 14239, 14817, 16555, 18105, 19747, 22987, 23275, 23347, 28381, 28741, 34153, 42427, 47215, 48283, 55357, 63571, 64111,
71: 5041, 11089, 24301, 36985,
72: 146, 152, 182, 216, 222, 228, 234, 252, 270, 323, 436, 459, 806, 836, 1016, 1071, 1086, 1095, 1116, 1386, 1548, 1630, 1737, 2037, 2198, 2388, 3031, 3731, 3926, 4365, 4551, 7596, 9021, 9879, 10573, 13636, 14315, 14351, 14841, 17823, 18031, 18907, 19601, 20265, 22287, 24643, 25593, 25878, 28036, 31626, 45446, 55671, 58493, 65311,
73: 1465, 3073, 5329, 11401, 19045, 22561, 36961, 39949, 64753,
74: 447, 2899, 12665, 26011,
75: 453, 909, 1023, 1125, 1313, 1625, 1925, 2013, 2265, 2325, 2625, 2869, 4525, 4545, 5271, 7029, 7781, 7953, 8261, 9225, 10065, 10605, 10725, 12993, 15765, 15785, 19065, 20083, 20417, 23973, 25125, 28897, 37105, 38625, 39109, 42873, 43873, 44605, 44625, 46625, 48609, 50765, 55045, 56425, 57981, 63085, 63225, 63745, 64845,
76: 1146, 3199, 7831, 8371, 9741, 20689, 20839, 37291, 44329, 59311, 61741,
77: 2001, 2881, 3241, 3283, 4669, 4945, 8591, 10005, 11431, 12905, 16491, 18193, 20167, 20361, 25273, 25531, 27761, 33553, 34001, 34017, 36421, 37453, 40105, 42133, 45241, 49841, 50941, 54739, 57565, 59563, 60697,
78: 158, 371, 395, 471, 507, 1565, 2873, 2923, 2983, 3211, 5321, 7991, 10941, 11461, 11581, 12181, 15863, 18921, 19097, 21233, 21463, 31781, 41629, 53483, 65349,
79: 1585, 6241, 10461, 20605, 26945, 27037, 58645, 64177,
80: 164, 200, 220, 264, 300, 330, 574, 610, 700, 935, 1275, 1450, 1558, 1612, 1708, 1810, 1900, 2002, 2170, 2300, 2416, 2635, 3007, 3498, 3820, 5068, 5192, 5698, 6035, 6666, 6700, 7294, 7612, 9850, 11773, 15148, 17515, 17935, 18655, 19885, 19900, 20485, 23815, 24424, 25543, 26866, 37654, 37882, 39491, 39772, 43186, 44475, 45475, 47635, 48370, 50635, 51490, 53713, 56278, 59527, 62725,
81: 243, 489, 513, 567, 981, 1053, 1197, 2109, 2289, 2445, 2457, 2511, 2565, 3409, 4161, 4329, 4905, 4941, 5265, 5301, 5589, 5691, 5985, 7085, 7239, 8645, 8721, 8921, 10101, 10545, 10881, 11361, 11445, 12285, 13505, 15093, 17613, 19521, 19929, 21645, 21679, 21681, 22049, 22089, 25641, 27621, 27721, 28145, 28449, 29393, 32165, 36765, 37521, 38913, 40261, 41009, 41361, 42217, 42705, 42801, 45201, 45441, 46761, 50505, 51129, 52865, 53001, 53487, 56259, 58311, 62049, 62601, 63441,
82: 166, 415, 4233, 9031, 23821, 27343, 33661,
83: 501, 2505, 3493, 5511, 5845, 6889, 12961, 17445, 19873, 23881, 45409, 50601, 65297,
84: 258, 294, 508, 1131, 1266, 1469, 1685, 2373, 3139, 4302, 4437, 5085, 8651, 8711, 10965, 11938, 12469, 13117, 17289, 19426, 21809, 26781, 27667, 28273, 32045, 36051, 41207, 41339, 49129, 51765, 56871, 60931, 61131, 64911,
85: 3193, 3425, 5617, 5665, 9537, 10225, 13273, 16885, 16969, 18025, 23137, 29089, 37045, 41509, 41785, 43033, 48925, 49819, 50545, 58033, 58225,
86: 519, 13429, 29431, 38233,
87: 413, 531, 1239, 1745, 2097, 2301, 3661, 5605, 5841, 11505, 11859, 12913, 19057, 24465, 29773, 35105, 35649, 37465, 43017, 43105, 45961, 46417, 56817, 57465,
88: 178, 184, 230, 391, 598, 670, 1335, 1702, 1765, 1876, 1990, 3115, 3886, 5572, 6171, 7565, 7743, 8326, 9255, 9691, 23953, 24541, 25156, 27181, 30646, 41377, 43877, 45493, 49773, 52003, 52445, 52555, 55315, 55981,
89: 537, 2685, 6265, 7921, 13897,
90: 407, 543, 675, 1287, 1395, 1517, 1575, 2169, 3003, 3135, 3255, 3379, 3523, 3689, 3787, 4797, 5049, 9675, 10825, 11685, 12045, 12621, 14895, 18299, 19229, 20553, 25305, 29503, 29585, 30007, 30799, 34503, 35189, 35793, 39411, 40953, 42997, 43425, 45105, 46665, 55965, 58905, 59445, 61655, 62063, 63987,
91: 1537, 3397, 3829, 3871, 7685, 7693, 8281, 9301, 10021, 12985, 14209, 15337, 19981, 23779, 24505, 26129, 26341, 44161, 45385, 46069, 47257, 49777, 50721, 50869,
92: 188, 282, 556, 658, 2397, 3055, 8386, 12455, 15933, 25207, 31483, 34357, 36895, 58701, 63591,
93: 1865, 6531, 9641, 10571, 13801, 14521, 19545, 25313, 39401, 45761,
94: 3679, 10351, 14677, 19111, 32167, 38581, 47587, 52921, 64819,
95: 573, 2865, 3997, 5725, 6685, 11425, 13179, 13969, 18145, 30369, 46945, 48705, 49465, 49693, 64945,
96: 194, 224, 260, 288, 306, 312, 336, 360, 390, 420, 579, 592, 646, 760, 1446, 1455, 1476, 1716, 1924, 2128, 2262, 2313, 2470, 2590, 2896, 3256, 3312, 3315, 3667, 4039, 4580, 4830, 5456, 6648, 6766, 6916, 7626, 10095, 10116, 10470, 10906, 13461, 13584, 13651, 14989, 19307, 20995, 22534, 25123, 26576, 26985, 29464, 29870, 30651, 31876, 32116, 37136, 39101, 42186, 42484, 44451, 47545, 48516, 48599, 49786, 51657, 51766, 51906, 51935, 56137, 57988, 58030, 58466, 63405, 64620,
97: 1945, 9409, 10681, 25285, 26401, 26841, 33193, 49521,
98: 591, 4459, 12691, 15631, 27391, 32671, 32977, 42601, 58261,
99: 437, 597, 603, 621, 1311, 1407, 1449, 1985, 2093, 2345, 2613, 2985, 3105, 4991, 5073, 6231, 6497, 6831, 6951, 7245, 9581, 9821, 10901, 12261, 12765, 13065, 13101, 13881, 14421, 15617, 21183, 24297, 24857, 25185, 29601, 30351, 32437, 32791, 33877, 35169, 38801, 39305, 42297, 43029, 47101, 48505, 49153, 50117, 51389, 51541, 52065, 52785, 63365, 65385, 65461,
100: 202, 250, 604, 682, 1506, 1515, 1562, 1717, 2005, 2125, 3355, 3535, 4207, 4642, 5797, 9595, 9955, 10075, 10291, 10515, 10675, 15613, 21153, 21715, 24583, 27217, 28675, 29755, 32725, 34219, 40015, 48985, 58157, 58255, 58297, 64135,
101: 4249, 10201, 15769, 52585, 55237,
102: 206, 515, 1781, 2045, 2601, 2877, 3811, 3991, 4291, 6165, 6953, 11231, 12741, 15133, 26265, 27501, 30345, 33463, 34003, 35757, 41861, 46515, 52105,
103: 4333, 10609, 11341, 16081, 52141, 56329,
104: 212, 318, 628, 676, 790, 1166, 2212, 3286, 3406, 4558, 6004, 7526, 9478, 9796, 12166, 13588, 15229, 16237, 22366, 24046, 24115, 26605, 28483, 32617, 35587, 36941, 51145, 60409,
105: 473, 497, 539, 633, 639, 1419, 1617, 1769, 2009, 2105, 2529, 2697, 2769, 3225, 3937, 4009, 4417, 5289, 6745, 8085, 8869, 9425, 10721, 11165, 11561, 13485, 13845, 14697, 14721, 15225, 15577, 20425, 21113, 22065, 22209, 22225, 24969, 26361, 27233, 27489, 29505, 34417, 41697, 42521, 42761, 42993, 43505, 44325, 47073, 49837, 51205, 52117, 52545, 53153, 53505, 54229, 55993, 62205,
106: 214, 535, 11671, 21547, 28849, 43501, 53659,
107: 4501, 11449, 22485, 28281, 55705, 58513,
108: 218, 266, 324, 342, 378, 652, 1235, 1295, 1443, 1626, 1635, 1755, 1853, 2165, 2261, 3213, 3586, 4095, 5291, 5526, 5529, 5661, 6771, 6885, 7011, 7614, 8451, 8474, 10179, 11111, 11355, 12597, 13821, 16861, 17018, 17945, 21455, 23427, 24795, 25715, 26923, 28231, 29877, 35451, 35551, 36531, 38361, 44807, 52689, 54531, 54671, 56745, 57589,
109: 11881, 12001, 55177,
110: 242, 575, 1675, 1815, 2057, 2829, 3795, 4087, 4303, 4627, 6853, 14685, 17173, 18469, 18957, 23023, 24955, 25795, 31339, 36019, 36667, 48521, 49929, 56185, 
111: 669, 1341, 1937, 3129, 3345, 4237, 6705, 15645, 17797, 27565, 29659, 30209, 37981, 54385, 56865, 57757, 58641, 63921,
112: 226, 290, 348, 688, 754, 784, 1136, 1276, 1479, 1576, 1686, 2236, 2245, 2548, 3010, 3376, 3451, 3526, 3955, 3976, 4171, 4711, 5452, 7714, 11956, 12586, 12926, 13282, 15691, 17967, 18226, 18424, 21196, 24973, 28810, 29041, 30667, 30772, 31996, 33970, 35751, 37265, 37681, 38323, 39388, 40919, 43026, 57706, 57886, 58093, 59356, 60346, 60378, 63631,
113: 681, 3405, 7491, 7945, 12769, 21565, 23745, 27921, 32461, 48805,
114: 687, 2285, 4351, 7769, 11651, 15981, 16717, 16909, 18855, 39007, 41515, 46421, 60781,
115: 517, 2305, 2585, 3525, 3619, 4309, 4837, 6925, 7285, 7645, 12661, 13489, 14241, 16897, 17953, 24325, 24769, 28905, 29965, 30163, 30785, 39185, 42253, 46561, 56017, 56785, 58213, 59353, 60109,
116: 236, 354, 699, 826, 2242, 3835, 7021, 8555, 9322, 12615, 15045, 24058, 31759, 38179, 39691, 58115,
117: 711, 1413, 1521, 1659, 1961, 2765, 2817, 3021, 3081, 3297, 3549, 6201, 7065, 7605, 7821, 10205, 11501, 11921, 12881, 14469, 14541, 14601, 15105, 15405, 15741, 17113, 17745, 18421, 20345, 25857, 25991, 28885, 30921, 31005, 31841, 32913, 33969, 40377, 46445, 47889, 49911, 56049, 57837, 60277, 62361,
118: 4963, 12991, 23983, 32113, 39331, 48421, 60265,
119: 717, 4429, 5047, 14161, 18577, 19865, 20041, 25005, 31003, 32657, 38479, 38989, 40717, 41905, 49951, 51649, 57577, 60945, 61945, 64801,
120: 248, 308, 350, 372, 450, 462, 527, 723, 724, 814, 1599, 1683, 1688, 2150, 2710, 3895, 3927, 3972, 4579, 5214, 7913, 9966, 10292, 11187, 12431, 12775, 13211, 14425, 14637, 16005, 17557, 20735, 22708, 23843, 23927, 24123, 25377, 25789, 25915, 26455, 27094, 29223, 29419, 29679, 31365, 32852, 40775, 41059, 41225, 47815, 57076, 57825, 59027, 62935,
121: 1331, 5089, 7705, 14329, 16951, 18889, 30705, 40051, 41401, 44689, 48185, 56833, 61249,
122: 4771, 5131,
123: 581, 747, 1743, 3237, 5173, 13541, 16185, 17241, 25845, 33781, 50081, 60801, 62261,
124: 1866, 12751, 15861, 19357, 28666, 33943, 60787, 62767,
125: 625, 753, 2525, 3333, 3765, 4125, 5257, 7777, 8125, 8305, 8785, 9625, 10625, 13233, 15025, 16665, 20705, 26425, 28865, 30805, 32767, 33125, 33825, 42769, 53833, 60853, 64477,
126: 254, 551, 635, 783, 1827, 1911, 1935, 2117, 3033, 4515, 4687, 4927, 5299, 7497, 8091, 8249, 12341, 12851, 15621, 20619, 20835, 24521, 25019, 25607, 33561, 34289, 34447, 35385, 43111, 50861, 53737, 57435, 65247,
127: 2545, 16129, 33085, 43265, 43453,
128: 256, 272, 320, 340, 384, 408, 480, 510, 771, 772, 832, 952, 970, 1120, 1496, 1856, 2368, 2584, 2716, 3026, 3094, 3480, 3640, 3856, 4216, 4236, 4246, 4576, 5236, 5383, 7216, 7372, 7540, 7696, 8398, 8878, 10360, 12036, 12520, 17120, 18292, 18656, 19006, 25360, 27010, 27406, 33670, 35506, 36856, 38740, 38872, 40546, 43066, 45136, 49336, 49456, 56134, 57616, 63020, 63826, 65026,
129: 1557, 2249, 3633, 7785, 9051, 13361, 14201, 18165, 20137, 22317, 53621, 61761, 63449,
130: 262, 583, 655, 1975, 2173, 2605, 4819, 4867, 5239, 8857, 13231, 14311, 19093, 26419, 30415, 34645, 35377, 35659, 35949, 40729, 43327, 44479, 52621, 53341, 63865,
131: 789, 3945, 5509, 9205, 17161, 20251, 24985, 31297,
132: 402, 414, 623, 796, 1986, 3177, 4255, 4891, 7429, 8633, 8811, 12466, 13571, 14531, 17085, 18501, 26531, 26741, 32227, 32485, 33465, 35921, 37065, 45163, 53741, 64703,
133: 11221, 13561, 20761, 22393, 33205, 36193, 45847, 52345,
134: 807, 20917, 59449,
135: 813, 837, 1463, 1629, 1767, 1953, 2025, 2079, 2705, 2717, 2849, 2945, 3477, 3597, 4065, 4185, 4389, 4725, 5053, 5677, 7137, 8145, 8181, 8325, 9009, 9405, 9765, 11285, 11765, 12027, 12573, 14105, 14289, 15873, 16425, 16653, 16761, 17205, 17385, 17985, 18525, 19005, 19305, 19425, 19685, 21073, 21945, 22265, 23577, 23997, 26909, 26937, 28525, 30845, 31857, 32481, 32813, 33945, 35685, 36043, 36737, 38369, 38745, 45045, 47967, 48581, 51429, 51997, 53585, 54641, 57113, 58497, 60705, 65417,
136: 274, 867, 1030, 1912, 2023, 2055, 2884, 3070, 5491, 8596, 11645, 13015, 14295, 14971, 19591, 25732, 27007, 30277, 33166, 34765, 37219, 40756,
137: 5761, 18769, 36201, 46873,
138: 278, 611, 695, 831, 2115, 4935, 5143, 5263, 5803, 14291, 15191, 20221, 21541, 28043, 31161, 31255, 35241, 37741, 47235, 56621, 62895,
139: 2785, 18381, 19321, 21697, 36205, 47345, 47557,
140: 284, 843, 844, 994, 1078, 1595, 2175, 4147, 4615, 12325, 12754, 13975, 16825, 18645, 20557, 30535, 34099, 35035, 41275, 41635, 46063, 47899, 48025, 48346, 
141: 849, 4245, 5377, 14433, 19761, 22009, 28337, 48241, 57401, 65241,
142: 2845, 5971, 9673, 38641, 47323, 48583,
143: 3657, 5293, 6013, 8533, 9085, 15851, 18285, 21091, 30045, 30567, 39061, 39721, 61321, 63041,
144: 296, 380, 432, 438, 444, 456, 468, 504, 540, 546, 570, 630, 1547, 1586, 1736, 1887, 2196, 2295, 2376, 2812, 2885, 3354, 3752, 4053, 4336, 4382, 4764, 5226, 5355, 6322, 6851, 7362, 7676, 8685, 9231, 11346, 11946, 12276, 12726, 13516, 13756, 14807, 14861, 15135, 15156, 15466, 15690, 15996, 18536, 18796, 21037, 29529, 32215, 36114, 36805, 41916, 44591, 47788, 49267, 50373, 51051, 51701, 53261, 54924, 59637, 61238, 61671,
145: 649, 1947, 3245, 4425, 4543, 5825, 7257, 7689, 8437, 8725, 9145, 9553, 15961, 20945, 21289, 22633, 28765, 30657, 33925, 47377, 62245,
146: 879, 5707, 6139, 22789, 24905,
147: 1029, 1421, 1773, 2561, 3741, 4137, 5145, 5537, 6181, 6223, 8865, 10311, 14577, 15221, 16181, 18321, 20685, 36445, 38227, 39121, 49441, 50293, 57921,
148: 298, 892, 2235, 2533, 2965, 4906, 5215, 16291, 23101, 41701, 44551, 45661, 47531,
149: 22201, 23257, 31305, 50977,
150: 302, 707, 755, 875, 2475, 3005, 3609, 3813, 5115, 5587, 5775, 10217, 13325, 15311, 15975, 17589, 21525, 22237, 23413, 28985, 29667, 30143, 30479, 32395, 36057, 38505, 38897, 42105, 63529,
151: 6349, 16621, 22801, 41089, 51661,
152: 916, 3610, 4966, 5028, 10108, 12606, 22213, 38845, 41587, 50806,
153: 921, 927, 2163, 3065, 3681, 4017, 4605, 6433, 7809, 7931, 10001, 10131, 11961, 12257, 13287, 13623, 16841, 20085, 20703, 21441, 26585, 29561, 30353, 32145, 37761, 40831, 42945, 43287, 50041, 54321, 60401, 62577,
154: 667, 2581, 3085, 5635, 6019, 10057, 10489, 21805, 22011, 34615, 39889, 42679, 50419,
155: 933, 4665, 6727, 9325, 10885, 12493, 22753, 24193, 37009, 53029,
156: 314, 338, 474, 939, 2067, 2355, 2535, 2669, 4029, 5035, 5767, 5947, 6559, 7974, 8109, 16151, 16395, 21571, 24349, 38121, 38779, 43771, 52735, 53901, 58565,
157: 17281, 24649,
158: 951, 52651,
159: 749, 963, 2247, 4173, 9951, 10165, 19581, 20865, 22281, 31137, 31949, 61953, 63665, 64721,
160: 328, 352, 374, 400, 410, 440, 492, 528, 600, 660, 964, 1054, 1144, 1240, 1300, 1540, 1616, 2248, 2406, 3034, 3172, 3205, 3472, 3700, 4030, 4270, 4879, 5240, 5335, 5656, 5983, 6425, 7414, 8938, 9028, 9424, 9952, 10537, 10858, 11064, 11242, 11254, 11284, 13144, 14100, 14950, 16472, 16975, 17611, 19225, 23374, 26230, 30628, 30712, 31879, 33232, 34255, 34390, 36295, 36975, 39565, 39700, 41123, 41230, 41419, 44176, 48952, 53092, 54715, 60574, 62308, 62350, 64741, 65494,
161: 5977, 6769, 6811, 9541, 10105, 13573, 20445, 22231, 25129, 27777, 29845, 40165, 41839, 43381, 44341,
162: 326, 486, 815, 999, 1215, 2223, 2331, 2835, 3897, 5187, 6331, 7857, 8313, 8541, 10431, 10791, 17831, 20805, 22971, 24089, 31901, 40221, 41769, 44081, 45465, 52647, 53983, 54351, 55423, 57513, 61191, 63729,
163: 3265, 26569, 42445, 44353, 45057, 50281, 55505,
164: 332, 498, 1162, 1826, 3818, 5146, 5395, 9877, 11122, 15355, 18491, 21165, 31291, 37906, 43741, 52111, 53947, 54946, 56107,
165: 713, 737, 993, 1089, 2139, 2277, 2299, 3305, 4025, 4209, 4477, 4965, 5025, 5313, 5445, 6169, 6289, 6937, 7865, 8833, 9925, 11385, 12705, 16445, 18513, 20025, 21045, 22425, 24217, 24457, 24725, 26565, 27577, 32873, 33649, 34265, 34665, 34825, 36777, 39463, 41385, 50451, 53929, 56337, 56449,
166: 334, 835, 6487, 6979, 20541, 25909, 33727, 42585, 45169,
167: 27889, 35085,
168: 392, 516, 522, 588, 731, 791, 1011, 1102, 2156, 2499, 2526, 2813, 3365, 3724, 3790, 4041, 5556, 5655, 6403, 7063, 13206, 13926, 16036, 17111, 17676, 18886, 20661, 24901, 25676, 26221, 35815, 35989, 36806, 37555, 45713, 47145, 49039, 53795, 54991, 56497, 58366, 64326,
169: 2197, 3385, 22341, 26377, 26533, 41605, 44005, 44785, 48601, 52897,
170: 2575, 6283, 7147, 7225, 10549, 11849, 22605, 24949, 39655, 55567, 56647, 58159, 62713,
171: 1083, 1805, 2061, 3971, 4113, 4809, 10305, 11991, 14801, 14885, 17381, 21201, 24045, 24961, 26689, 29541, 29705, 46509, 47985, 50609, 58501, 58843,
172: 346, 2586, 2595, 2941, 6055, 7231, 16435, 17671, 18931, 21981, 37066, 46801,
173: 1041, 5205, 7273, 11451, 12145, 17697, 29929, 36345, 42681, 49621, 55173,
174: 767, 1047, 2655, 3029, 4893, 6195, 6631, 6799, 10485, 19151, 25311, 25477, 27157, 39235, 57007, 57979,
175: 2343, 2929, 3505, 3625, 3905, 5325, 5467, 6493, 7025, 7357, 7399, 9273, 9889, 10153, 10525, 11605, 17821, 19393, 20377, 23925, 24745, 29449, 33325, 34705, 36925, 38077, 39457, 41393, 43665, 45313, 45565, 45787, 47617, 49793, 50623, 55825, 58145, 58849,
176: 356, 368, 460, 534, 552, 690, 1059, 1072, 1246, 1886, 1936, 1955, 2668, 3036, 3358, 3484, 3970, 4186, 4690, 4876, 5296, 5695, 5896, 6499, 8380, 11116, 14036, 20723, 23851, 27469, 32338, 37810, 39355, 40495, 48556, 58156, 58396, 60211, 61387,
177: 3545, 7441, 24801, 26233, 35561, 48161, 60553,
178: 358, 895, 7483, 9129, 27781, 57817, 61755,
179: 1077, 5385, 12565, 32041, 42721,
180: 362, 434, 558, 594, 779, 803, 1084, 1107, 2015, 2135, 2379, 2583, 2715, 2775, 3077, 6435, 8338, 9191, 9333, 10845, 11211, 12986, 14067, 15015, 15725, 17575, 17765, 18239, 19075, 19811, 20757, 21275, 22754, 25221, 25245, 26269, 26413, 28093, 35687, 35735, 36873, 38049, 42883, 43927, 44707, 46543, 46879, 49725, 58865, 59203,
181: 7609, 19921, 32761, 49249, 61921,
182: 6751, 7111, 7651, 29945, 50323, 59731, 61201,
183: 1101, 3665, 5505, 6973, 12111, 20141, 25323, 27121, 48811,
184: 376, 470, 564, 799, 1108, 1222, 1390, 2766, 3892, 4324, 6348, 12502, 17155, 17236, 19335, 21406, 25051, 26869, 29926, 35062, 42526, 52516, 62947, 63526,
185: 3725, 4917, 6913, 11473, 12265, 19569, 24585, 28873, 30545, 38865, 39025, 45445, 63289,
186: 1119, 7087, 7819, 18971, 20471, 27229, 30735, 37787,
187: 6901, 7861, 11845, 12193, 20581, 22057, 40273, 47265, 48307, 61093,
188: 1132, 6226, 7903, 17122, 41035,
189: 1137, 1143, 1161, 1323, 2349, 2667, 2709, 2793, 3161, 3785, 3857, 4085, 4445, 4773, 4953, 5481, 5733, 5751, 5805, 7009, 7987, 9065, 9153, 9417, 9657, 10241, 11745, 11811, 12141, 12771, 13251, 13545, 13671, 13949, 13965, 14769, 18161, 19241, 19329, 19565, 21489, 22533, 22761, 23421, 23865, 24765, 24981, 26901, 26961, 27405, 27521, 28665, 29497, 29547, 36281, 36917, 37973, 39705, 40869, 44457, 47241, 48285, 48929, 49063, 50407, 51393, 54353, 55341, 59241, 60501, 61849, 63261, 63553,
190: 382, 955, 3805, 7099, 7423, 12937, 19291, 19855, 20911, 22729, 27877, 29653, 51697,
191: 1149, 5745, 13405, 29491, 29809, 33321, 36481, 44045,
192: 386, 416, 476, 560, 576, 582, 612, 624, 672, 714, 720, 780, 840, 1168, 1258, 1480, 2696, 2895, 2976, 3341, 3366, 3696, 3796, 3845, 4068, 4144, 4330, 4522, 4810, 5110, 5160, 5397, 6942, 7124, 7632, 8071, 9140, 9776, 10736, 11565, 11726, 11931, 11936, 12291, 12360, 13432, 13468, 13498, 15006, 15906, 16236, 16688, 19871, 22490, 23901, 23904, 24256, 24634, 28453, 34018, 34276, 36316, 36499, 38270, 39321, 40330, 40968, 42540, 46102, 46216, 47463, 47671, 48126, 49045, 49567, 50920, 52394, 52955, 54816, 57376, 58290, 61251, 61914, 63196,
193: 3865, 21241, 37249, 50245, 52513, 59521,
194: 1167, 33065, 64639,
195: 869, 917, 1179, 2607, 3233, 4689, 4929, 5109, 5577, 5925, 6929, 8197, 10329, 11925, 12445, 12833, 16899, 17225, 19781, 20405, 21461, 22737, 23425, 24645, 25545, 25905, 27321, 27825, 27885, 28417, 30433, 30589, 37525, 38837, 39173, 40965, 41217, 45633, 47489, 47965, 48585, 53057, 55707, 63273,
196: 394, 1372, 2946, 3349, 6106, 6235, 6895, 7546, 18415, 20131, 20554, 20595, 24157, 25039, 27685, 28171, 51901, 53329, 64141, 64459, 65105,
197: 38809,
198: 398, 851, 995, 1191, 2691, 3293, 5037, 6279, 6555, 7035, 7303, 10413, 13431, 17487, 24633, 25365, 25461, 27741, 30901, 31073, 32715, 33909, 37145, 38571, 43401, 48441, 48861, 50745, 53873, 64711,
199: 3985, 26301, 31057, 39601, 51805,
200: 404, 500, 550, 750, 1203, 1342, 1414, 1510, 1750, 2255, 3075, 3550, 4228, 4774, 5863, 6355, 8407, 8758, 9262, 16566, 16687, 18214, 18964, 24550, 33375, 37843, 40579, 41750, 42517, 43555, 43615, 45955, 49405, 51085, 51375, 56575,
201: 2421, 3497, 5649, 12105, 22121, 28245, 49765, 54689, 56221, 63753,
202: 4045, 7891, 8491, 13753,
203: 4205, 5133, 10933, 11977, 17101, 18821, 20001, 25665, 31681, 31801, 33785, 34481, 42645, 50605, 51301, 53041,
204: 618, 959, 1227, 1228, 5253, 6069, 7519, 7771, 13005, 13289, 21435, 28359, 28581, 31501, 34917, 38437, 40979, 42274, 47146, 47842, 49543,
205: 913, 2739, 4105, 4565, 6225, 8617, 10209, 11869, 12865, 28577, 40645, 53365, 58681, 64657,
206: 8047, 8659, 32149,
207: 893, 1251, 1269, 2493, 2679, 2919, 2961, 4145, 4277, 4865, 5217, 5421, 5817, 6345, 12465, 13761, 14511, 14805, 16173, 17907, 18005, 18941, 25521, 26085, 27105, 29001, 29085, 30193, 32571, 32943, 38305, 40449, 50337, 51465, 54681, 56321, 57201, 61217, 62651, 65469,
208: 424, 530, 636, 1252, 1264, 1378, 1570, 1690, 2096, 2703, 3074, 3126, 4108, 4396, 4732, 5530, 6307, 6466, 6715, 6886, 7336, 7663, 8743, 9911, 11692, 12844, 14376, 17119, 19126, 19276, 20956, 22891, 26026, 27931, 28951, 30301, 33826, 42076, 44626, 46495, 54418, 56593, 57196, 61046, 64306,
209: 1257, 6285, 14665, 23111, 30751, 43905, 44643,
210: 422, 899, 923, 1055, 1263, 3175, 3195, 3653, 3675, 6699, 7095, 7455, 7747, 7783, 7807, 7999, 8203, 12645, 13817, 20825, 21311, 21731, 25225, 26445, 30733, 32773, 41567, 42659, 44935, 45849, 48895, 56203, 57137,
211: 23221, 44521,
212: 428, 642, 1498, 6955, 12733, 16346, 27285,
213: 4265, 5121, 8953, 23441, 31561, 33241, 59745,
214: 4285, 8359, 14569, 23551, 43471,
215: 1293, 4325, 5709, 6465, 9037, 15085, 25825, 28545, 35465, 36849, 45165, 52765,
216: 494, 518, 648, 654, 666, 684, 702, 756, 798, 810, 1299, 2555, 2847, 2907, 3032, 3246, 3906, 4572, 4698, 4870, 5193, 6783, 7215, 7866, 9079, 11001, 11034, 11349, 14391, 15695, 16133, 17278, 17886, 19026, 20596, 22302, 22716, 23771, 26061, 27645, 28835, 31038, 32486, 32926, 33709, 35705, 40852, 41847, 42827, 46949, 51921, 52718, 55699, 55845, 57321, 58769, 60237, 60585, 64923,
217: 9121, 18277, 22081, 54085,
218: 34021, 55641,
219: 1317, 2637, 3809, 4385, 6153, 6585, 8341, 13185, 28941, 30765, 32449, 38193, 46005, 54205, 58387,
220: 484, 943, 979, 1324, 1474, 4405, 6946, 7015, 8825, 9247, 9514, 10285, 11737, 14473, 16675, 18245, 21775, 21835, 25594, 28589, 29325, 43807, 46497, 47437, 64675,
221: 1329, 6645, 8137, 9289, 22593, 34111, 36305, 42085, 53841, 56959,
222: 446, 1043, 1115, 5337, 8251, 9583, 14751, 24431, 31101, 53193, 54981, 57521, 62265,
223: 34801, 49729,
224: 452, 464, 580, 678, 696, 870, 1347, 1348, 1462, 1582, 1624, 1666, 1720, 1960, 4294, 4816, 5278, 5336, 5590, 6370, 6736, 7006, 7306, 7395, 7404, 8299, 12556, 14331, 14896, 15022, 15544, 15652, 15742, 18546, 21016, 21880, 22540, 24766, 26506, 29971, 31632, 32431, 34957, 39556, 44254, 44863, 46990, 47515, 47821, 48412, 49620, 51415, 53476, 54805, 56695, 61243, 61348,
225: 1359, 2387, 3069, 3737, 4433, 4625, 4697, 5225, 5285, 5409, 5673, 5757, 5889, 5973, 7125, 7425, 8897, 11817, 12177, 13525, 13725, 14625, 15345, 15771, 17325, 17969, 20889, 22841, 24761, 25025, 26169, 27573, 27861, 28365, 28785, 29445, 29865, 30225, 30525, 32025, 32513, 32705, 34125, 35123, 35805, 38613, 39065, 39957, 43967, 43989, 47425, 49569, 51305, 54225, 58425, 59085, 59645, 60225, 63105, 64263,
226: 454, 1135, 11577, 35269, 45907, 61489,
227: 51529,
228: 458, 1371, 1444, 3426, 3435, 3893, 8683, 11646, 19923, 23411, 23591, 23955, 25091, 30685, 35017, 56563,
229: 35737, 52441,
230: 1175, 1383, 3475, 7755, 8479, 8587, 8983, 9667, 25993, 36613, 43945, 47047, 50995, 53515, 56729,
231: 989, 1127, 1389, 2967, 3381, 4361, 5553, 5829, 8509, 8557, 8797, 9751, 14271, 14605, 16905, 19453, 23345, 23501, 25421, 29145, 31581, 37191, 45537, 54201, 56481, 59899, 60421, 62377, 62849, 63481, 64785,
232: 466, 472, 590, 708, 1003, 1396, 1534, 2596, 3495, 4366, 4645, 5230, 6254, 8155, 14644, 18526, 19805, 25606, 33853, 37726, 43876, 51493, 55342, 57934, 63974,
233: 1401, 7005, 9793, 15411, 16345, 36361, 40629, 54289, 57441,
234: 1007, 3339, 3555, 3869, 4685, 6573, 8611, 9401, 14085, 15929, 16731, 18279, 20511, 23711, 24101, 25751, 33231, 33891, 34117, 34697, 38655, 49131, 52377, 59721, 64051,
235: 4705, 8773, 15565, 25861, 28225, 46789, 49525, 61165, 63937,
236: 36829, 64519,
237: 2853, 4121, 6657, 9961, 14265, 26081, 29481, 33285, 49785, 64481,
238: 478, 1195, 3973, 4765, 10003, 15481, 16201, 26191, 28441, 29181, 33565, 37141, 47083, 48343,
239: 1437, 7185, 16765, 45505, 50205, 57121,
240: 482, 488, 572, 620, 650, 732, 738, 744, 770, 792, 858, 900, 924, 930, 990, 1050, 1067, 1672, 2975, 3368, 3606, 3615, 3636, 4588, 5410, 5434, 5538, 5769, 5890, 6919, 7932, 7995, 8415, 10362, 11420, 16492, 16584, 18786, 19635, 20679, 25236, 27434, 27714, 28825, 31228, 31845, 31916, 33621, 34482, 34933, 35197, 38732, 39804, 39934, 40090, 45388, 46024, 47783, 52195, 53095, 53635, 56330, 61937, 62419,
241: 10129, 26521, 58081,
242: 6141, 9451, 10171, 53935, 63181,
243: 729, 1461, 1467, 1539, 1701, 2997, 3423, 3591, 3645, 5705, 5913, 6213, 6357, 6669, 6993, 7305, 8505, 10213, 12551, 12753, 14661, 14985, 15561, 16071, 16281, 17031, 18711, 20165, 21141, 21603, 22781, 24605, 27417, 29757, 30081, 31065, 31785, 33345, 34041, 34965, 37921, 38637, 39501, 39785, 43149, 44577, 48545, 49761, 52497, 54605, 56721, 59841, 63765, 64771,
244: 1468, 4885, 25635, 26851, 53215,
245: 1473, 4925, 6177, 10297, 10339, 10633, 13717, 14413, 15169, 15265, 17185, 18865, 20629, 32505, 40385, 40745, 48565, 60085, 61045, 65317,
246: 1079, 3735, 8715, 9607, 25451, 26809, 35301, 38389, 49385, 49967, 55195,
247: 10381, 25021, 35953, 38701,
248: 1492, 8086, 8196, 8206, 10423, 20526, 22582, 36181, 51382,
249: 1169, 1497, 1503, 3507, 4985, 6513, 7485, 9481, 15531, 15865, 30561, 32565, 32901, 34431, 36889, 50009,
250: 502, 1255, 1375, 1875, 3775, 4375, 5125, 9763, 10025, 30025, 38875, 39013, 49375, 52833, 58135, 60625,
251: 1509, 7545, 17605, 38731, 59857, 63001,
252: 602, 762, 774, 882, 1516, 2639, 2666, 2795, 3219, 3786, 3915, 4181, 5045, 5117, 6057, 6477, 7077, 7658, 8858, 9135, 9555, 10829, 13221, 15165, 22661, 23635, 25871, 27731, 28101, 28509, 31341, 32181, 32205, 34771, 36733, 37485, 40122, 45881, 50015, 51561, 61087, 61401, 62283, 62901, 65201,
253: 1081, 1587, 2645, 3243, 3703, 5065, 5405, 6877, 7567, 8993, 9313, 11891, 14053, 15745, 15985, 17061, 20539, 27841, 29281, 33511, 39481, 44321, 46765, 55781, 65191,
254: 1527, 39637,
255: 1133, 3399, 5105, 7725, 9517, 10717, 13497, 15325, 16769, 21939, 28061, 28633, 30825, 37393, 37777, 39793, 43737, 50429, 50553, 52745, 53565, 53725, 57409, 59225, 60667, 63345, 63705, 65025,
256: 512, 514, 544, 640, 680, 768, 816, 960, 1020, 1552, 1768, 1792, 1930, 2080, 2380, 2816, 3592, 3846, 3855, 3936, 4672, 5032, 5044, 5404, 5770, 5824, 5916, 6790, 7360, 7936, 8296, 8536, 8995, 9010, 9384, 9856, 11194, 14356, 14824, 15184, 16156, 16354, 16440, 18880, 19768, 20440, 21845, 22359, 24616, 25696, 26216, 26368, 27676, 27870, 29680, 34336, 36091, 36751, 41626, 44992, 47594, 48076, 51976, 55126, 55936, 56797, 57715, 65152, 65365,
