4: 3,
6:
8: 7,
9: 4, 5,
10:
12:
14: 11,
15:
16: 15,
18:
20:
21:
22: 5, 7,
24:
25: 7, 11, 14, 18,
26:
27: 5, 22,
28:
30:
32: 31,
33: 8, 14, 19, 25,
34:
35:
36:
38:
39:
40:
42:
44:
45:
46: 33, 37,
48:
49: 12, 20, 24, 25, 29, 37,
50:
51: 7, 10, 41, 44,
52:
54:
55:
56:
57: 13, 25, 32, 44,
58: 37, 51,
60:
62:
63:
64: 63,
65: 3, 8, 16, 18, 21, 23, 29, 31, 34, 36, 42, 44, 47, 49, 57, 62,
66:
68:
69:
70:
72:
74: 9, 29,
75:
76: 43, 47,
77:
78:
80:
81: 22, 59,
82:
84:
85: 4, 8, 9, 13, 21, 26, 38, 42, 43, 47, 59, 64, 72, 76, 77, 81,
86: 19, 25,
87:
88: 7,
90:
91: 19, 33, 58, 72,
92:
93:
94:
95:
96:
98: 39,
99: 14, 41, 58, 85,
100:
102:
104:
105:
106: 15, 39,
108:
110:
111:
112:
114:
115:
116: 3, 47,
117:
118:
119: 3, 15, 20, 31, 32, 36, 48, 53, 66, 71, 83, 87, 88, 99, 104, 116,
120:
121: 5, 18, 19, 24, 43, 78, 97, 102, 103, 116,
122:
123: 11, 52, 71, 112,
124:
125: 11, 57, 68, 114,
126:
128: 127,
129: 16, 59, 70, 113,
130:
132:
133: 23, 61, 72, 110,
134: 79, 123,
135:
136: 15,
138:
140:
141:
142: 103, 111,
143:
144:
145: 12, 17, 24, 34, 41, 46, 53, 63, 82, 92, 99, 104, 111, 121, 128, 133,
146:
147:
148:
150:
152:
153: 41, 58, 59, 76, 77, 94, 95, 112,
154: 17,
155:
156:
158: 13, 67,
159:
160:
161: 4, 27, 39, 50, 53, 62, 73, 76, 85, 88, 99, 108, 111, 122, 134, 157,
162:
164: 103, 131,
165:
166:
168:
169: 2, 14, 29, 45, 70, 82, 87, 99, 124, 140, 155, 167,
170:
171: 13, 32, 139, 158,
172: 115,
174:
175:
176:
177: 23, 82, 95, 154,
178:
180:
182: 115,
183:
184: 47,
185: 6, 12, 31, 43, 49, 62, 68, 86, 99, 117, 123, 136, 142, 154, 173, 179,
186:
187: 41, 58, 129, 146,
188: 15,
189:
190:
192:
194:
195:
196:
198:
200:
201: 20, 47, 154, 181,
202:
203:
204:
205: 9, 18, 23, 32, 59, 64, 73, 91, 114, 132, 141, 146, 173, 182, 187, 196,
206:
207:
208:
209: 25, 63, 146, 184,
210:
212: 163, 167,
213:
214: 49, 59,
215:
216:
217: 51, 82, 135, 166,
218: 139, 189,
219: 61, 85, 134, 158,
220:
221: 8, 21, 42, 47, 55, 60, 81, 94, 127, 140, 161, 166, 174, 179, 200, 213,
222:
224:
225: 14, 86, 139, 211,
226: 43, 71,
228:
230:
231:
232: 223,
234:
235:
236: 83,
237:
238:
240:
242: 27, 205,
243: 22, 221,
244: 119, 239,
245:
246:
247: 72, 110, 137, 175,
248: 39, 223,
249: 74, 92, 157, 175,
250:
252:
253:
254: 23, 105,
255:
256: 255,
258:
259: 16, 58, 201, 243,
260:
261:
262:
264:
265: 7, 23, 46, 76, 83, 99, 113, 129, 136, 152, 166, 182, 189, 219, 242, 258,
266: 199,
267: 40, 49, 218, 227,
268: 23,
270:
272: 223,
273: 10, 29, 55, 62, 88, 94, 101, 127, 146, 172, 179, 185, 211, 218, 244, 263,
274: 17, 121,
275:
276:
278:
279:
280:
282:
284: 271,
285:
286:
287:
288:
289: 24, 38, 40, 63, 76, 83, 103, 105, 184, 186, 206, 213, 226, 249, 251, 265,
290:
291: 17, 80, 211, 274,
292: 199,
294:
295:
296:
297: 113, 140, 157, 184,
298: 35, 115,
299:
300:
301: 30, 142, 159, 271,
302: 221, 233,
303:
304: 223,
305: 11, 22, 39, 72, 83, 111, 133, 144, 161, 172, 194, 222, 233, 266, 283, 294,
306:
308:
309:
310:
312:
314:
315:
316:
318:
319:
320:
321: 31, 76, 245, 290,
322: 123,
323: 44, 146, 177, 279,
324:
325: 7, 18, 32, 36, 57, 68, 86, 107, 111, 114, 136, 161, 164, 189, 211, 214, 218, 239, 257, 268, 289, 293, 307, 318,
326: 189, 301,
327:
328: 47,
329:
330:
332:
333:
334:
335:
336:
338:
339: 26, 139, 200, 313,
340:
341: 4, 45, 48, 76, 89, 120, 128, 169, 172, 213, 221, 252, 265, 293, 296, 337,
342:
343: 24, 37, 167, 176, 306, 319,
344:
345:
346:
348:
350:
351:
352: 95,
354:
355:
356: 243,
357:
358: 233, 305,
360:
361: 31, 37, 63, 79, 100, 137, 144, 150, 180, 181, 211, 217, 224, 261, 282, 298, 324, 330,
362:
363: 19, 140, 223, 344,
364:
365: 19, 27, 46, 54, 92, 119, 127, 173, 192, 238, 246, 273, 311, 319, 338, 346,
366:
368: 367,
369: 13, 22, 23, 59, 95, 104, 112, 175, 194, 257, 265, 274, 310, 346, 347, 356,
370:
371:
372:
374:
375:
376: 343,
377: 3, 5, 12, 16, 17, 22, 24, 34, 36, 41, 42, 51, 53, 55, 61, 63, 70, 74, 75, 80, 82, 90, 92, 94, 99, 100, 103, 109, 113, 119, 121, 128, 129, 132, 133, 138, 140, 142, 148, 152, 157, 158, 161, 167, 171, 177, 179, 181, 186, 187, 190, 191, 196, 198, 200, 206, 210, 216, 219, 220, 225, 229, 235, 237, 239, 244, 245, 248, 249, 256, 258, 264, 268, 274, 277, 278, 283, 285, 287, 295, 297, 302, 303, 307, 314, 316, 322, 324, 326, 335, 336, 341, 343, 353, 355, 360, 361, 365, 372, 374,
378:
380:
381:
382: 211, 363,
384:
385: 2, 3, 6, 8, 9, 13, 16, 17, 19, 24, 27, 31, 36, 38, 39, 41, 46, 47, 52, 53, 57, 58, 61, 64, 68, 69, 71, 72, 74, 79, 82, 83, 86, 93, 94, 96, 97, 101, 102, 104, 107, 108, 113, 116, 118, 123, 124, 127, 129, 134, 137, 138, 141, 146, 148, 149, 151, 152, 156, 157, 159, 162, 163, 167, 171, 173, 174, 178, 179, 181, 184, 192, 193, 201, 204, 206, 207, 211, 212, 214, 218, 222, 223, 226, 228, 229, 233, 234, 236, 237, 239, 244, 247, 248, 251, 256, 258, 261, 262, 267, 269, 272, 277, 278, 281, 283, 284, 288, 289, 291, 292, 299, 302, 303, 306, 311, 313, 314, 316, 317, 321, 324, 327, 328, 332, 333, 338, 339, 344, 346, 347, 349, 354, 358, 361, 366, 368, 369, 372, 376, 377, 379, 382, 383,
386: 267, 313,
387: 59, 113, 274, 328,
388: 111, 131,
390:
391: 19, 53, 65, 88, 99, 122, 134, 168, 223, 257, 269, 292, 303, 326, 338, 372,
392:
393: 28, 103, 290, 365,
394: 53, 145,
395:
396:
398:
399:
400:
402:
403: 20, 175, 228, 383,
404: 115, 163,
405:
406:
407:
408:
410:
411: 86, 188, 223, 325,
412: 399,
413:
414:
415:
416:
417: 50, 89, 328, 367,
418: 161, 237,
420:
422: 21, 191,
423:
424:
425: 7, 43, 61, 64, 89, 93, 111, 132, 143, 157, 161, 211, 214, 264, 268, 282, 293, 314, 332, 336, 361, 364, 382, 418,
426:
427: 149, 156, 271, 278,
428:
429:
430:
432:
434:
435:
436: 167,
437:
438:
440:
441:
442:
444:
445: 21, 34, 68, 123, 144, 157, 199, 212, 233, 246, 288, 301, 322, 377, 411, 424,
446:
447:
448:
450:
451: 14, 30, 43, 52, 80, 84, 96, 109, 125, 150, 153, 162, 166, 175, 191, 194, 216, 219, 232, 235, 257, 260, 276, 285, 289, 298, 301, 326, 342, 355, 367, 371, 399, 408, 421, 437,
452: 59, 75,
453:
454:
455:
456:
458:
459: 194, 211, 248, 265,
460:
462:
464: 239,
465:
466: 31, 203,
468:
469: 75, 142, 327, 394,
470:
471:
472: 7, 103, 135, 359,
473: 102, 113, 360, 371,
474:
475:
476:
477:
478: 73, 167,
480:
481: 6, 16, 21, 31, 49, 58, 62, 68, 86, 99, 123, 127, 136, 164, 179, 201, 216, 228, 253, 265, 280, 302, 317, 345, 354, 358, 382, 395, 413, 419, 423, 432, 450, 460, 465, 475,
482:
483:
484:
485: 22, 44, 53, 119, 141, 172, 216, 238, 247, 269, 313, 344, 366, 432, 441, 463,
486:
488: 55,
489: 145, 181, 308, 344,
490:
492:
493: 111, 128, 140, 157, 162, 179, 191, 208, 285, 302, 314, 331, 336, 353, 365, 382,
494:
495:
496:
497: 25, 46, 62, 80, 151, 167, 188, 204, 293, 309, 330, 346, 417, 435, 451, 472,
498:
500:
501:
502:
504:
505: 81, 91, 111, 121, 182, 192, 212, 222, 283, 293, 313, 323, 384, 394, 414, 424,
506: 71,
507:
508:
510:
511: 163, 236, 275, 348,
512: 511,
513: 32, 184, 329, 481,
514:
515:
516:
517:
518:
519:
520:
522:
524: 243,
525:
526: 387, 403,
527:
528:
529: 21, 30, 38, 40, 70, 79, 89, 111, 149, 198, 248, 281, 331, 380, 418, 440, 450, 459, 489, 491, 499, 508,
530:
531: 23, 95, 436, 508,
532:
533: 3, 5, 9, 17, 18, 23, 24, 36, 38, 44, 50, 64, 73, 77, 79, 87, 99, 100, 105, 106, 114, 118, 120, 126, 128, 132, 140, 141, 146, 147, 155, 159, 161, 167, 173, 181, 187, 196, 200, 210, 222, 223, 229, 237, 243, 249, 251, 255, 263, 264, 269, 270, 278, 282, 284, 290, 296, 304, 310, 311, 323, 333, 337, 346, 352, 360, 366, 372, 374, 378, 386, 387, 392, 393, 401, 405, 407, 413, 415, 419, 427, 428, 433, 434, 446, 454, 456, 460, 469, 483, 489, 495, 497, 509, 510, 515, 516, 524, 528, 530,
534:
535:
536: 127, 439,
537: 101, 257, 280, 436,
538:
539:
540:
542:
543:
544: 223,
545: 33, 43, 66, 76, 142, 152, 251, 261, 284, 294, 393, 403, 469, 479, 502, 512,
546:
548: 15, 127,
549:
550:
551:
552:
553: 47, 205, 348, 506,
554: 301, 531,
555:
556: 535,
558:
559: 202, 228, 331, 357,
560:
561: 7, 8, 10, 14, 19, 25, 26, 32, 37, 41, 43, 58, 59, 65, 70, 76, 92, 95, 100, 109, 122, 128, 133, 139, 146, 151, 155, 161, 172, 173, 179, 184, 190, 194, 197, 202, 206, 212, 223, 224, 230, 235, 241, 245, 257, 263, 265, 274, 287, 296, 298, 304, 316, 320, 326, 331, 337, 338, 349, 355, 359, 364, 367, 371, 377, 382, 388, 389, 400, 406, 410, 415, 422, 428, 433, 439, 452, 461, 466, 469, 485, 491, 496, 502, 503, 518, 520, 524, 529, 535, 536, 542, 547, 551, 553, 554,
562: 315, 529,
564:
565: 83, 98, 128, 143, 196, 211, 241, 256, 309, 324, 354, 369, 422, 437, 467, 482,
566:
567:
568: 87,
570:
572:
573:
574:
575:
576:
578:
579: 34, 227, 352, 545,
580:
581:
582:
583:
584: 39, 143,
585: 49, 94, 166, 211, 374, 419, 491, 536,
586:
588:
589: 42, 175, 414, 547,
590:
591:
592: 463, 527,
594:
595:
596: 471,
597:
598:
600:
602:
603: 221, 248, 355, 382,
604:
605:
606:
608: 351,
609: 31, 34, 43, 53, 73, 85, 92, 101, 118, 130, 143, 160, 169, 172, 176, 179, 188, 218, 227, 230, 256, 263, 295, 304, 305, 314, 346, 353, 379, 382, 391, 421, 430, 433, 437, 440, 449, 466, 479, 491, 508, 517, 524, 536, 556, 566, 575, 578,
610:
611:
612:
614:
615:
616:
618:
620:
621:
622:
623:
624:
625: 182, 261, 364, 443,
626:
627: 25, 146, 184, 272, 355, 443, 481, 602,
628:
629: 6, 12, 25, 30, 43, 47, 57, 62, 64, 67, 80, 81, 84, 86, 91, 94, 101, 118, 123, 128, 131, 141, 142, 154, 158, 165, 175, 178, 179, 191, 192, 195, 205, 210, 212, 215, 216, 229, 232, 234, 239, 242, 247, 249, 266, 271, 276, 284, 290, 302, 327, 339, 345, 353, 358, 363, 380, 382, 387, 390, 395, 397, 400, 413, 414, 417, 419, 424, 434, 437, 438, 450, 451, 454, 464, 471, 475, 487, 488, 498, 501, 506, 511, 528, 535, 538, 543, 545, 548, 549, 562, 565, 567, 572, 582, 586, 599, 604, 617, 623,
630:
632:
633: 118, 304, 329, 515,
634: 401, 551,
635:
636:
637: 86, 110, 135, 159, 257, 306, 331, 380, 478, 502, 527, 551,
638: 183, 589,
639:
640:
642:
644:
645:
646:
648:
649: 3, 20, 36, 39, 79, 82, 115, 138, 141, 157, 174, 200, 233, 239, 256, 259, 272, 292, 357, 377, 390, 393, 410, 416, 449, 475, 492, 508, 511, 534, 567, 570, 610, 613, 629, 646,
650:
651:
652: 159,
654:
655:
656: 31, 303,
657: 85, 158, 238, 311, 346, 419, 499, 572,
658:
660:
662: 157, 175,
663:
664: 191,
665:
666:
667:
668: 395, 615,
669:
670:
671: 23, 84, 147, 158, 208, 219, 221, 282, 389, 450, 452, 463, 513, 524, 587, 648,
672:
674: 125, 213,
675:
676:
678:
679: 9, 20, 26, 71, 88, 106, 117, 123, 174, 185, 214, 220, 265, 271, 282, 300, 311, 317, 362, 368, 379, 397, 408, 414, 459, 465, 494, 505, 556, 562, 573, 591, 608, 653, 659, 670,
680:
681: 212, 242, 439, 469,
682: 161, 227, 347, 413,
684:
685: 37, 63, 74, 174, 211, 237, 311, 337, 348, 374, 448, 474, 511, 611, 622, 648,
686: 235,
687:
688: 191,
689: 23, 60, 83, 99, 166, 205, 242, 341, 348, 447, 484, 523, 590, 606, 629, 666,
690:
692: 539,
693:
694: 75, 273,
695:
696:
697: 9, 30, 59, 64, 93, 112, 132, 146, 194, 196, 214, 228, 264, 276, 296, 298, 310, 319, 378, 387, 399, 401, 421, 433, 469, 483, 501, 503, 551, 565, 585, 604, 633, 638, 667, 688,
698:
699: 109, 124, 575, 590,
700:
702:
703: 9, 15, 28, 46, 53, 58, 61, 65, 87, 96, 124, 132, 161, 163, 170, 172, 194, 198, 200, 201, 213, 237, 238, 243, 246, 274, 275, 281, 305, 312, 324, 346, 357, 379, 391, 398, 422, 428, 429, 457, 460, 465, 466, 490, 502, 503, 505, 509, 531, 533, 540, 542, 571, 579, 607, 616, 638, 642, 645, 650, 657, 675, 688, 694,
704:
705: 1, 4, 11, 29, 46, 76, 184, 199, 206, 224, 236, 239, 271, 281, 286, 311, 394, 419, 424, 434, 466, 469, 481, 499, 506, 521, 629, 659, 676, 694, 701, 704,
706:
707:
708:
710:
711:
712:
713:
714:
715:
716:
717:
718: 129, 231,
720:
721: 6, 10, 75, 93, 97, 109, 113, 131, 178, 200, 212, 216, 234, 281, 299, 303, 319, 337, 384, 402, 418, 422, 440, 487, 505, 509, 521, 543, 590, 608, 612, 624, 628, 646, 711, 715,
722:
723: 38, 203, 520, 685,
724: 175, 371,
725: 82, 111, 157, 186, 307, 314, 336, 343, 382, 389, 411, 418, 539, 568, 614, 643,
726:
728:
729: 221, 508,
730:
731: 27, 231, 500, 704,
732:
734:
735:
736: 735,
737: 47, 355, 382, 690,
738:
740:
741:
742: 367,
744:
745: 44, 61, 88, 193, 237, 254, 342, 359, 386, 403, 491, 508, 552, 657, 684, 701,
746: 155, 219,
747: 157, 175, 572, 590,
748:
749:
750:
752: 207,
753: 91, 160, 593, 662,
754:
755:
756:
758: 407, 731,
759:
760:
762:
763: 236, 345, 418, 527,
764: 731,
765:
766:
767:
768:
770:
771: 68, 325, 446, 703,
772:
774:
775:
776: 191,
777:
778: 93, 297,
779: 6, 12, 35, 40, 45, 52, 70, 71, 78, 81, 83, 88, 93, 111, 112, 117, 119, 127, 135, 158, 165, 168, 176, 193, 204, 206, 211, 216, 234, 235, 240, 242, 245, 250, 252, 283, 288, 291, 298, 299, 316, 317, 329, 339, 340, 358, 363, 368, 373, 375, 404, 406, 411, 416, 421, 439, 440, 450, 462, 463, 480, 481, 488, 491, 496, 527, 529, 534, 537, 539, 544, 545, 563, 568, 573, 575, 586, 603, 611, 614, 621, 644, 652, 660, 662, 667, 668, 686, 691, 696, 698, 701, 708, 709, 727, 734, 739, 744, 767, 773,
780:
781: 29, 100, 161, 194, 232, 265, 326, 384, 397, 455, 516, 549, 587, 620, 681, 752,
782:
783:
784:
785: 28, 56, 101, 129, 213, 258, 286, 342, 443, 499, 527, 572, 656, 684, 729, 757,
786:
788:
789:
790:
791: 25, 88, 106, 120, 251, 314, 332, 346, 445, 459, 477, 540, 671, 685, 703, 766,
792:
793: 34, 72, 83, 88, 111, 133, 149, 161, 172, 205, 255, 266, 278, 283, 294, 332, 344, 393, 400, 449, 461, 499, 510, 515, 527, 538, 588, 621, 632, 644, 660, 682, 705, 710, 721, 759,
794:
795:
796: 519,
798:
799:
800:
801: 40, 49, 50, 68, 139, 157, 194, 283, 518, 607, 644, 662, 733, 751, 752, 761,
802: 153, 249,
803: 14, 47, 61, 85, 134, 160, 193, 207, 233, 245, 266, 278, 280, 306, 339, 377, 379, 391, 412, 424, 426, 464, 497, 523, 525, 537, 558, 570, 596, 610, 643, 669, 718, 742, 756, 789,
804:
805:
806:
807:
808: 439,
810:
812:
813:
814: 203,
815:
816:
817: 13, 70, 99, 156, 317, 357, 374, 403, 414, 443, 460, 500, 661, 718, 747, 804,
818:
819:
820:
822:
824:
825: 14, 239, 289, 311, 514, 536, 586, 811,
826: 171, 759,
828:
830:
831:
832:
833: 20, 24, 25, 78, 122, 123, 127, 167, 172, 225, 265, 269, 270, 274, 314, 319, 367, 372, 412, 416, 417, 421, 461, 466, 514, 519, 559, 563, 564, 568, 608, 661, 666, 706, 710, 711, 755, 808, 809, 813,
834:
835:
836:
837:
838:
840:
841: 15, 40, 41, 49, 51, 56, 64, 74, 82, 84, 126, 182, 204, 381, 460, 637, 659, 715, 757, 759, 767, 777, 785, 790, 792, 800, 801, 826,
842: 177, 245,
843: 29, 310, 533, 814,
844:
845: 29, 99, 198, 239, 268, 309, 367, 408, 437, 478, 536, 577, 606, 647, 746, 816,
846:
847:
848: 703,
849: 127, 410, 439, 722,
850:
851:
852:
854:
855:
856:
858:
860:
861:
862: 473, 821,
864:
865: 13, 93, 186, 253, 266, 333, 359, 426, 439, 506, 532, 599, 612, 679, 772, 852,
866:
867: 265, 313, 554, 602,
868:
869:
870:
871: 59, 410, 461, 812,
872:
873: 211, 238, 247, 274, 599, 626, 635, 662,
874:
875:
876:
878:
879:
880:
882:
884:
885:
886: 601, 729,
888:
889: 166, 215, 674, 723,
890:
891: 59, 103, 140, 184, 221, 265, 626, 670, 707, 751, 788, 832,
892: 63, 67, 823, 831,
893:
894:
895:
896:
897: 4, 16, 50, 53, 62, 76, 88, 119, 131, 134, 142, 145, 154, 157, 191, 211, 223, 257, 269, 272, 283, 295, 326, 329, 341, 349, 352, 361, 407, 418, 430, 433, 464, 467, 479, 490, 536, 545, 548, 556, 568, 571, 602, 614, 625, 628, 640, 674, 686, 706, 740, 743, 752, 755, 763, 766, 778, 809, 821, 835, 844, 847, 881, 893,
898: 197, 253,
899:
900:
901: 4, 23, 30, 39, 43, 46, 57, 60, 63, 67, 76, 96, 110, 113, 120, 145, 149, 152, 166, 169, 182, 198, 205, 208, 216, 222, 226, 242, 251, 261, 288, 295, 311, 314, 322, 328, 332, 341, 348, 361, 375, 378, 385, 414, 417, 420, 431, 434, 438, 447, 454, 463, 467, 470, 481, 484, 487, 516, 523, 526, 540, 553, 560, 569, 573, 579, 587, 590, 606, 613, 640, 650, 659, 675, 679, 685, 693, 696, 703, 719, 732, 735, 749, 752, 756, 781, 788, 791, 805, 825, 834, 838, 841, 844, 855, 858, 862, 871, 878, 897,
902:
903:
904: 79, 767,
905: 19, 38, 143, 162, 219, 324, 343, 381, 524, 562, 581, 686, 743, 762, 867, 886,
906:
908:
909:
910:
912:
913: 9, 20, 63, 74, 112, 137, 146, 157, 195, 229, 240, 258, 269, 278, 303, 361, 424, 435, 478, 489, 552, 610, 635, 644, 655, 673, 684, 718, 756, 767, 776, 801, 839, 850, 893, 904,
914: 543, 829,
915:
916: 247,
917:
918:
920:
921: 199, 415, 506, 722,
922:
923:
924:
925: 43, 68, 86, 132, 136, 164, 243, 339, 364, 382, 386, 432, 493, 539, 543, 561, 586, 682, 761, 789, 793, 839, 857, 882,
926: 81, 383,
927:
928: 351, 511, 543,
930:
931: 61, 110, 184, 355, 576, 747, 821, 870,
932: 351,
933:
934:
935:
936:
938: 3,
939: 130, 443, 496, 809,
940:
942:
943:
944:
945: 59, 76, 211, 221, 319, 346, 356, 454, 491, 589, 599, 626, 724, 734, 869, 886,
946:
948:
949: 19, 46, 127, 163, 192, 200, 202, 265, 309, 319, 346, 348, 382, 384, 411, 419, 421, 465, 484, 528, 530, 538, 565, 567, 601, 603, 630, 640, 684, 747, 749, 757, 786, 822, 903, 930,
950:
951:
952:
954:
955:
956: 423,
957:
958:
959:
960:
961: 2, 14, 21, 70, 82, 97, 99, 133, 286, 326, 338, 377, 453, 464, 478, 483, 497, 508, 584, 623, 635, 675, 828, 862, 864, 879, 891, 940, 947, 959,
962:
963: 31, 76, 887, 932,
964: 587,
965: 31, 81, 112, 162, 224, 274, 417, 467, 498, 548, 691, 741, 803, 853, 884, 934,
966:
968: 447,
969: 25, 44, 127, 146, 196, 298, 367, 469, 500, 602, 671, 773, 823, 842, 925, 944,
970:
972:
973: 54, 471, 502, 919,
974: 591, 871,
975:
976:
978:
979: 129, 316, 663, 850,
980:
981:
982: 235, 257,
984:
985: 14, 28, 169, 183, 211, 366, 408, 422, 563, 577, 619, 774, 802, 816, 957, 971,
986:
987:
988:
989:
990:
992:
993: 256, 406, 587, 737,
994:
995:
996:
998: 651, 847,
999:
1000:
1001:
1002:
1003: 95, 449, 554, 908,
1004: 679,
1005:
1006:
1007:
1008:
1010:
1011: 196, 478, 533, 815,
1012: 623,
1014:
1015:
1016: 207,
1017: 139, 256, 365, 482, 535, 652, 761, 878,
1018:
1020:
1022: 81,
1023:
1024: 1023,
