1: 1,
5: 1, 2, 3, 8, 19, 22, 27, 42, 47, 59, 288, 471,
7: 1, 2, 4, 5, 6, 18, 19, 1X, 24, 4X, X0, 100, 778,
E: 1, 4, 13, 111, 300,
11: 2, 3, 4, 23, 34, 133,
15: 1, 4, 14, 2X, 66, 186, 450, 4E4, E70,
17: 1, 2, 3, 5, 6, 21, 32, 263, 311, 693, X33,
1E: 2, 4, 12, 13, 1E, 44, 72, 168, 50X, 550, X80,
21: 1, 3, 7, 11, 23, 27, 67, X1, E3, 327,
25: 1, 2, 5, 11, 15, 1E, 22, 31, 4E, 165,
27: 1, 3, 9, E, 11, 1E, 53, 63, 80, 2E5, 31E, 347, 580,
2E: 1, 2, 4, 5, 7, 10, 15, 1X, 22, 2E, 4X, 91, 93, 345, 44X,
31: 2, 4, 5, 8, 9, 18, 22, 44, 55, 75, 184, 778,
35: 1, 8, 179, 321, 439, 545, 611,
3E: 1, 2, 5, 6, 8, 15, 16, 21, 116, 220, 291, 745,
41: 1, 2, 3, X, 11, 53, 56, 103, 10X, 516, 601, 9EX,
45: 2, 4, 6, 18, 1X, 24, 28, 38, 6X, 74, E2, 104, 170, 248,
47: 1, 2, 3, 5, 1E, 24, 2X, 64, 6E, 71, E7, 153, 227, 262, 587, X28,
4E: 1, 3, 5, 143, 365, 427, 577, 815,
51: 1, 3, 5, 10, 39, 3E, 49, 111, 165, 189, 2E5, 411, 593, 938,
57: 1, 2, 9, 24, 131, 284, 2X4,
5E: 1, 4, 5, 7, 8, 37, 4E, 10E,
61: 3, 4, 13, 1E, 24, 27, 37, 117, 317, 474, 62E, 66X,
65: 1, 5, 11,
67: 2, 6, 36,
6E: 2, 3, 14, 38, E4, 288,
71: 1, 2, 8, X, 22, 31, 62, 145, 622,
75: 1, 2, 9, E, 26, 29, 39, 46, 57, 67, 125, 1X7, 2E7, 753, 839,
77: 1, 7, 8, 14, 19, 27, 60, X4, 351, 8X9,
7E: 1, 2, 3, 8, X, 13, 14, 16, 2X, 38, 48, 79, 83, 92, 98, 132, 460, 52X,
81: 1, 2, 18, 1X, 28, 48, XX, 118, 165, 232, 2EX, 591, 879,
85: 1, 9, 10, 47, E3, 141, 255, 475, E6E,
87: 3, 7, 17, 9E,
8E: 2, 9, 16, 36, 38, 40, 112,
95: 2, 4, 7, 12, 1X, 6E, 132, 1E2, 3X2, X07,
97: 1, 7, X, 26, 4E, 121, 15E, 335,
9E: 1, 2, 3, 6, 9, 11, 19, 45, 52, 63, 115, 59E, 8E1, 936,
X1: 4, 9, 10, 23, 35, 49, 64, 88, 139, 154, 333, 744,
X5: 1, 2, X, 14, 24, 41, 48, 72, 244, 487,
X7: 1, 2, 6, 1X, 31, 40, 52, EX, 106, 228, 930,
E1: 2, 3, 7, 1X, 20, 44, 206,
E5: 1, 2, 4, 9, 11, 82, 471, 690,
E7: 1, 2, 3, 5, 1E, 71, 95, 99, E3, 17E,
EE: 3, 4, E, 16, 73, 76, 84, 143, 154, 863,
101: 1, 3, 6, E, 15, 19, 1E, 59, 78, 80, EE, 13E, 4E5, X66,
105: 2, 3, 5, 9, E, 16, 26, 29, 2E, 36, 53, 19E, 683,
107: 1, 3, 4, 7, 9, 144, X78,
10E: 1, 5, E, 3E, 55E,
111: X, 14, 6X, 124,
115: 1, 3, 4, 1E, 20, 24, 38, 40, 58, 91, XE, 165, 204, 423, 437, 517, 9E1, 1000,
117: 2, 4, 10, 18, 123, 193, 31X, 592, EE2,
11E: 1, 2, 4, 11, 18, 22, 6X, 115, 225, 232, 4X8,
121: 1, 2, 17, 22, 8E, 145, 4X2,
125: 2, 3, E, 1E, 27, 32,
12E: 1, 3, 6, 7, 9, X, 13, 29, 1X1, 31X, 4X1, 521,
131: 1, 7, 31, 69, E1,
135: 1, 3, 4, 5, 11, 13, 16, X4, 147, 245, 2E1, 361, 440, 544, 643, XE5,
137: 1, 2, 6, 48, 830, 8E9, 9X8, XX1, E25,
13E: 50, 6E, 78,
141: 2, 4, 6, 8, X, 18, 24, 33, 52, 62, 63, 10X, 298, 2X7, 533, 726, X84,
147: 1, 6, E, 15, 1E, 55, 79, 293, 403, 437, 665, E7X,
14E: 2, 3, 4, 7, E, 13, 1X, 20, 43, 64, 10X, 334, 3E0, 496,
151: 2, 3, 5, 12, 14, 16, 18, 32, 58, 78, 132, 245, 439,
155: 2, 7X, X2, 162,
157: 1, 4, 7, 8, 51, 388, E34,
15E: 1, 2, 22, 25, 48, 85, 138, 261, 296, 630,
161: 1, 6, 20, 174, 246, 30X, 35X, 40X, 911, E14,
165: 1, 3, 8, 13, 2X0, 688,
167: 2, 3, 4, 7, E, 14, 38, 103, 20X, 3E3, 433,
16E: 1, 4, 5, 9, 31, 34, XX, 385, 764,
171: 1, 2, 16, 2E, 6E, 592, 766,
175: 23, X3, 30E, 66E,
177: 2, 12, 64, 72, 792,
17E: 1, 2, 6, 11, 37, E1, 106, 257,
185: 1, 2, 3, 4, 6, 74, XX, 130, 175, 275, 309, 356, 4E6,
187: 4, 5, 9, X4, 100, 125, 466,
18E: 1, 3, 7, E, 35, 5E, 183, 294,
191: 2, 78, 357,
195: 1, 2, 5, 6, 10, 30, 88, 102, 386, 431,
197: 1, 3, 27, 33, 75, 125, 43E,
1X1: 1, 2, 3, 4, 5, 13, 29, 39, 67, 7X, 7E, 2E7, 337, 33E, 419, 443, 468, 509,
1X5: 1, 3, 6, 79, 9E, EX, 126, 23E, 2X5, 511,
1X7: 1, 3, 5, 9, 25, 8E, 150, 187, 227, 329, 443, 575,
1XE: 2, 3, 4, 5, 6, 9, 99, 9E, 109, 122, 2X2, 566,
1E1: 2, 4, 8, 9, 19, 59, E9, 322, 356, 56X, 92X,
1E5: 1, 4, 10, 15, 47, 518, 55E, 9E1,
1E7: 3, 4, X, 46, 84, 97, 200, 33X, 517, 5EE, 97X,
1EE: 2, 4, 3X, 124, 4X0, X98, E24,
201: 2, 3, 33, 39, 163, 286,
205: 7, E, 13, 1X, E7, 17X, 47E, 5XX,
207: 1, 2, 4, 5, 10, 21, 62, 182, 371, 774,
20E: 1, 2, 3, 5, 11, 12, 26, 63, 76E,
211: 1, 3, 5, E, 11, 34, 6E7,
215: 1, 2, 7, 36, X1, E1, EX, 232, 277,
21E: 3, 5, 19, 25, 65, 893,
221: 2, 8, 238, 372,
225: 2, 6, 10, 15, 16, 39, 58, 60, E4, 1X2, 290, 709, 8E4, 92X,
227: 1, 2, 16, 33, 51, 227, 45X, 4X9, 593, 793, 7X1,
22E: 2, 4, 8, 16, 18, 52, 9E, 10X, 1X0, 227, 368, 407, 564, 98E, X6X,
231: 1, 3, 4, 6, X, 24, X4, 109, 177, 22X, 236, 383, 72X, 755, 809,
237: 4, 10, 14, 39, 99, 239, 260,
23E: 1, 2, 3, 7, 8, E, 13, 18, 83, X8, 29E,
241: 1, 21, 201, 291, 391,
245: 1, 3, 8E, 501, 52E,
247: 2, 1E, 3E, 94, 18X, 574, X4X,
24E: 1, 2, 9, 29, 62, 22X, 652, 719,
251: 5, E, 45, 505, 583, 879,
255: 3, 4, X, 17, 23, 56, 67, 70, 80, 93,
257: 1, 2, 3, 5, 7, 19, 30, 77, EE, 1X1, 409, 576,
25E: 2, 3, 69, 283,
261: 1, 3, 10, 87, X9, 101, 2X9,
265: 2, 4, 6, 28, 70, 244, XX8,
267: 1, 5, 6, 10, 15, 26, 41, XX, 116, 134, 136, 201, 250, 4E5, 519,
26E: 1, 3, 4, 8, 9, 10, 18, 51, 79, 113, 133, 189, 3E8, EX7,
275: 1, 2, 18, 21, 22, 54, 60X,
277: 2, 5, 11, 17, 1X, 25, 2E, 37, 4X, 52, 132, 271, 43E, 92E,
27E: 3, 6, 7, E, 18, 1E, 27, 123, 592,
281: 1, 3, 4, 5, 9, X, 26, 28, 59, 95, 103, 205, 336, 351, E34,
285: 1, 101, 141, 1X1,
287: 8, 14, 18, 24, 98, 118,
291: 1, 2, 5, 8, 22, 42, 46, X8, 188,
295: 3, 5, 18, 19, 49, 54, 59, 64, 83, 119, 330, 349, 390, 3X5, X49,
297: 2, 3, 4, 6, 8, X, 23, 30, 46, 66, 67, 252, 344, 366,
29E: 1, 4, 10, 45,
2X1: 1, 3, 7, 9, E, 11, 53, 67, X7, 106, 19E, 25X, 8X7,
2X5: 2, 3, 4, 6, X, 10, 13, 14, 30, 78, 103, 140, 1X2, 1X3, 2X4, 340, 46X, 633, 686, X17,
2X7: 3, 23, 83,
2XE: 1, 2, 7, X, 11, 3X, 6E, 72, 91, 9E, XE, 1XX, 362, 391, 735,
2E1: 1, 4, 5, 11, 14, 21, 55, 95, 101, 170, 201, 680,
2E5: 2, 3, 5, 6, 15, 25, 33, 40, 55, 62, 65, 7E, 233, 262, 58E, 756, 855, X19, X80,
2E7: 1, 2, 4, 6, 8, 9, 10, 30, X9, 119, 500, 784, 791,
2EE: 1, 9, 13, 30, 38, 44, 78, 81, 919,
301: 2, 3, 4, 53, 112, 12X, 172, 178,
305: 1, 6, X, 15, 19, 36, 51, E0, 12X, 411, 556,
30E: 2, 4, 14, 80, 40X, 728,
311: 1, 6, 7, X, 24, 36, 46, 69, 84, X1, X7, 32X, 390,
315: 1, 2, 6, 7, 12, 15, 1E, 21, 37, 51, 62, 8E, X2, 115, 666, 6X6, 712,
317: 1, 3, 4, 7, 20, 99, E5, 110, 151, 221, 2X0, 324, 403, 687, 897, X9E,
31E: 1, 2, 4, 5, 7, 8, 9, E, 25, 31, 68, 88, 89, E1, 214, 327, 4X7, 532, 648, 6X7, 885,
321: 2, 4, 8, 2E6,
327: 2, 2E, 46, E2E,
32E: 1, 11, 101, 419,
331: 2, 6, 1X, 62,
335: 2, 7, 8, 14, 46, 96, 117, 126, 14X, 16X, 430, 5XX, X43, X47,
337: 1, 2, 3, 4, 9, X, 34, 38, 3X, 41, 51, 10X, 11X, 201, 773, X87,
33E: 1, 3, 5, 21, 26, 3X, 7E, 131, 65X, E43,
341: E, 10, 27, 13E, 59E, 603, 788, 808,
345: 3, 4, 5, 23, 4X, 52, 138, 165, 715,
347: 1, 2, 10, 28, 62, 66, 178, 220,
34E: 1, 4, E, 1E, 24, 44, 55, 287,
351: 3, 7, 1E, 5X3, 607,
355: 1, 2, 5, 25, 14X, 228, 2X0, 850,
357: 2, 6, 19, 25, 26, 33, 35, 3E, 73, 256, 293,
35E: 2, X, E, 28, 53, 212, 234, 388, 54X, 623,
365: 1, 2, 3, 5, 6, 9, 22, 59, 99, 146, 2E7,
367: 1, 3, 4, 15, 19, X1, 101, 114, 191, 198, 2X5, 814,
36E: 2, 3, 53, 89,
371: 2, 12, 58, 74, X4, 159, 5X5, X55,
375:
377: 3, 33, 40, 87, 243, 460, 7X0, E18,
381: 1, 2, 6, 62, 161, 217, 9X2,
385: 2, 4, 7, 12, 18, 22, 37, 38, 3E6, 627,
387: 1, 5, 6, 7, 13, 2E, 3X, 65, 99, 131, 157, 287, 787, 927,
38E: 2, 3, 16, 42, 11E, 292, 782, 952, X63,
391: 3, 4, 8, 15, 4E, 88, X8, 140, 34E, 5E4, E70,
395: 1, 3, 5, 7, 9, 15, 1E, 65, 77, X1,
397: 2, 4, 6, 32, E8, 210, 400, 506,
39E: 1, 5, 7, 9, 15E, 16E, 175, 1X9, 423, 8X1, X33, X6E,
3X1: 3, X, E, 50, 274, 383, 432,
3X5: 1, 2, 6, 12, 16, 19, 1X, 29, 30, 46, 58, 86, 189, 284, 874,
3X7: 1, 3, X, 15, 17, 231, 295, 565,
3XE: 6,
3E1: 1, 2, 3, 5, 8, E, 10, 17, 20, 46, X8, 208, 272, 3X3, 613, 776, 843,
3E5: 3, 15, 19, 29, 43, 4E, 79, 253, 43E,
3EE: 1, 2, 6, 7, E, 15, 17, 20, 25, 34, 90, 111, 1E0, 1EE, 50X, 578, 647,
401: 4, 6, 9, 1X, 25, 2X, 3X, 50, 4X6,
405: 1, 3, 4, 10, 19, 24, 69, 130, 131, 149, 173, 244, 260, 431, 733,
407: 2, 3, 4, 6, 1X, 28, 43, 66, 6E, 103, 25E, 466,
40E: 1, 4, 5, 8, 9, X, 22, 24, 32, 41, 252, 314, X89,
411: 1, 2, 5, 7, X, 27, 57, 85, X5, 111, 367, 9E1,
417: 1, 2, 5, 6, 11, 13, 28, 3X, 129, 141, 64E,
41E: 2, 6, X, 72, 20X, E0X,
421: 1, 5, 7, 19, 1E, 29, 58, 5E, E9, 133, 17E, 791, E61, E69,
425: 1, 3, 4, 5, E, 29, 49, 67, 123, 18E, 299, E6X,
427: 1, 2, 5, 11, 15, 22, 51, 618,
42E: 3, 4, 20, 79, X5, 173, 2X5, 645, 750, 858,
431: 2, 3, 7, X, 14, 90, 556,
435: 2, 5, 6, 8, 12, 20, 25, 26, 30, 50, 64, 145, 148, 250, 2E1, 362, 370, 566,
437: 1, 3, 51,
43E: 3, 7, 357,
441: 2, 6, 16, 1X, 4X, 62, 98, 194, 1X2, 1EX, 4EX, 852,
445: 1, 2, 3, 2X, 39, 75, 177, 21E, 263, 855,
447: 1, 5, E, 11, 14, 18, 21, 55, 70, 91, 95, 37E, 677, 6EE, 721,
44E: 1, 9, 13, 27, 29, 63, 167, 17E,
455: 1, 4, 7, 20, 114, 234, 820,
457: 2, 3, 4, X, 53, 87, XX, 672,
45E: 1, 4, 14, 125, 204, 24X, 306, 506, 5X4, 636,
461: 1, 3, 7, 2E, 115,
465: 2, 3, 6, X, 10, 22, 23, 24, 38, XX, 1E6, 34X, 528, 69E, 722,
467: 3, 4, X, 12, 14, 17, 46, 63, 104, 312, 55X,
471: 1, 3, 4, 7, 9, 3E, 40, 43, 44, 75, 89, X33,
475: 1, 2, 3, 4, 5, 14, 17, 25, 40, 148, 173, 1X7, 342, 3X5, 785,
477: 2, 5, X, 28, 38, 49, 60, 66, 74, 108, 10X, 302, 338, 352, 3E5, 3E8, 8X5,
47E: 1, 3, 4, 5, 9, 13, 38, 89, 385, 395, 491,
481: 6, 10, 14, 17, 24, 30, 74, 167, 18X, 50E, 7E7,
485: 2, 6, 28, 128, 180, 3E8, 862,
487: 1, 2, 6, X, 12, 16, 6X, 109, 496,
48E: 2, 3, 4, 7, 8, 62, 224, 333, 383, 583,
491: 2, 5,
495: 1, 3, 5, 6, 15, 33, 69, 7E, 189, 805, 875,
497: 13, 19, 29, 88, X5, 169, 243, 283, 488,
49E: 2, 3, X, 83, 109, EE9,
4X1: 1, 4, 8, 9, X9, 434, 691,
4X5: 5, 11, 37, 55,
4XE: 1, 5, 8, 9, 12, 15, 72, 80, 18X, 295, 6X5, 711, 979,
4E1: 2, 3, 5, X, 13, 25, 6X, X9, 212, 663, 733, 80X,
4E5: 2, 3, 7, 2E, 53, 57, 123, 213, 39E, 4E3, X67,
4E7: 1, 2, 6, 7, 12, 2E, 111, 171, 292, 70E,
4EE: 2, 3, 65, 117, 182, 223, 322, 631, 875, X6E,
501: 1, 11, 14, 33, 68, X1, 237, X95,
507: 1,
50E: 1, 3, 4, 5, 1E, 23, 113, 157, 279, 3E9, 403, 761,
511: 2, 8, 10, 37, 157, 332, 798,
515: 2, 6, 8, 9, 14, 18, 28, 29, 49, 72, 82, 509, 579, 930,
517: 1, 2, 3, 6, 12, 13, 19, 32, 57, X3, 147, 177, 301, 5E9, 852, 902, X17,
51E: 2, E, 18, 20, 24, X7, 574,
521: 1, 3, 4, 6, 9, X, 16, 3X, 160, 3E6, X93,
525: 1, 3, 17, 1X, 79, 13X, 176, 261, 366, 556, 597,
527: 4, 5, 28, 290,
52E: 4, 9E4,
531: 1, 4, 5, 6, 8, 1X, 4X, 51, E4, 164, 348, 950, 952,
535: 1, 5, 7, 88, E5, 131, 3E1, 4X0, 515,
537: 2, 4, 7, X, E, 14, 6E, 1XX, 238, 302, 318, 34X, 5EX, 76E, 836,
53E: 2, 4, 22, 42, 6X, 110, 230,
545: 20, 7E, 106,
547: 1, 2, 3, 5, 8, 9, 11, 39, 3E, 48, 56, 76, 96, 260,
54E: 15, 35, 39, 24E, 2E5, 323,
551: 4, 10, 20,
555: 1, 2, 4, 6, 7, X, 48, 5X, 9E, 138, 296,
557: 4, X, 10, 19, 94, EX, 105, 216,
561: 2, 3, 4, 6, 12, 68, 212, 38X, 47X, 483, 843,
565: 1, 2, 11, 12, 18, 21, 22, 131, 285, 294, 401, 8X8,
567: 1, 7, X, 15, 17, 21, 45, 55, 62, 95, XX,
56E: 2, 3, 6, 22, 2E, 183, 1E6, 213, 76E,
571: 9, E, 13, 39, 395, 853,
575: 1, 2, 11, 17, 19, 23, 36, 96, 2X9,
577: 1, 3, 13, 13E, 19E, 957, X17,
57E: 1, 3, 5, 6, 23, 29, 51, 5E, 8E, 10X, 11E, 123, 1EX, 30X, 349, 3E0, 3E3, 7EE, 920, X1X, X55,
581: 1, 6, 10, 12, 41, 65, 142, 209, 500,
585: 3, 4, 8, 19, 38, XE, 105, 120, 339, 3E4, 593,
587: 2, 3, 4, 8, 52, 94, 254, 2E2, 368, 928,
58E: 1, 2, 4, 5, 6, 2X, 40, 50, 5X, 71, 104, 112, 242, 781,
591: 3, 7, 17, 33, 2X7, 2XE, 96E, E77,
595: 2, 4, 6, 8, X, 12, 22, 48, E8, 118, 204, 258,
59E: 2, 5, 13, 62, 121, 632, XX2,
5X1: 1, 4, 10, 14, 95, 137, 607, 84E,
5X5: 1, 5, 6, 15, 16, 17, 3E, 69, 227, 6XE,
5X7: 1, 2, 12, 34, X9, 100, 109,
5XE: 1, 3, 4, 111, 299, 997,
5E1: 2, 4, 8, X, 18X,
5E7: 992,
5EE: 3, 4, X, E, 14, 1E, 3X, 54, 80, E0, 154, 17E, 32X, 39E, 7X0,
601: 1, 2, 3, 4, 10, 76, X0, 14X, 2E0, 576, 7E7,
605: 1, 2, X, 17, 22, 85, 4X1, 71E,
607: 1, 5, 9, 14, 1E, 49, E5, E7, 335, 621, 667,
60E: 1, 2, 4, 6, 10, 41, 54, 71, EE, 612, 888, 9XE,
611: 2, 4, 8, 9, 12, 14, 15, 1X, 22, 28, 58, 130, 166, 289, 345,
615: 3, 4, E, 18, 54, 55, 164, 4E9, 614,
617: E,
61E: 2, 6, 10, 38, 70, 278, 470,
621: 2, 3, 5, E, X6, 126, 277, 322, 4E5, 71X,
625: 3, 7, 13, 34, 53, X6, 148, 23X, 320, 406, 507, 51X,
627: 1, 2, 5, 7, 8, 15, 2E, 32, 43, 107, 13X, 185, 1X8, 295, 711,
62E: 1, 11, 13, 31, X6, 92X,
635: 2, 3, 5, 6, 8, 6E, 75, 122, 136, 342, 545, 5X5,
637: 1, 2, X, 16, 18, 19, 89, 139, 161, 179, 180, 222, 354, 480, 90X, 9E2, X46,
63E: 4, 8, 28, 78, 268,
641: 4, E, 20, 26, 15E, 306, 39E, 790, E34,
645: 1, 2, 5, 15, 19, 141, 359, 5X0,
647: 2, 3, 9, X, 12, 35, 139, 13X, 166, 233, 43E, 516, 535, 549, 55E, 962,
651: 1, 2, 4, 28, 2X, 61, 65, 85, E2, 115, 132, 1X0, 1E2, 36X, 78X, X54,
655: 1, 3, 7, 9, 11, 157, 189,
657: 3, 5, 18, 21, 529, 59E,
65E: 1, 3, 7, 81, 109, 137,
661: 4, 8, X, 2X, 98,
665: 1, 7, 15, 1E, 45, 75, X5, 107, 634,
667: 2, 3, 37, 40, 52, 70, 1E2, 1E3, 418, 956,
66E: 2, 4, 5, 8, 1X, 29, 30, 50, 256, 292, 408, 78X, 869,
671: 2, 3, 2E7, 472, 5E9, X9X,
675: 2, 6, 26, 2E, 6E, 98, 270, 604,
677: 1, 3, 6, 7, X, 14, 49, 61, 349,
67E: 1, 2, 3, 7, 9, X, 1X, 25, 29, EX, 155, 273,
681: 3, 203, 4X9,
685: 1, 2, 3, 4, 5, 9, 13, 18, 1E, 21, 27, 28, 2X, 33, 55, 6E, 81, 1X7, 223, 379, 804, X83,
68E: 1, 3, 9, 17, 18, 75, 80, 91, E7, 137, 243, 549,
691: 2, 6, 8, 2E, 57, 134, 278, 467, X5X,
695: 4, 316, 5EX,
697: 1, 2, 3, 5, 13, 43, 59, 81, 162, 327, 41X, 565,
69E: 3, 6, 60, 38E, 4X0,
6X1: 1, 2, 3, 6, 7, 12, 1E, 61, 82, 136, 203, 32E, 853,
6X7: 3, 4, 7, 8, 10, 90, 1X7, 2X8, 307,
6XE: 5, 6, X, 20, 2E, 72, 84, 100, 564, 625, 675,
6E1: 1, 10, 14, 15, 21, 2X, 31, 41, 64, 89, 129, 766,
6E5: 1, 3, 4, 5, 7, 8, E, 14, 18, 19, 20, 68, 124, 127, 1E4, 311, 393, 399, 408, 4E3,
6E7: 3, 4, 8, 10, 13, 14, 20, 36, 38, 104, 214, 254,
6EE: 1, 2, X, 4X, 61, 78, 16X, 328, 72X, 772,
701: 1, 2, E, 22, 37, 30X, 442,
705: 3, E, EE, 3X7,
707: 4, 6, 24, 30, 17X, 264, 33X,
70E: 1, 2, 9, 62, 507,
711: 1, 3, 4, 5, 7, 9, 18, 21, 27, 54, 79, 103, 167, 685, X37,
715: 3, 5, 7, X, 1X, 1E, 53, 57, 104, 145, 163, 485,
717: 1, 2, 5, 10, 31, 88, X1, E5,
71E: 4, 5, 8, 15, 19, 24, 50, 55, 168,
725: 1, 2, 4, 6, 16, 1X, 20, 268, 278, 438,
727: 1, 3, 5, 3E, 41, 49, 117, 761,
72E: 2, 33, 3X, 4E, 316, 396, 4E3, 5E7, EE3,
731: 9, E, 84, 89, 7X3, 839, 929,
735: 1, 2, 3, 5, 7, X, 1E, 25, 55, 67, EX, 101, X3X,
737: 1, 4, 7, 8, 3E, 51, 168, 220, 261, 624,
741: 1, 2, 430, EX2,
745: 3, 10, 37, 104, 118, 298, 674,
747: 3, 4, 7, 34, 67, 68, 72, 11E, 597, 953, EX7,
74E: 4, X, 26, 2X, 7X, 9X,
751: 2, 3, 12, 13, 17, 19, 25, 26, 65, 71, 247, 493,
755: 2, 3, 6, E, 16, 36, 3E, 14E, 463, 674,
757: 1, 3, 8, 40, 146, 269, 276, 36X, 473, 48X, 721, 9EX,
75E: 1, 2, 5, 7, 1E, 27, 57, 445,
761: 1, 4, 9, 17, 29, 2E, 31, 54, 55, 61, 75, 84, 1XE, 201, 680, 825,
765: 1, 2, 4, 9, X, 11, 15, 20, 30, 38, 74, 118, 21X, 484,
767: 2, 6, 9, 12, 18, 75, 78, 215, 235, 265, 342,
76E: 1, 3, 5, 9, E, 59, 8E, 16E, 673, X69,
771: 2, 8, 10, 20, 28, 40, 42, 8X, XX, E4, 122, 236, 312, 352, 364, 87X,
775: 1, 8, 15, 3X8, 448,
77E: 4, 14, 104,
781: 1, 2, 3, 4, X, 17, 21, 23, 157, 162, 829, E2E,
785: 3, X, 56, 103, 156, 265, 2X5, 693, 896, X56,
787: 1, 5, 8, 23, 31, 33, 40, 158, 668,
78E: 2, 3, 4, 5, 6, 13, 15, 20, 152,
791: 1, 11, 29,
797: 3, 4, E, 14, 40, 70, 307, E8E,
79E: 4, 8, 10, 19, 1X, 30, 86, 3E0,
7X1: 3, 6, 9, 35, 66, 76, X6, 109, 12X, 20X, 263, 279, 53X,
7X5: 2, 3, 22, 43, 118, 422,
7X7: 2, 4, 5, 7, 1X, 34, 52, 65, 71, 8E, 214, 221, 5X2, 945, E02, E52,
7XE: 1, 2, 5, 7, 9, 17, 43, 83, 95, 16E, 1X7, 1E9, 463,
7E1: 1, 5, 11, 74, E7, 181, 390,
7E5: 2, 4, X, 12, 1X, 22, 96, X8, 15X, 164, 22X, 246, 388,
7E7: 2, 15, 35, 54, 5X, 208, 23X, 57X, 7XX,
7EE: 1, 3, 11, 19, 33, 40, 133, 823, X54,
801: 2, E, 10, 16, 213, 317, 33E, 397,
805: 2, 4, 5, 6, 10, 18, 19, 49, 4E5, E39,
807: 1, 2, 3, 6, 7, 16, 17, 1X, 33, 77, 89, 193, 261, 277, 847,
80E: 2, 6, X, 2E, 58, 216, 2EX, 510, 584, 642, 676,
815: 1, 3, 7, 41, 43, 95, 47E, 793,
817: 30,
81E: 1, 2, 3, 4, 5, 1E, 27, 28, 48, 139, 2X8, 405, 657,
821: 2, 24,
825: 1, 3, 5, 11, 13, 1E, 21, 38, 71, 108, 237, 301,
827: 2, 8, 14, 20, 24, 52, 57, 8E, 136, 2XX, 368, 588, 8X4,
831: 1, 3, 9, X, 13, 17, 1X, 69, 10X, 20X, 369, 431, 489, X69,
835: 4, X, 1X, 23, 4E, 5E, 20E, 406,
837: 5, 7, 23, 7E, 14E, 471, 759, 887, X67,
83E: 3, 5, X, 13, 32, 39, 66, 86, 10E, 269, 626, 669, 68X, 7E9, E03,
841: 1, 4, 8, 9, 10, 20, 34, 70, 584,
845: 1, 5, 7, 15, 16, 1E, 26, E1, E4, 677, X3E, X54,
847: 4, 25, 26, 44, 50, 74, 96, 664, 929, 98X,
84E: 1, 3, 5, 7, 11, 55, 111, 1E4, 1E5, 261, 468,
851: 16, 18, 1X, 52, X2, 104, 11X, 230, 280, 386, 63X, X16, E93,
855: 1, 2, 5, 25, 2X, 62, 395,
857: 1, 5, 7, 11, 17, 2E, 6E, 9E, 181,
85E: 2, 6, 26, 58, 102, 238,
861: 1, 3, 4, 5, 6, 7, X, 10, 2E, 35, 40, 47, 77, 196, 22X,
865: 2, 3, 12, 17, 33, 53, 79, 857,
86E: 3, 7, X, 24, 2E, 33, 50, 13X, 497, X3E,
871: 1, 2, 8, 11, 12, 21, 56, 348, 455, 699, 948, X66,
875: 3, 4, 5, 9, 15, 44, E5, 4X0, E59,
877: 3, 7, 10, 16, 1X, 27, E0, 124, 2XX, 357, 736,
87E: 1, 215, 351,
881:
887: 2, 4, 8, X, E, 1X, 1E, 5E, 74, 468, 724, 9E8,
88E: 5, 9, 22, 6X, 825, 949,
891: 4, E, 35, 400,
895: 1, 2, 10, 66, X0, 282, 306, 5X1, 6E9, 8X1,
897: 1, 4, 6, 9, 12, 25, 58, 232,
89E: 1, 3, 7, 17, 19, 48, 87, 89, 104, 149, 197, 228, 277, 293, 687, 877,
8X1: 3, 7, 13, 177, 20E, 3X3, 63E,
8X5: 1, 4, 5, 10, 11, 20, 69, 150, 151,
8X7: 1, 2, 22, 66, 77, 95, 131, 181,
8XE: 2, 3, E, 88, 250, 303, 312, 50E, 7XX,
8E1: 1, 2, 9, 31, 32, 38, 70, 76, 92, 238, 893,
8E5: 1, 2, E, 61, 77, 182, 60X, 8EE, E22, E61, E8E,
8E7: 1, 3, 4, 5, 7, E, 23, 33, 77, 93, 113, 197,
8EE: 1, 2, 3, 4, 6, 8, 12, 23, 26, 60, 73, 11E, 132, 147, 1X2, 282,
905: 4, 84,
907: 2, 4, 6, 7, 10, 16, 1X, 24, 36, 68, 13X, 160, 3X0, 7X8, 976,
90E: 1, 2, 15, 20, 48, 85, 1E9, 439, 549,
911: 1, 2, 3, E, 16, 5E, X1, 131, 1X3,
915: 3, 6, 7, 8, X, 27, 43, 6X, 166, 1EX, 513, 588, 666, 703, X08,
917: 1, 2, 4, 5, X, 11, 33, 45, 92, 179, 398, 6E5, X71, E05,
921: 3, 5, 3E, 58, 59, 81, 113, 229,
925: 9, 59, 95E,
927: 2, 4, 32, E6, 150, 226, 2EX,
92E: 4, 11, 34, 44, 5E, 104, 10E, 118, 27E,
931: 3, X, 77,
935: 2, 4, 5, 14, 26, 34, 38, 48, 80, 152, 180, 190, 466,
937: 2, 3, 12, 15, 16, 26, 33, 53, 59, 18E, 325, 373, 486, 689,
93E: 2, 4, 7, 8, X, 22, 58, 153,
941: 2, 8, 37, X5, 197, 341, 598, 5XX,
945: 1, 2, 7, 1E, 25, 31, 55, 109, 123, 135, 23E, 306, 51E, 912, X06, EX7,
947: 3, 483, 657, 66E,
94E: 1, 2, 3, 4, 1X, 2X, 42, 8X, 134, 173, 258, X34, E3X,
951: 4, 64, X4, 211, 275, 615,
955: 1, 3, 13, 51, 69, 77, EE, 629, 62E,
95E: 2, 5, 8, 18, 1X, 25, 164, 172, 3E5, 498, 4E2, 522, 778,
961: 1, 11, 37, 111, 206, 352, 431,
965: 4, 7, 8, X, 2X, 37, E0, 108, 12X, 204, 558, 6XX, 71E,
967: 4, 10, 20, 34, 4X, 55, 59, X5,
96E: 2, 16, 72, 76X,
971: 3, E, 23, 29, 38, 39, 53, 168, 1E9, 313, 5X8, EE8,
977: 1, 2, 4, 6, 10, 1X, 96, EXX,
97E: 3, 29, 37, 3E, X3, 161, 169, 21E, 3EE, 847,
981: 3, 4, 8, 197, 987,
985: 1, 4, 9, 10, 22, 171, 182, 230, 324,
987: 2, 11, 13, 5E, 662, 99E,
98E: 13, 1E, 87E,
991: 2, 12, 972,
995: 2, 3, 23, 143, 163, 1EX, 30E, 4E6, 61E,
997: 1, 4, 7, 8, 10, 19, 60, 1X1, 273, 3X9, 410, 5X8, X53, E04,
99E: 1, 2, 8, X, 16, 67, 8X, X4, 156, 194, 220, 224, 271, 5X2, 982,
9X1: 1, 4, 16, 41, 99,
9X5: 1, 4, 5, 10, 49, 65, 103, 155, 249, 2X1, 585,
9X7: 2, 4, 6, X, 10, 16, 18, 22, 2E, 156, 212, 424,
9XE: 1, 2, 5, 8, 9, 101, 102, 158, 18X, 361, 3X5, X61,
9E5:
9E7: 1, 2, 3, 4, 5, 7, 17, 22, 2E, 70, 71, 86, 104, 10E, 134, 149, 168, 691, X0X,
9EE: 1, 2, 3, X, 22, 29, 15X, 4X6, 729,
X01: 1, 3, 7, 11, 29, 4E, 6E, 108, 153, 154, 2X8,
X05: 6, X, 10, 11, 15, 55, 59E,
X07: 1, 5, 8, 15, 21, 1X9, 319,
X11: 2, 3, 4, 6, 5X, 106, 29X, 473, X26, E73,
X15: 2, 4, 6, X, 12, 32, 98, 150, 312, 3E2,
X17: 1, 3, 6, 7, 25, 27, 9X, XE, 1XX, 353, 925,
X1E: 2, 3, 7, E, 10, 18, 1E, 28, 2E, 64, 70, X2, 118, 142, 396, 81E,
X21: 2, 6, 8, E, 10, 19, 23, 30, 42, 146, 1XE, 27X, 344, 8X9,
X25: 1, 2, 5, 7, 9, X, E, 11, 1X, 2E, 42, 47, 61, 6X, X1, 119, 1XX, 26X, 415, 519,
X27: 1, 25, 27, 70, 105, 10E, 184, 194, 25E, 2X1, 387, X4E,
X2E: 1, 2, 3, 5, 6, 7, 9, E, 11, 17, 21, 23, 30, 80, 86, 1X2, 231, 2X0, 318, 330, 346, EE3,
X31: 1, 2, X, 10, 12, 21, 54, 7X, 102, 382, 571, 5E1, 891,
X35: 1, 3, 7, 9, 13, 19, 21, 43, 81, 141, 7X3,
X37: 2, X,
X3E: 1, 19, 21, 70, 74, 129, 165, 451, 650,
X41: 3, 6, 9, 52, 96, 252, 5X6,
X45: 2, 3, 4, 6, 10, 20, 93, 9X, 126, 174, 192,
X4E: 1, 6, 7, 4X, 11X, 241, 242, 247, 292, 30E,
X51: 3, 1E, 2E, 167, 30E, 630, XX5, E53,
X55: 6, 8, 32, 95, 97, XE, 279, 332, 352, 48E, 797, XEX,
X57: 9, 25, 375,
X5E: 1, 4, 5, 8, 3E, 51, 55, XE, 164, 198, 241, 511,
X61: 2, 6, 7, 17, 1E, 72, 286, 412, 440, 57E,
X67: 1, 2, 35, 34X, 78X, XX1,
X6E: 2, 3, 4, 17, 2X, 36, 100, 120, 152, 254, 522,
X71: 2, 3, 17, 1E, 22, 212, 488, 97E,
X75: 3, 5, 9, 1X, 25, 36, 37, 53, 55, 101, 17X, 3E3, 559, 72X, 886,
X77: 1, 3, 7, 10, 27, 37, 41, 83, 97, 281, 287, 403, 499, 550, E10,
X7E: 4, 6, 18, 46, 86, 210, 282, 588, 618,
X81: 1, 4, 6, 14, 34, 38, 40, 69, 159, 688, EE0,
X85: 1, 4, 7, 21, 74, 2X8, 45E, 648,
X87: 3, 4, 7, 13, 37, 3E, 43, 4X, 52E,
X8E: 1, 4, 10, 15, 54, 69, 84, 111, 174, 224, 346, 366, 984, X70,
X91: 2, 6, 16, 6X, 595, 605,
X95: 2, 94, 7X8,
X97: 1, 2, 4, 8, 11, 14, 27, 66, 88, 100, 118, 144, 232, 2EX, 704, 812, EEE,
X9E: 1, 7, 11, 2E, 3E, 41, 65, 11E, 647,
XX5: 2, 12, 1X, 8X, 113,
XX7: 1, 4, 8, 21, 5X9, 831, 961,
XXE: 1, 3, 4, 5, 9, 20, 33, 8E, 4X9, 611, 821,
XE1: 3, 7, 8, 1E, 20, 33, 36, 70, 136, 9E8, X8E,
XE5: 2, 5, 6, X, 148, 1E0, 29X, 30X,
XE7: 2, 3, 7, 13, X2, 192, 459, 4EX, 7X6, 913,
E01: 1, 3, 7, 15, 17, 27, 3E, 83, 121, 6X7,
E05: 1, 2, 6, 12, 39, 66, 6E, 101, 247, 682, 842,
E07: 3, 5, 9, 14, 24, 45, E5, 123, 819, 890,
E0E: 1, 3, 7, 22, 88, X2, 112, 261, 308, 388, 469, 4E9, 55X, 869,
E11: 1, 2, 8, X, 38, 65, 74, 90, 170, 225, 421,
E15: 1, 3, 5, E, 10, 13, 1E, 29, 45, 103, 130, 185, 20E, 563, 735,
E17: 2, 3, 40, 4E, 68, 72, 460, 7XX, X96,
E1E: 1, 4, 6, 8, 10, 5X, 132, 200,
E21: 1, 2, 5, 7, 9, 11, 19, 3E, 57, 305,
E25: 4, E4,
E27: 1, 2, 3, 8, 9, E, 15, 17, 1E, 29, 47, 53, 338, 5X7, 5E7, 875,
E2E: 3, 5, 16, 19, 53E, 63E, 736,
E31: 27, X4, 171, 173, 267, 924,
E35: 1, 11, 40, 84, 151, 418, 471,
E3E: 3, 4, 7, 10, 18, 34, 53, 103, 134, 174, 67E, 857, 944,
E41: 2, 3, 4, X, 24, 38, 62, X3, 114, 25E, 7EX, 963,
E45: 45, 1E1,
E47: 2, 6, 12, 72, 26X, 592,
E4E: 2, 3, 8, 10, 46, 106, 122, 140, 152, 1X7, 532,
E51: 1, 2, 3, 4, 7, 8, 12, 14, 18, 46, 51, 56, X2, E3, 134, 170, 193, 25X, 436, 934,
E57: 1, 3E, 47, 51, 99, 324, 8E7,
E5E: 1, 4, 7, X, 1E, 40, 55, 75, X0, 4X1, 55E, E16,
E61: 1, 2, 5, 8, 10, 21, 58, 85, 91, 135, 269, 6X5, E25, E59,
E65: 3, 4, 10, 504, 514, 6X3,
E67: 3, 83, 93, 173, 373, X43,
E6E: 2, 5, 6, 14, 22, 72, X5, 630,
E71: 5, 7, 21, 4E, 87X,
E75: 4, 10, 16, 1X, 1E, 30, 32, 4E, X57,
E77: 6, 8, X, 19, 1E, EX, 2E5, 492, 915,
E7E: 2, 3, X, E, 2X3, 7XE,
E81: 1, 11, 35, 37, 45, 155, 667,
E85: 1, 3, 10, 17, 18, 45, 65, 67, 77, X9, 246, 286, 289, 2X3, 4E0,
E87: 1, 2, 11, 3X, 155, 182, 191, 9E8,
E8E: 30, 34, 664, 674,
E95: 1, 4, X, 11, 1X, 25, 50, 75, 601,
E97: 136, 18E, 636,
E9E: 2, E, 42, 4E, 206, 33E, 41E, 5X3, 838,
EX1: 3, 4, 10, 14, 19, 34, 50, 57, 71, 111, 144, 234, 353, 612, 767,
EX5: 1, 17, 21, 381, 471,
EX7: 1, 4, 5, 7, 7E, 165, 227,
EE1: 2, 4, X, 12, 18, 46, 50, 86, E0, 438, 460,
EE5: 1, 3, 7, 37, 354, 378, 443, 5X7, 991,
EE7: 2, 6, 10, 56, 15X, 162, 180, 18X, 568, 690, 716, XX0,
EEE: 2, 9, 16, 19, 25, 115, 160,
