1,1
2,1
3,1
4,1
5,1
6,1
7,1
8,1
9,1
X,1
E,1
10,1
11,1
12,2
13,2
14,1
15,1
16,1
17,1
18,1
19,1
1X,4
1E,1
20,1
21,1
22,2
23,1
24,1
25,1
26,1
27,1
28,1
29,4
2X,1
2E,2
30,1
31,1
32,6
33,2
34,1
35,1
36,1
37,1
38,2
39,2
3X,X
3E,1
40,1
41,1
42,1
43,8
44,1
45,1
46,1
47,2
48,2
49,1
4X,3
4E,1
50,1
51,1
52,4
53,2
54,1
55,2
56,1
57,1
58,1
59,5
5X,1
5E,1
60,1
61,1
62,6
63,2
64,3
65,4
66,1
67,1
68,1
69,1
6X,4
6E,1
70,1
71,14
72,6
73,6
74,4
75,1
76,1
77,2
78,5
79,4
7X,E
7E,6
80,1
81,1
82,2
83,2
84,1
85,1
86,1
87,1
88,2
89,2
8X,10
8E,1
90,1
91,1
92,1
93,2
94,1
95,1
96,1
97,X
98,3
99,2
9X,24
9E,4
X0,1
X1,1
X2,4
X3,4
X4,2
X5,1
X6,1
X7,1
X8,1
X9,6
XX,1
XE,1
E0,4
E1,9
E2,X
E3,2
E4,1
E5,1
E6,X
E7,1
E8,2
E9,E
EX,10
EE,4
100,1
101,6
102,6
103,2
104,3
105,1
106,1
107,1
108,2
109,4
10X,2
10E,2
110,1
111,1
112,10
113,6
114,1
115,X
116,1
117,1
118,2
119,4
11X,18
11E,1
120,1
121,1
122,1
123,2
124,3
125,1
126,2
127,2
128,1
129,24
12X,X
12E,1
130,1
131,1
132,6
133,4
134,X
135,6
136,1
137,8
138,E
139,1
13X,1
13E,1
140,1
141,1
142,2
143,8
144,1
145,1
146,4
147,1
148,1
149,5
14X,18
14E,2
150,1
151,8
152,8
153,X
154,1
155,6
156,1
157,1
158,6
159,10
15X,44
15E,6
160,1
161,4
162,16
163,4
164,1
165,14
166,1
167,1
168,2
169,1
16X,3
16E,1
170,1
171,1
172,2
173,2
174,1
175,1
176,1
177,1X
178,12
179,3
17X,1
17E,1
180,1
181,1
182,4
183,1
184,2
185,2
186,1
187,16
188,4
189,8
18X,1
18E,1
190,1
191,4
192,6
193,2
194,1
195,1
196,2
197,16
198,2
199,6
19X,10
19E,1
1X0,2
1X1,4
1X2,16
1X3,18
1X4,5
1X5,1
1X6,1
1X7,1
1X8,1
1X9,1
1XX,8
1XE,2
1E0,1
1E1,1
1E2,1X
1E3,2
1E4,1
1E5,1
1E6,E
1E7,1
1E8,6
1E9,4
1EX,1
1EE,4
200,1
201,1
202,6
203,14
204,3
205,1
206,1
207,12
208,2
209,4
20X,30
20E,X
210,1
211,3
212,18
213,18
214,3
215,2
216,1
217,1
218,4
219,14
21X,1
21E,1
220,1
221,1
222,10
223,4
224,6
225,1
226,10
227,6
228,1
229,44
22X,5
22E,8
230,1
231,4
232,46
233,2
234,4
235,1X
236,1
237,1
238,X
239,2
23X,6X
23E,X
240,1
241,1
242,2
243,20
244,1
245,X
246,1
247,1
248,2
249,X
24X,12
24E,1
250,6
251,1
252,2
253,2
254,4
255,1
256,12
257,6
258,5
259,14
25X,E
25E,1
260,1
261,1
262,10
263,4
264,3
265,20
266,1
267,1
268,5
269,2
26X,1
26E,10
270,4
271,1
272,2
273,2
274,E
275,2
276,1
277,1
278,6
279,6
27X,30
27E,1
280,1
281,1
282,2
283,6
284,1
285,1
286,1
287,18
288,2
289,10
28X,19
28E,4
290,1
291,1
292,26
293,2
294,1
295,1
296,X
297,10
298,X
299,2
29X,1
29E,10
2X0,1
2X1,1
2X2,1
2X3,14
2X4,4
2X5,12
2X6,X
2X7,18
2X8,2
2X9,E
2XX,10
2XE,1
2E0,1
2E1,1
2E2,10
2E3,1X
2E4,4
2E5,8
2E6,2
2E7,10
2E8,22
2E9,4
2EX,6
2EE,1
300,1
301,1
302,6
303,8
304,9
305,26
306,1
307,1
308,1
309,1
30X,1
30E,1
310,1
311,34
312,30
313,16
314,1
315,1
316,1
317,4
318,3
319,18
31X,24
31E,10
320,1
321,1
322,16
323,8
324,5
325,1
326,4
327,1
328,3
329,1
32X,24
32E,1
330,1
331,X
332,1X
333,6
334,24
335,10
336,10
337,6
338,2
339,6
33X,20
33E,1
340,1
341,9
342,4
343,2
344,2
345,28
346,1
347,1
348,4
349,1
34X,1
34E,1
350,4
351,40
352,6
353,2
354,1
355,4
356,34
357,1
358,1
359,35
35X,84
35E,1
360,1
361,2
362,1
363,2
364,3
365,1
366,1
367,16
368,1
369,1
36X,1
36E,14
370,6
371,38
372,16
373,36
374,1
375,1
376,3
377,1
378,6
379,4
37X,XX
37E,4
380,4
381,1
382,6
383,12
384,3
385,8
386,X
387,44
388,X
389,74
38X,56
38E,2
390,1
391,1
392,30
393,4
394,1
395,16
396,1
397,1
398,4
399,2
39X,1
39E,6
3X0,X
3X1,10
3X2,1X
3X3,8
3X4,E
3X5,1
3X6,4
3X7,2
3X8,2
3X9,4
3XX,10
3XE,1
3E0,E
3E1,40
3E2,3X
3E3,2
3E4,4
3E5,1
3E6,1
3E7,1
3E8,4
3E9,30
3EX,2
3EE,X
400,1
401,1
402,1
403,28
404,2
405,34
406,1
407,10
408,2
409,4
40X,9
40E,1
410,1
411,16
412,24
413,36
414,3
415,1
416,2
417,28
418,16
419,5
41X,5
41E,1
420,1
421,1
422,2
423,X
424,X
425,2
426,5
427,1
428,6
429,1
42X,1
42E,1X
430,1
431,1
432,20
433,8
434,1
435,1
436,14
437,1
438,2
439,5
43X,18
43E,X
440,1
441,1
442,10
443,4
444,6
445,14
446,1
447,1
448,4
449,10
44X,33
44E,6
450,2
451,6
452,4
453,6
454,1
455,1
456,22
457,1
458,X
459,4
45X,3
45E,1
460,1
461,24
462,2
463,2
464,23
465,1
466,1
467,4
468,1
469,1
46X,1X
46E,1
470,1
471,1
472,18
473,14
474,18
475,6
476,1
477,26
478,35
479,16
47X,2
47E,X
480,1
481,1
482,6
483,2
484,1
485,1
486,2
487,20
488,1
489,94
48X,4
48E,1
490,1
491,14
492,2
493,16
494,3
495,2
496,X
497,1
498,7
499,4
49X,124
49E,1X
4X0,6
4X1,14
4X2,24
4X3,24
4X4,1
4X5,1
4X6,1
4X7,6
4X8,2
4X9,1X
4XX,X
4XE,4
4E0,4
4E1,1
4E2,6
4E3,6
4E4,X
4E5,18
4E6,1
4E7,8
4E8,E
4E9,40
4EX,12X
4EE,1
500,1
501,14
502,6
503,8
504,6
505,10
506,1
507,1
508,2
509,1
50X,1
50E,20
510,4
511,1
512,50
513,2
514,2
515,4
516,4
517,1
518,6
519,4
51X,1
51E,1
520,2
521,30
522,X
523,4
524,4
525,22
526,1
527,1
528,E
529,84
52X,6
52E,2
530,1
531,1
532,16
533,2
534,3
535,1
536,2
537,46
538,16
539,28
53X,7E
53E,12
540,1
541,1
542,2
543,X8
544,1
545,1
546,3
547,2
548,2
549,2
54X,40
54E,10
550,1
551,13
552,1
553,2
554,1
555,4
556,10
557,1
558,19
559,55
55X,6
55E,4
560,4
561,4
562,26
563,20
564,13
565,1
566,1
567,1X
568,1
569,5
56X,18
56E,10
570,1
571,18
572,6
573,1X
574,18
575,1
576,1
577,1
578,2
579,4
57X,6
57E,46
580,1
581,16
582,8
583,4
584,1
585,1
586,14
587,1
588,8
589,2
58X,24
58E,1
590,5
591,1
592,5
593,1X
594,1
595,2
596,E
597,6X
598,2
599,4
59X,76
59E,1
5X0,1
5X1,1
5X2,10
5X3,10
5X4,6
5X5,4
5X6,E
5X7,4
5X8,3
5X9,1E
5XX,1
5XE,26
5E0,10
5E1,1
5E2,2
5E3,2
5E4,44
5E5,1
5E6,4
5E7,1
5E8,2
5E9,8
5EX,24
5EE,1
600,1
601,36
602,16
603,8
604,10
605,10
606,3
607,26
608,6
609,8
60X,5
60E,2
610,1
611,1
612,16
613,10
614,1
615,1
616,1
617,1
618,2
619,24
61X,20
61E,1
620,1
621,9
622,2
623,2
624,16
625,56
626,4
627,38
628,2
629,X
62X,3
62E,6
630,1
631,40
632,18
633,2
634,1
635,6
636,5
637,1
638,12
639,X
63X,1
63E,1
640,1
641,34
642,16
643,8
644,9
645,10
646,1
647,1
648,X
649,14
64X,38
64E,4
650,2
651,10
652,26
653,8
654,3
655,1
656,1
657,16
658,12
659,50
65X,25
65E,14
660,1
661,1
662,26
663,10
664,1X
665,1
666,10
667,18
668,7
669,1
66X,1
66E,1
670,2
671,60
672,6
673,66
674,1
675,1
676,4
677,16
678,10
679,10
67X,9E
67E,14
680,1
681,1
682,6
683,22
684,2
685,54
686,5
687,1
688,4
689,8
68X,1
68E,1
690,1
691,1X
692,116
693,2
694,1
695,1
696,1
697,4
698,2
699,2
69X,70
69E,1
6X0,2
6X1,36
6X2,2
6X3,1X
6X4,9
6X5,6
6X6,1
6X7,1
6X8,4
6X9,18
6XX,2
6XE,26
6E0,34
6E1,1
6E2,6X
6E3,2
6E4,1
6E5,6
6E6,6X
6E7,8
6E8,42
6E9,18
6EX,42
6EE,10
700,1
701,1
702,1
703,20
704,4
705,1
706,1
707,4
708,2
709,10
70X,7
70E,1
710,1
711,1
712,16
713,18
714,1
715,1
716,1
717,2
718,1
719,1
71X,14
71E,1
720,6
721,1
722,2
723,4
724,3
725,14
726,3
727,1
728,2
729,124
72X,10
72E,16
730,1
731,4
732,70
733,24
734,4
735,1
736,1
737,1
738,55
739,2
73X,2
73E,6
740,1
741,10
742,X
743,68
744,10
745,1
746,24
747,1
748,16
749,2
74X,1
74E,14
750,1
751,1
752,11
753,4
754,5
755,6
756,74
757,6
758,29
759,75
75X,4
75E,34
760,1
761,5
762,30
763,2
764,16
765,10
766,1
767,1
768,1
769,2
76X,3
76E,1
770,1
771,1
772,10
773,8
774,8
775,1
776,4
777,10
778,1
779,X
77X,6
77E,1
780,5
781,14
782,2
783,4
784,E
785,1
786,1
787,42
788,1X
789,4
78X,E6
78E,30
790,1
791,1
792,6
793,26
794,1
795,70
796,4
797,1
798,6
799,2
79X,5X
79E,X
7X0,1
7X1,1
7X2,6
7X3,20
7X4,1E
7X5,14
7X6,1
7X7,94
7X8,3
7X9,6
7XX,2E
7XE,34
7E0,1
7E1,69
7E2,30
7E3,6
7E4,2
7E5,16
7E6,9
7E7,30
7E8,4
7E9,7E
7EX,X
7EE,1
800,1
801,1
802,6
803,8
804,1
805,34
806,1
807,16
808,6
809,2
80X,8
80E,1
810,1
811,48
812,3
813,40
814,3
815,6X
816,1
817,1
818,9
819,68
81X,204
81E,1X
820,1
821,44
822,10
823,6
824,7
825,1
826,12
827,6
828,6
829,10
82X,30
82E,1
830,4
831,8
832,2
833,X
834,10
835,1
836,X
837,40
838,X
839,2
83X,E0
83E,16
840,1
841,1
842,18
843,34
844,3
845,14
846,X
847,10
848,18
849,2
84X,1
84E,6
850,18
851,1
852,84
853,2
854,1
855,1
856,1
857,26
858,2
859,4
85X,E
85E,1
860,1
861,1
862,20
863,14
864,10
865,1
866,1
867,1
868,4
869,8
86X,26
86E,60
870,14
871,1
872,86
873,24
874,1
875,14
876,2
877,20
878,X
879,34
87X,5
87E,12
880,1
881,1
882,1
883,1X
884,6
885,74
886,2
887,2
888,4
889,76
88X,3
88E,1
890,1
891,28
892,10
893,10
894,3
895,1
896,2
897,30
898,33
899,E
89X,6
89E,X
8X0,10
8X1,76
8X2,6
8X3,28
8X4,3
8X5,1
8X6,10
8X7,1
8X8,1
8X9,1
8XX,4
8XE,1
8E0,44
8E1,194
8E2,8X
8E3,4
8E4,1
8E5,1
8E6,3
8E7,1
8E8,6
8E9,70
8EX,60
8EE,2
900,1
901,1
902,24
903,8
904,1
905,1
906,4
907,1
908,16
909,10
90X,116
90E,1
910,1
911,14
912,6
913,X
914,4
915,18
916,1
917,XX
918,1X
919,10
91X,59
91E,1
920,1
921,1
922,18
923,2
924,X
925,4
926,1
927,1
928,5
929,40
92X,9
92E,1
930,1
931,10
932,13
933,34
934,6X
935,10
936,4
937,10
938,X
939,16
93X,18
93E,6
940,1
941,1X
942,6
943,80
944,3
945,6
946,1
947,14
948,2
949,18
94X,110
94E,16
950,6
951,2E
952,2
953,X
954,1
955,1
956,94
957,56
958,X
959,14
95X,X
95E,1
960,1
961,1
962,14
963,30
964,1
965,1
966,9
967,2
968,6
969,1
96X,1
96E,2
970,5
971,1
972,38
973,38
974,12
975,1X
976,1
977,30
978,72
979,26
97X,1X
97E,22
980,2
981,76
982,2
983,4
984,12
985,10
986,12
987,1
988,2
989,174
98X,50
98E,18
990,1
991,20
992,46
993,2
994,4
995,1
996,1X
997,34
998,5
999,6
99X,X
99E,3X
9X0,7
9X1,46
9X2,4X
9X3,6
9X4,2
9X5,2
9X6,4
9X7,1
9X8,5
9X9,1
9XX,X
9XE,1
9E0,1
9E1,1
9E2,2
9E3,2
9E4,E
9E5,1
9E6,14
9E7,14
9E8,75
9E9,9E
9EX,12E
9EE,1
X00,1
X01,50
X02,40
X03,8
X04,3
X05,14
X06,1
X07,1
X08,4
X09,X
X0X,1
X0E,1
X10,4
X11,1
X12,92
X13,14
X14,3
X15,38
X16,1
X17,1
X18,6
X19,1
X1X,2
X1E,30
X20,2
X21,60
X22,50
X23,2
X24,26
X25,14
X26,1
X27,1
X28,5
X29,70
X2X,2
X2E,12
X30,1
X31,4
X32,50
X33,40
X34,3
X35,1
X36,1
X37,1
X38,10
X39,4
X3X,110
X3E,1
X40,4
X41,1
X42,3
X43,2
X44,5
X45,1
X46,5
X47,4
X48,1
X49,35
X4X,44
X4E,1
X50,1
X51,30
X52,84
X53,6X
X54,E
X55,6
X56,21
X57,14
X58,6
X59,X5
X5X,1
X5E,1
X60,1
X61,68
X62,16
X63,8
X64,9
X65,20
X66,4
X67,6
X68,2
X69,1
X6X,30
X6E,1
X70,6
X71,4
X72,46
X73,X6
X74,10
X75,1X
X76,1
X77,1
X78,7E
X79,8
X7X,24
X7E,40
X80,1
X81,3
X82,2
X83,2
X84,1
X85,1X
X86,1
X87,1
X88,2
X89,8
X8X,80
X8E,28
X90,1
X91,1
X92,2
X93,1X
X94,1
X95,1
X96,1
X97,6
X98,20
X99,36
X9X,4
X9E,1
XX0,1
XX1,9
XX2,18
XX3,10
XX4,X
XX5,8
XX6,6
XX7,1
XX8,2
XX9,24
XXX,6
XXE,1
XE0,4
XE1,4
XE2,XX
XE3,2
XE4,7
XE5,X0
XE6,XX
XE7,1
XE8,10
XE9,14
XEX,1
XEE,1
E00,2
E01,33
E02,6
E03,X
E04,13
E05,12
E06,6
E07,16
E08,X
E09,24
E0X,83
E0E,8
E10,1
E11,1
E12,1X
E13,2
E14,1
E15,1
E16,X
E17,6
E18,X
E19,44
E1X,3
E1E,1
E20,X
E21,1
E22,X
E23,38
E24,4
E25,1
E26,29
E27,20
E28,5
E29,4
E2X,84
E2E,1
E30,1
E31,1
E32,90
E33,4
E34,1
E35,2
E36,1
E37,1
E38,4
E39,2
E3X,9
E3E,12
E40,1
E41,50
E42,16
E43,8
E44,4
E45,1
E46,1
E47,6
E48,1
E49,6
E4X,18
E4E,4
E50,14
E51,38
E52,58
E53,4
E54,2
E55,28
E56,1
E57,16
E58,2
E59,4
E5X,126
E5E,X
E60,X
E61,1
E62,56
E63,4
E64,18
E65,42
E66,E
E67,1
E68,2
E69,1
E6X,1
E6E,1
E70,E
E71,1
E72,35
E73,E6
E74,10
E75,14
E76,2
E77,X
E78,39
E79,10
E7X,2XX
E7E,26
E80,1
E81,1
E82,3
E83,14
E84,6
E85,40
E86,2
E87,10
E88,4
E89,1E4
E8X,1
E8E,18
E90,E
E91,1
E92,2
E93,4
E94,10
E95,1
E96,1E
E97,1
E98,1
E99,1
E9X,X
E9E,4
EX0,6
EX1,2
EX2,5X
EX3,E8
EX4,10
EX5,1
EX6,1
EX7,6
EX8,11
EX9,30
EXX,8X
EXE,2
EE0,1
EE1,68
EE2,50
EE3,16
EE4,6
EE5,1
EE6,4
EE7,1
EE8,12
EE9,18
EEX,37
EEE,10
1000,1
