1,2,1
2,3,2
3,5,2
4,7,4
5,E,2
6,11,4
7,15,2
8,17,4
9,1E,6
X,25,2
E,27,6
10,31,4
11,35,2
12,37,4
13,3E,6
14,45,6
15,4E,2
16,51,6
17,57,4
18,5E,2
19,61,6
1X,67,4
1E,6E,6
20,75,8
21,81,4
22,85,2
23,87,4
24,8E,2
25,91,4
26,95,12
27,X7,4
28,XE,6
29,E5,2
2X,E7,X
2E,105,2
30,107,6
31,111,6
32,117,4
33,11E,6
34,125,6
35,12E,2
36,131,X
37,13E,2
38,141,4
39,145,2
3X,147,10
3E,157,10
40,167,4
41,16E,2
42,171,4
43,175,6
44,17E,2
45,181,X
46,18E,6
47,195,6
48,19E,6
49,1X5,2
4X,1X7,6
4E,1E1,4
50,1E5,2
51,1E7,X
52,205,12
53,217,4
54,21E,2
55,221,4
56,225,12
57,237,6
58,241,X
59,24E,2
5X,251,4
5E,255,6
60,25E,8
61,267,6
62,271,6
63,277,4
64,27E,6
65,285,8
66,291,4
67,295,8
68,2X1,X
69,2XE,2
6X,2E1,X
6E,2EE,2
70,301,6
71,307,4
72,30E,6
73,315,8
74,321,4
75,325,2
76,327,4
77,32E,10
78,33E,8
79,347,4
7X,34E,8
7E,357,4
80,35E,6
81,365,10
82,375,2
83,377,16
84,391,6
85,397,X
86,3X5,6
87,3XE,6
88,3E5,2
89,3E7,6
8X,401,X
8E,40E,6
90,415,6
91,41E,2
92,421,6
93,427,6
94,431,4
95,435,2
96,437,10
97,447,X
98,455,2
99,457,4
9X,45E,6
9E,465,6
X0,46E,2
X1,471,10
X2,481,4
X3,485,6
X4,48E,8
X5,497,X
X6,4X5,8
X7,4E1,X
X8,4EE,8
X9,507,6
XX,511,6
XE,517,4
E0,51E,8
E1,527,6
E2,531,4
E3,535,8
E4,541,4
E5,545,12
E6,557,X
E7,565,10
E8,575,2
E9,577,X
EX,585,2
EE,587,4
100,58E,2
101,591,X
102,59E,12
103,5E1,4
104,5E5,2
105,5E7,4
106,5EE,12
107,611,4
108,615,2
109,617,4
10X,61E,18
10E,637,4
110,63E,8
111,647,X
112,655,8
113,661,4
114,665,6
115,66E,6
116,675,12
117,687,4
118,68E,6
119,695,6
11X,69E,8
11E,6X7,6
120,6E1,10
121,701,4
122,705,6
123,70E,2
124,711,X
125,71E,2
126,721,6
127,727,X
128,735,2
129,737,X
12X,745,2
12E,747,6
130,751,16
131,767,4
132,76E,2
133,771,4
134,775,6
135,77E,6
136,785,8
137,791,6
138,797,6
139,7X1,1X
13X,7EE,2
13E,801,X
140,80E,8
141,817,X
142,825,6
143,82E,6
144,835,8
145,841,10
146,851,4
147,855,6
148,85E,6
149,865,2
14X,867,6
14E,871,10
150,881,X
151,88E,16
152,8X5,2
153,8X7,4
154,8XE,6
155,8E5,2
156,8E7,6
157,901,4
158,905,2
159,907,4
15X,90E,10
15E,91E,2
160,921,6
161,927,2X
162,955,6
163,95E,6
164,965,8
165,971,16
166,987,X
167,995,12
168,9X7,4
169,9XE,2
16X,9E1,4
16E,9E5,6
170,9EE,8
171,X07,4
172,X0E,2
173,X11,6
174,X17,10
175,X27,X
176,X35,2
177,X37,4
178,X3E,2
179,X41,4
17X,X45,6
17E,X4E,10
180,X5E,10
181,X6E,8
182,X77,10
183,X87,6
184,X91,4
185,X95,6
186,X9E,8
187,XX7,4
188,XXE,8
189,XE7,4
18X,XEE,12
18E,E11,4
190,E15,6
191,E1E,2
192,E21,4
193,E25,6
194,E2E,2
195,E31,6
196,E37,X
197,E45,18
198,E61,6
199,E67,4
19X,E6E,2
19E,E71,20
1X0,E91,4
1X1,E95,2
1X2,E97,X
1X3,EX5,10
1X4,EE5,2
1X5,EE7,X
1X6,1005,8
1X7,1011,6
1X8,1017,6
1X9,1021,6
1XX,1027,16
1XE,1041,6
1E0,1047,4
1E1,104E,2
1E2,1051,10
1E3,1061,X
1E4,106E,10
1E5,107E,8
1E6,1087,14
1E7,109E,12
1E8,10E1,6
1E9,10E7,4
1EX,10EE,2
1EE,1101,4
200,1105,2
201,1107,X
202,1115,10
203,1125,6
204,112E,6
205,1135,16
206,114E,2
207,1151,14
208,1165,2
209,1167,1X
20X,1185,6
20E,118E,8
210,1197,6
211,11X1,4
212,11X5,2
213,11X7,4
214,11XE,8
215,11E7,6
216,1201,X
217,120E,2
218,1211,X
219,121E,12
21X,1231,X
21E,123E,6
220,1245,10
221,1255,2
222,1257,4
223,125E,2
224,1261,X
225,126E,10
226,127E,2
227,1281,14
228,1295,2
229,1297,6
22X,12X1,4
22E,12X5,2
230,12X7,X
231,12E5,8
232,1301,16
233,1317,20
234,1337,4
235,133E,6
236,1345,8
237,1351,14
238,1365,2
239,1367,4
23X,136E,8
23E,1377,14
240,138E,2
241,1391,4
242,1395,8
243,13X1,6
244,13X7,6
245,13E1,4
246,13E5,10
247,1405,2
248,1407,1X
249,1425,6
24X,142E,2
24E,1431,6
250,1437,4
251,143E,6
252,1445,12
253,1457,6
254,1461,4
255,1465,2
256,1467,6
257,1471,4
258,1475,6
259,147E,10
25X,148E,6
25E,1495,6
260,149E,12
261,14E1,4
262,14E5,6
263,14EE,10
264,150E,8
265,1517,6
266,1521,4
267,1525,22
268,1547,16
269,1561,X
26X,156E,8
26E,1577,4
270,157E,6
271,1585,2
272,1587,6
273,1591,1X
274,15XE,10
275,15EE,2
276,1601,14
277,1615,8
278,1621,4
279,1625,10
27X,1635,12
27E,1647,X
280,1655,2
281,1657,4
282,165E,8
283,1667,6
284,1671,6
285,1677,4
286,167E,2
287,1681,4
288,1685,6
289,168E,8
28X,1697,4
28E,169E,2
290,16X1,6
291,16X7,X
292,16E5,2
293,16E7,X
294,1705,8
295,1711,4
296,1715,12
297,1727,X
298,1735,10
299,1745,2
29X,1747,6
29E,1751,4
2X0,1755,2
2X1,1757,14
2X2,176E,12
2X3,1781,4
2X4,1785,6
2X5,178E,8
2X6,1797,6
2X7,17X1,4
2X8,17X5,16
2X9,17EE,8
2XX,1807,X
2XE,1815,6
2E0,181E,6
2E1,1825,8
2E2,1831,X
2E3,183E,10
2E4,184E,12
2E5,1861,4
2E6,1865,6
2E7,186E,6
2E8,1875,2
2E9,1877,24
2EX,189E,2
2EE,18X1,X
300,18XE,8
301,18E7,4
302,18EE,12
303,1911,4
304,1915,8
305,1921,10
306,1931,6
307,1937,10
308,1947,4
309,194E,6
30X,1955,18
30E,1971,X
310,197E,2
311,1981,14
312,1995,22
313,19E7,4
314,19EE,2
315,1X01,10
316,1X11,6
317,1X17,4
318,1X1E,10
319,1X2E,6
31X,1X35,8
31E,1X41,4
320,1X45,8
321,1X51,1X
322,1X6E,2
323,1X71,4
324,1X75,2
325,1X77,10
326,1X87,24
327,1XXE,2
328,1XE1,6
329,1XE7,6
32X,1E01,6
32E,1E07,4
330,1E0E,6
331,1E15,2
332,1E17,10
333,1E27,4
334,1E2E,10
335,1E3E,2
336,1E41,X
337,1E4E,2
338,1E51,14
339,1E65,2
33X,1E67,14
33E,1E7E,6
340,1E85,18
341,1EX1,14
342,1EE5,8
343,2001,4
344,2005,2
345,2007,4
346,200E,2
347,2011,1X
348,202E,8
349,2037,10
34X,2047,6
34E,2051,X
350,205E,2
351,2061,4
352,2065,6
353,206E,2
354,2071,6
355,2077,X
356,2085,2
357,2087,10
358,2097,X
359,20X5,2
35X,20X7,X
35E,20E5,12
360,2107,6
361,2111,4
362,2115,6
363,211E,8
364,2127,6
365,2131,6
366,2137,14
367,214E,10
368,215E,2
369,2161,4
36X,2165,12
36E,2177,6
370,2181,4
371,2185,8
372,2191,X
373,219E,8
374,21X7,6
375,21E1,6
376,21E7,1X
377,2215,6
378,221E,2
379,2221,X
37X,222E,12
37E,2241,4
380,2245,6
381,224E,16
382,2265,2
383,2267,X
384,2275,12
385,2287,4
386,228E,2
387,2291,X
388,229E,12
389,22E1,4
38X,22E5,8
38E,2301,16
390,2317,4
391,231E,6
392,2325,2
393,2327,4
394,232E,6
395,2335,2
396,2337,10
397,2347,4
398,234E,18
399,2367,1X
39X,2385,10
39E,2395,2
3X0,2397,4
3X1,239E,6
3X2,23X5,6
3X3,23XE,2
3X4,23E1,6
3X5,23E7,1X
3X6,2415,2
3X7,2417,6
3X8,2421,14
3X9,2435,6
3XX,243E,10
3XE,244E,2
3E0,2451,6
3E1,2457,10
3E2,2467,14
3E3,247E,2
3E4,2481,4
3E5,2485,6
3E6,248E,12
3E7,24X1,4
3E8,24X5,2
3E9,24X7,16
3EX,2501,20
3EE,2521,X
400,252E,6
401,2535,2
402,2537,X
403,2545,2
404,2547,X
405,2555,2
406,2557,X
407,2565,6
408,256E,2
409,2571,X
40X,257E,2
40E,2581,X
410,258E,6
411,2595,8
412,25X1,26
413,2607,X
414,2615,2
415,2617,X
416,2625,8
417,2631,6
418,2637,X
419,2645,16
41X,265E,6
41E,2665,10
420,2675,10
421,2685,2
422,2687,16
423,26X1,6
424,26X7,4
425,26XE,6
426,26E5,6
427,26EE,16
428,2715,2
429,2717,X
42X,2725,12
42E,2737,6
430,2741,4
431,2745,2
432,2747,4
433,274E,20
434,276E,2
435,2771,10
436,2781,6
437,2787,14
438,279E,8
439,27X7,6
43X,27E1,6
43E,27E7,16
440,2811,14
441,2825,2
442,2827,4
443,282E,6
444,2835,2
445,2837,6
446,2841,6
447,2847,X
448,2855,6
449,285E,10
44X,286E,10
44E,287E,16
450,2895,2
451,2897,6
452,28X1,4
453,28X5,16
454,28EE,8
455,2907,20
456,2927,4
457,292E,2
458,2931,4
459,2935,6
45X,293E,2
45E,2941,10
460,2951,4
461,2955,12
462,2967,26
463,2991,X
464,299E,6
465,29X5,10
466,29E5,12
467,2X07,6
468,2X11,X
469,2X1E,10
46X,2X2E,2
46E,2X31,4
470,2X35,6
471,2X3E,8
472,2X47,6
473,2X51,X
474,2X5E,2
475,2X61,4
476,2X65,12
477,2X77,6
478,2X81,6
479,2X87,4
47X,2X8E,6
47E,2X95,2
480,2X97,X
481,2XX5,2
482,2XX7,14
483,2XEE,10
484,2E0E,8
485,2E17,16
486,2E31,4
487,2E35,6
488,2E3E,10
489,2E4E,2
48X,2E51,6
48E,2E57,6
490,2E61,6
491,2E67,24
492,2E8E,6
493,2E95,12
494,2EX7,4
495,2EXE,8
496,2EE7,X
497,3005,8
498,3011,10
499,3021,16
49X,3037,4
49E,303E,2
4X0,3041,4
4X1,3045,20
4X2,3065,10
4X3,3075,6
4X4,307E,2
4X5,3081,14
4X6,3095,6
4X7,309E,6
4X8,30X5,12
4X9,30E7,X
4XX,3105,12
4XE,3117,4
4E0,311E,26
4E1,3145,6
4E2,314E,6
4E3,3155,6
4E4,315E,8
4E5,3167,6
4E6,3171,4
4E7,3175,2
4E8,3177,10
4E9,3187,6
4EX,3191,4
4EE,3195,2
500,3197,6
501,31X1,1X
502,31EE,6
503,3205,2
504,3207,4
505,320E,16
506,3225,2
507,3227,4
508,322E,10
509,323E,2
50X,3241,6
50E,3247,4
510,324E,22
511,3271,6
512,3277,6
513,3281,4
514,3285,8
515,3291,X
516,329E,28
517,3307,14
518,331E,2
519,3321,6
51X,3327,4
51E,332E,2
520,3331,4
521,3335,2
522,3337,X
523,3345,12
524,3357,6
525,3361,4
526,3365,8
527,3371,X
528,337E,6
529,3385,18
52X,33X1,4
52E,33X5,2
530,33X7,6
531,33E1,26
532,3417,4
533,341E,8
534,3427,X
535,3435,6
536,343E,6
537,3445,8
538,3451,6
539,3457,10
53X,3467,4
53E,346E,6
540,3475,2
541,3477,6
542,3481,4
543,3485,6
544,348E,2
545,3491,X
546,349E,2
547,34X1,14
548,34E5,6
549,34EE,18
54X,3517,4
54E,351E,10
550,352E,12
551,3541,24
552,3565,6
553,356E,18
554,3587,4
555,358E,16
556,35X5,8
557,35E1,6
558,35E7,4
559,35EE,6
55X,3605,12
55E,3617,6
560,3621,6
561,3627,X
562,3635,2
563,3637,X
564,3645,10
565,3655,8
566,3661,X
567,366E,2
568,3671,X
569,367E,8
56X,3687,10
56E,3697,X
570,36X5,20
571,3705,2
572,3707,4
573,370E,8
574,3717,6
575,3721,4
576,3725,8
577,3731,16
578,3747,X
579,3755,6
57X,375E,6
57E,3765,2
580,3767,6
581,3771,X
582,377E,10
583,378E,2
584,3791,X
585,379E,6
586,37X5,6
587,37XE,6
588,37E5,8
589,3801,6
58X,3807,X
58E,3815,6
590,381E,2
591,3821,6
592,3827,6
593,3831,6
594,3837,X
595,3845,8
596,3851,20
597,3871,6
598,3877,1X
599,3895,2
59X,3897,16
59E,38E1,4
5X0,38E5,8
5X1,3901,X
5X2,390E,26
5X3,3935,8
5X4,3941,16
5X5,3957,4
5X6,395E,2
5X7,3961,X
5X8,396E,6
5X9,3975,2
5XX,3977,6
5XE,3981,4
5E0,3985,16
5E1,399E,8
5E2,39X7,10
5E3,39E7,16
5E4,3X11,14
5E5,3X25,6
5E6,3X2E,2
5E7,3X31,10
5E8,3X41,6
5E9,3X47,X
5EX,3X55,2
5EE,3X57,X
600,3X65,2
601,3X67,6
602,3X71,X
603,3X7E,12
604,3X91,4
605,3X95,20
606,3XE5,2
607,3XE7,14
608,3E0E,2
609,3E11,X
60X,3E1E,2
60E,3E21,X
610,3E2E,18
611,3E47,4
612,3E4E,2
613,3E51,4
614,3E55,8
615,3E61,14
616,3E75,6
617,3E7E,6
618,3E85,2
619,3E87,10
61X,3E97,14
61E,3EXE,8
620,3EE7,4
621,3EEE,6
622,4005,26
623,402E,2
624,4031,X
625,403E,2
626,4041,6
627,4047,4
628,404E,6
629,4055,6
62X,405E,8
62E,4067,6
630,4071,4
631,4075,10
632,4085,6
633,408E,8
634,4097,10
635,40X7,4
636,40XE,12
637,4101,10
638,4111,X
639,411E,20
63X,413E,6
63E,4145,10
640,4155,6
641,415E,2
642,4161,1X
643,417E,8
644,4187,16
645,41X1,X
646,41XE,6
647,41E5,12
648,4207,4
649,420E,2
64X,4211,6
64E,4217,X
650,4225,8
651,4231,6
652,4237,4
653,423E,6
654,4245,26
655,426E,12
656,4281,X
657,428E,2
658,4291,10
659,42X1,X
65X,42XE,2
65E,42E1,14
660,4305,2
661,4307,16
662,4321,20
663,4341,16
664,4357,6
665,4361,14
666,4375,16
667,438E,6
668,4395,2
669,4397,16
66X,43E1,4
66E,43E5,6
670,43EE,2
671,4401,X
672,440E,8
673,4417,X
674,4425,6
675,442E,6
676,4435,8
677,4441,4
678,4445,6
679,444E,2
67X,4451,X
67E,445E,2
680,4461,10
681,4471,4
682,4475,6
683,447E,6
684,4485,2
685,4487,10
686,4497,4
687,449E,12
688,44E1,16
689,4507,4
68X,450E,6
68E,4515,18
690,4531,4
691,4535,8
692,4541,6
693,4547,4
694,454E,8
695,4557,4
696,455E,12
697,4571,6
698,4577,4
699,457E,12
69X,4591,10
69E,45X1,4
6X0,45X5,2
6X1,45X7,26
6X2,4611,4
6X3,4615,20
6X4,4635,6
6X5,463E,6
6X6,4645,10
6X7,4655,10
6X8,4665,12
6X9,4677,6
6XX,4681,4
6XE,4685,2
6E0,4687,4
6E1,468E,16
6E2,46X5,6
6E3,46XE,10
6E4,46EE,8
6E5,4707,6
6E6,4711,4
6E7,4715,10
6E8,4725,2
6E9,4727,10
6EX,4737,26
6EE,4761,14
700,4775,2
701,4777,6
702,4781,1X
703,479E,12
704,47E1,6
705,47E7,X
706,4805,10
707,4815,6
708,481E,2
709,4821,4
70X,4825,8
70E,4831,X
710,483E,6
711,4845,6
712,484E,20
713,486E,12
714,4881,6
715,4887,4
716,488E,8
717,4897,10
718,48X7,16
719,4901,X
71X,490E,2
71E,4911,X
720,491E,2
721,4921,4
722,4925,6
723,492E,18
724,4947,6
725,4951,4
726,4955,12
727,4967,4
728,496E,2
729,4971,4
72X,4975,12
72E,4987,6
730,4991,10
731,49X1,20
732,4X01,X
733,4X0E,6
734,4X15,8
735,4X21,X
736,4X2E,2
737,4X31,26
738,4X57,4
739,4X5E,6
73X,4X65,2
73E,4X67,10
740,4X77,4
741,4X7E,12
742,4X91,6
743,4X97,2X
744,4E05,10
745,4E15,8
746,4E21,6
747,4E27,X
748,4E35,2
749,4E37,4
74X,4E3E,18
74E,4E57,X
750,4E65,8
751,4E71,14
752,4E85,2
753,4E87,X
754,4E95,12
755,4EX7,4
756,4EXE,2
757,4EE1,10
758,5001,6
759,5007,14
75X,501E,6
75E,5025,8
760,5031,4
761,5035,8
762,5041,4
763,5045,6
764,504E,8
765,5057,6
766,5061,6
767,5067,10
768,5077,6
769,5081,4
76X,5085,6
76E,508E,6
770,5095,8
771,50X1,16
772,50E7,4
773,50EE,18
774,5117,4
775,511E,10
776,512E,2
777,5131,X
778,513E,6
779,5145,2
77X,5147,X
77E,5155,10
780,5165,2
781,5167,4
782,516E,18
783,5187,6
784,5191,26
785,51E7,6
786,5201,4
787,5205,8
788,5211,X
789,521E,10
78X,522E,6
78E,5235,2
790,5237,24
791,525E,2
792,5261,6
793,5267,4
794,526E,2
795,5271,14
796,5285,10
797,5295,2
798,5297,6
799,52X1,X
79X,52XE,8
79E,52E7,20
7X0,5317,10
7X1,5327,6
7X2,5331,16
7X3,5347,6
7X4,5351,4
7X5,5355,12
7X6,5367,6
7X7,5371,4
7X8,5375,10
7X9,5385,8
7XX,5391,6
7XE,5397,10
7E0,53X7,4
7E1,53XE,6
7E2,53E5,10
7E3,5405,6
7E4,540E,10
7E5,541E,2
7E6,5421,14
7E7,5435,18
7E8,5451,4
7E9,5455,2
7EX,5457,X
7EE,5465,16
800,547E,8
801,5487,4
802,548E,12
803,54X1,4
804,54X5,2
805,54X7,6
806,54E1,1X
807,550E,6
808,5515,12
809,5527,6
80X,5531,6
80E,5537,X
810,5545,6
811,554E,2
812,5551,X
813,555E,2
814,5561,4
815,5565,2
816,5567,1X
817,5585,2
818,5587,4
819,558E,6
81X,5595,6
81E,559E,10
820,55XE,6
821,55E5,12
822,5607,X
823,5615,10
824,5625,6
825,562E,8
826,5637,4
827,563E,30
828,566E,12
829,5681,10
82X,5691,6
82E,5697,4
830,569E,6
831,56X5,2
832,56X7,10
833,56E7,6
834,5701,10
835,5711,14
836,5725,2
837,5727,X
838,5735,8
839,5741,1X
83X,575E,2
83E,5761,10
840,5771,6
841,5777,4
842,577E,6
843,5785,16
844,579E,2
845,57X1,10
846,57E1,6
847,57E7,4
848,57EE,10
849,580E,8
84X,5817,6
84E,5821,10
850,5831,4
851,5835,6
852,583E,10
853,584E,6
854,5855,2
855,5857,10
856,5867,10
857,5877,4
858,587E,12
859,5891,6
85X,5897,14
85E,58XE,6
860,58E5,2
861,58E7,X
862,5905,8
863,5911,16
864,5927,6
865,5931,2X
866,595E,2
867,5961,24
868,5985,2
869,5987,1X
86X,59X5,6
86E,59XE,2
870,59E1,X
871,59EE,10
872,5X0E,2
873,5X11,6
874,5X17,4
875,5X1E,8
876,5X27,1X
877,5X45,6
878,5X4E,2
879,5X51,X
87X,5X5E,8
87E,5X67,4
880,5X6E,6
881,5X75,8
882,5X81,4
883,5X85,10
884,5X95,16
885,5XXE,10
886,5XEE,18
887,5E17,4
888,5E1E,6
889,5E25,6
88X,5E2E,8
88E,5E37,4
890,5E3E,2
891,5E41,14
892,5E55,10
893,5E65,2
894,5E67,X
895,5E75,8
896,5E81,X
897,5E8E,2
898,5E91,4
899,5E95,6
89X,5E9E,12
89E,5EE1,10
8X0,6001,1X
8X1,601E,8
8X2,6027,24
8X3,604E,2
8X4,6051,4
8X5,6055,18
8X6,6071,4
8X7,6075,2
8X8,6077,4
8X9,607E,12
8XX,6091,X
8XE,609E,10
8E0,60XE,2
8E1,60E1,10
8E2,6101,14
8E3,6115,2
8E4,6117,24
8E5,613E,8
8E6,6147,1X
8E7,6165,8
8E8,6171,4
8E9,6175,6
8EX,617E,6
8EE,6185,12
900,6197,4
901,619E,8
902,61X7,10
903,61E7,6
904,6201,6
905,6207,4
906,620E,18
907,6227,4
908,622E,16
909,6245,2
90X,6247,10
90E,6257,6
910,6261,4
911,6265,6
912,626E,12
913,6281,16
914,6297,X
915,62X5,8
916,62E1,X
917,62EE,28
918,6327,6
919,6331,X
91X,633E,6
91E,6345,6
920,634E,2
921,6351,6
922,6357,14
923,636E,6
924,6375,2
925,6377,10
926,6387,6
927,6391,24
928,63E5,2
929,63E7,X
92X,6405,8
92E,6411,14
930,6425,6
931,642E,8
932,6437,6
933,6441,X
934,644E,20
935,646E,18
936,6487,X
937,6495,2
938,6497,X
939,64X5,2
93X,64X7,10
93E,64E7,4
940,64EE,6
941,6505,18
942,6521,4
943,6525,2
944,6527,10
945,6537,16
946,6551,X
947,655E,2
948,6561,X
949,656E,2
94X,6571,4
94E,6575,18
950,6591,14
951,65X5,22
952,6607,4
953,660E,8
954,6617,6
955,6621,4
956,6625,10
957,6635,6
958,663E,8
959,6647,10
95X,6657,10
95E,6667,6
960,6671,4
961,6675,8
962,6681,1X
963,669E,2
964,66X1,14
965,66E5,12
966,6707,X
967,6715,6
968,671E,10
969,672E,10
96X,673E,12
96E,6751,6
970,6757,4
971,675E,18
972,6777,4
973,677E,10
974,678E,6
975,6795,2
976,6797,6
977,67X1,6
978,67X7,14
979,67EE,8
97X,6807,1X
97E,6825,2
980,6827,24
981,684E,8
982,6857,6
983,6861,4
984,6865,18
985,6881,4
986,6885,10
987,6895,20
988,68E5,18
989,6911,4
98X,6915,8
98E,6921,X
990,692E,2
991,6931,14
992,6945,2
993,6947,10
994,6957,10
995,6967,2X
996,6995,2
997,6997,4
998,699E,6
999,69X5,10
99X,69E5,6
99E,69EE,6
9X0,6X05,8
9X1,6X11,6
9X2,6X17,4
9X3,6X1E,2
9X4,6X21,6
9X5,6X27,20
9X6,6X47,4
9X7,6X4E,18
9X8,6X67,X
9X9,6X75,6
9XX,6X7E,6
9XE,6X85,12
9E0,6X97,4
9E1,6X9E,6
9E2,6XX5,6
9E3,6XXE,2
9E4,6XE1,10
9E5,6E01,6
9E6,6E07,X
9E7,6E15,2
9E8,6E17,X
9E9,6E25,6
9EX,6E2E,18
9EE,6E47,4
X00,6E4E,22
X01,6E71,4
X02,6E75,2
X03,6E77,6
X04,6E81,1X
X05,6E9E,2
X06,6EX1,20
X07,7001,4
X08,7005,6
X09,700E,2
X0X,7011,4
X0E,7015,6
X10,701E,20
X11,703E,6
X12,7045,8
X13,7051,4
X14,7055,2
X15,7057,2X
X16,7085,6
X17,708E,8
X18,7097,14
X19,70XE,10
X1X,70EE,2
X1E,7101,X
X20,710E,2
X21,7111,X
X22,711E,6
X23,7125,8
X24,7131,4
X25,7135,8
X26,7141,10
X27,7151,1X
X28,716E,6
X29,7175,12
X2X,7187,4
X2E,718E,22
X30,71E1,4
X31,71E5,2
X32,71E7,10
X33,7207,X
X34,7215,8
X35,7221,4
X36,7225,8
X37,7231,10
X38,7241,4
X39,7245,12
X3X,7257,6
X3E,7261,14
X40,7275,6
X41,727E,8
X42,7287,4
X43,728E,6
X44,7295,6
X45,729E,8
X46,72X7,6
X47,72E1,X
X48,72EE,10
X49,730E,2
X4X,7311,6
X4E,7317,6
X50,7321,14
X51,7335,8
X52,7341,6
X53,7347,6
X54,7351,10
X55,7361,X
X56,736E,2
X57,7371,6
X58,7377,16
X59,7391,4
X5X,7395,6
X5E,739E,6
X60,73X5,6
X61,73XE,10
X62,73EE,16
X63,7415,8
X64,7421,6
X65,7427,X
X66,7435,8
X67,7441,16
X68,7457,4
X69,745E,12
X6X,7471,6
X6E,7477,16
X70,7491,X
X71,749E,8
X72,74X7,X
X73,74E5,10
X74,7505,2
X75,7507,6
X76,7511,10
X77,7521,10
X78,7531,30
X79,7561,4
X7X,7565,6
X7E,756E,8
X80,7577,4
X81,757E,6
X82,7585,2
X83,7587,4
X84,758E,16
X85,75X5,10
X86,75E5,6
X87,75EE,8
X88,7607,6
X89,7611,6
X8X,7617,4
X8E,761E,16
X90,7635,2
X91,7637,4
X92,763E,2
X93,7641,20
X94,7661,4
X95,7665,6
X96,766E,6
X97,7675,12
X98,7687,26
X99,76E1,6
X9X,76E7,4
X9E,76EE,6
XX0,7705,10
XX1,7715,6
XX2,771E,18
XX3,7737,4
XX4,773E,8
XX5,7747,4
XX6,774E,8
XX7,7757,6
XX8,7761,6
XX9,7767,4
XXX,776E,26
XXE,7795,2
XE0,7797,X
XE1,77X5,10
XE2,77E5,8
XE3,7801,X
XE4,780E,8
XE5,7817,20
XE6,7837,6
XE7,7841,10
XE8,7851,4
XE9,7855,12
XEX,7867,4
XEE,786E,6
E00,7875,2
E01,7877,24
E02,789E,12
E03,78E1,14
E04,7905,2
E05,7907,10
E06,7917,6
E07,7921,4
E08,7925,18
E09,7941,X
E0X,794E,6
E0E,7955,6
E10,795E,6
E11,7965,8
E12,7971,X
E13,797E,10
E14,798E,12
E15,79X1,X
E16,79XE,12
E17,7X01,14
E18,7X15,12
E19,7X27,X
E1X,7X35,12
E1E,7X47,6
E20,7X51,14
E21,7X65,6
E22,7X6E,8
E23,7X77,6
E24,7X81,14
E25,7X95,18
E26,7XE1,X
E27,7XEE,2
E28,7E01,6
E29,7E07,4
E2X,7E0E,2
E2E,7E11,4
E30,7E15,10
E31,7E25,2
E32,7E27,X
E33,7E35,2
E34,7E37,6
E35,7E41,1X
E36,7E5E,6
E37,7E65,2
E38,7E67,4
E39,7E6E,16
E3X,7E85,8
E3E,7E91,X
E40,7E9E,8
E41,7EX7,1X
E42,8005,2
E43,8007,X
E44,8015,16
E45,802E,12
E46,8041,4
E47,8045,2
E48,8047,4
E49,804E,16
E4X,8065,2
E4E,8067,4
E50,806E,6
E51,8075,8
E52,8081,X
E53,808E,2
E54,8091,26
E55,80E7,4
E56,80EE,26
E57,8125,2
E58,8127,X
E59,8135,2
E5X,8137,16
E5E,8151,4
E60,8155,16
E61,816E,6
E62,8175,12
E63,8187,X
E64,8195,2
E65,8197,4
E66,819E,18
E67,81E7,30
E68,8227,6
E69,8231,4
E6X,8235,6
E6E,823E,12
E70,8251,4
E71,8255,18
E72,8271,X
E73,827E,12
E74,8291,1X
E75,82XE,6
E76,82E5,2
E77,82E7,26
E78,8321,10
E79,8331,X
E7X,833E,16
E7E,8355,2
E80,8357,4
E81,835E,12
E82,8371,6
E83,8377,1X
E84,8395,16
E85,83XE,2
E86,83E1,10
E87,8401,6
E88,8407,4
E89,840E,8
E8X,8417,4
E8E,841E,8
E90,8427,6
E91,8431,X
E92,843E,2
E93,8441,10
E94,8451,16
E95,8467,X
E96,8475,12
E97,8487,14
E98,849E,12
E99,84E1,4
E9X,84E5,6
E9E,84EE,6
EX0,8505,2
EX1,8507,6
EX2,8511,4
EX3,8515,2
EX4,8517,24
EX5,853E,2
EX6,8541,24
EX7,8565,6
EX8,856E,2
EX9,8571,4
EXX,8575,6
EXE,857E,12
EE0,8591,4
EE1,8595,10
EE2,85X5,12
EE3,85E7,14
EE4,860E,12
EE5,8621,4
EE6,8625,6
EE7,862E,8
EE8,8637,6
EE9,8641,4
EEX,8645,6
EEE,864E,6
1000,8655,6
