1:
2:
3:
4: [1, 3], [2, 2],
5: [1, 4], [3, 2],
6: [2, 4], [3, 3], [4, 2],
7: [1, 6], [5, 2],
8: [2, 6], [3, 5], [4, 4], [6, 2],
9: [1, 8], [3, 6], [6, 3], [7, 2],
10: [4, 6], [6, 4], [7, 3], [8, 2],
11: [3, 8], [9, 2],
12: [2, 10], [5, 7], [6, 6], [7, 5], [8, 4], [9, 3], [10, 2],
13: [1, 12], [6, 7], [7, 6], [10, 3],
14: [2, 12], [4, 10], [8, 6], [12, 2],
15: [1, 14], [3, 12], [6, 9], [10, 5], [12, 3], [13, 2],
16: [11, 5], [12, 4], [13, 3], [14, 2],
17: [3, 14], [5, 12], [9, 8], [12, 5], [14, 3], [15, 2],
18: [2, 16], [3, 15], [4, 14], [5, 13], [13, 5], [15, 3], [16, 2],
19: [1, 18], [6, 13], [17, 2],
20: [2, 18], [3, 17], [4, 16], [7, 13], [9, 11], [10, 10], [13, 7], [16, 4],
21: [1, 20], [6, 15], [7, 14], [10, 11], [12, 9], [19, 2],
22: [5, 17], [6, 16], [10, 12], [12, 10],
23: [3, 20],
24: [2, 22], [3, 21], [4, 20], [6, 18], [7, 17], [8, 16], [12, 12], [14, 10], [18, 6], [20, 4], [21, 3], [22, 2],
25: [1, 24], [12, 13], [14, 11], [18, 7],
26: [10, 16], [15, 11], [24, 2],
27: [3, 24], [5, 22], [6, 21], [18, 9], [21, 6], [24, 3],
28: [4, 24], [5, 23], [6, 22], [8, 20], [11, 17], [14, 14], [17, 11], [21, 7], [22, 6], [26, 2],
29: [5, 24], [9, 20], [12, 17], [14, 15], [19, 10], [20, 9], [24, 5], [26, 3], [27, 2],
30: [2, 28], [3, 27], [4, 26], [9, 21], [10, 20], [14, 16], [19, 11], [24, 6],
31: [1, 30], [6, 25], [10, 21], [11, 20], [14, 17], [19, 12], [20, 11],
32: [2, 30], [8, 24], [10, 22], [11, 21], [14, 18], [15, 17], [28, 4], [30, 2],
33: [1, 32], [5, 28], [7, 26], [19, 14], [21, 12], [23, 10], [28, 5], [31, 2],
34: [5, 29], [6, 28], [22, 12], [24, 10], [32, 2],
35: [5, 30], [9, 26], [14, 21], [22, 13], [28, 7], [29, 6], [33, 2],
36: [3, 33], [8, 28], [20, 16], [30, 6], [33, 3], [34, 2],
37: [12, 25], [17, 20], [24, 13], [30, 7],
38: [2, 36], [7, 31], [14, 24], [15, 23], [17, 21], [19, 19], [24, 14], [27, 11], [30, 8],
39: [1, 38], [9, 30], [12, 27], [14, 25], [20, 19], [24, 15], [30, 9], [36, 3],
40: [4, 36], [6, 34], [38, 2],
41: [3, 38], [11, 30], [28, 13], [34, 7],
42: [2, 40], [8, 34], [12, 30], [24, 18], [40, 2],
43: [1, 42], [10, 33], [12, 31], [14, 29], [19, 24], [21, 22], [36, 7], [40, 3],
44: [2, 42], [3, 41], [4, 40], [40, 4], [42, 2],
45: [1, 44], [5, 40], [6, 39], [7, 38], [17, 28], [22, 23], [31, 14], [36, 9],
46: [20, 26], [22, 24], [30, 16], [33, 13], [36, 10],
47: [7, 40], [10, 37], [13, 34], [25, 22], [26, 21], [33, 14], [34, 13], [36, 11],
48: [2, 46], [5, 43], [6, 42], [10, 38], [12, 36], [17, 31], [21, 27], [22, 26], [26, 22], [30, 18], [38, 10], [42, 6], [46, 2],
49: [1, 48], [5, 44], [21, 28], [24, 25], [26, 23], [35, 14], [39, 10], [46, 3],
50: [12, 38], [13, 37], [24, 26], [30, 20], [31, 19], [36, 14], [42, 8],
51: [12, 39], [14, 37], [24, 27], [33, 18], [34, 17], [38, 13], [49, 2],
52: [47, 5],
53: [3, 50], [7, 46], [10, 43], [28, 25], [34, 19], [42, 11], [46, 7], [48, 5],
54: [2, 52], [8, 46], [20, 34], [49, 5],
55: [1, 54], [5, 50], [12, 43], [24, 31], [41, 14], [48, 7],
56: [8, 48], [13, 43], [21, 35], [30, 26], [45, 11], [50, 6],
57: [3, 54], [6, 51], [10, 47], [14, 43], [22, 35], [50, 7],
58: [4, 54], [10, 48], [14, 44], [15, 43], [24, 34], [25, 33], [43, 15], [48, 10], [56, 2],
59: [9, 50], [19, 40], [30, 29],
60: [2, 58], [3, 57], [4, 56], [9, 51], [12, 48], [14, 46], [18, 42],
61: [1, 60], [6, 55], [15, 46], [24, 37], [26, 35], [28, 33], [30, 31], [54, 7], [56, 5],
62: [2, 60], [3, 59], [8, 54], [21, 41], [30, 32], [31, 31], [38, 24], [39, 23], [46, 16], [55, 7], [57, 5],
63: [1, 62], [7, 56], [14, 49], [23, 40], [24, 39], [30, 33], [36, 27], [45, 18], [46, 17], [52, 11], [54, 9], [60, 3], [61, 2],
64: [6, 58], [8, 56], [11, 53], [12, 52], [19, 45], [24, 40], [25, 39], [33, 31], [43, 21], [46, 18], [47, 17], [48, 16], [60, 4], [62, 2],
65: [3, 62], [9, 56], [10, 55], [19, 46], [20, 45], [26, 39], [42, 23], [48, 17], [58, 7],
66: [6, 60], [14, 52], [24, 42], [36, 30], [38, 28], [47, 19], [63, 3],
67: [5, 62], [7, 60], [12, 55], [15, 52], [18, 49], [19, 48], [50, 17], [65, 2],
68: [2, 66], [5, 63], [7, 61], [12, 56], [14, 54], [15, 53], [24, 44], [25, 43], [35, 33], [45, 23], [52, 16], [56, 12], [62, 6],
69: [1, 68], [3, 66], [6, 63], [9, 60], [28, 41], [29, 40], [36, 33], [43, 26], [44, 25], [45, 24], [54, 15],
70: [4, 66], [24, 46], [30, 40], [63, 7],
71: [11, 60], [27, 44], [30, 41], [40, 31], [46, 25], [60, 11], [69, 2],
72: [2, 70], [3, 69], [13, 59], [17, 55], [18, 54], [27, 45], [60, 12], [62, 10],
73: [1, 72], [5, 68], [6, 67], [7, 66], [12, 61], [24, 49], [36, 37], [58, 15], [70, 3],
74: [2, 72], [3, 71], [12, 62], [17, 57], [20, 54], [24, 50], [35, 39], [45, 29], [60, 14], [71, 3],
75: [1, 74], [7, 68], [14, 61], [31, 44], [34, 41], [56, 19], [63, 12], [66, 9], [72, 3],
76: [6, 70], [15, 61], [32, 44], [36, 40],
77: [12, 65], [15, 62], [24, 53], [30, 47], [33, 44], [40, 37], [42, 35], [53, 24], [71, 6],
78: [3, 75], [4, 74], [5, 73], [6, 72], [45, 33], [54, 24], [59, 19],
79: [5, 74], [7, 72], [17, 62], [40, 39], [54, 25], [56, 23], [77, 2],
80: [2, 78], [3, 77], [7, 73], [14, 66], [21, 59], [61, 19], [78, 2],
81: [1, 80], [3, 78], [10, 71], [38, 43], [51, 30],
82: [5, 77], [6, 76], [8, 74], [34, 48], [70, 12], [80, 2],
83: [3, 80], [24, 59], [27, 56], [42, 41], [58, 25], [76, 7],
84: [2, 82], [5, 79], [6, 78], [18, 66], [19, 65], [21, 63], [22, 62], [31, 53], [73, 11],
85: [1, 84], [6, 79], [10, 75], [13, 72], [19, 66], [38, 47], [45, 40], [60, 25],
86: [10, 76], [14, 72], [19, 67], [24, 62], [40, 46], [70, 16], [78, 8],
87: [6, 81], [7, 80], [9, 78], [14, 73], [24, 63], [25, 62], [30, 57], [36, 51], [38, 49], [48, 39], [85, 2],
88: [4, 84], [5, 83], [8, 80], [71, 17], [73, 15], [86, 2],
89: [24, 65], [27, 62], [48, 41], [52, 37], [56, 33], [70, 19], [86, 3],
90: [2, 88], [5, 85], [8, 82], [10, 80], [20, 70], [21, 69], [27, 63], [35, 55], [51, 39], [56, 34], [72, 18], [74, 16],
91: [1, 90], [10, 81], [18, 73], [22, 69], [28, 63], [42, 49], [69, 22], [78, 13], [84, 7], [89, 2],
92: [3, 89], [14, 78], [24, 68], [33, 59], [34, 58], [38, 54], [46, 46], [50, 42], [80, 12], [86, 6], [90, 2],
93: [3, 90], [15, 78], [24, 69], [34, 59], [46, 47], [51, 42], [74, 19], [80, 13], [88, 5],
94: [4, 90], [7, 87], [19, 75], [29, 65], [41, 53], [55, 39], [64, 30], [70, 24], [77, 17], [78, 16],
95: [12, 83], [33, 62], [69, 26], [71, 24], [74, 21], [87, 8], [90, 5], [93, 2],
96: [6, 90], [7, 89], [8, 88], [41, 55], [45, 51], [54, 42], [78, 18], [84, 12], [90, 6], [92, 4],
97: [6, 91], [11, 86], [92, 5],
98: [2, 96], [4, 94], [8, 90], [14, 84], [36, 62], [37, 61], [53, 45], [62, 36],
99: [1, 98], [5, 94], [15, 84], [18, 81], [24, 75], [25, 74], [29, 70], [41, 58], [48, 51], [57, 42],
100: [7, 93], [14, 86], [24, 76], [26, 74], [34, 66], [42, 58], [85, 15], [94, 6], [96, 4], [98, 2],
101: [14, 87], [17, 84], [24, 77], [79, 22], [94, 7],
102: [2, 100], [3, 99], [7, 95], [28, 74], [31, 71], [47, 55], [81, 21], [91, 11],
103: [1, 102], [15, 88], [38, 65], [48, 55], [63, 40], [93, 10],
104: [2, 102], [3, 101], [5, 99], [12, 92], [15, 89], [17, 87], [19, 85], [44, 60], [66, 38], [92, 12],
105: [1, 104], [23, 82], [76, 29],
106: [6, 100], [12, 94], [18, 88], [20, 86], [26, 80], [30, 76], [32, 74], [45, 61], [50, 56], [66, 40], [103, 3],
107: [9, 98], [13, 94], [15, 92], [24, 83], [36, 71], [42, 65], [51, 56], [70, 37],
108: [2, 106], [3, 105], [6, 102], [28, 80], [32, 76], [33, 75], [60, 48], [71, 37], [72, 36], [86, 22], [93, 15], [104, 4],
109: [1, 108], [19, 90], [47, 62], [76, 33], [97, 12], [107, 2],
110: [2, 108], [26, 84], [45, 65], [91, 19],
111: [1, 110], [9, 102], [12, 99], [13, 98], [20, 91], [24, 87], [49, 62], [57, 54], [92, 19], [94, 17], [108, 3],
112: [6, 106], [12, 100], [30, 82], [41, 71], [50, 62], [69, 43], [105, 7],
113: [3, 110], [14, 99], [22, 91], [31, 82], [33, 80], [53, 60], [67, 46], [108, 5],
114: [2, 112], [3, 111], [4, 110], [8, 106], [15, 99], [17, 97], [18, 96], [36, 78], [37, 77], [44, 70], [87, 27],
115: [1, 114], [5, 110], [14, 101], [26, 89], [72, 43], [76, 39], [93, 22], [96, 19], [102, 13], [104, 11], [110, 5],
116: [12, 104], [20, 96], [28, 88], [36, 80], [49, 67], [55, 61], [106, 10],
117: [6, 111], [12, 105], [30, 87], [40, 77], [41, 76], [54, 63], [60, 57], [85, 32], [98, 19], [102, 15],
118: [6, 112], [18, 100], [30, 88], [36, 82], [48, 70], [64, 54], [77, 41],
119: [66, 53], [77, 42], [78, 41], [91, 28],
120: [3, 117], [4, 116], [14, 106], [34, 86], [58, 62], [70, 50], [87, 33], [93, 27], [100, 20], [106, 14],
121: [10, 111], [12, 109], [20, 101], [38, 83], [44, 77], [87, 34], [91, 30], [109, 12], [116, 5],
122: [3, 119], [5, 117], [7, 115], [19, 103], [28, 94], [47, 75], [60, 62], [120, 2],
123: [5, 118], [13, 110], [15, 108], [24, 99], [30, 93], [41, 82], [72, 51], [74, 49], [101, 22], [111, 12],
124: [4, 120], [6, 118], [17, 107], [18, 106], [19, 105], [24, 100], [28, 96], [51, 73], [83, 41], [96, 28], [118, 6], [122, 2],
125: [5, 120], [20, 105], [39, 86], [104, 21], [120, 5],
126: [6, 120], [8, 118], [9, 117], [12, 114], [17, 109], [24, 102], [32, 94], [107, 19],
127: [5, 122], [22, 105], [42, 85], [62, 65], [70, 57], [118, 9],
128: [2, 126], [4, 124], [14, 114], [24, 104], [66, 62], [114, 14], [126, 2],
129: [1, 128], [7, 122], [14, 115], [20, 109], [43, 86], [59, 70], [122, 7], [127, 2],
130: [4, 126], [12, 118], [20, 110], [42, 88], [44, 86], [45, 85], [60, 70], [61, 69], [74, 56], [102, 28], [110, 20], [120, 10], [124, 6],
131: [10, 121], [24, 107], [30, 101], [36, 95], [37, 94], [81, 50], [114, 17], [129, 2],
132: [2, 130], [5, 127], [28, 104], [43, 89], [54, 78], [96, 36], [114, 18], [127, 5],
133: [1, 132], [7, 126], [21, 112], [65, 68], [80, 53], [127, 6], [130, 3],
134: [3, 131], [4, 130], [5, 129], [16, 118], [24, 110], [26, 108], [37, 97], [75, 59],
135: [7, 128], [92, 43], [123, 12], [132, 3], [133, 2],
136: [10, 126], [18, 118], [19, 117], [23, 113], [37, 99], [38, 98], [45, 91], [47, 89], [62, 74], [65, 71],
137: [27, 110], [33, 104], [74, 63], [84, 53], [91, 46],
138: [2, 136], [4, 134], [6, 132], [9, 129], [12, 126], [15, 123], [18, 120], [19, 119], [40, 98], [55, 83], [76, 62], [98, 40], [131, 7],
139: [1, 138], [5, 134], [15, 124], [18, 121], [20, 119], [30, 109], [42, 97], [92, 47], [95, 44], [120, 19], [134, 5],
140: [2, 138], [8, 132], [20, 120], [26, 114], [45, 95], [56, 84], [62, 78], [96, 44], [102, 38],
141: [1, 140], [3, 138], [10, 131], [117, 24],
142: [14, 128], [33, 109], [95, 47], [110, 32],
143: [9, 134], [10, 133], [12, 131], [29, 114], [82, 61], [110, 33], [118, 25], [129, 14],
144: [3, 141], [18, 126], [28, 116], [38, 106], [48, 96], [60, 84], [134, 10], [140, 4],
145: [6, 139], [10, 135], [47, 98], [48, 97], [54, 91], [62, 83], [74, 71], [76, 69], [82, 63], [84, 61], [86, 59], [116, 29],
146: [3, 143], [10, 136], [13, 133], [17, 129], [20, 126], [47, 99], [87, 59], [106, 40], [126, 20], [138, 8], [141, 5], [143, 3],
147: [14, 133], [26, 121], [35, 112], [138, 9], [145, 2],
148: [5, 143], [6, 142], [8, 140], [11, 137], [16, 132], [21, 127], [31, 117], [65, 83], [73, 75], [74, 74], [75, 73], [90, 58], [145, 3],
149: [14, 135], [20, 129], [42, 107], [61, 88], [72, 77], [124, 25],
150: [2, 148], [3, 147], [4, 146], [5, 145], [6, 144], [8, 142], [14, 136], [23, 127], [30, 120], [37, 113], [51, 99], [75, 75], [85, 65], [98, 52], [137, 13], [139, 11], [144, 6],
151: [1, 150], [10, 141], [30, 121], [69, 82], [74, 77], [80, 71],
152: [2, 150], [26, 126], [46, 106], [48, 104], [57, 95], [65, 87], [112, 40], [120, 32], [148, 4], [150, 2],
153: [1, 152], [3, 150], [7, 146], [21, 132], [36, 117], [42, 111], [49, 104], [60, 93], [68, 85], [140, 13],
154: [4, 150], [6, 148], [21, 133], [84, 70], [114, 40], [149, 5],
155: [9, 146], [30, 125], [63, 92], [84, 71], [103, 52], [132, 23], [148, 7],
156: [3, 153], [7, 149], [15, 141], [16, 140], [19, 137], [46, 110], [50, 106], [68, 88], [90, 66], [93, 63], [149, 7],
157: [6, 151], [14, 143], [21, 136], [43, 114], [46, 111], [65, 92], [74, 83], [76, 81], [134, 23], [154, 3],
158: [2, 156], [3, 155], [31, 127], [45, 113], [50, 108], [76, 82], [81, 77], [116, 42], [132, 26],
159: [1, 158], [5, 154], [14, 145], [20, 139], [25, 134], [40, 119], [116, 43],
160: [4, 156], [6, 154], [26, 134], [44, 116], [60, 100], [64, 96], [71, 89], [117, 43], [132, 28], [147, 13], [150, 10], [154, 6], [156, 4], [158, 2],
161: [15, 146], [20, 141], [21, 140], [36, 125], [44, 117], [59, 102], [72, 89], [90, 71], [95, 66], [112, 49], [152, 9],
162: [6, 156], [8, 154], [13, 149], [14, 148], [31, 131], [50, 112], [68, 94], [85, 77], [92, 70], [99, 63], [124, 38],
163: [7, 156], [30, 133], [34, 129], [37, 126], [44, 119], [102, 61], [106, 57],
164: [2, 162], [3, 161], [4, 160], [13, 151], [17, 147], [23, 141], [40, 124], [46, 118], [118, 46], [121, 43], [140, 24], [145, 19], [146, 18], [147, 17], [161, 3],
165: [1, 164], [3, 162], [7, 158], [10, 155], [35, 130], [51, 114], [78, 87], [105, 60],
166: [17, 149], [19, 147], [24, 142], [43, 123], [74, 92], [109, 57], [114, 52], [120, 46], [140, 26], [150, 16], [152, 14], [161, 5],
167: [3, 164], [5, 162], [7, 160], [10, 157], [25, 142], [34, 133], [35, 132], [37, 130], [77, 90], [134, 33], [153, 14], [165, 2],
168: [2, 166], [6, 162], [8, 160], [9, 159], [10, 158], [16, 152], [62, 106], [90, 78], [102, 66], [107, 61], [108, 60], [110, 58], [135, 33], [144, 24], [145, 23],
169: [1, 168], [5, 164], [6, 163], [15, 154], [20, 149], [22, 147], [86, 83], [144, 25],
170: [3, 167], [5, 165], [7, 163], [30, 140], [74, 96], [90, 80],
171: [3, 168], [6, 165], [15, 156], [37, 134], [66, 105], [91, 80], [154, 17],
172: [8, 164], [13, 159], [28, 144], [49, 123], [170, 2],
173: [15, 158], [34, 139], [35, 138], [36, 137], [52, 121], [66, 107], [74, 99], [98, 75], [117, 56],
174: [2, 172], [4, 170], [6, 168], [17, 157], [30, 144], [120, 54], [127, 47], [134, 40], [154, 20],
175: [1, 174], [6, 169], [10, 165], [59, 116], [84, 91], [96, 79], [102, 73], [107, 68], [124, 51],
176: [3, 173], [24, 152], [31, 145], [64, 112], [105, 71], [148, 28], [154, 22], [164, 12], [174, 2],
177: [5, 172], [17, 160], [28, 149], [34, 143], [58, 119], [62, 115], [80, 97], [86, 91], [127, 50],
178: [12, 166], [14, 164], [15, 163], [26, 152], [33, 145], [36, 142], [64, 114], [98, 80], [120, 58], [140, 38], [158, 20],
179: [3, 176], [26, 153], [28, 151], [47, 132], [101, 78],
180: [2, 178], [4, 176], [5, 175], [6, 174], [9, 171], [12, 168], [29, 151], [34, 146], [48, 132], [70, 110], [138, 42], [151, 29], [158, 22], [160, 20],
181: [1, 180], [12, 169], [38, 143], [42, 139], [44, 137], [58, 123], [77, 104], [82, 99], [86, 95], [108, 73], [109, 72], [111, 70], [135, 46],
182: [2, 180], [5, 177], [8, 174], [22, 160], [28, 154], [46, 136], [55, 127], [62, 120],
183: [1, 182], [6, 177], [11, 172], [14, 169], [19, 164], [34, 149], [40, 143], [52, 131], [161, 22],
184: [4, 180], [12, 172], [14, 170], [36, 148], [37, 147], [40, 144], [48, 136], [94, 90], [102, 82],
185: [15, 170], [21, 164], [22, 163], [24, 161], [48, 137], [59, 126], [63, 122], [88, 97],
186: [10, 176], [15, 171], [19, 167], [42, 144], [56, 130], [60, 126], [90, 96], [98, 88], [168, 18], [172, 14], [181, 5], [184, 2],
187: [7, 180], [10, 177], [14, 173], [17, 170], [21, 166], [49, 138], [73, 114], [97, 90], [99, 88], [168, 19],
188: [4, 184], [8, 180], [32, 156], [109, 79], [134, 54], [142, 46], [154, 34], [168, 20],
189: [67, 122], [139, 50], [140, 49], [154, 35],
190: [10, 180], [24, 166], [32, 158], [38, 152], [46, 144], [96, 94],
191: [3, 188], [20, 171], [46, 145], [50, 141], [66, 125], [79, 112], [90, 101], [105, 86], [182, 9],
192: [2, 190], [3, 189], [25, 167], [30, 162], [56, 136], [122, 70], [136, 56], [154, 38],
193: [1, 192], [7, 186], [18, 175], [23, 170], [28, 165], [30, 163], [36, 157], [51, 142], [98, 95], [114, 79], [140, 53], [144, 49], [158, 35], [163, 30], [169, 24], [171, 22], [176, 17],
194: [2, 192], [40, 154], [120, 74], [152, 42], [178, 16], [192, 2],
195: [1, 194], [3, 192], [6, 189], [9, 186], [12, 183], [28, 167], [44, 151], [60, 135], [66, 129],
196: [6, 190], [48, 148], [64, 132], [98, 98], [105, 91], [150, 46],
197: [3, 194], [12, 185], [15, 182], [26, 171], [27, 170], [65, 132], [108, 89], [116, 81], [132, 65], [148, 49], [189, 8], [195, 2],
198: [2, 196], [5, 193], [9, 189], [17, 181], [19, 179], [24, 174], [37, 161], [45, 153], [60, 138], [98, 100], [109, 89], [130, 68], [164, 34], [171, 27], [178, 20], [192, 6],
199: [1, 198], [6, 193], [7, 192], [24, 175], [61, 138], [113, 86], [184, 15],
200: [2, 198], [9, 191], [19, 181], [34, 166], [49, 151], [66, 134], [124, 76], [154, 46], [161, 39],
201: [1, 200], [6, 195], [20, 181], [34, 167], [78, 123], [85, 116], [97, 104], [98, 103], [189, 12],
202: [8, 194], [12, 190], [15, 187], [28, 174], [57, 145], [65, 137], [96, 106], [120, 82], [182, 20],
203: [5, 198], [13, 190], [35, 168], [42, 161], [71, 132], [80, 123], [89, 114], [150, 53], [198, 5],
204: [57, 147], [98, 106], [102, 102], [174, 30], [202, 2],
205: [22, 183], [30, 175], [54, 151], [87, 118], [96, 109], [158, 47], [164, 41], [170, 35],
206: [3, 203], [8, 198], [11, 195], [12, 194], [17, 189], [26, 180], [43, 163], [86, 120], [87, 119], [93, 113], [100, 106], [126, 80], [151, 55], [196, 10],
207: [9, 198], [22, 185], [77, 130], [91, 116], [118, 89], [150, 57], [152, 55], [176, 31], [202, 5],
208: [4, 204], [12, 196], [17, 191], [18, 190], [24, 184], [30, 178], [31, 177], [32, 176], [132, 76], [151, 57],
209: [3, 206], [5, 204], [9, 200], [37, 172], [40, 169], [55, 154], [77, 132], [130, 79], [138, 71],
210: [4, 206], [6, 204], [7, 203], [12, 198], [20, 190], [44, 166], [62, 148], [118, 92], [186, 24], [208, 2],
211: [24, 187], [28, 183], [35, 176], [50, 161], [87, 124], [167, 44], [170, 41], [206, 5],
212: [2, 210], [3, 209], [8, 204], [24, 188], [42, 170], [58, 154], [90, 122], [99, 113], [102, 110], [105, 107], [167, 45],
213: [1, 212], [5, 208], [6, 207], [7, 206], [10, 203], [30, 183], [50, 163], [54, 159], [132, 81], [154, 59], [157, 56], [172, 41], [192, 21],
214: [4, 210], [14, 200], [18, 196], [35, 179], [100, 114], [104, 110], [138, 76],
215: [7, 208], [20, 195], [22, 193], [24, 191], [38, 177], [56, 159], [76, 139], [78, 137], [160, 55], [166, 49], [172, 43], [180, 35],
216: [6, 210], [24, 192], [30, 186], [61, 155], [84, 132], [114, 102], [132, 84], [138, 78], [141, 75], [143, 73], [180, 36], [192, 24], [205, 11],
217: [15, 202], [90, 127], [105, 112], [106, 111], [149, 68], [155, 62], [180, 37], [192, 25],
218: [3, 215], [8, 210], [9, 209], [33, 185], [53, 165], [68, 150], [70, 148], [124, 94], [135, 83], [150, 68], [181, 37],
219: [9, 210], [28, 191], [44, 175], [47, 172], [78, 141], [79, 140], [88, 131], [107, 112], [184, 35], [195, 24], [196, 23],
220: [13, 207], [32, 188], [44, 176], [64, 156], [94, 126], [126, 94], [129, 91], [196, 24], [204, 16], [214, 6],
221: [3, 218], [9, 212], [12, 209], [26, 195], [30, 191], [35, 186], [36, 185], [44, 177], [96, 125], [98, 123], [116, 105], [130, 91], [141, 80], [161, 60], [170, 51],
222: [6, 216], [38, 184], [66, 156], [72, 150], [98, 124], [99, 123],
223: [11, 212], [21, 202], [24, 199], [43, 180], [50, 173], [56, 167], [57, 166], [62, 161], [110, 113], [120, 103],
224: [2, 222], [16, 208], [17, 207], [19, 205], [35, 189], [37, 187], [123, 101], [154, 70], [177, 47], [180, 44], [202, 22],
225: [1, 224], [6, 219], [18, 207], [28, 197], [36, 189], [44, 181], [62, 163], [106, 119], [124, 101], [163, 62], [176, 49], [195, 30],
226: [18, 208], [30, 196], [82, 144], [84, 142], [186, 40], [200, 26],
227: [5, 222], [7, 220], [36, 191], [60, 167], [105, 122], [114, 113], [118, 109], [124, 103], [192, 35],
228: [2, 226], [4, 224], [7, 221], [8, 220], [24, 204], [31, 197], [38, 190], [44, 184], [96, 132], [145, 83], [149, 79], [157, 71], [185, 43], [187, 41],
229: [1, 228], [80, 149], [83, 146], [123, 106], [126, 103], [153, 76], [161, 68],
230: [2, 228], [26, 204], [32, 198], [35, 195], [48, 182], [60, 170], [62, 168], [80, 150], [124, 106], [128, 102], [150, 80], [158, 72], [190, 40], [196, 34], [197, 33], [218, 12],
231: [1, 230], [9, 222], [24, 207], [60, 171], [91, 140], [120, 111], [126, 105], [224, 7],
232: [5, 227], [13, 219], [15, 217], [24, 208], [38, 194],
233: [10, 223], [14, 219], [36, 197], [38, 195], [47, 186], [94, 139], [99, 134], [114, 119], [157, 76], [173, 60], [189, 44], [200, 33],
234: [2, 232], [3, 231], [4, 230], [13, 221], [15, 219], [31, 203], [74, 160], [81, 153], [86, 148], [136, 98], [182, 52],
235: [1, 234], [11, 224], [20, 215], [49, 186], [93, 142], [116, 119], [120, 115], [173, 62], [210, 25], [220, 15],
236: [8, 228], [12, 224], [15, 221], [21, 215], [28, 208], [70, 166], [124, 112], [140, 96], [142, 94], [210, 26], [214, 22], [221, 15], [222, 14], [234, 2],
237: [12, 225], [24, 213], [25, 212], [40, 197], [79, 158], [94, 143], [120, 117], [130, 107], [135, 102], [136, 101], [224, 13],
238: [6, 232], [14, 224], [62, 176], [90, 148], [109, 129], [175, 63],
239: [3, 236], [19, 220], [21, 218], [24, 215], [37, 202], [42, 197], [56, 183], [70, 169], [85, 154], [236, 3],
240: [2, 238], [4, 236], [11, 229], [14, 226], [75, 165], [84, 156], [154, 86],
241: [1, 240], [12, 229], [63, 178], [76, 165], [126, 115], [142, 99], [150, 91], [166, 75], [218, 23], [232, 9], [236, 5],
242: [2, 240], [7, 235], [14, 228], [87, 155], [130, 112], [201, 41],
243: [1, 242], [6, 237], [12, 231], [48, 195], [49, 194], [56, 187], [68, 175], [90, 153], [96, 147], [112, 131], [198, 45], [228, 15], [230, 13],
244: [4, 240], [5, 239], [7, 237], [15, 229], [47, 197], [51, 193], [60, 184], [70, 174], [218, 26],
245: [7, 238], [14, 231], [30, 215], [35, 210], [37, 208], [40, 205], [68, 177], [99, 146], [160, 85], [228, 17], [234, 11],
246: [8, 238], [24, 222], [27, 219], [30, 216], [33, 213], [44, 202], [60, 186], [74, 172], [108, 138],
247: [59, 188], [161, 86], [232, 15],
248: [3, 245], [14, 234], [15, 233], [24, 224], [30, 218], [56, 192], [89, 159], [144, 104], [195, 53], [228, 20],
249: [3, 246], [9, 240], [20, 229], [66, 183], [79, 170], [84, 165], [93, 156], [126, 123], [144, 105], [153, 96], [168, 81], [218, 31],
250: [8, 242], [29, 221], [72, 178], [84, 166], [91, 159], [95, 155], [165, 85],
251: [12, 239], [22, 229], [24, 227], [45, 206], [62, 189], [70, 181], [118, 133], [170, 81], [206, 45], [222, 29],
252: [2, 250], [6, 246], [10, 242], [18, 234], [41, 211], [44, 208], [45, 207], [80, 172], [125, 127], [126, 126], [129, 123], [235, 17],
253: [1, 252], [6, 247], [15, 238], [18, 235], [56, 197], [105, 148], [127, 126], [210, 43], [212, 41], [220, 33], [248, 5],
254: [4, 250], [5, 249], [14, 240], [19, 235], [22, 232], [48, 206], [55, 199], [60, 194], [63, 191], [118, 136], [174, 80], [182, 72], [201, 53],
255: [10, 245], [22, 233], [54, 201], [149, 106], [162, 93], [168, 87],
256: [8, 248], [12, 244], [16, 240], [26, 230], [42, 214], [62, 194], [75, 181], [76, 180], [92, 164], [217, 39], [254, 2],
