-256: 3, 5, 11, 257,
-255:
-254: 3, 5, 11, 16701851,
-253: 2, 7, 19, 43,
-252: 11, 13, 251,
-251: 7,
-250: 11, 29, 103, 251,
-249: 2, 47,
-248: 5, 41, 3121, 668867,
-247: 3, 163,
-246: 1993, 3617,
-245: 2, 3, 439, 1051, 1409, 103687, 1938007,
-244: 11, 83, 134857, 2111531,
-243: 653, 2689,
-242: 113, 131, 241, 1933, 8863,
-241: 2, 17,
-240: 239, 241,
-239: 449, 883,
-238: 3, 239, 3557, 2628559,
-237: 2, 5,
-236: 3, 14970337,
-235: 97,
-234: 7, 233, 5119, 11336879,
-233: 2, 7,
-232: 233,
-231: 5, 17,
-230: 229,
-229: 2, 3, 5, 151, 7457,
-228: 163, 227, 229, 4651, 127849,
-227: 3,
-226: 11, 79, 227, 883, 1123, 1223, 2791, 86357, 3342553,
-225: 2, 29, 79, 603011,
-224: 223, 56003,
-223: 5,
-222: 7, 223, 397,
-221: 2, 7, 204173,
-220: 3,
-219: 29, 47,
-218: 3, 23,
-217: 2, 51203, 253387,
-216: 859, 7129,
-215:
-214: 65437,
-213: 2, 11, 521, 85513,
-212: 5, 211,
-211: 3,
-210: 67, 211, 93319, 269209, 8266109,
-209: 2, 3, 257, 313,
-208: 367, 463,
-207:
-206: 5, 3931, 2661821,
-205: 2, 13, 109, 379,
-204: 5, 7, 13, 97,
-203: 6271,
-202: 3, 7, 293,
-201: 2, 13,
-200: 3, 23, 199, 233, 12829,
-199:
-198: 5, 197, 199, 1301297,
-197: 2, 829, 5387, 595411,
-196: 17, 59, 197, 601,
-195: 738151,
-194: 193,
-193: 2, 3, 23, 16340339,
-192: 71, 191, 193,
-191: 3, 347, 1704407,
-190: 191, 10266511,
-189: 2, 41, 127, 131, 673, 1965289,
-188: 67631,
-187: 5,
-186:
-185: 2, 7, 229, 15889, 22651, 331369, 410929,
-184: 3, 7, 263, 3331,
-183: 13,
-182: 3, 83, 181, 104527,
-181: 2, 5, 13, 113, 1601, 242621,
-180: 179, 181, 487, 26683,
-179: 5, 15233,
-178: 179, 1327, 5591, 6481,
-177: 2,
-176: 31, 1657,
-175: 3, 17, 857,
-174: 173, 239849,
-173: 2, 3, 5, 7,
-172: 7, 11, 17, 173, 839, 217367,
-171: 574489,
-170: 421, 99487,
-169: 2,
-168: 167, 9941, 9148003,
-167: 10883,
-166: 3, 29, 167, 2203,
-165: 2, 127,
-164: 3, 163,
-163: 13, 47, 16993,
-162: 5, 163, 367, 511633,
-161: 2, 39323, 201389,
-160: 13, 39839,
-159: 11, 13, 4957,
-158: 157,
-157: 2, 3, 353,
-156: 5, 137, 157, 659,
-155: 3, 7,
-154: 5, 37, 223, 1648001,
-153: 2, 7, 23, 499,
-152: 151,
-151: 17, 1483123, 15629269,
-150: 97, 149, 151, 577,
-149: 2, 571, 98729,
-148: 3, 5, 17, 31, 149,
-147: 241, 3109, 1404883,
-146: 3, 19, 31, 103, 907, 7728551,
-145: 2, 10289, 14939,
-144: 1061, 50627, 341017, 11444887,
-143: 1291,
-142:
-141: 2, 11, 23, 2311,
-140: 139,
-139: 3,
-138: 137, 139,
-137: 2, 3, 5, 1626739,
-136: 7, 137, 283, 907, 868199,
-135: 7, 11, 19,
-134: 177223,
-133: 2, 11, 2677, 4231,
-132: 131,
-131: 5, 11, 373,
-130: 3, 131,
-129: 2, 5, 11, 883, 105997, 638051,
-128: 3, 127, 3863,
-127: 17, 557, 10483903,
-126: 127, 349,
-125: 2, 1987,
-124: 7,
-123: 5, 7, 11,
-122:
-121: 2, 3, 43, 401, 647,
-120: 547, 17477, 189257,
-119: 3,
-118: 19, 43, 47, 137, 463, 201973,
-117: 2,
-116: 14939, 214783,
-115: 1649099,
-114: 47, 113, 1013,
-113: 2, 37, 3180031,
-112: 3, 5, 13, 59, 113, 2683, 59723, 3604417,
-111: 1123, 41051,
-110: 3, 79, 109, 9533, 12953, 127877,
-109: 2,
-108: 107, 109, 12253,
-107:
-106: 5, 7, 107, 31607,
-105: 2, 11, 1559, 1663031,
-104: 5, 7, 103,
-103: 3, 181,
-102: 13, 101, 103, 359, 3209,
-101: 2, 3, 6673, 4990313,
-100: 47, 101, 313, 44249,
-99: 53773,
-98: 5, 97, 163, 269, 6653, 730573,
-97: 2, 71, 631,
-96: 97,
-95:
-94: 3,
-93: 2, 13, 5939,
-92: 3, 11, 17, 29, 41,
-91:
-90: 89, 373753,
-89: 2, 29, 127, 269, 17477, 28351,
-88: 19, 89,
-87: 5, 7, 19, 2309, 339107,
-86: 7, 23, 761,
-85: 2, 3, 53777,
-84: 83, 433, 7307,
-83: 3, 13,
-82: 17, 71, 83,
-81: 2, 5, 19,
-80: 79,
-79: 5, 163, 12841,
-78: 79, 36493,
-77: 2, 563,
-76: 3, 36073,
-75: 7,
-74: 3, 7, 73,
-73: 2, 5, 19, 131, 151,
-72: 71, 73, 17737,
-71: 320647,
-70: 29, 71,
-69: 2, 1093, 2503, 6857, 1645157,
-68: 67,
-67: 3,
-66: 67,
-65: 2, 3, 23, 127,
-64:
-63:
-62: 5, 43, 61, 269, 2440643, 13699249,
-61: 2, 617, 7607, 88993,
-60: 59, 61, 71, 103, 2030953,
-59:
-58: 3, 59, 2371,
-57: 2, 7, 17, 8061653,
-56: 3, 5, 2179, 6959,
-55: 7, 17, 37, 571, 868799,
-54: 5, 53, 197, 1987673,
-53: 2, 24551, 96821,
-52: 53,
-51: 11, 23, 1117,
-50: 419, 1430969,
-49: 2, 3, 1103, 804043, 15800207,
-48: 5, 47, 79, 2625851,
-47: 3, 19, 74687,
-46: 47, 211,
-45: 2, 71, 113,
-44: 43, 97, 1543859,
-43: 29, 46507, 118253, 461327,
-42: 41, 43, 116189, 256129,
-41: 2, 4099, 7741, 8129453,
-40: 3, 41, 599, 4568059,
-39:
-38: 3, 7, 11, 37,
-37: 2, 5, 7,
-36: 13, 37, 20507,
-35: 13, 22091,
-34:
-33: 2,
-32: 13, 31, 349, 2593,
-31: 3, 5, 10247, 163307, 6946447,
-30: 29, 31, 8142929,
-29: 2, 3, 5, 211, 1217,
-28: 29, 359, 1429, 182851,
-27: 1109, 353567,
-26: 7,
-25: 2, 7, 199, 3463,
-24: 23, 43, 2677,
-23: 5,
-22: 3, 23,
-21: 2, 2042851,
-20: 3, 11, 19, 131, 229,
-19: 37, 1009, 8737,
-18: 17, 19, 2011, 6689,
-17: 2,
-16: 17,
-15: 29, 191, 991, 123731,
-14: 11, 13, 3035581, 8690767, 13774177,
-13: 2, 3, 109, 39863, 86201,
-12: 5, 11, 13, 3631, 18587,
-11: 3, 599, 1066859,
-10: 11, 1801, 681523,
-9: 2,
-8: 7, 11, 3881, 52747, 127507,
-7: 331, 3673, 3853, 29383, 29717,
-6: 5, 7, 59,
-5: 2, 1291, 13523, 2733823,
-4: 3, 5,
-3:
-2: 3, 11,
-1: 2,
1:
2: 5, 45827,
3: 2,
4: 257,
5: 3, 23, 1574773,
6: 13, 47, 3803, 151051, 240727,
7: 2, 3, 229, 701,
8: 1531, 7445287,
9: 13, 19, 2207, 26041,
10: 13, 41, 97, 809, 1151, 1657, 800011,
11: 2, 7,
12: 7, 29, 251,
13: 5,
14: 3, 541, 1061, 2371099, 5949319,
15: 2,
16: 3, 11, 83, 113, 229, 373, 11003,
17: 4099, 269023,
18:
19: 2, 5, 23,
20: 47,
21: 5, 17,
22: 115981,
23: 2, 3, 7, 17,
24: 7, 47, 137, 160553, 179623,
25: 3, 677, 6547,
26: 60037,
27: 2, 5, 499,
28: 6619, 22279, 3654577,
29: 11, 624917,
30: 373, 18461,
31: 2, 29, 102059,
32: 3, 43, 1997,
33: 56503,
34: 3, 29, 1087, 1523,
35: 2, 19, 43, 2958463,
36: 1109, 82913, 615739,
37: 2143,
38: 5, 39521,
39: 2, 37, 23689, 39409,
40: 23,
41: 3, 7, 97, 211, 118819,
42: 463, 1793203,
43: 2, 3, 7, 19, 1097,
44: 5, 103, 4789,
45: 577, 122503,
46: 5, 2371, 9967,
47: 2, 4877,
48: 17, 877,
49: 19, 5073337,
50: 3, 19, 71, 11177,
51: 2,
52: 3, 5, 307, 60761,
53:
54: 347, 6691,
55: 2, 151, 163, 617, 12697,
56: 1597,
57: 13, 107, 1439, 6343,
58: 17, 257, 911, 7549, 59149, 3841567,
59: 2, 3,
60: 7, 4297,
61: 3, 7, 103, 113,
62:
63: 2, 5, 7417,
64:
65: 5023, 56543,
66: 4019579,
67: 2, 13, 79, 3824333,
68: 3, 79, 41399,
69: 5, 47, 157, 8689, 370919,
70: 3, 11, 349, 5179, 76213,
71: 2, 5,
72: 7,
73: 7,
74: 643, 1499, 1392527,
75: 2, 401,
76: 13, 67, 157, 163351,
77: 3, 5, 257, 1303, 682819,
78: 59, 83, 10399, 14601133,
79: 2, 3, 617, 3499,
80: 19, 37, 101, 13007,
81:
82:
83: 2, 11, 193,
84: 31, 853,
85: 77713,
86: 3, 13, 31, 167, 173, 3019, 2629537,
87: 2, 197, 1319, 3947,
88: 3, 5, 15031, 1951093,
89:
90: 7, 547,
91: 2,
92: 7, 6607, 70201,
93: 17, 239,
94: 5, 5303, 7369,
95: 2, 3, 23, 89, 2113789,
96: 5,
97: 3, 19, 461,
98: 1655827,
99: 2,
100: 210173,
101: 11, 613, 1181, 7639, 4951823,
102: 5, 39937,
103: 2, 163, 227,
104: 3, 479, 76157,
105: 6469,
106: 3, 1223,
107: 2, 11, 23, 41, 7949,
108: 19, 29, 48677,
109: 7, 11, 56897,
110: 7,
111: 2, 11,
112:
113: 3, 5, 11,
114: 17, 31, 377339,
115: 2, 3, 953, 13367,
116: 1607,
117: 17, 181, 3534863,
118: 683,
119: 2, 5, 11, 131, 281,
120: 211,
121: 5, 7, 197, 7883, 21023, 93701,
122: 3, 7,
123: 2, 16125269,
124: 3,
125: 47, 3833,
126: 18461, 4363049,
127: 2, 5,
128: 1619, 10009,
129: 97,
130:
131: 2, 3,
132: 181, 3767,
133: 3, 13, 181, 269, 1051, 69193,
134: 13, 1213951,
135: 2,
136: 3539, 8713,
137: 11, 13, 479, 3037,
138: 5, 17, 120997, 444181,
139: 2, 7, 337,
140: 3, 199,
141: 7, 17, 303409,
142: 3, 1051,
143: 2, 251,
144: 5,
145: 769,
146: 5, 1087, 6003323,
147: 2, 23, 101, 443,
148:
149: 3, 1153, 15778573,
150: 11, 701, 4957,
151: 2, 3,
152: 5, 71, 197,
153: 3868219,
154: 23, 3229,
155: 2, 13, 47, 4673,
156: 10079, 334049,
157: 13,
158: 3, 7, 211, 1153, 24077,
159: 2, 7,
160: 3, 18181, 676259,
161: 29,
162: 17,
163: 2, 5, 6011,
164: 149,
165: 89, 2333, 806513,
166: 41,
167: 2, 3, 29, 43, 101, 173, 11243,
168: 157, 4871,
169: 3, 5,
170: 7,
171: 2, 5, 7, 239, 23893, 897931,
172: 23, 419, 6257, 176789, 647477, 3488971,
173: 27737,
174: 23173,
175: 2, 13, 547, 11760083,
176: 3,
177: 5, 83, 16057,
178: 3, 13, 2917,
179: 2, 13, 929, 1429,
180: 7392503,
181: 67,
182: 97, 109, 509, 1297, 1523,
183: 2, 47, 167,
184: 16333,
185: 3,
186: 83,
187: 2, 3,
188: 5, 7,
189: 139,
190: 7, 71,
191: 2, 11, 13030747,
192: 29, 1259, 24419,
193:
194: 3, 5, 5113,
195: 2, 373,
196: 3, 5, 173,
197: 17, 101, 77479,
198: 31, 121327, 127363, 9375251,
199: 2, 5639, 9300149,
200: 539447,
201: 157, 12097,
202: 5, 1985639, 2008493,
203: 2, 3, 61,
204: 11, 31, 191,
205: 3, 8807, 1895711,
206: 347, 607, 299671,
207: 2, 7, 17, 29, 797, 2111,
208: 7, 7159,
209:
210: 83, 107, 6473,
211: 2,
212: 3, 67,
213: 5,
214: 3,
215: 2, 19, 71, 14070527,
216: 1951, 467147,
217: 16067,
218: 43,
219: 2, 5, 7, 563,
220: 7, 145177, 554383,
221: 3, 5, 709,
222: 11,
223: 2, 3, 2099,
224: 137, 1327,
225: 337,
226: 13, 19,
227: 2, 5, 18503,
228: 11,
229: 1447, 3583,
230: 3, 11, 139, 313, 3405289,
231: 2, 24859, 626609,
232: 3, 11, 17, 23, 2089, 803399,
233: 43, 47, 73, 699217,
234: 11, 17, 286777,
235: 2, 181, 2657,
236: 13,
237: 7, 12203,
238: 5, 29, 4542719,
239: 2, 3, 7, 59, 181,
240: 11, 23, 59, 79, 101, 4793,
241: 3, 29, 59, 184993, 216841, 1387501,
242: 815953,
243: 2, 19, 23, 67, 113, 193, 389, 421303,
244: 5,
245: 13, 43, 103, 733,
246: 5, 173, 15287, 34369, 4749037,
247: 2, 103,
248: 3, 47, 1319, 1086749,
249: 43, 1451,
250: 3, 283, 211723, 284269,
251: 2, 23, 577, 853,
252: 5,
253: 823,
254: 489217, 1086461,
255: 2, 13, 969343,
256: 7, 1213, 2663,
