1,Mod(2, 3)
2,Mod(2, 5)
3,Mod(3, 7)
4,Mod(2, 9)
5,Mod(2, 11)
6,Mod(2, 13)
7,Mod(2, 15)
8,Mod(3, 17)
9,Mod(2, 19)
10,Mod(2, 21)
11,Mod(5, 23)
12,Mod(2, 25)
13,Mod(2, 27)
14,Mod(2, 29)
15,Mod(3, 31)
16,Mod(5, 33)
17,Mod(2, 35)
18,Mod(2, 37)
19,Mod(7, 39)
20,Mod(6, 41)
21,Mod(3, 43)
22,Mod(2, 45)
23,Mod(5, 47)
24,Mod(3, 49)
25,Mod(2, 51)
26,Mod(2, 53)
27,Mod(3, 55)
28,Mod(5, 57)
29,Mod(2, 59)
30,Mod(2, 61)
31,Mod(5, 63)
32,Mod(3, 65)
33,Mod(2, 67)
34,Mod(2, 69)
35,Mod(7, 71)
36,Mod(5, 73)
37,Mod(2, 75)
38,Mod(2, 77)
39,Mod(3, 79)
40,Mod(2, 81)
41,Mod(2, 83)
42,Mod(2, 85)
43,Mod(5, 87)
44,Mod(3, 89)
45,Mod(2, 91)
46,Mod(2, 93)
47,Mod(7, 95)
48,Mod(5, 97)
49,Mod(2, 99)
50,Mod(2, 101)
51,Mod(5, 103)
52,Mod(11, 105)
53,Mod(2, 107)
54,Mod(6, 109)
55,Mod(11, 111)
56,Mod(3, 113)
57,Mod(2, 115)
58,Mod(2, 117)
59,Mod(11, 119)
60,Mod(2, 121)
61,Mod(2, 123)
62,Mod(2, 125)
63,Mod(3, 127)
64,Mod(7, 129)
65,Mod(2, 131)
66,Mod(2, 133)
67,Mod(7, 135)
68,Mod(3, 137)
69,Mod(2, 139)
70,Mod(2, 141)
71,Mod(5, 143)
72,Mod(7, 145)
73,Mod(2, 147)
74,Mod(2, 149)
75,Mod(6, 151)
76,Mod(5, 153)
77,Mod(2, 155)
78,Mod(5, 157)
79,Mod(11, 159)
80,Mod(3, 161)
81,Mod(2, 163)
82,Mod(2, 165)
83,Mod(5, 167)
84,Mod(2, 169)
85,Mod(2, 171)
86,Mod(2, 173)
87,Mod(3, 175)
88,Mod(5, 177)
89,Mod(2, 179)
90,Mod(2, 181)
91,Mod(5, 183)
92,Mod(3, 185)
93,Mod(2, 187)
94,Mod(2, 189)
95,Mod(19, 191)
96,Mod(5, 193)
97,Mod(2, 195)
98,Mod(2, 197)
99,Mod(3, 199)
100,Mod(7, 201)
101,Mod(2, 203)
102,Mod(2, 205)
103,Mod(5, 207)
104,Mod(3, 209)
105,Mod(2, 211)
106,Mod(2, 213)
107,Mod(13, 215)
108,Mod(10, 217)
109,Mod(2, 219)
110,Mod(2, 221)
111,Mod(3, 223)
112,Mod(2, 225)
113,Mod(2, 227)
114,Mod(6, 229)
115,Mod(17, 231)
116,Mod(3, 233)
117,Mod(2, 235)
118,Mod(2, 237)
119,Mod(7, 239)
120,Mod(7, 241)
121,Mod(2, 243)
122,Mod(2, 245)
123,Mod(3, 247)
124,Mod(11, 249)
125,Mod(6, 251)
126,Mod(2, 253)
127,Mod(13, 255)
128,Mod(3, 257)
129,Mod(2, 259)
130,Mod(2, 261)
131,Mod(5, 263)
132,Mod(7, 265)
133,Mod(2, 267)
134,Mod(2, 269)
135,Mod(6, 271)
136,Mod(5, 273)
137,Mod(2, 275)
138,Mod(5, 277)
139,Mod(11, 279)
140,Mod(3, 281)
141,Mod(3, 283)
142,Mod(2, 285)
143,Mod(5, 287)
144,Mod(3, 289)
145,Mod(2, 291)
146,Mod(2, 293)
147,Mod(3, 295)
148,Mod(5, 297)
149,Mod(2, 299)
150,Mod(2, 301)
151,Mod(5, 303)
152,Mod(3, 305)
153,Mod(5, 307)
154,Mod(2, 309)
155,Mod(17, 311)
156,Mod(10, 313)
157,Mod(2, 315)
158,Mod(2, 317)
159,Mod(3, 319)
160,Mod(7, 321)
161,Mod(2, 323)
162,Mod(2, 325)
163,Mod(5, 327)
164,Mod(3, 329)
165,Mod(3, 331)
166,Mod(2, 333)
167,Mod(11, 335)
168,Mod(10, 337)
169,Mod(2, 339)
170,Mod(3, 341)
171,Mod(3, 343)
172,Mod(13, 345)
173,Mod(2, 347)
174,Mod(2, 349)
175,Mod(7, 351)
176,Mod(3, 353)
177,Mod(2, 355)
178,Mod(2, 357)
179,Mod(7, 359)
180,Mod(2, 361)
181,Mod(2, 363)
182,Mod(2, 365)
183,Mod(6, 367)
184,Mod(7, 369)
185,Mod(2, 371)
186,Mod(2, 373)
187,Mod(7, 375)
188,Mod(3, 377)
189,Mod(2, 379)
190,Mod(2, 381)
191,Mod(5, 383)
192,Mod(13, 385)
193,Mod(2, 387)
194,Mod(2, 389)
195,Mod(3, 391)
196,Mod(5, 393)
197,Mod(2, 395)
198,Mod(5, 397)
199,Mod(11, 399)
200,Mod(3, 401)
201,Mod(2, 403)
202,Mod(2, 405)
203,Mod(5, 407)
204,Mod(21, 409)
205,Mod(2, 411)
206,Mod(2, 413)
207,Mod(3, 415)
208,Mod(5, 417)
209,Mod(2, 419)
210,Mod(2, 421)
211,Mod(5, 423)
212,Mod(3, 425)
213,Mod(2, 427)
214,Mod(2, 429)
215,Mod(7, 431)
216,Mod(5, 433)
217,Mod(2, 435)
218,Mod(2, 437)
219,Mod(15, 439)
220,Mod(2, 441)
221,Mod(2, 443)
222,Mod(2, 445)
223,Mod(5, 447)
224,Mod(3, 449)
225,Mod(2, 451)
226,Mod(2, 453)
227,Mod(11, 455)
228,Mod(13, 457)
229,Mod(2, 459)
230,Mod(2, 461)
231,Mod(3, 463)
232,Mod(7, 465)
233,Mod(2, 467)
234,Mod(2, 469)
235,Mod(7, 471)
236,Mod(3, 473)
237,Mod(2, 475)
238,Mod(2, 477)
239,Mod(13, 479)
240,Mod(7, 481)
241,Mod(2, 483)
242,Mod(2, 485)
243,Mod(3, 487)
244,Mod(7, 489)
245,Mod(2, 491)
246,Mod(2, 493)
247,Mod(19, 495)
248,Mod(3, 497)
249,Mod(7, 499)
250,Mod(2, 501)
251,Mod(5, 503)
252,Mod(11, 505)
253,Mod(2, 507)
254,Mod(2, 509)
255,Mod(3, 511)
256,Mod(5, 513)
257,Mod(2, 515)
258,Mod(2, 517)
259,Mod(7, 519)
260,Mod(3, 521)
261,Mod(2, 523)
262,Mod(2, 525)
263,Mod(5, 527)
264,Mod(5, 529)
265,Mod(2, 531)
266,Mod(2, 533)
267,Mod(3, 535)
268,Mod(5, 537)
269,Mod(2, 539)
270,Mod(2, 541)
271,Mod(5, 543)
272,Mod(3, 545)
273,Mod(2, 547)
274,Mod(2, 549)
275,Mod(11, 551)
276,Mod(5, 553)
277,Mod(2, 555)
278,Mod(2, 557)
279,Mod(3, 559)
280,Mod(29, 561)
281,Mod(2, 563)
282,Mod(2, 565)
283,Mod(5, 567)
284,Mod(3, 569)
285,Mod(3, 571)
286,Mod(2, 573)
287,Mod(7, 575)
288,Mod(5, 577)
289,Mod(2, 579)
290,Mod(2, 581)
291,Mod(3, 583)
292,Mod(11, 585)
293,Mod(2, 587)
294,Mod(2, 589)
295,Mod(13, 591)
296,Mod(3, 593)
297,Mod(2, 595)
298,Mod(2, 597)
299,Mod(7, 599)
300,Mod(7, 601)
301,Mod(2, 603)
302,Mod(2, 605)
303,Mod(3, 607)
304,Mod(13, 609)
305,Mod(2, 611)
306,Mod(2, 613)
307,Mod(17, 615)
308,Mod(3, 617)
309,Mod(2, 619)
310,Mod(2, 621)
311,Mod(5, 623)
312,Mod(2, 625)
313,Mod(2, 627)
314,Mod(2, 629)
315,Mod(3, 631)
316,Mod(5, 633)
317,Mod(2, 635)
318,Mod(2, 637)
319,Mod(7, 639)
320,Mod(3, 641)
321,Mod(11, 643)
322,Mod(2, 645)
323,Mod(5, 647)
324,Mod(7, 649)
325,Mod(2, 651)
326,Mod(2, 653)
327,Mod(3, 655)
328,Mod(5, 657)
329,Mod(2, 659)
330,Mod(2, 661)
331,Mod(5, 663)
332,Mod(3, 665)
333,Mod(2, 667)
334,Mod(2, 669)
335,Mod(13, 671)
336,Mod(5, 673)
337,Mod(2, 675)
338,Mod(2, 677)
339,Mod(3, 679)
340,Mod(11, 681)
341,Mod(5, 683)
342,Mod(2, 685)
343,Mod(5, 687)
344,Mod(3, 689)
345,Mod(3, 691)
346,Mod(2, 693)
347,Mod(7, 695)
348,Mod(5, 697)
349,Mod(2, 699)
350,Mod(2, 701)
351,Mod(5, 703)
352,Mod(7, 705)
353,Mod(2, 707)
354,Mod(2, 709)
355,Mod(7, 711)
356,Mod(3, 713)
357,Mod(2, 715)
358,Mod(2, 717)
359,Mod(11, 719)
360,Mod(11, 721)
361,Mod(2, 723)
362,Mod(2, 725)
363,Mod(5, 727)
364,Mod(2, 729)
365,Mod(2, 731)
366,Mod(6, 733)
367,Mod(11, 735)
368,Mod(3, 737)
369,Mod(3, 739)
370,Mod(2, 741)
371,Mod(5, 743)
372,Mod(7, 745)
373,Mod(2, 747)
374,Mod(2, 749)
375,Mod(3, 751)
376,Mod(5, 753)
377,Mod(2, 755)
378,Mod(2, 757)
379,Mod(13, 759)
380,Mod(6, 761)
381,Mod(2, 763)
382,Mod(2, 765)
383,Mod(5, 767)
384,Mod(11, 769)
385,Mod(2, 771)
386,Mod(2, 773)
387,Mod(3, 775)
388,Mod(5, 777)
389,Mod(2, 779)
390,Mod(2, 781)
391,Mod(5, 783)
392,Mod(3, 785)
393,Mod(2, 787)
394,Mod(2, 789)
395,Mod(13, 791)
396,Mod(5, 793)
397,Mod(2, 795)
398,Mod(2, 797)
399,Mod(3, 799)
400,Mod(7, 801)
401,Mod(2, 803)
402,Mod(2, 805)
403,Mod(5, 807)
404,Mod(3, 809)
405,Mod(3, 811)
406,Mod(2, 813)
407,Mod(11, 815)
408,Mod(5, 817)
409,Mod(2, 819)
410,Mod(2, 821)
411,Mod(3, 823)
412,Mod(7, 825)
413,Mod(2, 827)
414,Mod(2, 829)
415,Mod(23, 831)
416,Mod(3, 833)
417,Mod(2, 835)
418,Mod(2, 837)
419,Mod(11, 839)
420,Mod(2, 841)
421,Mod(2, 843)
422,Mod(2, 845)
423,Mod(3, 847)
424,Mod(11, 849)
425,Mod(2, 851)
426,Mod(2, 853)
427,Mod(7, 855)
428,Mod(3, 857)
429,Mod(2, 859)
430,Mod(2, 861)
431,Mod(5, 863)
432,Mod(11, 865)
433,Mod(2, 867)
434,Mod(2, 869)
435,Mod(3, 871)
436,Mod(5, 873)
437,Mod(2, 875)
438,Mod(2, 877)
439,Mod(7, 879)
440,Mod(3, 881)
441,Mod(2, 883)
442,Mod(2, 885)
443,Mod(5, 887)
444,Mod(13, 889)
445,Mod(2, 891)
446,Mod(2, 893)
447,Mod(3, 895)
448,Mod(5, 897)
449,Mod(2, 899)
450,Mod(2, 901)
451,Mod(5, 903)
452,Mod(3, 905)
453,Mod(2, 907)
454,Mod(2, 909)
455,Mod(17, 911)
456,Mod(5, 913)
457,Mod(2, 915)
458,Mod(2, 917)
459,Mod(7, 919)
460,Mod(11, 921)
461,Mod(2, 923)
462,Mod(2, 925)
463,Mod(5, 927)
464,Mod(3, 929)
465,Mod(2, 931)
466,Mod(2, 933)
467,Mod(7, 935)
468,Mod(5, 937)
469,Mod(2, 939)
470,Mod(2, 941)
471,Mod(3, 943)
472,Mod(11, 945)
473,Mod(2, 947)
474,Mod(2, 949)
475,Mod(11, 951)
476,Mod(3, 953)
477,Mod(2, 955)
478,Mod(2, 957)
479,Mod(17, 959)
480,Mod(3, 961)
481,Mod(2, 963)
482,Mod(2, 965)
483,Mod(5, 967)
484,Mod(7, 969)
485,Mod(6, 971)
486,Mod(2, 973)
487,Mod(7, 975)
488,Mod(3, 977)
489,Mod(2, 979)
490,Mod(2, 981)
491,Mod(5, 983)
492,Mod(7, 985)
493,Mod(2, 987)
494,Mod(2, 989)
495,Mod(6, 991)
496,Mod(5, 993)
497,Mod(2, 995)
498,Mod(7, 997)
499,Mod(11, 999)
500,Mod(3, 1001)
501,Mod(2, 1003)
502,Mod(2, 1005)
503,Mod(5, 1007)
504,Mod(11, 1009)
505,Mod(2, 1011)
506,Mod(3, 1013)
507,Mod(3, 1015)
508,Mod(5, 1017)
509,Mod(2, 1019)
510,Mod(10, 1021)
511,Mod(5, 1023)
512,Mod(3, 1025)
