0,
1,
2, 0,
3, 0,
4, 2, 0,
5, 0,
6, 5, 0,
7, 0,
8, 6, 5, 0,
9, 3, 0,
10, 7, 0,
11, 0,
12, 15, 8, 6, 5, 0,
13, 0,
14, 9, 3, 0,
15, 8, 6, 5, 0,
16, 14, 9, 3, 0,
17, 0,
18, 20, 21, 10, 7, 0,
19, 0,
20, 21, 10, 7, 0,
21, 10, 7, 0,
22, 13, 0,
23, 0,
24, 35, 12, 15, 8, 6, 5, 0,
25, 5, 0,
26, 15, 8, 6, 5, 0,
27, 12, 15, 8, 6, 5, 0,
28, 27, 12, 15, 8, 6, 5, 0,
29, 0,
30, 41, 0,
31, 0,
32, 30, 41, 0,
33, 14, 9, 3, 0,
34, 19, 0,
35, 12, 15, 8, 6, 5, 0,
36, 54, 65, 18, 20, 21, 10, 7, 0,
37, 0,
38, 21, 10, 7, 0,
39, 16, 14, 9, 3, 0,
40, 49, 7, 0,
41, 0,
42, 53, 0,
43, 0,
44, 39, 16, 14, 9, 3, 0,
45, 32, 30, 41, 0,
46, 25, 5, 0,
47, 0,
48, 75, 48, 75, 48, 75, 48, 75, 48, 75, 48, 75, 48, 75, 48, 75, 48, 75, 48, 75, 48, 75, 48, 75, 48, 75, 48, 75, 48, 75, 48, 75, 48, 75, 48, 75, 48, 75, 48, 75, 48, 75, 48, 75, 48, 75, 48, 75, 48, 75, 48, 75, 48, 75, 48, 75, 48, 75, 48, 75, 48, 75, 48, 75, 48, 75, 48, 75, 48, 75, 48, 75, 48, 75, 48, 75, 48, 75, 48, 75, 48, 75, 48, 75, 48, 75, 48, 75, 48, 75, 48, 75, 48, 75, 48, 75, 48, 75, 48, 75, 48, 75, 48, 75, 48, 75, 48, 75, 48, 75, 48, 75, 48, 75, 48, 75, 48, 75, 48, 75, 48, 75, 48, 75, 48, 75, 48, 75, 48, 75, 48, 75, 48, 75, 48, 75, 48, 75, 48, 75, 48, 75, 48, 75, 48, 75, 48, 75, 48, 75, 48, 75, 48, 75, 48, 75, 48, 75, 48, 75, 48, 75, 48, 75, 48, 75, 48, 75, 48, 75, 48, 75, 48, 75, 48, 75, 48, 75, 48, 75, 48, 75, 48, 75, 48, 75, 48, 75, 48, 75, 48, 75, 48, 75, 48, 75, 48, 75, 48, 75, 48, 75, 48, 75, 48, 75, 48, 75, 48, 75, 48, 75, 48, 75, 48, 75, 48, 75, 48, 75, 48, 75, 48, 75, 48, 75, 48, 75, 48, 75, 48, 75, 48, 75, 48, 75, 48, 75, 48, 75, 48, 75, 48, 75, 48, 75, 48, 75, 48, 75, 48, 75, 48, 75, 48, 75, 48,
49, 7, 0,
50, 42, 53, 0,
51, 20, 21, 10, 7, 0,
52, 45, 32, 30, 41, 0,
53, 0,
54, 65, 18, 20, 21, 10, 7, 0,
55, 16, 14, 9, 3, 0,
56, 63, 40, 49, 7, 0,
57, 22, 13, 0,
58, 31, 0,
59, 0,
60, 107, 0,
61, 0,
62, 33, 14, 9, 3, 0,
63, 40, 49, 7, 0,
64, 62, 33, 14, 9, 3, 0,
65, 18, 20, 21, 10, 7, 0,
66, 77, 18, 20, 21, 10, 7, 0,
67, 0,
68, 57, 22, 13, 0,
69, 26, 15, 8, 6, 5, 0,
70, 73, 0,
71, 0,
72, 122, 63, 40, 49, 7, 0,
73, 0,
74, 39, 16, 14, 9, 3, 0,
75, 48, 75, 48, 75, 48, 75, 48, 75, 48, 75, 48, 75, 48, 75, 48, 75, 48, 75, 48, 75, 48, 75, 48, 75, 48, 75, 48, 75, 48, 75, 48, 75, 48, 75, 48, 75, 48, 75, 48, 75, 48, 75, 48, 75, 48, 75, 48, 75, 48, 75, 48, 75, 48, 75, 48, 75, 48, 75, 48, 75, 48, 75, 48, 75, 48, 75, 48, 75, 48, 75, 48, 75, 48, 75, 48, 75, 48, 75, 48, 75, 48, 75, 48, 75, 48, 75, 48, 75, 48, 75, 48, 75, 48, 75, 48, 75, 48, 75, 48, 75, 48, 75, 48, 75, 48, 75, 48, 75, 48, 75, 48, 75, 48, 75, 48, 75, 48, 75, 48, 75, 48, 75, 48, 75, 48, 75, 48, 75, 48, 75, 48, 75, 48, 75, 48, 75, 48, 75, 48, 75, 48, 75, 48, 75, 48, 75, 48, 75, 48, 75, 48, 75, 48, 75, 48, 75, 48, 75, 48, 75, 48, 75, 48, 75, 48, 75, 48, 75, 48, 75, 48, 75, 48, 75, 48, 75, 48, 75, 48, 75, 48, 75, 48, 75, 48, 75, 48, 75, 48, 75, 48, 75, 48, 75, 48, 75, 48, 75, 48, 75, 48, 75, 48, 75, 48, 75, 48, 75, 48, 75, 48, 75, 48, 75, 48, 75, 48, 75, 48, 75, 48, 75, 48, 75, 48, 75, 48, 75, 48, 75, 48, 75, 48, 75, 48, 75, 48, 75, 48, 75, 48, 75, 48, 75, 48, 75, 48, 75, 48, 75, 48, 75, 48, 75, 48, 75,
76, 63, 40, 49, 7, 0,
77, 18, 20, 21, 10, 7, 0,
78, 89, 0,
79, 0,
80, 105, 86, 45, 32, 30, 41, 0,
81, 39, 16, 14, 9, 3, 0,
82, 43, 0,
83, 0,
84, 139, 0,
85, 22, 13, 0,
86, 45, 32, 30, 41, 0,
87, 32, 30, 41, 0,
88, 91, 20, 21, 10, 7, 0,
89, 0,
90, 143, 24, 35, 12, 15, 8, 6, 5, 0,
91, 20, 21, 10, 7, 0,
92, 75, 48, 75, 48, 75, 48, 75, 48, 75, 48, 75, 48, 75, 48, 75, 48, 75, 48, 75, 48, 75, 48, 75, 48, 75, 48, 75, 48, 75, 48, 75, 48, 75, 48, 75, 48, 75, 48, 75, 48, 75, 48, 75, 48, 75, 48, 75, 48, 75, 48, 75, 48, 75, 48, 75, 48, 75, 48, 75, 48, 75, 48, 75, 48, 75, 48, 75, 48, 75, 48, 75, 48, 75, 48, 75, 48, 75, 48, 75, 48, 75, 48, 75, 48, 75, 48, 75, 48, 75, 48, 75, 48, 75, 48, 75, 48, 75, 48, 75, 48, 75, 48, 75, 48, 75, 48, 75, 48, 75, 48, 75, 48, 75, 48, 75, 48, 75, 48, 75, 48, 75, 48, 75, 48, 75, 48, 75, 48, 75, 48, 75, 48, 75, 48, 75, 48, 75, 48, 75, 48, 75, 48, 75, 48, 75, 48, 75, 48, 75, 48, 75, 48, 75, 48, 75, 48, 75, 48, 75, 48, 75, 48, 75, 48, 75, 48, 75, 48, 75, 48, 75, 48, 75, 48, 75, 48, 75, 48, 75, 48, 75, 48, 75, 48, 75, 48, 75, 48, 75, 48, 75, 48, 75, 48, 75, 48, 75, 48, 75, 48, 75, 48, 75, 48, 75, 48, 75, 48, 75, 48, 75, 48, 75, 48, 75, 48, 75, 48, 75, 48, 75, 48, 75, 48, 75, 48, 75, 48, 75, 48, 75, 48, 75, 48, 75, 48, 75, 48, 75, 48, 75, 48, 75, 48, 75, 48, 75, 48, 75, 48, 75, 48, 75, 48, 75, 48,
93, 34, 19, 0,
94, 49, 7, 0,
95, 24, 35, 12, 15, 8, 6, 5, 0,
96, 155, 36, 54, 65, 18, 20, 21, 10, 7, 0,
97, 0,
98, 72, 122, 63, 40, 49, 7, 0,
99, 56, 63, 40, 49, 7, 0,
100, 116, 93, 34, 19, 0,
101, 0,
102, 113, 0,
103, 0,
104, 105, 86, 45, 32, 30, 41, 0,
105, 86, 45, 32, 30, 41, 0,
106, 55, 16, 14, 9, 3, 0,
107, 0,
108, 171, 88, 91, 20, 21, 10, 7, 0,
109, 0,
110, 105, 86, 45, 32, 30, 41, 0,
111, 40, 49, 7, 0,
112, 135, 104, 105, 86, 45, 32, 30, 41, 0,
113, 0,
114, 125, 30, 41, 0,
115, 28, 27, 12, 15, 8, 6, 5, 0,
116, 93, 34, 19, 0,
117, 64, 62, 33, 14, 9, 3, 0,
118, 61, 0,
119, 24, 35, 12, 15, 8, 6, 5, 0,
120, 239, 0,
121, 11, 0,
122, 63, 40, 49, 7, 0,
123, 44, 39, 16, 14, 9, 3, 0,
124, 99, 56, 63, 40, 49, 7, 0,
125, 30, 41, 0,
126, 185, 42, 53, 0,
127, 0,
128, 126, 185, 42, 53, 0,
129, 46, 25, 5, 0,
130, 121, 11, 0,
131, 0,
132, 203, 36, 54, 65, 18, 20, 21, 10, 7, 0,
133, 26, 15, 8, 6, 5, 0,
134, 69, 26, 15, 8, 6, 5, 0,
135, 104, 105, 86, 45, 32, 30, 41, 0,
136, 133, 26, 15, 8, 6, 5, 0,
137, 0,
138, 149, 0,
139, 0,
140, 195, 140, 195, 140, 195, 140, 195, 140, 195, 140, 195, 140, 195, 140, 195, 140, 195, 140, 195, 140, 195, 140, 195, 140, 195, 140, 195, 140, 195, 140, 195, 140, 195, 140, 195, 140, 195, 140, 195, 140, 195, 140, 195, 140, 195, 140, 195, 140, 195, 140, 195, 140, 195, 140, 195, 140, 195, 140, 195, 140, 195, 140, 195, 140, 195, 140, 195, 140, 195, 140, 195, 140, 195, 140, 195, 140, 195, 140, 195, 140, 195, 140, 195, 140, 195, 140, 195, 140, 195, 140, 195, 140, 195, 140, 195, 140, 195, 140, 195, 140, 195, 140, 195, 140, 195, 140, 195, 140, 195, 140, 195, 140, 195, 140, 195, 140, 195, 140, 195, 140, 195, 140, 195, 140, 195, 140, 195, 140, 195, 140, 195, 140, 195, 140, 195, 140, 195, 140, 195, 140, 195, 140, 195, 140, 195, 140, 195, 140, 195, 140, 195, 140, 195, 140, 195, 140, 195, 140, 195, 140, 195, 140, 195, 140, 195, 140, 195, 140, 195, 140, 195, 140, 195, 140, 195, 140, 195, 140, 195, 140, 195, 140, 195, 140, 195, 140, 195, 140, 195, 140, 195, 140, 195, 140, 195, 140, 195, 140, 195, 140, 195, 140, 195, 140, 195, 140, 195, 140, 195, 140, 195, 140, 195, 140, 195, 140, 195, 140, 195, 140, 195, 140, 195, 140, 195, 140, 195, 140, 195, 140, 195, 140, 195, 140, 195, 140, 195, 140, 195, 140, 195, 140, 195, 140, 195, 140, 195, 140, 195, 140, 195, 140, 195, 140, 195, 140,
141, 50, 42, 53, 0,
142, 73, 0,
143, 24, 35, 12, 15, 8, 6, 5, 0,
144, 258, 269, 0,
145, 34, 19, 0,
146, 75, 48, 75, 48, 75, 48, 75, 48, 75, 48, 75, 48, 75, 48, 75, 48, 75, 48, 75, 48, 75, 48, 75, 48, 75, 48, 75, 48, 75, 48, 75, 48, 75, 48, 75, 48, 75, 48, 75, 48, 75, 48, 75, 48, 75, 48, 75, 48, 75, 48, 75, 48, 75, 48, 75, 48, 75, 48, 75, 48, 75, 48, 75, 48, 75, 48, 75, 48, 75, 48, 75, 48, 75, 48, 75, 48, 75, 48, 75, 48, 75, 48, 75, 48, 75, 48, 75, 48, 75, 48, 75, 48, 75, 48, 75, 48, 75, 48, 75, 48, 75, 48, 75, 48, 75, 48, 75, 48, 75, 48, 75, 48, 75, 48, 75, 48, 75, 48, 75, 48, 75, 48, 75, 48, 75, 48, 75, 48, 75, 48, 75, 48, 75, 48, 75, 48, 75, 48, 75, 48, 75, 48, 75, 48, 75, 48, 75, 48, 75, 48, 75, 48, 75, 48, 75, 48, 75, 48, 75, 48, 75, 48, 75, 48, 75, 48, 75, 48, 75, 48, 75, 48, 75, 48, 75, 48, 75, 48, 75, 48, 75, 48, 75, 48, 75, 48, 75, 48, 75, 48, 75, 48, 75, 48, 75, 48, 75, 48, 75, 48, 75, 48, 75, 48, 75, 48, 75, 48, 75, 48, 75, 48, 75, 48, 75, 48, 75, 48, 75, 48, 75, 48, 75, 48, 75, 48, 75, 48, 75, 48, 75, 48, 75, 48, 75, 48, 75, 48, 75, 48, 75, 48, 75, 48, 75, 48, 75, 48, 75, 48, 75, 48, 75, 48, 75, 48,
147, 80, 105, 86, 45, 32, 30, 41, 0,
148, 117, 64, 62, 33, 14, 9, 3, 0,
149, 0,
150, 221, 30, 41, 0,
151, 0,
152, 147, 80, 105, 86, 45, 32, 30, 41, 0,
153, 80, 105, 86, 45, 32, 30, 41, 0,
154, 133, 26, 15, 8, 6, 5, 0,
155, 36, 54, 65, 18, 20, 21, 10, 7, 0,
156, 235, 52, 45, 32, 30, 41, 0,
157, 0,
158, 81, 39, 16, 14, 9, 3, 0,
159, 56, 63, 40, 49, 7, 0,
160, 217, 38, 21, 10, 7, 0,
161, 30, 41, 0,
162, 200, 264, 455, 216, 383, 0,
163, 0,
164, 129, 46, 25, 5, 0,
165, 122, 63, 40, 49, 7, 0,
166, 85, 22, 13, 0,
167, 0,
168, 311, 0,
169, 13, 0,
170, 153, 80, 105, 86, 45, 32, 30, 41, 0,
171, 88, 91, 20, 21, 10, 7, 0,
172, 135, 104, 105, 86, 45, 32, 30, 41, 0,
173, 0,
174, 185, 42, 53, 0,
175, 72, 122, 63, 40, 49, 7, 0,
176, 195, 140, 195, 140, 195, 140, 195, 140, 195, 140, 195, 140, 195, 140, 195, 140, 195, 140, 195, 140, 195, 140, 195, 140, 195, 140, 195, 140, 195, 140, 195, 140, 195, 140, 195, 140, 195, 140, 195, 140, 195, 140, 195, 140, 195, 140, 195, 140, 195, 140, 195, 140, 195, 140, 195, 140, 195, 140, 195, 140, 195, 140, 195, 140, 195, 140, 195, 140, 195, 140, 195, 140, 195, 140, 195, 140, 195, 140, 195, 140, 195, 140, 195, 140, 195, 140, 195, 140, 195, 140, 195, 140, 195, 140, 195, 140, 195, 140, 195, 140, 195, 140, 195, 140, 195, 140, 195, 140, 195, 140, 195, 140, 195, 140, 195, 140, 195, 140, 195, 140, 195, 140, 195, 140, 195, 140, 195, 140, 195, 140, 195, 140, 195, 140, 195, 140, 195, 140, 195, 140, 195, 140, 195, 140, 195, 140, 195, 140, 195, 140, 195, 140, 195, 140, 195, 140, 195, 140, 195, 140, 195, 140, 195, 140, 195, 140, 195, 140, 195, 140, 195, 140, 195, 140, 195, 140, 195, 140, 195, 140, 195, 140, 195, 140, 195, 140, 195, 140, 195, 140, 195, 140, 195, 140, 195, 140, 195, 140, 195, 140, 195, 140, 195, 140, 195, 140, 195, 140, 195, 140, 195, 140, 195, 140, 195, 140, 195, 140, 195, 140, 195, 140, 195, 140, 195, 140, 195, 140, 195, 140, 195, 140, 195, 140, 195, 140, 195, 140, 195, 140, 195, 140, 195, 140, 195, 140, 195, 140, 195, 140, 195, 140, 195, 140, 195, 140,
177, 62, 33, 14, 9, 3, 0,
178, 91, 20, 21, 10, 7, 0,
179, 0,
180, 365, 78, 89, 0,
181, 0,
182, 153, 80, 105, 86, 45, 32, 30, 41, 0,
183, 64, 62, 33, 14, 9, 3, 0,
184, 175, 72, 122, 63, 40, 49, 7, 0,
185, 42, 53, 0,
186, 197, 0,
187, 28, 27, 12, 15, 8, 6, 5, 0,
188, 147, 80, 105, 86, 45, 32, 30, 41, 0,
189, 130, 121, 11, 0,
190, 169, 13, 0,
191, 0,
192, 315, 308, 363, 168, 311, 0,
193, 0,
194, 99, 56, 63, 40, 49, 7, 0,
195, 140, 195, 140, 195, 140, 195, 140, 195, 140, 195, 140, 195, 140, 195, 140, 195, 140, 195, 140, 195, 140, 195, 140, 195, 140, 195, 140, 195, 140, 195, 140, 195, 140, 195, 140, 195, 140, 195, 140, 195, 140, 195, 140, 195, 140, 195, 140, 195, 140, 195, 140, 195, 140, 195, 140, 195, 140, 195, 140, 195, 140, 195, 140, 195, 140, 195, 140, 195, 140, 195, 140, 195, 140, 195, 140, 195, 140, 195, 140, 195, 140, 195, 140, 195, 140, 195, 140, 195, 140, 195, 140, 195, 140, 195, 140, 195, 140, 195, 140, 195, 140, 195, 140, 195, 140, 195, 140, 195, 140, 195, 140, 195, 140, 195, 140, 195, 140, 195, 140, 195, 140, 195, 140, 195, 140, 195, 140, 195, 140, 195, 140, 195, 140, 195, 140, 195, 140, 195, 140, 195, 140, 195, 140, 195, 140, 195, 140, 195, 140, 195, 140, 195, 140, 195, 140, 195, 140, 195, 140, 195, 140, 195, 140, 195, 140, 195, 140, 195, 140, 195, 140, 195, 140, 195, 140, 195, 140, 195, 140, 195, 140, 195, 140, 195, 140, 195, 140, 195, 140, 195, 140, 195, 140, 195, 140, 195, 140, 195, 140, 195, 140, 195, 140, 195, 140, 195, 140, 195, 140, 195, 140, 195, 140, 195, 140, 195, 140, 195, 140, 195, 140, 195, 140, 195, 140, 195, 140, 195, 140, 195, 140, 195, 140, 195, 140, 195, 140, 195, 140, 195, 140, 195, 140, 195, 140, 195, 140, 195, 140, 195, 140, 195, 140, 195, 140, 195,
196, 202, 103, 0,
197, 0,
198, 269, 0,
199, 0,
200, 264, 455, 216, 383, 0,
201, 70, 73, 0,
202, 103, 0,
203, 36, 54, 65, 18, 20, 21, 10, 7, 0,
204, 299, 36, 54, 65, 18, 20, 21, 10, 7, 0,
205, 46, 25, 5, 0,
206, 105, 86, 45, 32, 30, 41, 0,
207, 104, 105, 86, 45, 32, 30, 41, 0,
208, 225, 177, 62, 33, 14, 9, 3, 0,
209, 30, 41, 0,
210, 365, 78, 89, 0,
211, 0,
212, 165, 122, 63, 40, 49, 7, 0,
213, 74, 39, 16, 14, 9, 3, 0,
214, 109, 0,
215, 48, 75, 48, 75, 48, 75, 48, 75, 48, 75, 48, 75, 48, 75, 48, 75, 48, 75, 48, 75, 48, 75, 48, 75, 48, 75, 48, 75, 48, 75, 48, 75, 48, 75, 48, 75, 48, 75, 48, 75, 48, 75, 48, 75, 48, 75, 48, 75, 48, 75, 48, 75, 48, 75, 48, 75, 48, 75, 48, 75, 48, 75, 48, 75, 48, 75, 48, 75, 48, 75, 48, 75, 48, 75, 48, 75, 48, 75, 48, 75, 48, 75, 48, 75, 48, 75, 48, 75, 48, 75, 48, 75, 48, 75, 48, 75, 48, 75, 48, 75, 48, 75, 48, 75, 48, 75, 48, 75, 48, 75, 48, 75, 48, 75, 48, 75, 48, 75, 48, 75, 48, 75, 48, 75, 48, 75, 48, 75, 48, 75, 48, 75, 48, 75, 48, 75, 48, 75, 48, 75, 48, 75, 48, 75, 48, 75, 48, 75, 48, 75, 48, 75, 48, 75, 48, 75, 48, 75, 48, 75, 48, 75, 48, 75, 48, 75, 48, 75, 48, 75, 48, 75, 48, 75, 48, 75, 48, 75, 48, 75, 48, 75, 48, 75, 48, 75, 48, 75, 48, 75, 48, 75, 48, 75, 48, 75, 48, 75, 48, 75, 48, 75, 48, 75, 48, 75, 48, 75, 48, 75, 48, 75, 48, 75, 48, 75, 48, 75, 48, 75, 48, 75, 48, 75, 48, 75, 48, 75, 48, 75, 48, 75, 48, 75, 48, 75, 48, 75, 48, 75, 48, 75, 48, 75, 48, 75, 48, 75, 48, 75, 48, 75, 48, 75, 48, 75,
216, 383, 0,
217, 38, 21, 10, 7, 0,
218, 111, 40, 49, 7, 0,
219, 76, 63, 40, 49, 7, 0,
220, 283, 0,
221, 30, 41, 0,
222, 233, 0,
223, 0,
224, 279, 136, 133, 26, 15, 8, 6, 5, 0,
225, 177, 62, 33, 14, 9, 3, 0,
226, 115, 28, 27, 12, 15, 8, 6, 5, 0,
227, 0,
228, 331, 0,
229, 0,
230, 201, 70, 73, 0,
231, 152, 147, 80, 105, 86, 45, 32, 30, 41, 0,
232, 217, 38, 21, 10, 7, 0,
233, 0,
234, 311, 0,
235, 52, 45, 32, 30, 41, 0,
236, 183, 64, 62, 33, 14, 9, 3, 0,
237, 82, 43, 0,
238, 193, 0,
239, 0,
240, 503, 0,
241, 0,
242, 156, 235, 52, 45, 32, 30, 41, 0,
243, 120, 239, 0,
244, 189, 130, 121, 11, 0,
245, 96, 155, 36, 54, 65, 18, 20, 21, 10, 7, 0,
246, 257, 0,
247, 32, 30, 41, 0,
248, 231, 152, 147, 80, 105, 86, 45, 32, 30, 41, 0,
249, 86, 45, 32, 30, 41, 0,
250, 217, 38, 21, 10, 7, 0,
251, 0,
252, 475, 144, 258, 269, 0,
253, 34, 19, 0,
254, 129, 46, 25, 5, 0,
255, 176, 195, 140, 195, 140, 195, 140, 195, 140, 195, 140, 195, 140, 195, 140, 195, 140, 195, 140, 195, 140, 195, 140, 195, 140, 195, 140, 195, 140, 195, 140, 195, 140, 195, 140, 195, 140, 195, 140, 195, 140, 195, 140, 195, 140, 195, 140, 195, 140, 195, 140, 195, 140, 195, 140, 195, 140, 195, 140, 195, 140, 195, 140, 195, 140, 195, 140, 195, 140, 195, 140, 195, 140, 195, 140, 195, 140, 195, 140, 195, 140, 195, 140, 195, 140, 195, 140, 195, 140, 195, 140, 195, 140, 195, 140, 195, 140, 195, 140, 195, 140, 195, 140, 195, 140, 195, 140, 195, 140, 195, 140, 195, 140, 195, 140, 195, 140, 195, 140, 195, 140, 195, 140, 195, 140, 195, 140, 195, 140, 195, 140, 195, 140, 195, 140, 195, 140, 195, 140, 195, 140, 195, 140, 195, 140, 195, 140, 195, 140, 195, 140, 195, 140, 195, 140, 195, 140, 195, 140, 195, 140, 195, 140, 195, 140, 195, 140, 195, 140, 195, 140, 195, 140, 195, 140, 195, 140, 195, 140, 195, 140, 195, 140, 195, 140, 195, 140, 195, 140, 195, 140, 195, 140, 195, 140, 195, 140, 195, 140, 195, 140, 195, 140, 195, 140, 195, 140, 195, 140, 195, 140, 195, 140, 195, 140, 195, 140, 195, 140, 195, 140, 195, 140, 195, 140, 195, 140, 195, 140, 195, 140, 195, 140, 195, 140, 195, 140, 195, 140, 195, 140, 195, 140, 195, 140, 195, 140, 195, 140, 195, 140, 195, 140, 195, 140, 195,
256, 254, 129, 46, 25, 5, 0,
257, 0,
258, 269, 0,
259, 44, 39, 16, 14, 9, 3, 0,
260, 327, 112, 135, 104, 105, 86, 45, 32, 30, 41, 0,
261, 128, 126, 185, 42, 53, 0,
262, 133, 26, 15, 8, 6, 5, 0,
263, 0,
264, 455, 216, 383, 0,
265, 58, 31, 0,
266, 213, 74, 39, 16, 14, 9, 3, 0,
267, 92, 75, 48, 75, 48, 75, 48, 75, 48, 75, 48, 75, 48, 75, 48, 75, 48, 75, 48, 75, 48, 75, 48, 75, 48, 75, 48, 75, 48, 75, 48, 75, 48, 75, 48, 75, 48, 75, 48, 75, 48, 75, 48, 75, 48, 75, 48, 75, 48, 75, 48, 75, 48, 75, 48, 75, 48, 75, 48, 75, 48, 75, 48, 75, 48, 75, 48, 75, 48, 75, 48, 75, 48, 75, 48, 75, 48, 75, 48, 75, 48, 75, 48, 75, 48, 75, 48, 75, 48, 75, 48, 75, 48, 75, 48, 75, 48, 75, 48, 75, 48, 75, 48, 75, 48, 75, 48, 75, 48, 75, 48, 75, 48, 75, 48, 75, 48, 75, 48, 75, 48, 75, 48, 75, 48, 75, 48, 75, 48, 75, 48, 75, 48, 75, 48, 75, 48, 75, 48, 75, 48, 75, 48, 75, 48, 75, 48, 75, 48, 75, 48, 75, 48, 75, 48, 75, 48, 75, 48, 75, 48, 75, 48, 75, 48, 75, 48, 75, 48, 75, 48, 75, 48, 75, 48, 75, 48, 75, 48, 75, 48, 75, 48, 75, 48, 75, 48, 75, 48, 75, 48, 75, 48, 75, 48, 75, 48, 75, 48, 75, 48, 75, 48, 75, 48, 75, 48, 75, 48, 75, 48, 75, 48, 75, 48, 75, 48, 75, 48, 75, 48, 75, 48, 75, 48, 75, 48, 75, 48, 75, 48, 75, 48, 75, 48, 75, 48, 75, 48, 75, 48, 75, 48, 75, 48, 75, 48, 75, 48, 75, 48, 75, 48, 75, 48, 75,
268, 207, 104, 105, 86, 45, 32, 30, 41, 0,
269, 0,
270, 449, 0,
271, 0,
272, 285, 194, 99, 56, 63, 40, 49, 7, 0,
273, 174, 185, 42, 53, 0,
274, 139, 0,
275, 96, 155, 36, 54, 65, 18, 20, 21, 10, 7, 0,
276, 395, 84, 139, 0,
277, 0,
278, 141, 50, 42, 53, 0,
279, 136, 133, 26, 15, 8, 6, 5, 0,
280, 439, 0,
281, 0,
282, 293, 0,
283, 0,
284, 219, 76, 63, 40, 49, 7, 0,
285, 194, 99, 56, 63, 40, 49, 7, 0,
286, 217, 38, 21, 10, 7, 0,
287, 48, 75, 48, 75, 48, 75, 48, 75, 48, 75, 48, 75, 48, 75, 48, 75, 48, 75, 48, 75, 48, 75, 48, 75, 48, 75, 48, 75, 48, 75, 48, 75, 48, 75, 48, 75, 48, 75, 48, 75, 48, 75, 48, 75, 48, 75, 48, 75, 48, 75, 48, 75, 48, 75, 48, 75, 48, 75, 48, 75, 48, 75, 48, 75, 48, 75, 48, 75, 48, 75, 48, 75, 48, 75, 48, 75, 48, 75, 48, 75, 48, 75, 48, 75, 48, 75, 48, 75, 48, 75, 48, 75, 48, 75, 48, 75, 48, 75, 48, 75, 48, 75, 48, 75, 48, 75, 48, 75, 48, 75, 48, 75, 48, 75, 48, 75, 48, 75, 48, 75, 48, 75, 48, 75, 48, 75, 48, 75, 48, 75, 48, 75, 48, 75, 48, 75, 48, 75, 48, 75, 48, 75, 48, 75, 48, 75, 48, 75, 48, 75, 48, 75, 48, 75, 48, 75, 48, 75, 48, 75, 48, 75, 48, 75, 48, 75, 48, 75, 48, 75, 48, 75, 48, 75, 48, 75, 48, 75, 48, 75, 48, 75, 48, 75, 48, 75, 48, 75, 48, 75, 48, 75, 48, 75, 48, 75, 48, 75, 48, 75, 48, 75, 48, 75, 48, 75, 48, 75, 48, 75, 48, 75, 48, 75, 48, 75, 48, 75, 48, 75, 48, 75, 48, 75, 48, 75, 48, 75, 48, 75, 48, 75, 48, 75, 48, 75, 48, 75, 48, 75, 48, 75, 48, 75, 48, 75, 48, 75, 48, 75, 48, 75, 48, 75, 48, 75,
288, 530, 441, 299, 36, 54, 65, 18, 20, 21, 10, 7, 0,
289, 17, 0,
290, 249, 86, 45, 32, 30, 41, 0,
291, 100, 116, 93, 34, 19, 0,
292, 225, 177, 62, 33, 14, 9, 3, 0,
293, 0,
294, 389, 0,
295, 64, 62, 33, 14, 9, 3, 0,
296, 273, 174, 185, 42, 53, 0,
297, 182, 153, 80, 105, 86, 45, 32, 30, 41, 0,
298, 151, 0,
299, 36, 54, 65, 18, 20, 21, 10, 7, 0,
300, 567, 400, 560, 927, 424, 385, 190, 169, 13, 0,
301, 50, 42, 53, 0,
302, 153, 80, 105, 86, 45, 32, 30, 41, 0,
303, 104, 105, 86, 45, 32, 30, 41, 0,
304, 315, 308, 363, 168, 311, 0,
305, 66, 77, 18, 20, 21, 10, 7, 0,
306, 395, 84, 139, 0,
307, 0,
308, 363, 168, 311, 0,
309, 106, 55, 16, 14, 9, 3, 0,
310, 265, 58, 31, 0,
311, 0,
312, 527, 48, 75, 48, 75, 48, 75, 48, 75, 48, 75, 48, 75, 48, 75, 48, 75, 48, 75, 48, 75, 48, 75, 48, 75, 48, 75, 48, 75, 48, 75, 48, 75, 48, 75, 48, 75, 48, 75, 48, 75, 48, 75, 48, 75, 48, 75, 48, 75, 48, 75, 48, 75, 48, 75, 48, 75, 48, 75, 48, 75, 48, 75, 48, 75, 48, 75, 48, 75, 48, 75, 48, 75, 48, 75, 48, 75, 48, 75, 48, 75, 48, 75, 48, 75, 48, 75, 48, 75, 48, 75, 48, 75, 48, 75, 48, 75, 48, 75, 48, 75, 48, 75, 48, 75, 48, 75, 48, 75, 48, 75, 48, 75, 48, 75, 48, 75, 48, 75, 48, 75, 48, 75, 48, 75, 48, 75, 48, 75, 48, 75, 48, 75, 48, 75, 48, 75, 48, 75, 48, 75, 48, 75, 48, 75, 48, 75, 48, 75, 48, 75, 48, 75, 48, 75, 48, 75, 48, 75, 48, 75, 48, 75, 48, 75, 48, 75, 48, 75, 48, 75, 48, 75, 48, 75, 48, 75, 48, 75, 48, 75, 48, 75, 48, 75, 48, 75, 48, 75, 48, 75, 48, 75, 48, 75, 48, 75, 48, 75, 48, 75, 48, 75, 48, 75, 48, 75, 48, 75, 48, 75, 48, 75, 48, 75, 48, 75, 48, 75, 48, 75, 48, 75, 48, 75, 48, 75, 48, 75, 48, 75, 48, 75, 48, 75, 48, 75, 48, 75, 48, 75, 48, 75, 48, 75, 48, 75, 48, 75, 48, 75, 48, 75, 48, 75, 48,
313, 0,
314, 159, 56, 63, 40, 49, 7, 0,
315, 308, 363, 168, 311, 0,
316, 243, 120, 239, 0,
317, 0,
318, 329, 54, 65, 18, 20, 21, 10, 7, 0,
319, 40, 49, 7, 0,
320, 441, 299, 36, 54, 65, 18, 20, 21, 10, 7, 0,
321, 110, 105, 86, 45, 32, 30, 41, 0,
322, 253, 34, 19, 0,
323, 36, 54, 65, 18, 20, 21, 10, 7, 0,
324, 522, 647, 0,
325, 108, 171, 88, 91, 20, 21, 10, 7, 0,
326, 165, 122, 63, 40, 49, 7, 0,
327, 112, 135, 104, 105, 86, 45, 32, 30, 41, 0,
328, 301, 50, 42, 53, 0,
329, 54, 65, 18, 20, 21, 10, 7, 0,
330, 533, 54, 65, 18, 20, 21, 10, 7, 0,
331, 0,
332, 255, 176, 195, 140, 195, 140, 195, 140, 195, 140, 195, 140, 195, 140, 195, 140, 195, 140, 195, 140, 195, 140, 195, 140, 195, 140, 195, 140, 195, 140, 195, 140, 195, 140, 195, 140, 195, 140, 195, 140, 195, 140, 195, 140, 195, 140, 195, 140, 195, 140, 195, 140, 195, 140, 195, 140, 195, 140, 195, 140, 195, 140, 195, 140, 195, 140, 195, 140, 195, 140, 195, 140, 195, 140, 195, 140, 195, 140, 195, 140, 195, 140, 195, 140, 195, 140, 195, 140, 195, 140, 195, 140, 195, 140, 195, 140, 195, 140, 195, 140, 195, 140, 195, 140, 195, 140, 195, 140, 195, 140, 195, 140, 195, 140, 195, 140, 195, 140, 195, 140, 195, 140, 195, 140, 195, 140, 195, 140, 195, 140, 195, 140, 195, 140, 195, 140, 195, 140, 195, 140, 195, 140, 195, 140, 195, 140, 195, 140, 195, 140, 195, 140, 195, 140, 195, 140, 195, 140, 195, 140, 195, 140, 195, 140, 195, 140, 195, 140, 195, 140, 195, 140, 195, 140, 195, 140, 195, 140, 195, 140, 195, 140, 195, 140, 195, 140, 195, 140, 195, 140, 195, 140, 195, 140, 195, 140, 195, 140, 195, 140, 195, 140, 195, 140, 195, 140, 195, 140, 195, 140, 195, 140, 195, 140, 195, 140, 195, 140, 195, 140, 195, 140, 195, 140, 195, 140, 195, 140, 195, 140, 195, 140, 195, 140, 195, 140, 195, 140, 195, 140, 195, 140, 195, 140, 195, 140, 195, 140, 195, 140, 195, 140, 195, 140, 195, 140,
333, 160, 217, 38, 21, 10, 7, 0,
334, 169, 13, 0,
335, 72, 122, 63, 40, 49, 7, 0,
336, 655, 136, 133, 26, 15, 8, 6, 5, 0,
337, 0,
338, 210, 365, 78, 89, 0,
339, 116, 93, 34, 19, 0,
340, 415, 88, 91, 20, 21, 10, 7, 0,
341, 42, 53, 0,
342, 437, 42, 53, 0,
343, 56, 63, 40, 49, 7, 0,
344, 315, 308, 363, 168, 311, 0,
345, 230, 201, 70, 73, 0,
346, 175, 72, 122, 63, 40, 49, 7, 0,
347, 0,
348, 491, 0,
349, 0,
350, 393, 134, 69, 26, 15, 8, 6, 5, 0,
351, 208, 225, 177, 62, 33, 14, 9, 3, 0,
352, 403, 44, 39, 16, 14, 9, 3, 0,
353, 0,
354, 365, 78, 89, 0,
355, 76, 63, 40, 49, 7, 0,
356, 273, 174, 185, 42, 53, 0,
357, 218, 111, 40, 49, 7, 0,
358, 181, 0,
359, 0,
360, 809, 0,
361, 19, 0,
362, 183, 64, 62, 33, 14, 9, 3, 0,
363, 168, 311, 0,
364, 419, 0,
365, 78, 89, 0,
366, 377, 42, 53, 0,
367, 0,
368, 375, 248, 231, 152, 147, 80, 105, 86, 45, 32, 30, 41, 0,
369, 176, 195, 140, 195, 140, 195, 140, 195, 140, 195, 140, 195, 140, 195, 140, 195, 140, 195, 140, 195, 140, 195, 140, 195, 140, 195, 140, 195, 140, 195, 140, 195, 140, 195, 140, 195, 140, 195, 140, 195, 140, 195, 140, 195, 140, 195, 140, 195, 140, 195, 140, 195, 140, 195, 140, 195, 140, 195, 140, 195, 140, 195, 140, 195, 140, 195, 140, 195, 140, 195, 140, 195, 140, 195, 140, 195, 140, 195, 140, 195, 140, 195, 140, 195, 140, 195, 140, 195, 140, 195, 140, 195, 140, 195, 140, 195, 140, 195, 140, 195, 140, 195, 140, 195, 140, 195, 140, 195, 140, 195, 140, 195, 140, 195, 140, 195, 140, 195, 140, 195, 140, 195, 140, 195, 140, 195, 140, 195, 140, 195, 140, 195, 140, 195, 140, 195, 140, 195, 140, 195, 140, 195, 140, 195, 140, 195, 140, 195, 140, 195, 140, 195, 140, 195, 140, 195, 140, 195, 140, 195, 140, 195, 140, 195, 140, 195, 140, 195, 140, 195, 140, 195, 140, 195, 140, 195, 140, 195, 140, 195, 140, 195, 140, 195, 140, 195, 140, 195, 140, 195, 140, 195, 140, 195, 140, 195, 140, 195, 140, 195, 140, 195, 140, 195, 140, 195, 140, 195, 140, 195, 140, 195, 140, 195, 140, 195, 140, 195, 140, 195, 140, 195, 140, 195, 140, 195, 140, 195, 140, 195, 140, 195, 140, 195, 140, 195, 140, 195, 140, 195, 140, 195, 140, 195, 140, 195, 140, 195, 140, 195, 140, 195, 140, 195, 140, 195,
370, 313, 0,
371, 60, 107, 0,
372, 523, 0,
373, 0,
374, 273, 174, 185, 42, 53, 0,
375, 248, 231, 152, 147, 80, 105, 86, 45, 32, 30, 41, 0,
376, 343, 56, 63, 40, 49, 7, 0,
377, 42, 53, 0,
378, 581, 90, 143, 24, 35, 12, 15, 8, 6, 5, 0,
379, 0,
380, 459, 260, 327, 112, 135, 104, 105, 86, 45, 32, 30, 41, 0,
381, 130, 121, 11, 0,
382, 193, 0,
383, 0,
384, 635, 132, 203, 36, 54, 65, 18, 20, 21, 10, 7, 0,
385, 190, 169, 13, 0,
386, 195, 140, 195, 140, 195, 140, 195, 140, 195, 140, 195, 140, 195, 140, 195, 140, 195, 140, 195, 140, 195, 140, 195, 140, 195, 140, 195, 140, 195, 140, 195, 140, 195, 140, 195, 140, 195, 140, 195, 140, 195, 140, 195, 140, 195, 140, 195, 140, 195, 140, 195, 140, 195, 140, 195, 140, 195, 140, 195, 140, 195, 140, 195, 140, 195, 140, 195, 140, 195, 140, 195, 140, 195, 140, 195, 140, 195, 140, 195, 140, 195, 140, 195, 140, 195, 140, 195, 140, 195, 140, 195, 140, 195, 140, 195, 140, 195, 140, 195, 140, 195, 140, 195, 140, 195, 140, 195, 140, 195, 140, 195, 140, 195, 140, 195, 140, 195, 140, 195, 140, 195, 140, 195, 140, 195, 140, 195, 140, 195, 140, 195, 140, 195, 140, 195, 140, 195, 140, 195, 140, 195, 140, 195, 140, 195, 140, 195, 140, 195, 140, 195, 140, 195, 140, 195, 140, 195, 140, 195, 140, 195, 140, 195, 140, 195, 140, 195, 140, 195, 140, 195, 140, 195, 140, 195, 140, 195, 140, 195, 140, 195, 140, 195, 140, 195, 140, 195, 140, 195, 140, 195, 140, 195, 140, 195, 140, 195, 140, 195, 140, 195, 140, 195, 140, 195, 140, 195, 140, 195, 140, 195, 140, 195, 140, 195, 140, 195, 140, 195, 140, 195, 140, 195, 140, 195, 140, 195, 140, 195, 140, 195, 140, 195, 140, 195, 140, 195, 140, 195, 140, 195, 140, 195, 140, 195, 140, 195, 140, 195, 140, 195, 140, 195, 140, 195, 140,
387, 184, 175, 72, 122, 63, 40, 49, 7, 0,
388, 297, 182, 153, 80, 105, 86, 45, 32, 30, 41, 0,
389, 0,
390, 617, 0,
391, 40, 49, 7, 0,
392, 462, 689, 66, 77, 18, 20, 21, 10, 7, 0,
393, 134, 69, 26, 15, 8, 6, 5, 0,
394, 199, 0,
395, 84, 139, 0,
396, 695, 144, 258, 269, 0,
397, 0,
398, 201, 70, 73, 0,
399, 240, 503, 0,
400, 560, 927, 424, 385, 190, 169, 13, 0,
401, 0,
402, 413, 66, 77, 18, 20, 21, 10, 7, 0,
403, 44, 39, 16, 14, 9, 3, 0,
404, 309, 106, 55, 16, 14, 9, 3, 0,
405, 320, 441, 299, 36, 54, 65, 18, 20, 21, 10, 7, 0,
406, 313, 0,
407, 48, 75, 48, 75, 48, 75, 48, 75, 48, 75, 48, 75, 48, 75, 48, 75, 48, 75, 48, 75, 48, 75, 48, 75, 48, 75, 48, 75, 48, 75, 48, 75, 48, 75, 48, 75, 48, 75, 48, 75, 48, 75, 48, 75, 48, 75, 48, 75, 48, 75, 48, 75, 48, 75, 48, 75, 48, 75, 48, 75, 48, 75, 48, 75, 48, 75, 48, 75, 48, 75, 48, 75, 48, 75, 48, 75, 48, 75, 48, 75, 48, 75, 48, 75, 48, 75, 48, 75, 48, 75, 48, 75, 48, 75, 48, 75, 48, 75, 48, 75, 48, 75, 48, 75, 48, 75, 48, 75, 48, 75, 48, 75, 48, 75, 48, 75, 48, 75, 48, 75, 48, 75, 48, 75, 48, 75, 48, 75, 48, 75, 48, 75, 48, 75, 48, 75, 48, 75, 48, 75, 48, 75, 48, 75, 48, 75, 48, 75, 48, 75, 48, 75, 48, 75, 48, 75, 48, 75, 48, 75, 48, 75, 48, 75, 48, 75, 48, 75, 48, 75, 48, 75, 48, 75, 48, 75, 48, 75, 48, 75, 48, 75, 48, 75, 48, 75, 48, 75, 48, 75, 48, 75, 48, 75, 48, 75, 48, 75, 48, 75, 48, 75, 48, 75, 48, 75, 48, 75, 48, 75, 48, 75, 48, 75, 48, 75, 48, 75, 48, 75, 48, 75, 48, 75, 48, 75, 48, 75, 48, 75, 48, 75, 48, 75, 48, 75, 48, 75, 48, 75, 48, 75, 48, 75, 48, 75, 48, 75, 48, 75, 48, 75, 48, 75, 48, 75,
408, 671, 72, 122, 63, 40, 49, 7, 0,
409, 0,
410, 345, 230, 201, 70, 73, 0,
411, 140, 195, 140, 195, 140, 195, 140, 195, 140, 195, 140, 195, 140, 195, 140, 195, 140, 195, 140, 195, 140, 195, 140, 195, 140, 195, 140, 195, 140, 195, 140, 195, 140, 195, 140, 195, 140, 195, 140, 195, 140, 195, 140, 195, 140, 195, 140, 195, 140, 195, 140, 195, 140, 195, 140, 195, 140, 195, 140, 195, 140, 195, 140, 195, 140, 195, 140, 195, 140, 195, 140, 195, 140, 195, 140, 195, 140, 195, 140, 195, 140, 195, 140, 195, 140, 195, 140, 195, 140, 195, 140, 195, 140, 195, 140, 195, 140, 195, 140, 195, 140, 195, 140, 195, 140, 195, 140, 195, 140, 195, 140, 195, 140, 195, 140, 195, 140, 195, 140, 195, 140, 195, 140, 195, 140, 195, 140, 195, 140, 195, 140, 195, 140, 195, 140, 195, 140, 195, 140, 195, 140, 195, 140, 195, 140, 195, 140, 195, 140, 195, 140, 195, 140, 195, 140, 195, 140, 195, 140, 195, 140, 195, 140, 195, 140, 195, 140, 195, 140, 195, 140, 195, 140, 195, 140, 195, 140, 195, 140, 195, 140, 195, 140, 195, 140, 195, 140, 195, 140, 195, 140, 195, 140, 195, 140, 195, 140, 195, 140, 195, 140, 195, 140, 195, 140, 195, 140, 195, 140, 195, 140, 195, 140, 195, 140, 195, 140, 195, 140, 195, 140, 195, 140, 195, 140, 195, 140, 195, 140, 195, 140, 195, 140, 195, 140, 195, 140, 195, 140, 195, 140, 195, 140, 195, 140, 195, 140, 195, 140, 195, 140, 195, 140, 195, 140, 195,
412, 315, 308, 363, 168, 311, 0,
413, 66, 77, 18, 20, 21, 10, 7, 0,
414, 521, 0,
415, 88, 91, 20, 21, 10, 7, 0,
416, 465, 302, 153, 80, 105, 86, 45, 32, 30, 41, 0,
417, 142, 73, 0,
418, 301, 50, 42, 53, 0,
419, 0,
420, 923, 84, 139, 0,
421, 0,
422, 213, 74, 39, 16, 14, 9, 3, 0,
423, 200, 264, 455, 216, 383, 0,
424, 385, 190, 169, 13, 0,
425, 132, 203, 36, 54, 65, 18, 20, 21, 10, 7, 0,
426, 437, 42, 53, 0,
427, 68, 57, 22, 13, 0,
428, 327, 112, 135, 104, 105, 86, 45, 32, 30, 41, 0,
429, 242, 156, 235, 52, 45, 32, 30, 41, 0,
430, 361, 19, 0,
431, 0,
432, 807, 272, 285, 194, 99, 56, 63, 40, 49, 7, 0,
433, 0,
434, 333, 160, 217, 38, 21, 10, 7, 0,
435, 284, 219, 76, 63, 40, 49, 7, 0,
436, 333, 160, 217, 38, 21, 10, 7, 0,
437, 42, 53, 0,
438, 449, 0,
439, 0,
440, 639, 296, 273, 174, 185, 42, 53, 0,
441, 299, 36, 54, 65, 18, 20, 21, 10, 7, 0,
442, 313, 0,
443, 0,
444, 619, 0,
445, 94, 49, 7, 0,
446, 225, 177, 62, 33, 14, 9, 3, 0,
447, 152, 147, 80, 105, 86, 45, 32, 30, 41, 0,
448, 567, 400, 560, 927, 424, 385, 190, 169, 13, 0,
449, 0,
450, 758, 381, 130, 121, 11, 0,
451, 52, 45, 32, 30, 41, 0,
452, 345, 230, 201, 70, 73, 0,
453, 154, 133, 26, 15, 8, 6, 5, 0,
454, 229, 0,
455, 216, 383, 0,
456, 743, 0,
457, 0,
458, 231, 152, 147, 80, 105, 86, 45, 32, 30, 41, 0,
459, 260, 327, 112, 135, 104, 105, 86, 45, 32, 30, 41, 0,
460, 547, 0,
461, 0,
462, 689, 66, 77, 18, 20, 21, 10, 7, 0,
463, 0,
464, 465, 302, 153, 80, 105, 86, 45, 32, 30, 41, 0,
465, 302, 153, 80, 105, 86, 45, 32, 30, 41, 0,
466, 235, 52, 45, 32, 30, 41, 0,
467, 0,
468, 805, 346, 175, 72, 122, 63, 40, 49, 7, 0,
469, 74, 39, 16, 14, 9, 3, 0,
470, 393, 134, 69, 26, 15, 8, 6, 5, 0,
471, 160, 217, 38, 21, 10, 7, 0,
472, 427, 68, 57, 22, 13, 0,
473, 54, 65, 18, 20, 21, 10, 7, 0,
474, 485, 102, 113, 0,
475, 144, 258, 269, 0,
476, 531, 248, 231, 152, 147, 80, 105, 86, 45, 32, 30, 41, 0,
477, 224, 279, 136, 133, 26, 15, 8, 6, 5, 0,
478, 241, 0,
479, 0,
480, 1031, 0,
481, 50, 42, 53, 0,
482, 243, 120, 239, 0,
483, 284, 219, 76, 63, 40, 49, 7, 0,
484, 446, 225, 177, 62, 33, 14, 9, 3, 0,
485, 102, 113, 0,
486, 605, 192, 315, 308, 363, 168, 311, 0,
487, 0,
488, 441, 299, 36, 54, 65, 18, 20, 21, 10, 7, 0,
489, 166, 85, 22, 13, 0,
490, 535, 112, 135, 104, 105, 86, 45, 32, 30, 41, 0,
491, 0,
492, 683, 0,
493, 46, 25, 5, 0,
494, 345, 230, 201, 70, 73, 0,
495, 440, 639, 296, 273, 174, 185, 42, 53, 0,
496, 495, 440, 639, 296, 273, 174, 185, 42, 53, 0,
497, 78, 89, 0,
498, 509, 0,
499, 0,
500, 591, 200, 264, 455, 216, 383, 0,
501, 170, 153, 80, 105, 86, 45, 32, 30, 41, 0,
502, 253, 34, 19, 0,
503, 0,
504, 1055, 216, 383, 0,
505, 106, 55, 16, 14, 9, 3, 0,
506, 357, 218, 111, 40, 49, 7, 0,
507, 224, 279, 136, 133, 26, 15, 8, 6, 5, 0,
508, 387, 184, 175, 72, 122, 63, 40, 49, 7, 0,
509, 0,
510, 785, 162, 200, 264, 455, 216, 383, 0,
511, 80, 105, 86, 45, 32, 30, 41, 0,
512, 510, 785, 162, 200, 264, 455, 216, 383, 0,
513, 286, 217, 38, 21, 10, 7, 0,
514, 259, 44, 39, 16, 14, 9, 3, 0,
515, 108, 171, 88, 91, 20, 21, 10, 7, 0,
516, 715, 292, 225, 177, 62, 33, 14, 9, 3, 0,
517, 58, 31, 0,
518, 393, 134, 69, 26, 15, 8, 6, 5, 0,
519, 176, 195, 140, 195, 140, 195, 140, 195, 140, 195, 140, 195, 140, 195, 140, 195, 140, 195, 140, 195, 140, 195, 140, 195, 140, 195, 140, 195, 140, 195, 140, 195, 140, 195, 140, 195, 140, 195, 140, 195, 140, 195, 140, 195, 140, 195, 140, 195, 140, 195, 140, 195, 140, 195, 140, 195, 140, 195, 140, 195, 140, 195, 140, 195, 140, 195, 140, 195, 140, 195, 140, 195, 140, 195, 140, 195, 140, 195, 140, 195, 140, 195, 140, 195, 140, 195, 140, 195, 140, 195, 140, 195, 140, 195, 140, 195, 140, 195, 140, 195, 140, 195, 140, 195, 140, 195, 140, 195, 140, 195, 140, 195, 140, 195, 140, 195, 140, 195, 140, 195, 140, 195, 140, 195, 140, 195, 140, 195, 140, 195, 140, 195, 140, 195, 140, 195, 140, 195, 140, 195, 140, 195, 140, 195, 140, 195, 140, 195, 140, 195, 140, 195, 140, 195, 140, 195, 140, 195, 140, 195, 140, 195, 140, 195, 140, 195, 140, 195, 140, 195, 140, 195, 140, 195, 140, 195, 140, 195, 140, 195, 140, 195, 140, 195, 140, 195, 140, 195, 140, 195, 140, 195, 140, 195, 140, 195, 140, 195, 140, 195, 140, 195, 140, 195, 140, 195, 140, 195, 140, 195, 140, 195, 140, 195, 140, 195, 140, 195, 140, 195, 140, 195, 140, 195, 140, 195, 140, 195, 140, 195, 140, 195, 140, 195, 140, 195, 140, 195, 140, 195, 140, 195, 140, 195, 140, 195, 140, 195, 140, 195, 140, 195, 140, 195, 140, 195,
520, 739, 0,
521, 0,
522, 647, 0,
523, 0,
524, 399, 240, 503, 0,
525, 466, 235, 52, 45, 32, 30, 41, 0,
526, 265, 58, 31, 0,
527, 48, 75, 48, 75, 48, 75, 48, 75, 48, 75, 48, 75, 48, 75, 48, 75, 48, 75, 48, 75, 48, 75, 48, 75, 48, 75, 48, 75, 48, 75, 48, 75, 48, 75, 48, 75, 48, 75, 48, 75, 48, 75, 48, 75, 48, 75, 48, 75, 48, 75, 48, 75, 48, 75, 48, 75, 48, 75, 48, 75, 48, 75, 48, 75, 48, 75, 48, 75, 48, 75, 48, 75, 48, 75, 48, 75, 48, 75, 48, 75, 48, 75, 48, 75, 48, 75, 48, 75, 48, 75, 48, 75, 48, 75, 48, 75, 48, 75, 48, 75, 48, 75, 48, 75, 48, 75, 48, 75, 48, 75, 48, 75, 48, 75, 48, 75, 48, 75, 48, 75, 48, 75, 48, 75, 48, 75, 48, 75, 48, 75, 48, 75, 48, 75, 48, 75, 48, 75, 48, 75, 48, 75, 48, 75, 48, 75, 48, 75, 48, 75, 48, 75, 48, 75, 48, 75, 48, 75, 48, 75, 48, 75, 48, 75, 48, 75, 48, 75, 48, 75, 48, 75, 48, 75, 48, 75, 48, 75, 48, 75, 48, 75, 48, 75, 48, 75, 48, 75, 48, 75, 48, 75, 48, 75, 48, 75, 48, 75, 48, 75, 48, 75, 48, 75, 48, 75, 48, 75, 48, 75, 48, 75, 48, 75, 48, 75, 48, 75, 48, 75, 48, 75, 48, 75, 48, 75, 48, 75, 48, 75, 48, 75, 48, 75, 48, 75, 48, 75, 48, 75, 48, 75, 48, 75, 48, 75, 48, 75, 48, 75, 48, 75, 48, 75, 48, 75,
528, 959, 144, 258, 269, 0,
529, 23, 0,
530, 441, 299, 36, 54, 65, 18, 20, 21, 10, 7, 0,
531, 248, 231, 152, 147, 80, 105, 86, 45, 32, 30, 41, 0,
532, 587, 0,
533, 54, 65, 18, 20, 21, 10, 7, 0,
534, 545, 114, 125, 30, 41, 0,
535, 112, 135, 104, 105, 86, 45, 32, 30, 41, 0,
536, 483, 284, 219, 76, 63, 40, 49, 7, 0,
537, 182, 153, 80, 105, 86, 45, 32, 30, 41, 0,
538, 271, 0,
539, 144, 258, 269, 0,
540, 1139, 84, 139, 0,
541, 0,
542, 273, 174, 185, 42, 53, 0,
543, 184, 175, 72, 122, 63, 40, 49, 7, 0,
544, 589, 50, 42, 53, 0,
545, 114, 125, 30, 41, 0,
546, 797, 0,
547, 0,
548, 417, 142, 73, 0,
549, 256, 254, 129, 46, 25, 5, 0,
550, 565, 118, 61, 0,
551, 48, 75, 48, 75, 48, 75, 48, 75, 48, 75, 48, 75, 48, 75, 48, 75, 48, 75, 48, 75, 48, 75, 48, 75, 48, 75, 48, 75, 48, 75, 48, 75, 48, 75, 48, 75, 48, 75, 48, 75, 48, 75, 48, 75, 48, 75, 48, 75, 48, 75, 48, 75, 48, 75, 48, 75, 48, 75, 48, 75, 48, 75, 48, 75, 48, 75, 48, 75, 48, 75, 48, 75, 48, 75, 48, 75, 48, 75, 48, 75, 48, 75, 48, 75, 48, 75, 48, 75, 48, 75, 48, 75, 48, 75, 48, 75, 48, 75, 48, 75, 48, 75, 48, 75, 48, 75, 48, 75, 48, 75, 48, 75, 48, 75, 48, 75, 48, 75, 48, 75, 48, 75, 48, 75, 48, 75, 48, 75, 48, 75, 48, 75, 48, 75, 48, 75, 48, 75, 48, 75, 48, 75, 48, 75, 48, 75, 48, 75, 48, 75, 48, 75, 48, 75, 48, 75, 48, 75, 48, 75, 48, 75, 48, 75, 48, 75, 48, 75, 48, 75, 48, 75, 48, 75, 48, 75, 48, 75, 48, 75, 48, 75, 48, 75, 48, 75, 48, 75, 48, 75, 48, 75, 48, 75, 48, 75, 48, 75, 48, 75, 48, 75, 48, 75, 48, 75, 48, 75, 48, 75, 48, 75, 48, 75, 48, 75, 48, 75, 48, 75, 48, 75, 48, 75, 48, 75, 48, 75, 48, 75, 48, 75, 48, 75, 48, 75, 48, 75, 48, 75, 48, 75, 48, 75, 48, 75, 48, 75, 48, 75, 48, 75, 48, 75, 48, 75,
552, 887, 0,
553, 86, 45, 32, 30, 41, 0,
554, 279, 136, 133, 26, 15, 8, 6, 5, 0,
555, 356, 273, 174, 185, 42, 53, 0,
556, 423, 200, 264, 455, 216, 383, 0,
557, 0,
558, 689, 66, 77, 18, 20, 21, 10, 7, 0,
559, 56, 63, 40, 49, 7, 0,
560, 927, 424, 385, 190, 169, 13, 0,
561, 302, 153, 80, 105, 86, 45, 32, 30, 41, 0,
562, 283, 0,
563, 0,
564, 779, 60, 107, 0,
565, 118, 61, 0,
566, 285, 194, 99, 56, 63, 40, 49, 7, 0,
567, 400, 560, 927, 424, 385, 190, 169, 13, 0,
568, 511, 80, 105, 86, 45, 32, 30, 41, 0,
569, 0,
570, 869, 90, 143, 24, 35, 12, 15, 8, 6, 5, 0,
571, 0,
572, 603, 280, 439, 0,
573, 194, 99, 56, 63, 40, 49, 7, 0,
574, 433, 0,
575, 168, 311, 0,
576, 1074, 1085, 450, 758, 381, 130, 121, 11, 0,
577, 0,
578, 342, 437, 42, 53, 0,
579, 196, 202, 103, 0,
580, 679, 104, 105, 86, 45, 32, 30, 41, 0,
581, 90, 143, 24, 35, 12, 15, 8, 6, 5, 0,
582, 593, 0,
583, 64, 62, 33, 14, 9, 3, 0,
584, 525, 466, 235, 52, 45, 32, 30, 41, 0,
585, 506, 357, 218, 111, 40, 49, 7, 0,
586, 295, 64, 62, 33, 14, 9, 3, 0,
587, 0,
588, 1007, 72, 122, 63, 40, 49, 7, 0,
589, 50, 42, 53, 0,
590, 489, 166, 85, 22, 13, 0,
591, 200, 264, 455, 216, 383, 0,
592, 585, 506, 357, 218, 111, 40, 49, 7, 0,
593, 0,
594, 845, 252, 475, 144, 258, 269, 0,
595, 268, 207, 104, 105, 86, 45, 32, 30, 41, 0,
596, 453, 154, 133, 26, 15, 8, 6, 5, 0,
597, 202, 103, 0,
598, 409, 0,
599, 0,
600, 1259, 0,
601, 0,
602, 453, 154, 133, 26, 15, 8, 6, 5, 0,
603, 280, 439, 0,
604, 459, 260, 327, 112, 135, 104, 105, 86, 45, 32, 30, 41, 0,
605, 192, 315, 308, 363, 168, 311, 0,
606, 617, 0,
607, 0,
608, 651, 372, 523, 0,
609, 350, 393, 134, 69, 26, 15, 8, 6, 5, 0,
610, 505, 106, 55, 16, 14, 9, 3, 0,
611, 60, 107, 0,
612, 1025, 276, 395, 84, 139, 0,
613, 0,
614, 309, 106, 55, 16, 14, 9, 3, 0,
615, 392, 462, 689, 66, 77, 18, 20, 21, 10, 7, 0,
616, 823, 0,
617, 0,
618, 629, 54, 65, 18, 20, 21, 10, 7, 0,
619, 0,
620, 723, 244, 189, 130, 121, 11, 0,
621, 338, 210, 365, 78, 89, 0,
622, 313, 0,
623, 96, 155, 36, 54, 65, 18, 20, 21, 10, 7, 0,
624, 1111, 112, 135, 104, 105, 86, 45, 32, 30, 41, 0,
625, 155, 36, 54, 65, 18, 20, 21, 10, 7, 0,
626, 315, 308, 363, 168, 311, 0,
627, 332, 255, 176, 195, 140, 195, 140, 195, 140, 195, 140, 195, 140, 195, 140, 195, 140, 195, 140, 195, 140, 195, 140, 195, 140, 195, 140, 195, 140, 195, 140, 195, 140, 195, 140, 195, 140, 195, 140, 195, 140, 195, 140, 195, 140, 195, 140, 195, 140, 195, 140, 195, 140, 195, 140, 195, 140, 195, 140, 195, 140, 195, 140, 195, 140, 195, 140, 195, 140, 195, 140, 195, 140, 195, 140, 195, 140, 195, 140, 195, 140, 195, 140, 195, 140, 195, 140, 195, 140, 195, 140, 195, 140, 195, 140, 195, 140, 195, 140, 195, 140, 195, 140, 195, 140, 195, 140, 195, 140, 195, 140, 195, 140, 195, 140, 195, 140, 195, 140, 195, 140, 195, 140, 195, 140, 195, 140, 195, 140, 195, 140, 195, 140, 195, 140, 195, 140, 195, 140, 195, 140, 195, 140, 195, 140, 195, 140, 195, 140, 195, 140, 195, 140, 195, 140, 195, 140, 195, 140, 195, 140, 195, 140, 195, 140, 195, 140, 195, 140, 195, 140, 195, 140, 195, 140, 195, 140, 195, 140, 195, 140, 195, 140, 195, 140, 195, 140, 195, 140, 195, 140, 195, 140, 195, 140, 195, 140, 195, 140, 195, 140, 195, 140, 195, 140, 195, 140, 195, 140, 195, 140, 195, 140, 195, 140, 195, 140, 195, 140, 195, 140, 195, 140, 195, 140, 195, 140, 195, 140, 195, 140, 195, 140, 195, 140, 195, 140, 195, 140, 195, 140, 195, 140, 195, 140, 195, 140, 195, 140, 195, 140, 195, 140, 195, 140, 195,
628, 477, 224, 279, 136, 133, 26, 15, 8, 6, 5, 0,
629, 54, 65, 18, 20, 21, 10, 7, 0,
630, 1241, 90, 143, 24, 35, 12, 15, 8, 6, 5, 0,
631, 0,
632, 567, 400, 560, 927, 424, 385, 190, 169, 13, 0,
633, 214, 109, 0,
634, 319, 40, 49, 7, 0,
635, 132, 203, 36, 54, 65, 18, 20, 21, 10, 7, 0,
636, 875, 372, 523, 0,
637, 160, 217, 38, 21, 10, 7, 0,
638, 441, 299, 36, 54, 65, 18, 20, 21, 10, 7, 0,
639, 296, 273, 174, 185, 42, 53, 0,
640, 889, 134, 69, 26, 15, 8, 6, 5, 0,
641, 0,
642, 653, 0,
643, 0,
644, 699, 236, 183, 64, 62, 33, 14, 9, 3, 0,
645, 410, 345, 230, 201, 70, 73, 0,
646, 433, 0,
647, 0,
648, 1166, 777, 438, 449, 0,
649, 70, 73, 0,
650, 651, 372, 523, 0,
651, 372, 523, 0,
652, 495, 440, 639, 296, 273, 174, 185, 42, 53, 0,
653, 0,
654, 665, 294, 389, 0,
655, 136, 133, 26, 15, 8, 6, 5, 0,
656, 645, 410, 345, 230, 201, 70, 73, 0,
657, 304, 315, 308, 363, 168, 311, 0,
658, 493, 46, 25, 5, 0,
659, 0,
660, 1355, 276, 395, 84, 139, 0,
661, 0,
662, 333, 160, 217, 38, 21, 10, 7, 0,
663, 344, 315, 308, 363, 168, 311, 0,
664, 595, 268, 207, 104, 105, 86, 45, 32, 30, 41, 0,
665, 294, 389, 0,
666, 815, 168, 311, 0,
667, 52, 45, 32, 30, 41, 0,
668, 507, 224, 279, 136, 133, 26, 15, 8, 6, 5, 0,
669, 226, 115, 28, 27, 12, 15, 8, 6, 5, 0,
670, 553, 86, 45, 32, 30, 41, 0,
671, 72, 122, 63, 40, 49, 7, 0,
672, 1343, 96, 155, 36, 54, 65, 18, 20, 21, 10, 7, 0,
673, 0,
674, 339, 116, 93, 34, 19, 0,
675, 564, 779, 60, 107, 0,
676, 604, 459, 260, 327, 112, 135, 104, 105, 86, 45, 32, 30, 41, 0,
677, 0,
678, 689, 66, 77, 18, 20, 21, 10, 7, 0,
679, 104, 105, 86, 45, 32, 30, 41, 0,
680, 939, 316, 243, 120, 239, 0,
681, 230, 201, 70, 73, 0,
682, 469, 74, 39, 16, 14, 9, 3, 0,
683, 0,
684, 1135, 232, 217, 38, 21, 10, 7, 0,
685, 142, 73, 0,
686, 513, 286, 217, 38, 21, 10, 7, 0,
687, 232, 217, 38, 21, 10, 7, 0,
688, 675, 564, 779, 60, 107, 0,
689, 66, 77, 18, 20, 21, 10, 7, 0,
690, 1037, 78, 89, 0,
691, 0,
692, 525, 466, 235, 52, 45, 32, 30, 41, 0,
693, 554, 279, 136, 133, 26, 15, 8, 6, 5, 0,
694, 349, 0,
695, 144, 258, 269, 0,
696, 1103, 0,
697, 58, 31, 0,
698, 351, 208, 225, 177, 62, 33, 14, 9, 3, 0,
699, 236, 183, 64, 62, 33, 14, 9, 3, 0,
700, 1035, 836, 843, 284, 219, 76, 63, 40, 49, 7, 0,
701, 0,
702, 977, 0,
703, 56, 63, 40, 49, 7, 0,
704, 819, 636, 875, 372, 523, 0,
705, 446, 225, 177, 62, 33, 14, 9, 3, 0,
706, 355, 76, 63, 40, 49, 7, 0,
707, 108, 171, 88, 91, 20, 21, 10, 7, 0,
708, 971, 0,
709, 0,
710, 585, 506, 357, 218, 111, 40, 49, 7, 0,
711, 328, 301, 50, 42, 53, 0,
712, 637, 160, 217, 38, 21, 10, 7, 0,
713, 54, 65, 18, 20, 21, 10, 7, 0,
714, 1013, 0,
715, 292, 225, 177, 62, 33, 14, 9, 3, 0,
716, 543, 184, 175, 72, 122, 63, 40, 49, 7, 0,
717, 242, 156, 235, 52, 45, 32, 30, 41, 0,
718, 361, 19, 0,
719, 0,
720, 1697, 0,
721, 110, 105, 86, 45, 32, 30, 41, 0,
722, 420, 923, 84, 139, 0,
723, 244, 189, 130, 121, 11, 0,
724, 549, 256, 254, 129, 46, 25, 5, 0,
725, 204, 299, 36, 54, 65, 18, 20, 21, 10, 7, 0,
726, 869, 90, 143, 24, 35, 12, 15, 8, 6, 5, 0,
727, 0,
728, 951, 320, 441, 299, 36, 54, 65, 18, 20, 21, 10, 7, 0,
729, 363, 168, 311, 0,
730, 601, 0,
731, 60, 107, 0,
732, 1003, 76, 63, 40, 49, 7, 0,
733, 0,
734, 369, 176, 195, 140, 195, 140, 195, 140, 195, 140, 195, 140, 195, 140, 195, 140, 195, 140, 195, 140, 195, 140, 195, 140, 195, 140, 195, 140, 195, 140, 195, 140, 195, 140, 195, 140, 195, 140, 195, 140, 195, 140, 195, 140, 195, 140, 195, 140, 195, 140, 195, 140, 195, 140, 195, 140, 195, 140, 195, 140, 195, 140, 195, 140, 195, 140, 195, 140, 195, 140, 195, 140, 195, 140, 195, 140, 195, 140, 195, 140, 195, 140, 195, 140, 195, 140, 195, 140, 195, 140, 195, 140, 195, 140, 195, 140, 195, 140, 195, 140, 195, 140, 195, 140, 195, 140, 195, 140, 195, 140, 195, 140, 195, 140, 195, 140, 195, 140, 195, 140, 195, 140, 195, 140, 195, 140, 195, 140, 195, 140, 195, 140, 195, 140, 195, 140, 195, 140, 195, 140, 195, 140, 195, 140, 195, 140, 195, 140, 195, 140, 195, 140, 195, 140, 195, 140, 195, 140, 195, 140, 195, 140, 195, 140, 195, 140, 195, 140, 195, 140, 195, 140, 195, 140, 195, 140, 195, 140, 195, 140, 195, 140, 195, 140, 195, 140, 195, 140, 195, 140, 195, 140, 195, 140, 195, 140, 195, 140, 195, 140, 195, 140, 195, 140, 195, 140, 195, 140, 195, 140, 195, 140, 195, 140, 195, 140, 195, 140, 195, 140, 195, 140, 195, 140, 195, 140, 195, 140, 195, 140, 195, 140, 195, 140, 195, 140, 195, 140, 195, 140, 195, 140, 195, 140, 195, 140, 195, 140, 195, 140, 195, 140, 195, 140, 195, 140,
735, 632, 567, 400, 560, 927, 424, 385, 190, 169, 13, 0,
736, 775, 216, 383, 0,
737, 78, 89, 0,
738, 899, 60, 107, 0,
739, 0,
740, 855, 704, 819, 636, 875, 372, 523, 0,
741, 378, 581, 90, 143, 24, 35, 12, 15, 8, 6, 5, 0,
742, 553, 86, 45, 32, 30, 41, 0,
743, 0,
744, 1175, 312, 527, 48, 75, 48, 75, 48, 75, 48, 75, 48, 75, 48, 75, 48, 75, 48, 75, 48, 75, 48, 75, 48, 75, 48, 75, 48, 75, 48, 75, 48, 75, 48, 75, 48, 75, 48, 75, 48, 75, 48, 75, 48, 75, 48, 75, 48, 75, 48, 75, 48, 75, 48, 75, 48, 75, 48, 75, 48, 75, 48, 75, 48, 75, 48, 75, 48, 75, 48, 75, 48, 75, 48, 75, 48, 75, 48, 75, 48, 75, 48, 75, 48, 75, 48, 75, 48, 75, 48, 75, 48, 75, 48, 75, 48, 75, 48, 75, 48, 75, 48, 75, 48, 75, 48, 75, 48, 75, 48, 75, 48, 75, 48, 75, 48, 75, 48, 75, 48, 75, 48, 75, 48, 75, 48, 75, 48, 75, 48, 75, 48, 75, 48, 75, 48, 75, 48, 75, 48, 75, 48, 75, 48, 75, 48, 75, 48, 75, 48, 75, 48, 75, 48, 75, 48, 75, 48, 75, 48, 75, 48, 75, 48, 75, 48, 75, 48, 75, 48, 75, 48, 75, 48, 75, 48, 75, 48, 75, 48, 75, 48, 75, 48, 75, 48, 75, 48, 75, 48, 75, 48, 75, 48, 75, 48, 75, 48, 75, 48, 75, 48, 75, 48, 75, 48, 75, 48, 75, 48, 75, 48, 75, 48, 75, 48, 75, 48, 75, 48, 75, 48, 75, 48, 75, 48, 75, 48, 75, 48, 75, 48, 75, 48, 75, 48, 75, 48, 75, 48, 75, 48, 75, 48, 75, 48, 75, 48, 75, 48, 75, 48, 75, 48, 75, 48,
745, 154, 133, 26, 15, 8, 6, 5, 0,
746, 375, 248, 231, 152, 147, 80, 105, 86, 45, 32, 30, 41, 0,
747, 344, 315, 308, 363, 168, 311, 0,
748, 763, 116, 93, 34, 19, 0,
749, 114, 125, 30, 41, 0,
750, 1121, 78, 89, 0,
751, 0,
752, 735, 632, 567, 400, 560, 927, 424, 385, 190, 169, 13, 0,
753, 254, 129, 46, 25, 5, 0,
754, 505, 106, 55, 16, 14, 9, 3, 0,
755, 156, 235, 52, 45, 32, 30, 41, 0,
756, 1483, 0,
757, 0,
758, 381, 130, 121, 11, 0,
759, 392, 462, 689, 66, 77, 18, 20, 21, 10, 7, 0,
760, 1039, 0,
761, 0,
762, 773, 0,
763, 116, 93, 34, 19, 0,
764, 579, 196, 202, 103, 0,
765, 638, 441, 299, 36, 54, 65, 18, 20, 21, 10, 7, 0,
766, 385, 190, 169, 13, 0,
767, 72, 122, 63, 40, 49, 7, 0,
768, 1275, 956, 723, 244, 189, 130, 121, 11, 0,
769, 0,
770, 957, 482, 243, 120, 239, 0,
771, 260, 327, 112, 135, 104, 105, 86, 45, 32, 30, 41, 0,
772, 585, 506, 357, 218, 111, 40, 49, 7, 0,
773, 0,
774, 941, 0,
775, 216, 383, 0,
776, 693, 554, 279, 136, 133, 26, 15, 8, 6, 5, 0,
777, 438, 449, 0,
778, 391, 40, 49, 7, 0,
779, 60, 107, 0,
780, 1571, 0,
781, 82, 43, 0,
782, 513, 286, 217, 38, 21, 10, 7, 0,
783, 416, 465, 302, 153, 80, 105, 86, 45, 32, 30, 41, 0,
784, 982, 493, 46, 25, 5, 0,
785, 162, 200, 264, 455, 216, 383, 0,
786, 797, 0,
787, 0,
788, 597, 202, 103, 0,
789, 266, 213, 74, 39, 16, 14, 9, 3, 0,
790, 649, 70, 73, 0,
791, 120, 239, 0,
792, 1547, 468, 805, 346, 175, 72, 122, 63, 40, 49, 7, 0,
793, 74, 39, 16, 14, 9, 3, 0,
794, 399, 240, 503, 0,
795, 500, 591, 200, 264, 455, 216, 383, 0,
796, 603, 280, 439, 0,
797, 0,
798, 1121, 78, 89, 0,
799, 64, 62, 33, 14, 9, 3, 0,
800, 1152, 2162, 1293, 434, 333, 160, 217, 38, 21, 10, 7, 0,
801, 368, 375, 248, 231, 152, 147, 80, 105, 86, 45, 32, 30, 41, 0,
802, 403, 44, 39, 16, 14, 9, 3, 0,
803, 84, 139, 0,
804, 1099, 164, 129, 46, 25, 5, 0,
805, 346, 175, 72, 122, 63, 40, 49, 7, 0,
806, 537, 182, 153, 80, 105, 86, 45, 32, 30, 41, 0,
807, 272, 285, 194, 99, 56, 63, 40, 49, 7, 0,
808, 721, 110, 105, 86, 45, 32, 30, 41, 0,
809, 0,
810, 1367, 0,
811, 0,
812, 867, 360, 809, 0,
813, 274, 139, 0,
814, 553, 86, 45, 32, 30, 41, 0,
815, 168, 311, 0,
816, 1415, 288, 530, 441, 299, 36, 54, 65, 18, 20, 21, 10, 7, 0,
817, 62, 33, 14, 9, 3, 0,
818, 411, 140, 195, 140, 195, 140, 195, 140, 195, 140, 195, 140, 195, 140, 195, 140, 195, 140, 195, 140, 195, 140, 195, 140, 195, 140, 195, 140, 195, 140, 195, 140, 195, 140, 195, 140, 195, 140, 195, 140, 195, 140, 195, 140, 195, 140, 195, 140, 195, 140, 195, 140, 195, 140, 195, 140, 195, 140, 195, 140, 195, 140, 195, 140, 195, 140, 195, 140, 195, 140, 195, 140, 195, 140, 195, 140, 195, 140, 195, 140, 195, 140, 195, 140, 195, 140, 195, 140, 195, 140, 195, 140, 195, 140, 195, 140, 195, 140, 195, 140, 195, 140, 195, 140, 195, 140, 195, 140, 195, 140, 195, 140, 195, 140, 195, 140, 195, 140, 195, 140, 195, 140, 195, 140, 195, 140, 195, 140, 195, 140, 195, 140, 195, 140, 195, 140, 195, 140, 195, 140, 195, 140, 195, 140, 195, 140, 195, 140, 195, 140, 195, 140, 195, 140, 195, 140, 195, 140, 195, 140, 195, 140, 195, 140, 195, 140, 195, 140, 195, 140, 195, 140, 195, 140, 195, 140, 195, 140, 195, 140, 195, 140, 195, 140, 195, 140, 195, 140, 195, 140, 195, 140, 195, 140, 195, 140, 195, 140, 195, 140, 195, 140, 195, 140, 195, 140, 195, 140, 195, 140, 195, 140, 195, 140, 195, 140, 195, 140, 195, 140, 195, 140, 195, 140, 195, 140, 195, 140, 195, 140, 195, 140, 195, 140, 195, 140, 195, 140, 195, 140, 195, 140, 195, 140, 195, 140, 195, 140, 195, 140, 195, 140, 195, 140, 195, 140,
819, 636, 875, 372, 523, 0,
820, 943, 64, 62, 33, 14, 9, 3, 0,
821, 0,
822, 833, 192, 315, 308, 363, 168, 311, 0,
823, 0,
824, 735, 632, 567, 400, 560, 927, 424, 385, 190, 169, 13, 0,
825, 662, 333, 160, 217, 38, 21, 10, 7, 0,
826, 613, 0,
827, 0,
828, 1355, 276, 395, 84, 139, 0,
829, 0,
830, 681, 230, 201, 70, 73, 0,
831, 280, 439, 0,
832, 945, 974, 489, 166, 85, 22, 13, 0,
833, 192, 315, 308, 363, 168, 311, 0,
834, 845, 252, 475, 144, 258, 269, 0,
835, 172, 135, 104, 105, 86, 45, 32, 30, 41, 0,
836, 843, 284, 219, 76, 63, 40, 49, 7, 0,
837, 442, 313, 0,
838, 421, 0,
839, 0,
840, 2039, 0,
841, 29, 0,
842, 423, 200, 264, 455, 216, 383, 0,
843, 284, 219, 76, 63, 40, 49, 7, 0,
844, 639, 296, 273, 174, 185, 42, 53, 0,
845, 252, 475, 144, 258, 269, 0,
846, 1025, 276, 395, 84, 139, 0,
847, 216, 383, 0,
848, 825, 662, 333, 160, 217, 38, 21, 10, 7, 0,
849, 286, 217, 38, 21, 10, 7, 0,
850, 823, 0,
851, 60, 107, 0,
852, 1163, 0,
853, 0,
854, 633, 214, 109, 0,
855, 704, 819, 636, 875, 372, 523, 0,
856, 763, 116, 93, 34, 19, 0,
857, 0,
858, 1157, 102, 113, 0,
859, 0,
860, 987, 548, 417, 142, 73, 0,
861, 482, 243, 120, 239, 0,
862, 433, 0,
863, 0,
864, 1655, 336, 655, 136, 133, 26, 15, 8, 6, 5, 0,
865, 178, 91, 20, 21, 10, 7, 0,
866, 435, 284, 219, 76, 63, 40, 49, 7, 0,
867, 360, 809, 0,
868, 923, 84, 139, 0,
869, 90, 143, 24, 35, 12, 15, 8, 6, 5, 0,
870, 1289, 0,
871, 80, 105, 86, 45, 32, 30, 41, 0,
872, 777, 438, 449, 0,
873, 400, 560, 927, 424, 385, 190, 169, 13, 0,
874, 565, 118, 61, 0,
875, 372, 523, 0,
876, 1195, 244, 189, 130, 121, 11, 0,
877, 0,
878, 441, 299, 36, 54, 65, 18, 20, 21, 10, 7, 0,
879, 296, 273, 174, 185, 42, 53, 0,
880, 1351, 200, 264, 455, 216, 383, 0,
881, 0,
882, 1340, 1515, 932, 705, 446, 225, 177, 62, 33, 14, 9, 3, 0,
883, 0,
884, 879, 296, 273, 174, 185, 42, 53, 0,
885, 554, 279, 136, 133, 26, 15, 8, 6, 5, 0,
886, 445, 94, 49, 7, 0,
887, 0,
888, 1391, 120, 239, 0,
889, 134, 69, 26, 15, 8, 6, 5, 0,
890, 729, 363, 168, 311, 0,
891, 560, 927, 424, 385, 190, 169, 13, 0,
892, 675, 564, 779, 60, 107, 0,
893, 66, 77, 18, 20, 21, 10, 7, 0,
894, 905, 186, 197, 0,
895, 184, 175, 72, 122, 63, 40, 49, 7, 0,
896, 1143, 520, 739, 0,
897, 446, 225, 177, 62, 33, 14, 9, 3, 0,
898, 451, 52, 45, 32, 30, 41, 0,
899, 60, 107, 0,
900, 1920, 4199, 840, 2039, 0,
901, 70, 73, 0,
902, 609, 350, 393, 134, 69, 26, 15, 8, 6, 5, 0,
903, 504, 1055, 216, 383, 0,
904, 805, 346, 175, 72, 122, 63, 40, 49, 7, 0,
905, 186, 197, 0,
906, 917, 138, 149, 0,
907, 0,
908, 687, 232, 217, 38, 21, 10, 7, 0,
909, 416, 465, 302, 153, 80, 105, 86, 45, 32, 30, 41, 0,
910, 1105, 406, 313, 0,
911, 0,
912, 1567, 0,
913, 94, 49, 7, 0,
914, 459, 260, 327, 112, 135, 104, 105, 86, 45, 32, 30, 41, 0,
915, 572, 603, 280, 439, 0,
916, 693, 554, 279, 136, 133, 26, 15, 8, 6, 5, 0,
917, 138, 149, 0,
918, 1241, 90, 143, 24, 35, 12, 15, 8, 6, 5, 0,
919, 0,
920, 1239, 680, 939, 316, 243, 120, 239, 0,
921, 310, 265, 58, 31, 0,
922, 463, 0,
923, 84, 139, 0,
924, 1763, 84, 139, 0,
925, 252, 475, 144, 258, 269, 0,
926, 465, 302, 153, 80, 105, 86, 45, 32, 30, 41, 0,
927, 424, 385, 190, 169, 13, 0,
928, 961, 31, 0,
929, 0,
930, 1373, 0,
931, 208, 225, 177, 62, 33, 14, 9, 3, 0,
932, 705, 446, 225, 177, 62, 33, 14, 9, 3, 0,
933, 314, 159, 56, 63, 40, 49, 7, 0,
934, 469, 74, 39, 16, 14, 9, 3, 0,
935, 360, 809, 0,
936, 1793, 174, 185, 42, 53, 0,
937, 0,
938, 693, 554, 279, 136, 133, 26, 15, 8, 6, 5, 0,
939, 316, 243, 120, 239, 0,
940, 1075, 288, 530, 441, 299, 36, 54, 65, 18, 20, 21, 10, 7, 0,
941, 0,
942, 953, 0,
943, 64, 62, 33, 14, 9, 3, 0,
944, 915, 572, 603, 280, 439, 0,
945, 974, 489, 166, 85, 22, 13, 0,
946, 637, 160, 217, 38, 21, 10, 7, 0,
947, 0,
948, 1291, 0,
949, 86, 45, 32, 30, 41, 0,
950, 909, 416, 465, 302, 153, 80, 105, 86, 45, 32, 30, 41, 0,
951, 320, 441, 299, 36, 54, 65, 18, 20, 21, 10, 7, 0,
952, 1207, 88, 91, 20, 21, 10, 7, 0,
953, 0,
954, 1151, 0,
955, 196, 202, 103, 0,
956, 723, 244, 189, 130, 121, 11, 0,
957, 482, 243, 120, 239, 0,
958, 481, 50, 42, 53, 0,
959, 144, 258, 269, 0,
960, 2087, 0,
961, 31, 0,
962, 633, 214, 109, 0,
963, 440, 639, 296, 273, 174, 185, 42, 53, 0,
964, 729, 363, 168, 311, 0,
965, 198, 269, 0,
966, 1337, 198, 269, 0,
967, 0,
968, 1026, 1373, 0,
969, 470, 393, 134, 69, 26, 15, 8, 6, 5, 0,
970, 793, 74, 39, 16, 14, 9, 3, 0,
971, 0,
972, 1575, 1648, 1575, 1648, 1575, 1648, 1575, 1648, 1575, 1648, 1575, 1648, 1575, 1648, 1575, 1648, 1575, 1648, 1575, 1648, 1575, 1648, 1575, 1648, 1575, 1648, 1575, 1648, 1575, 1648, 1575, 1648, 1575, 1648, 1575, 1648, 1575, 1648, 1575, 1648, 1575, 1648, 1575, 1648, 1575, 1648, 1575, 1648, 1575, 1648, 1575, 1648, 1575, 1648, 1575, 1648, 1575, 1648, 1575, 1648, 1575, 1648, 1575, 1648, 1575, 1648, 1575, 1648, 1575, 1648, 1575, 1648, 1575, 1648, 1575, 1648, 1575, 1648, 1575, 1648, 1575, 1648, 1575, 1648, 1575, 1648, 1575, 1648, 1575, 1648, 1575, 1648, 1575, 1648, 1575, 1648, 1575, 1648, 1575, 1648, 1575, 1648, 1575, 1648, 1575, 1648, 1575, 1648, 1575, 1648, 1575, 1648, 1575, 1648, 1575, 1648, 1575, 1648, 1575, 1648, 1575, 1648, 1575, 1648, 1575, 1648, 1575, 1648, 1575, 1648, 1575, 1648, 1575, 1648, 1575, 1648, 1575, 1648, 1575, 1648, 1575, 1648, 1575, 1648, 1575, 1648, 1575, 1648, 1575, 1648, 1575, 1648, 1575, 1648, 1575, 1648, 1575, 1648, 1575, 1648, 1575, 1648, 1575, 1648, 1575, 1648, 1575, 1648, 1575, 1648, 1575, 1648, 1575, 1648, 1575, 1648, 1575, 1648, 1575, 1648, 1575, 1648, 1575, 1648, 1575, 1648, 1575, 1648, 1575, 1648, 1575, 1648, 1575, 1648, 1575, 1648, 1575, 1648, 1575, 1648, 1575, 1648, 1575, 1648, 1575, 1648, 1575, 1648, 1575, 1648, 1575, 1648, 1575, 1648, 1575, 1648, 1575, 1648, 1575, 1648, 1575, 1648, 1575, 1648, 1575, 1648, 1575, 1648, 1575, 1648, 1575, 1648, 1575, 1648, 1575, 1648, 1575, 1648, 1575, 1648, 1575, 1648, 1575, 1648, 1575, 1648, 1575, 1648, 1575, 1648, 1575, 1648, 1575, 1648, 1575, 1648,
973, 146, 75, 48, 75, 48, 75, 48, 75, 48, 75, 48, 75, 48, 75, 48, 75, 48, 75, 48, 75, 48, 75, 48, 75, 48, 75, 48, 75, 48, 75, 48, 75, 48, 75, 48, 75, 48, 75, 48, 75, 48, 75, 48, 75, 48, 75, 48, 75, 48, 75, 48, 75, 48, 75, 48, 75, 48, 75, 48, 75, 48, 75, 48, 75, 48, 75, 48, 75, 48, 75, 48, 75, 48, 75, 48, 75, 48, 75, 48, 75, 48, 75, 48, 75, 48, 75, 48, 75, 48, 75, 48, 75, 48, 75, 48, 75, 48, 75, 48, 75, 48, 75, 48, 75, 48, 75, 48, 75, 48, 75, 48, 75, 48, 75, 48, 75, 48, 75, 48, 75, 48, 75, 48, 75, 48, 75, 48, 75, 48, 75, 48, 75, 48, 75, 48, 75, 48, 75, 48, 75, 48, 75, 48, 75, 48, 75, 48, 75, 48, 75, 48, 75, 48, 75, 48, 75, 48, 75, 48, 75, 48, 75, 48, 75, 48, 75, 48, 75, 48, 75, 48, 75, 48, 75, 48, 75, 48, 75, 48, 75, 48, 75, 48, 75, 48, 75, 48, 75, 48, 75, 48, 75, 48, 75, 48, 75, 48, 75, 48, 75, 48, 75, 48, 75, 48, 75, 48, 75, 48, 75, 48, 75, 48, 75, 48, 75, 48, 75, 48, 75, 48, 75, 48, 75, 48, 75, 48, 75, 48, 75, 48, 75, 48, 75, 48, 75, 48, 75, 48, 75, 48, 75, 48, 75, 48, 75, 48, 75, 48, 75, 48, 75, 48, 75, 48, 75,
974, 489, 166, 85, 22, 13, 0,
975, 760, 1039, 0,
976, 945, 974, 489, 166, 85, 22, 13, 0,
977, 0,
978, 989, 66, 77, 18, 20, 21, 10, 7, 0,
979, 100, 116, 93, 34, 19, 0,
980, 1413, 640, 889, 134, 69, 26, 15, 8, 6, 5, 0,
981, 448, 567, 400, 560, 927, 424, 385, 190, 169, 13, 0,
982, 493, 46, 25, 5, 0,
983, 0,
984, 1535, 312, 527, 48, 75, 48, 75, 48, 75, 48, 75, 48, 75, 48, 75, 48, 75, 48, 75, 48, 75, 48, 75, 48, 75, 48, 75, 48, 75, 48, 75, 48, 75, 48, 75, 48, 75, 48, 75, 48, 75, 48, 75, 48, 75, 48, 75, 48, 75, 48, 75, 48, 75, 48, 75, 48, 75, 48, 75, 48, 75, 48, 75, 48, 75, 48, 75, 48, 75, 48, 75, 48, 75, 48, 75, 48, 75, 48, 75, 48, 75, 48, 75, 48, 75, 48, 75, 48, 75, 48, 75, 48, 75, 48, 75, 48, 75, 48, 75, 48, 75, 48, 75, 48, 75, 48, 75, 48, 75, 48, 75, 48, 75, 48, 75, 48, 75, 48, 75, 48, 75, 48, 75, 48, 75, 48, 75, 48, 75, 48, 75, 48, 75, 48, 75, 48, 75, 48, 75, 48, 75, 48, 75, 48, 75, 48, 75, 48, 75, 48, 75, 48, 75, 48, 75, 48, 75, 48, 75, 48, 75, 48, 75, 48, 75, 48, 75, 48, 75, 48, 75, 48, 75, 48, 75, 48, 75, 48, 75, 48, 75, 48, 75, 48, 75, 48, 75, 48, 75, 48, 75, 48, 75, 48, 75, 48, 75, 48, 75, 48, 75, 48, 75, 48, 75, 48, 75, 48, 75, 48, 75, 48, 75, 48, 75, 48, 75, 48, 75, 48, 75, 48, 75, 48, 75, 48, 75, 48, 75, 48, 75, 48, 75, 48, 75, 48, 75, 48, 75, 48, 75, 48, 75, 48, 75, 48, 75, 48, 75, 48, 75, 48, 75, 48, 75, 48,
985, 202, 103, 0,
986, 633, 214, 109, 0,
987, 548, 417, 142, 73, 0,
988, 971, 0,
989, 66, 77, 18, 20, 21, 10, 7, 0,
990, 1817, 102, 113, 0,
991, 0,
992, 1023, 512, 510, 785, 162, 200, 264, 455, 216, 383, 0,
993, 334, 169, 13, 0,
994, 733, 0,
995, 204, 299, 36, 54, 65, 18, 20, 21, 10, 7, 0,
996, 1355, 276, 395, 84, 139, 0,
997, 0,
998, 501, 170, 153, 80, 105, 86, 45, 32, 30, 41, 0,
999, 520, 739, 0,
1000, 1339, 116, 93, 34, 19, 0,
1001, 342, 437, 42, 53, 0,
1002, 1013, 0,
1003, 76, 63, 40, 49, 7, 0,
1004, 759, 392, 462, 689, 66, 77, 18, 20, 21, 10, 7, 0,
1005, 626, 315, 308, 363, 168, 311, 0,
1006, 505, 106, 55, 16, 14, 9, 3, 0,
1007, 72, 122, 63, 40, 49, 7, 0,
1008, 2215, 448, 567, 400, 560, 927, 424, 385, 190, 169, 13, 0,
1009, 0,
1010, 825, 662, 333, 160, 217, 38, 21, 10, 7, 0,
1011, 340, 415, 88, 91, 20, 21, 10, 7, 0,
1012, 1003, 76, 63, 40, 49, 7, 0,
1013, 0,
1014, 1181, 0,
1015, 424, 385, 190, 169, 13, 0,
1016, 903, 504, 1055, 216, 383, 0,
1017, 464, 465, 302, 153, 80, 105, 86, 45, 32, 30, 41, 0,
1018, 511, 80, 105, 86, 45, 32, 30, 41, 0,
1019, 0,
1020, 2003, 0,
1021, 0,
1022, 753, 254, 129, 46, 25, 5, 0,
1023, 512, 510, 785, 162, 200, 264, 455, 216, 383, 0,
1024, 1022, 753, 254, 129, 46, 25, 5, 0,
