1: 0,
2: 0, 1,
3: 0, 1,
4: 0, 1,
5: 0, 1, 2,
6: 0, 1, 2, 3,
7: 0, 1, 4, 5,
8: 0, 1, 3,
9: 0, 1, 5, 7,
X: 0, 1, 2, 3, 4, 5,
E: 0, 1, X,
10: 0, 1, 3, 4, 5, 8,
11: 0, 1, 2, 5, 6, 9, X,
12: 0, 1, 2, 3, 4, 5, 6, 7,
13: 0, 1, 2, 3, 4, 5, 6, 7,
14: 0, 1, 3, 5, 7,
15: 0, 1, 4, 5, 7, 9, E, 12, 13,
16: 0, 1, 8, 9, E, 11, 12, 14,
17: 0, 1, 5, 9, E, 10, 11, 13, 14, 15,
18: 0, 1, 3, 4, 5, 7, 8, 9, 10, 14,
19: 0, 1, 6, 7, 8, E, 10, 14, 15, 16, 17,
1X: 0, 1, X, E, 10, 19,
1E: 0, 1, 2, 5, 8, 9, 10, 11, 14, 15, 17, 18,
20: 0, 1, 3, 5, 7, 8, 9, E, 14,
21: 0, 1, 7, 16, 20,
22: 0, 1, 2, 3, 4, 5, 6, 7, 8, 9, X, E, 10, 11,
23: 0, 1, 5, 11, 14, 15, 17, 18, 1E, 21,
24: 0, 1, 4, 7, 8, 10, 11, 14, 15, 17, 18, 1E, 20, 21,
25: 0, 1, 3, 4, 5, 6, 8, 9, E, 10, 12, 14, 17, 1X, 23,
26: 0, 1, 2, 3, 4, 5, 6, 7, 8, 9, X, E, 10, 11, 12, 13,
27: 0, 1, 5, 6, 21, 22, 26,
28: 0, 1, 7, 9, 13, 17, 19, 23, 25,
29: 0, 1, X, E, 10, 19, 1E, 28,
2X: 0, 1, 4, 5, 6, E, 10, 11, 14, 15, 17, 18, 20, 21, 22, 23, 27, 28,
2E: 0, 1, 4, 5, 6, 7, 8, 9, X, E, 10, 11, 12, 13, 14, 15, 28, 29,
30: 0, 1, 4, 8, 9, 14, 15, 18, 1E, 21, 23, 24, 25, 27, 28,
31: 0, 1, 6, 7, 9, 13, 15, 17, 19, 1E, 20, 21, 22, 23, 25, 28, 29, 2X, 2E,
32: 0, 1, 4, 7, 8, 9, X, E, 10, 13, 16, 17, 19, 1X, 20, 21, 28, 29, 2E, 30,
33: 0, 1, 3, 4, 5, 6, 8, 9, X, 10, 11, 12, 13, 16, 18, 1X, 1E, 24, 28, 31,
34: 0, 1, 3, 5, 7, 8, 9, E, 11, 13, 14, 15, 17, 20, 28,
35: 0, 1, 3, 9, 12, 23, 28, 32, 34,
36: 0, 1, 4, 5, 6, 7, 8, 11, 12, 13, 14, 15, 18, 19, 1E, 20, 26, 27, 28, 29, 33, 34,
37: 0, 1, 2, 4, X, 14, 17, 19, 1E, 21, 22, 24, 25, 26, 27, 28, 2X, 2E, 30, 31, 32, 34,
38: 0, 1, E, 10, 19, 1E, 28, 37,
39: 0, 1, 5, 7, 8, 9, X, 15, 16, 17, 18, 1X, 23, 25, 27, 28, 2X, 30, 35, 37,
3X: 0, 1, 2, 5, 6, 7, X, E, 10, 11, 14, 15, 16, 19, 1X, 1E, 22, 23, 27, 28, 31, 32, 36, 37,
3E: 0, 1, 3, 5, 6, 8, 9, 12, 15, 19, 1X, 1E, 23, 24, 25, 27, 28, 2X, 2E, 30, 31, 34, 37, 39,
40: 0, 1, 3, 5, 7, 9, E, 11, 13, 14, 15, 17, 19, 1E, 28,
41: 0, 1, 4, 6, 8, X, 18, 1X, 21, 22, 26, 27, 28, 29, 2X, 30, 31, 32, 34, 38, 3X, 3E,
42: 0, 1, 7, 16, 20, 21, 22, 28, 37, 41,
43: 0, 1, 3, 4, 5, 11, 12, 14, 15, 16, 19, 20, 22, 24, 25, 27, 28, 30, 33, 34, 35, 36, 37, 38, 39, 41,
44: 0, 1, 4, 5, 7, 8, E, 10, 11, 13, 14, 17, 18, 19, 20, 21, 24, 25, 28, 2E, 30, 34, 37, 38, 40, 41,
45: 0, 1, 4, 6, 7, X, 10, 12, 15, 16, 17, 1E, 20, 23, 24, 27, 28, 29, 31, 32, 34, 36, 38, 39, 40, 42, 43,
46: 0, 1, 4, 11, 12, 1E, 22, 23, 25, 28, 2X, 2E, 31, 32, 37, 38, 3X, 3E, 41, 44,
47: 0, 1, X, E, 10, 19, 1X, 1E, 28, 2X, 37, 39, 46,
48: 0, 1, 3, 7, 8, 9, 11, 13, 14, 17, 19, 20, 21, 23, 28, 29, 33, 34, 39, 40, 43,
49: 0, 1, 4, 9, E, 10, 13, 14, 15, 16, 17, 18, 19, 1X, 20, 22, 23, 25, 28, 2X, 37, 38, 3E, 41, 42, 43, 44, 46, 47,
4X: 0, 1, 4, 5, 8, E, 10, 15, 16, 19, 20, 21, 24, 25, 27, 28, 2E, 30, 32, 33, 36, 37, 38, 39, 40, 41, 43, 44, 47, 48,
4E: 0, 1, 3, 4, 6, 7, 9, 13, 15, 19, 1X, 1E, 24, 25, 28, 29, 2X, 2E, 33, 34, 35, 37, 39, 3X, 3E, 40, 41, 43, 46, 49,
50: 0, 1, 3, 4, 5, 7, 8, 9, E, 10, 11, 13, 14, 15, 17, 18, 19, 1E, 20, 21, 23, 24, 25, 28, 30, 34, 38, 40, 44, 48,
51: 0, 1, E, 11, 12, 19, 25, 28, 34, 3E, 40, 42, 50,
52: 0, 1, 5, 6, 21, 22, 26, 27, 28, 30, 31, 48, 49, 51,
53: 0, 1, 4, 8, 9, X, E, 14, 15, 16, 17, 1E, 22, 23, 24, 28, 2X, 30, 32, 35, 37, 39, 41, 42, 46, 48, 4X, 51,
54: 0, 1, 3, 5, 13, 15, 23, 25, 27, 28, 33, 35, 37, 39, 43, 45, 47, 49,
55: 0, 1, 2, 5, 8, 9, X, 10, 11, 12, 16, 19, 21, 22, 23, 25, 26, 27, 28, 31, 35, 36, 37, 39, 3X, 40, 41, 42, 46, 4X, 4E, 51, 52,
56: 0, 1, X, E, 10, 19, 1X, 1E, 28, 29, 2X, 37, 39, 46, 48, 55,
57: 0, 1, 4, 5, 9, E, 11, 13, 17, 1X, 1E, 22, 24, 28, 2X, 30, 31, 32, 34, 36, 37, 3X, 3E, 41, 42, 43, 45, 47, 49, 4E, 50, 51, 54, 55,
58: 0, 1, 4, 7, 8, 9, E, 10, 11, 13, 14, 15, 17, 18, 19, 1E, 20, 21, 23, 24, 28, 29, 30, 31, 33, 34, 38, 40, 44, 48, 50, 53, 54, 55,
59: 0, 1, 2, 3, 4, 5, 8, 10, 14, 16, 17, 18, 1X, 1E, 20, 24, 26, 28, 2X, 30, 32, 34, 36, 37, 38, 40, 44, 46, 47, 48, 4X, 4E, 50, 52, 53,
5X: 0, 1, 2, 3, 6, 7, 8, 11, 12, 13, 18, 19, 1X, 23, 24, 25, 28, 29, 2X, 2E, 33, 34, 38, 39, 3X, 3E, 43, 44, 45, 46, 4X, 4E, 50, 51, 55, 56,
5E: 0, 1, 18, 1E, 22, 26, 28, 2X, 31, 33, 39, 40, 43, 5X,
60: 0, 1, 5, 7, 8, 9, 14, 15, 17, 23, 25, 27, 28, 2E, 34, 39, 3E, 41, 48, 4E, 51, 53, 54,
61: 0, 1, 2, 3, 4, 5, 6, 7, E, 10, 11, 13, 15, 18, 20, 23, 25, 28, 29, 2X, 30, 32, 36, 37, 39, 3E, 40, 42, 43, 44, 46, 47, 49, 4E, 53, 54, 55,
62: 0, 1, 2, 5, 6, 9, X, E, 14, 15, 16, 17, 18, 19, 22, 23, 24, 27, 28, 2E, 30, 31, 34, 35, 38, 39, 41, 42, 43, 44, 4E, 50, 51, 52, 56, 57, 5X, 5E,
63: 0, 1, 7, 16, 20, 21, 22, 28, 37, 41, 42, 43, 49, 58, 62,
64: 0, 1, 4, 5, 7, 8, 9, E, 10, 11, 13, 14, 17, 18, 1E, 20, 21, 23, 24, 25, 27, 28, 29, 30, 31, 34, 35, 38, 40, 44, 47, 48, 4E, 50, 54, 58, 60, 61,
65: 0, 1, X, 10, 19, 1X, 1E, 28, 2X, 37, 38, 39, 46, 48, 55, 56, 57, 64,
66: 0, 1, 2, 3, 4, 5, 7, 8, 9, X, 10, 11, 12, 14, 15, 16, 19, 1X, 1E, 21, 22, 23, 25, 26, 27, 28, 2X, 2E, 30, 31, 32, 33, 39, 42, 46, 4X, 4E, 53, 57, 60,
67: 0, 1, 2, 6, 9, 11, 21, 22, 23, 28, 2X, 30, 31, 32, 34, 38, 3X, 40, 41, 42, 43, 47, 48, 49, 4X, 4E, 50, 51, 52, 53, 54, 55, 57, 58, 59, 5E, 60, 62, 63, 64,
68: 0, 1, 3, 5, 7, 9, E, 11, 13, 14, 15, 17, 19, 1E, 21, 23, 25, 27, 28, 29, 2E, 31, 33, 40, 54,
69: 0, 1, 2, 5, 7, 8, X, 11, 12, 15, 17, 18, 1X, 1E, 21, 27, 28, 34, 37, 38, 3X, 3E, 44, 45, 47, 55, 5X, 65,
6X: 0, 1, 3, 9, 12, 23, 28, 32, 34, 35, 36, 38, 42, 47, 58, 61, 67, 69,
6E: 0, 1, 3, 7, 8, 9, E, 10, 16, 17, 1X, 1E, 21, 24, 26, 27, 28, 29, 2X, 30, 31, 35, 37, 38, 39, 40, 46, 48, 49, 4E, 52, 53, 56, 57, 58, 59, 5X, 61, 65, 66, 67, 69,
70: 0, 1, 4, 5, 7, 8, E, 10, 11, 13, 14, 15, 17, 18, 19, 1E, 20, 21, 23, 24, 25, 27, 28, 2E, 30, 31, 34, 35, 38, 39, 40, 43, 44, 48, 50, 54, 58, 60, 63, 64, 68, 69,
71: 0, 1, 2, 4, 5, E, 11, 12, 14, 15, 16, 19, 1X, 25, 26, 28, 29, 2X, 2E, 31, 32, 34, 35, 37, 3X, 41, 46, 49, 4X, 4E, 50, 51, 52, 55, 56, 5X, 61, 63, 64, 65, 66, 67, 6X,
72: 0, 1, 2, 6, 7, 9, E, 10, 12, 15, 22, 25, 27, 28, 2X, 30, 31, 35, 36, 37, 3X, 3E, 40, 43, 45, 48, 4X, 4E, 51, 52, 53, 54, 55, 56, 57, 58, 5X, 5E, 61, 64, 66, 69, 6X, 6E,
73: 0, 1, 5, 6, 9, E, 10, 11, 12, 13, 14, 15, 17, 1X, 24, 25, 26, 28, 29, 30, 31, 33, 35, 37, 39, 3E, 41, 44, 45, 48, 50, 51, 52, 53, 54, 56, 57, 59, 65, 67, 68, 6E, 70, 71,
74: 0, 1, E, 19, 1E, 28, 29, 37, 39, 48, 55, 57, 73,
75: 0, 1, 4, 5, 6, 8, 9, X, E, 14, 19, 1E, 21, 23, 26, 27, 28, 29, 2X, 32, 34, 35, 36, 39, 3X, 42, 44, 45, 46, 50, 51, 53, 55, 57, 59, 5X, 5E, 60, 62, 63, 64, 65, 6X, 72, 73,
76: 0, 1, 2, 4, 8, 9, X, E, 11, 15, 16, 17, 22, 23, 24, 28, 2X, 2E, 30, 31, 35, 37, 38, 39, 42, 44, 46, 4E, 51, 53, 55, 57, 58, 5X, 60, 62, 64, 69, 6E, 71, 
77: 0, 1, 2, 4, 5, 6, 8, 10, 11, 12, 16, 19, 1X, 1E, 20, 23, 25, 27, 28, 29, 2X, 2E, 30, 32, 35, 36, 37, 38, 3X, 43, 44, 46, 51, 53, 55, 56, 5E, 60, 62, 63, 64, 68, 69, 6X, 70, 74,
78: 0, 1, 4, 7, 8, 9, E, 10, 14, 18, 19, 1E, 20, 21, 24, 28, 2E, 30, 31, 33, 34, 38, 39, 40, 41, 43, 44, 48, 4E, 50, 51, 53, 54, 55, 58, 60, 61, 63, 64, 65, 67, 68, 70, 73, 74, 75,
79: 0, 1, 5, 6, 21, 22, 26, 27, 28, 30, 31, 48, 49, 51, 53, 57, 58, 73, 74, 78,
7X: 0, 1, 2, 4, 6, 12, 13, 15, 16, 1E, 20, 25, 26, 28, 29, 35, 37, 39, 3X, 3E, 42, 44, 46, 47, 48, 49, 4X, 4E, 50, 53, 56, 57, 58, 59, 60, 61, 62, 63, 66, 69, 6X, 6E, 70, 71, 72, 73, 75, 77,
7E: 0, 1, 5, 6, 9, E, 10, 15, 16, 17, 18, 20, 22, 23, 24, 25, 26, 27, 28, 29, 31, 32, 33, 34, 39, 3X, 40, 43, 44, 45, 46, 4E, 50, 51, 5X, 60, 61, 62, 67, 68, 69, 6X, 71, 73, 74, 77, 78, 79,
80: 0, 1, 7, 9, 13, 15, 1E, 21, 27, 28, 29, 33, 35, 3E, 43, 45, 4E, 51, 54, 57, 59, 63, 65, 6E, 71, 77, 79,
81: 0, 1, 3, 5, 6, 8, X, 11, 12, 13, 14, 19, 1X, 21, 22, 23, 24, 27, 28, 31, 33, 34, 36, 39, 3X, 41, 42, 45, 46, 48, 4E, 51, 52, 53, 54, 57, 58, 61, 62, 65, 66, 67, 68, 71, 72, 74, 76, 79, 7E,
82: 0, 1, 2, 5, 6, 8, 9, X, 10, 11, 13, 14, 15, 16, 17, 1E, 22, 26, 27, 28, 29, 2X, 30, 31, 33, 34, 35, 37, 38, 3E, 40, 41, 44, 45, 50, 59, 5E, 61, 62, 64, 66, 73, 7X, 7E,
83: 0, 1, X, 1E, 28, 2X, 37, 38, 39, 46, 48, 55, 57, 64, 65, 74, 75, 82,
84: 0, 1, 7, 20, 21, 28, 37, 41, 43, 49, 58, 63, 64, 79, 83,
85: 0, 1, 6, X, 12, 15, 28, 30, 33, 35, 38, 49, 50, 52, 55, 59, 70, 73, 77, 7E, 84,
86: 0, 1, 2, 4, 8, X, E, 10, 11, 14, 15, 16, 17, 19, 20, 21, 22, 23, 26, 28, 29, 2X, 2E, 32, 33, 34, 35, 37, 3E, 41, 42, 43, 46, 48, 49, 4X, 50, 55, 56, 5E, 61, 62, 67, 68, 6X, 73, 74, 79, 7E, 80, 81, 83,
87: 0, 1, 2, 3, X, 10, 12, 13, 15, 16, 17, 18, 22, 23, 24, 26, 27, 28, 29, 2X, 2E, 30, 31, 32, 34, 39, 40, 41, 42, 43, 48, 49, 4E, 50, 51, 52, 54, 62, 66, 67, 68, 69, 6X, 73, 76, 78, 7X, 7E, 80, 81, 82, 83,
88: 0, 1, 3, 5, 8, 11, 14, 15, 19, 20, 21, 23, 27, 28, 2E, 33, 34, 3E, 40, 41, 43, 48, 4E, 51, 53, 54, 57, 5E, 60, 63, 68, 69, 71, 74, 75, 79, 7E, 80, 81,
89: 0, 1, 2, 3, 6, 7, 8, 9, X, 11, 12, 13, 14, 15, 18, 19, 1X, 23, 24, 25, 28, 29, 2X, 2E, 30, 33, 34, 35, 36, 37, 3X, 3E, 40, 41, 42, 45, 46, 50, 51, 57, 58, 62, 63, 67, 68, 69, 6X, 72, 73, 79, 7X, 84, 85,
8X: 0, 1, 2, 3, 5, 7, 8, X, E, 10, 12, 13, 14, 16, 19, 1X, 1E, 20, 22, 23, 25, 26, 27, 28, 2E, 31, 32, 33, 35, 36, 37, 39, 3X, 40, 42, 43, 44, 45, 49, 4E, 52, 56, 5X, 60, 61, 66, 69, 72, 73, 75, 79, 81, 84, 86,
8E: 0, 1, 3, 5, 6, 8, X, 10, 11, 12, 14, 15, 16, 1X, 21, 22, 25, 26, 28, 30, 31, 33, 35, 36, 40, 45, 47, 48, 49, 4X, 50, 51, 52, 53, 54, 57, 59, 60, 61, 62, 64, 67, 68, 6E, 70, 72, 73, 74, 78, 80, 82, 84, 87, 89,
90: 0, 1, 4, 5, 8, 14, 18, 1E, 23, 24, 27, 28, 34, 38, 41, 44, 45, 48, 51, 54, 55, 57, 58, 5E, 61, 64, 67, 68, 69, 6E, 74, 75, 77, 78, 7E, 81, 84, 85, 88,
91: 0, 1, 2, 3, 5, 7, 9, X, 12, 14, 15, 16, 19, 1E, 21, 26, 27, 28, 29, 2X, 31, 32, 33, 36, 37, 3E, 41, 44, 45, 47, 4X, 4E, 51, 53, 54, 55, 58, 59, 61, 62, 68, 69, 6X, 6E, 71, 73, 75, 76, 7X, 80, 81, 82, 85, 87, 89,
92: 0, 1, X, E, 10, 19, 1X, 1E, 28, 29, 2X, 37, 38, 39, 46, 47, 48, 55, 57, 64, 66, 73, 75, 82, 84, 91,
93: 0, 1, 5, 6, 7, 8, 10, 11, 12, 13, 14, 15, 18, 19, 1X, 1E, 20, 21, 22, 23, 25, 27, 28, 2X, 2E, 30, 31, 32, 33, 34, 37, 3X, 3E, 40, 44, 46, 48, 4X, 50, 51, 52, 56, 57, 59, 5X, 66, 69, 6E, 78, 79, 84, 85, 86, 8E, 90, 91,
94: 0, 1, 3, 7, 9, 11, 13, 14, 15, 17, 19, 1E, 21, 23, 25, 27, 28, 29, 2E, 31, 33, 35, 37, 3E, 40, 41, 45, 47, 51, 54, 57, 68, 80, 85, 8E,
95: 0, 1, 3, 6, 7, 8, 10, 11, 13, 14, 15, 18, 1E, 22, 23, 24, 25, 28, 29, 30, 32, 34, 35, 36, 37, 39, 41, 43, 44, 46, 47, 49, 50, 53, 55, 56, 57, 59, 62, 64, 66, 67, 6X, 6E, 74, 75, 77, 78, 7X, 7E, 83, 86, 87, 88, 90, 91, 93,
96: 0, 1, 4, 6, 7, 8, X, 12, 13, 14, 15, 16, 17, 18, 19, 1X, 1E, 20, 21, 28, 29, 2X, 2E, 30, 31, 32, 33, 34, 35, 36, 37, 3E, 41, 42, 43, 45, 48, 49, 4E, 50, 52, 56, 58, 59, 5X, 6E, 70, 71, 72, 73, 74, 85, 86, 87, 89, 91, 93, 94,
97: 0, 1, 2, 3, 6, X, 10, 11, 12, 14, 15, 18, 1X, 1E, 20, 22, 25, 26, 28, 29, 2X, 2E, 30, 33, 34, 37, 39, 3X, 3E, 43, 45, 46, 47, 49, 4E, 53, 55, 56, 57, 5E, 61, 62, 65, 66, 70, 73, 74, 76, 7X, 80, 81, 84, 88, 8X, 8E, 90, 92, 93,
98: 0, 1, 3, 4, 5, 8, 9, E, 10, 13, 14, 15, 17, 18, 20, 24, 25, 28, 30, 33, 34, 35, 37, 38, 3E, 40, 41, 44, 45, 47, 48, 49, 50, 54, 55, 58, 5E, 60, 64, 67, 68, 69, 6E, 70, 71, 74, 75, 77, 78, 79, 7E, 80, 84, 87, 88, 90, 91, 94,
99: 0, 1, 2, 8, 9, 11, 14, 16, 17, 18, 1X, 1E, 22, 23, 24, 28, 30, 31, 37, 38, 39, 3X, 41, 42, 44, 45, 46, 48, 4E, 52, 53, 5X, 60, 64, 65, 67, 69, 6X, 6E, 72, 74, 76, 78, 83, 84, 87, 8X, 8E, 90, 92, 94, 95,
9X: 0, 1, 2, 3, 5, 7, 8, X, 12, 20, 21, 22, 23, 24, 27, 28, 29, 2X, 2E, 39, 41, 43, 44, 46, 48, 49, 4X, 4E, 53, 55, 58, 5X, 5E, 60, 62, 63, 64, 65, 66, 67, 68, 69, 6X, 74, 75, 7E, 80, 81, 82, 83, 84, 85, 86, 87, 89, 8X, 8E, 91, 94, 96,
9E: 0, 1, 2, 3, 5, 6, 8, 9, E, 10, 11, 12, 13, 19, 20, 21, 22, 24, 27, 28, 2X, 2E, 30, 31, 33, 34, 35, 37, 38, 42, 47, 4E, 51, 52, 53, 55, 56, 57, 58, 5X, 5E, 60, 61, 62, 65, 69, 72, 75, 76, 78, 80, 81, 83, 84, 85, 86, 87, 91, 94, 97,
X0: 0, 1, 3, 5, 7, 8, 9, E, 11, 13, 14, 15, 17, 19, 1E, 20, 21, 23, 25, 27, 28, 29, 2E, 31, 33, 34, 35, 37, 39, 3E, 40, 41, 43, 45, 47, 48, 49, 4E, 54, 60, 68, 74, 80, 88, 94,
X1: 0, 1, X, 10, 1E, 28, 2X, 37, 39, 46, 48, 55, 57, 64, 66, 82, 84, 91, 93, X0,
X2: 0, 1, E, 11, 12, 19, 25, 28, 34, 3E, 40, 42, 50, 51, 52, 60, 62, 63, 6X, 76, 79, 85, 90, 91, 93, X1,
X3: 0, 1, 3, 9, 12, 23, 28, 32, 34, 35, 36, 38, 42, 47, 58, 61, 67, 69, 6E, 71, 77, 80, 91, 96, X0, X2,
X4: 0, 1, 5, 21, 27, 28, 30, 31, 48, 49, 51, 53, 57, 58, 73, 74, 78, 83, 9E, X3,
X5: 0, 1, 7, 16, 20, 22, 28, 37, 41, 43, 49, 58, 62, 64, 6X, 79, 83, 85, 8E, 9X, X4,
X6: 0, 1, 2, 4, 7, 8, 9, E, 12, 14, 16, 1E, 23, 24, 27, 28, 2E, 30, 34, 39, 3E, 41, 44, 46, 47, 48, 4E, 51, 52, 53, 58, 60, 61, 64, 68, 69, 6X, 6E, 71, 74, 75, 76, 78, 81, 83, 84, 85, 88, 8X, 8E, 90, 91, 95, 98, 99, X1,
X7: 0, 1, 2, 8, 9, 10, 12, 13, 14, 16, 20, 21, 23, 25, 27, 28, 29, 2E, 33, 36, 37, 38, 3X, 41, 43, 44, 4X, 52, 54, 56, 57, 58, 5X, 5E, 60, 61, 62, 65, 67, 68, 6X, 72, 73, 75, 76, 77, 79, 81, 83, 85, 88, 89, 8X, 8E, 90, 92, 96, 98, 99, X0, X1, X2, X3, X4,
X8: 0, 1, 5, E, 17, 1E, 21, 23, 27, 28, 29, 31, 33, 35, 39, 45, 4E, 53, 57, 5E, 61, 65, 67, 69, 71, 79, 80, 83, 8E, 93, 95, 97, 9E, X1, X5,
X9: 0, 1, 2, 4, 6, 7, X, E, 10, 12, 15, 16, 17, 18, 1E, 21, 22, 24, 25, 27, 28, 2X, 2E, 30, 31, 35, 36, 37, 38, 39, 43, 44, 4X, 4E, 54, 56, 57, 58, 59, 60, 61, 62, 63, 64, 67, 68, 69, 6X, 6E, 75, 76, 77, 80, 83, 86, 89, 8E, 90, 95, 96, 98, X0, X1, X4, X6,
XX: 0, 1, 2, 5, 7, 8, 9, X, 10, 11, 12, 13, 16, 18, 19, 1X, 1E, 21, 22, 23, 24, 25, 26, 27, 28, 29, 2X, 2E, 30, 31, 32, 33, 34, 36, 37, 38, 39, 3E, 42, 43, 44, 45, 47, 48, 49, 4X, 50, 53, 54, 55, 58, 59, 5E, 64, 69, 6X, 70, 75, 8X, 93, 95, 96, 9E, X4, X6, X7,
XE: 0, 1, 16, 20, 28, 33, 39, 3E, 43, 44, 50, 52, 53, 58, 59, 5E, 67, 68, 70, 72, 78, 83, 8E, 94, 95, XX,
E0: 0, 1, E, 10, 19, 1E, 28, 29, 37, 38, 39, 47, 48, 55, 57, 64, 73, 74, 75, 84, 91, 93, X0, XE,
E1: 0, 1, 2, 4, 6, 7, 8, X, 13, 15, 16, 17, 18, 1X, 28, 2X, 2E, 31, 32, 33, 35, 36, 3E, 41, 42, 46, 48, 49, 4X, 52, 56, 58, 59, 5X, 60, 61, 62, 66, 68, 69, 6X, 71, 73, 74, 75, 76, 79, 81, 84, 86, 87, 88, 89, 8X, 8E, 90, 91, 92, 94, 99, 9E, X0, X1, X2, X4, X8, XX,
E2: 0, 1, 4, X, 10, 12, 14, 16, 18, 1E, 20, 22, 24, 25, 26, 27, 28, 29, 2X, 2E, 30, 31, 32, 33, 35, 37, 38, 3E, 41, 43, 45, 47, 49, 53, 56, 57, 59, 5X, 60, 61, 62, 63, 64, 66, 68, 6X, 70, 72, 74, 75, 78, 7X, 8E, 91, 94, 95, 97, 99, 9E, X1, X3, X5, X6, X7, X8, X9, XE, E0,
E3: 0, 1, 7, E, 15, 17, 18, 1X, 1E, 22, 23, 24, 27, 28, 2X, 37, 3E, 42, 45, 46, 47, 4X, 4E, 52, 54, 57, 5X, 62, 67, 69, 6E, 72, 75, 77, 7X, 7E, 81, 82, 84, 8X, 90, 92, 9E, X1, X2, X5, X7, XX, XE, E1,
E4: 0, 1, 5, 7, 8, 9, 11, 14, 15, 19, 20, 21, 23, 27, 28, 29, 2E, 31, 34, 35, 37, 3E, 40, 43, 47, 48, 4E, 51, 53, 54, 57, 5E, 60, 67, 68, 6E, 73, 74, 77, 80, 81, 88, 8E, 94, 95, 99, X0, X1, X5, X8, E1,
E5: 0, 1, 2, 8, 15, 16, 18, 1E, 21, 28, 2E, 30, 31, 34, 37, 39, 3E, 40, 41, 43, 45, 48, 49, 4E, 54, 55, 57, 59, 5E, 62, 63, 64, 65, 67, 6X, 6E, 71, 73, 77, 79, 7E, 80, 82, 83, 87, 88, 8X, 8E, 90, 91, 92, 93, 95, 97, 98, 9X, X1, X2, X3, X4, X5, X6, X7, X8, XX, XE, E0, E1, E2,
E6: 0, 1, 5, 7, 8, E, 11, 12, 15, 16, 19, 1X, 1E, 20, 24, 27, 28, 31, 32, 35, 39, 3X, 3E, 40, 43, 44, 47, 48, 4X, 51, 52, 54, 58, 59, 5E, 60, 61, 63, 66, 67, 69, 70, 71, 74, 75, 7X, 7E, 80, 82, 83, 86, 87, 88, 89, 90, 91, 93, 94, 95, 9X, 9E, X2, X3, X6, X8, X9, E0, E2, E3, E4,
E7: 0, 1, 2, 3, 4, 5, 7, 9, X, E, 11, 13, 14, 16, 17, 18, 1X, 20, 21, 26, 27, 28, 29, 2X, 31, 33, 35, 39, 43, 45, 46, 4E, 51, 54, 55, 57, 58, 59, 61, 64, 65, 67, 69, 6X, 6E, 70, 73, 75, 76, 77, 78, 79, 7E, 80, 81, 83, 85, 87, 88, 92, 93, 94, 95, 98, 9X, X2, X5, X7, XE, E1,
E8: 0, 1, 4, 5, 7, 8, E, 10, 11, 13, 14, 17, 18, 19, 20, 21, 23, 24, 25, 28, 2E, 30, 34, 35, 37, 38, 39, 40, 41, 43, 44, 47, 48, 49, 4E, 50, 53, 54, 55, 58, 59, 60, 61, 64, 67, 68, 70, 73, 74, 78, 79, 80, 84, 85, 87, 88, 8E, 90, 91, 94, 98, 99, X0, X3, X4, X8, XE, E0, E4, E5,
E9: 0, 1, 5, 6, 7, 8, X, E, 12, 13, 14, 15, 16, 17, 18, 19, 1X, 1E, 20, 22, 23, 24, 25, 27, 28, 2X, 30, 31, 34, 36, 39, 3X, 3E, 40, 41, 42, 44, 48, 50, 58, 5X, 60, 62, 63, 64, 65, 66, 67, 68, 6X, 6E, 70, 72, 73, 74, 76, 81, 82, 84, 86, 87, 8X, 90, 93, 98, X8, X9, E0, E5, E6, E7,
EX: 0, 1, 18, 1E, 22, 26, 28, 33, 35, 39, 40, 43, 5X, 5E, 60, 77, 7X, 81, 85, 87, 89, 90, 92, 94, 98, 9E, X2, E9,
EE: 0, 1, X, E, 10, 19, 1X, 1E, 28, 29, 2X, 37, 38, 39, 46, 47, 48, 55, 56, 57, 64, 66, 73, 75, 82, 84, 91, 93, X0, X2, XE, E1, EX,
100: 0, 1, 9, E, 11, 14, 15, 17, 23, 28, 2E, 31, 39, 45, 47, 4E, 51, 53, 54, 5E, 65, 67, 68, 69, 7E, 81, 83, 85, 87, 94, 95, 97, 99, 9E, X1, X8, E3, E5, E7,
