25001,1
25002,5
25003,15
25004,1
25005,5
25006,1
25007,3
25008,1
25009,4
25010,2
25011,NA
25012,6
25013,67
25014,4
25015,1
25016,3
25017,3
25018,4
25019,1
25020,1
25021,11
25022,7
25023,6
25024,1
25025,2
25026,1
25027,1
25028,1
25029,5
25030,1
25031,41
25032,6
25033,6
25034,2
25035,25
25036,1
25037,7
25038,1
25039,1
25040,2
25041,4
25042,3
25043,1
25044,5
25045,4
25046,1
25047,1
25048,6
25049,4
25050,7
25051,2
25052,NA
25053,1
25054,3
25055,2
25056,5
25057,3
25058,1
25059,29
25060,11
25061,2
25062,4
25063,256
25064,1
25065,2
25066,400
25067,6
25068,4
25069,1
25070,2
25071,1
25072,1
25073,8
25074,3
25075,2
25076,1
25077,1
25078,1
25079,154
25080,82
25081,3
25082,1
25083,1
25084,13
25085,4
25086,2
25087,69
25088,3
25089,4
25090,7
25091,2
25092,1
25093,1
25094,2
25095,4
25096,10
25097,3
25098,1
25099,1
25100,7
25101,4
25102,6
25103,4
25104,5
25105,6
25106,13
25107,5
25108,2
25109,5
25110,2
25111,1
25112,5
25113,1
25114,1
25115,690
25116,67
25117,7
25118,8
25119,1
25120,36
25121,1
25122,4
25123,24
25124,1
25125,1
25126,1
25127,2
25128,232
25129,1
25130,1
25131,1
25132,17
25133,2
25134,1
25135,2
25136,3
25137,1
25138,1
25139,13
25140,3
25141,5
25142,1
25143,1
25144,2
25145,48
25146,6
25147,1
25148,16
25149,3
25150,2
25151,1
25152,75
25153,1
25154,4
25155,2
25156,1
25157,1
25158,1
25159,NA
25160,1
25161,NA
25162,3
25163,7
25164,39
25165,12
25166,69
25167,1
25168,2
25169,3
25170,1
25171,7
25172,2
25173,1
25174,1
25175,2
25176,2
25177,1
25178,2
25179,10
25180,1
25181,1
25182,2
25183,8
25184,4
25185,15
25186,3
25187,1
25188,1
25189,11
25190,1
25191,3
25192,1
25193,7
25194,7
25195,1
25196,2
25197,3
25198,29
25199,1
25200,1
25201,2
25202,2
25203,2
25204,NA
25205,3
25206,5
25207,8
25208,1
25209,5
25210,9
25211,27
25212,3
25213,1
25214,1
25215,5
25216,2
25217,1
25218,3
25219,16
25220,2
25221,2
25222,3
25223,4
25224,16
25225,2
25226,292
25227,32
25228,11
25229,1
25230,3
25231,4
25232,20
25233,74
25234,3
25235,1
25236,48
25237,23
25238,35
25239,1
25240,2
25241,3
25242,1
25243,9
25244,6
25245,1
25246,12
25247,8
25248,1
25249,4
25250,4
25251,2
25252,1
25253,1
25254,5
25255,2
25256,8
25257,1
25258,1
25259,2
25260,47
25261,6
25262,12
25263,2
25264,6
25265,1
25266,2
25267,1
25268,6
25269,1
25270,10
25271,44
25272,1
25273,2
25274,1
25275,1
25276,21
25277,1
25278,2
25279,8
25280,3
25281,NA
25282,2
25283,8
25284,11
25285,2
25286,1
25287,2
25288,3
25289,18
25290,3
25291,2
25292,1
25293,39
25294,1
25295,1
25296,1
25297,1
25298,2
25299,3
25300,1
25301,1
25302,6
25303,3
25304,8
25305,18
25306,1
25307,2
25308,1
25309,7
25310,1
25311,1
25312,1
25313,25
25314,1
25315,4
25316,4
25317,4
25318,3
25319,2
25320,25
25321,2
25322,3
25323,4
25324,1
25325,2
25326,19
25327,1
25328,2
25329,3
25330,1
25331,5
25332,1
25333,11
25334,2
25335,5
25336,2
25337,2
25338,1
25339,4
25340,1
25341,2
25342,2
25343,3
25344,4
25345,56
25346,7
25347,1
25348,2
25349,8
25350,82
25351,4
25352,2
25353,25
25354,2
25355,6
25356,31
25357,1
25358,2
25359,7
25360,1
25361,1
25362,31
25363,1
25364,1
25365,1
25366,569
25367,4
25368,1
25369,1
25370,14
25371,20
25372,7
25373,7
25374,2
25375,6
25376,9
25377,1
25378,9
25379,9
25380,2
25381,44
25382,11
25383,3
25384,4
25385,8
25386,1
25387,6
25388,2
25389,4
25390,2
25391,22
25392,10
25393,5
25394,19
25395,1
25396,1
25397,9
25398,1
25399,1
25400,18
25401,1
25402,3
25403,5
25404,1
25405,1
25406,4
25407,12
25408,6
25409,1
25410,2
25411,3
25412,2
25413,1
25414,2
25415,135
25416,3
25417,5
25418,64
25419,2
25420,3
25421,2
25422,1
25423,2
25424,2
25425,4
25426,1
25427,16
25428,5
25429,23
25430,1
25431,3
25432,8
25433,1
25434,1
25435,1
25436,3
25437,1
25438,7
25439,1
25440,1
25441,15
25442,1
25443,1
25444,6
25445,3
25446,5
25447,2
25448,1
25449,105
25450,2
25451,1
25452,2
25453,119
25454,4
25455,2
25456,1
25457,1
25458,4
25459,3
25460,5
25461,1
25462,12
25463,5
25464,1
25465,3
25466,2
25467,1
25468,3
25469,2
25470,3
25471,4
25472,2
25473,2
25474,1
25475,6
25476,3
25477,2
25478,3
25479,1
25480,4
25481,1
25482,7
25483,4
25484,3
25485,1
25486,1
25487,4
25488,3
25489,3
25490,3
25491,3
25492,30
25493,16
25494,1
25495,19
25496,1
25497,5
25498,1
25499,11
25500,10
25501,2
25502,2
25503,46
25504,1
25505,2
25506,9
25507,5
25508,8
25509,4
25510,12
25511,2
25512,1
25513,22
25514,11
25515,1
25516,2
25517,7
25518,1
25519,1
25520,4
25521,2
25522,4
25523,2
25524,4
25525,1
25526,2
25527,1
25528,3
25529,4
25530,1
25531,1
25532,9
25533,3
25534,1
25535,3
25536,81
25537,2
25538,2
25539,2
25540,4
25541,9
25542,1
25543,58
25544,5
25545,121
25546,5
25547,1
25548,3
25549,4
25550,1
25551,4
25552,1
25553,2
25554,7
25555,1
25556,1
25557,14
25558,1
25559,1
25560,4
25561,1
25562,5
25563,1
25564,4
25565,1
25566,28
25567,1
25568,13
25569,18
25570,1
25571,1
25572,7
25573,6
25574,4
25575,3
25576,244
25577,2
25578,1
25579,3
25580,3
25581,56
25582,1
25583,2
25584,2
25585,3
25586,1
25587,6
25588,6
25589,1
25590,2
25591,3
25592,2
25593,2
25594,3
25595,11
25596,1
25597,1
25598,4
25599,1
25600,NA
25601,34
25602,16
25603,110
25604,1
25605,1
25606,55
25607,68
25608,1
25609,13
25610,1
25611,10
25612,2
25613,1
25614,8
25615,9
25616,4
25617,1
25618,1
25619,1
25620,12
25621,36
25622,1
25623,8
25624,1
25625,1
25626,19
25627,17
25628,4
25629,1
25630,1
25631,9
25632,3
25633,2
25634,14
25635,1
25636,5
25637,1
25638,5
25639,6
25640,368
25641,9
25642,3
25643,1
25644,1
25645,2
25646,1
25647,15
25648,10
25649,1
25650,1
25651,1
25652,1
25653,2
25654,1
25655,1
25656,18
25657,4
25658,1
25659,2
25660,2
25661,17
25662,2
25663,8
25664,1
25665,1
25666,198
25667,2
25668,4
25669,1
25670,20
25671,1
25672,1
25673,9
25674,48
25675,1
25676,7
25677,108
25678,3
25679,NA
25680,2
25681,1
25682,1
25683,15
25684,2
25685,1
25686,2
25687,1
25688,2
25689,3
25690,23
25691,3
25692,2
25693,9
25694,6
25695,1
25696,194
25697,8
25698,16
25699,1
25700,5
25701,3
25702,1
25703,1
25704,16
25705,5
25706,4
25707,4
25708,1
25709,1
25710,1
25711,3
25712,1
25713,2
25714,24
25715,4
25716,27
25717,6
25718,2
25719,2
25720,2
25721,2
25722,4
25723,1
25724,38
25725,1
25726,2
25727,1
25728,2
25729,2
25730,4
25731,8
25732,1
25733,13
25734,1
25735,7
25736,1
25737,2
25738,1
25739,70
25740,5
25741,2
25742,55
25743,1
25744,2
25745,1
25746,1
25747,6
25748,2
25749,1
25750,3
25751,32
25752,2
25753,5
25754,808
25755,5
25756,3
25757,2
25758,1
25759,1
25760,2
25761,1
25762,1
25763,3
25764,2
25765,2
25766,7
25767,3
25768,4
25769,1
25770,317
25771,1
25772,1
25773,3
25774,1
25775,2
25776,2
25777,7
25778,23
25779,1
25780,1
25781,20
25782,5
25783,3
25784,1
25785,79
25786,3
25787,1
25788,NA
25789,3
25790,7
25791,2
25792,8
25793,1
25794,3
25795,1
25796,11
25797,22
25798,43
25799,8
25800,1
25801,1
25802,1
25803,1
25804,2
25805,1
25806,14
25807,1
25808,1
25809,5
25810,4
25811,3
25812,15
25813,3
25814,1
25815,27
25816,2
25817,8
25818,2
25819,1
25820,3
25821,4
25822,3
25823,1
25824,2
25825,6
25826,1
25827,3
25828,1
25829,1
25830,8
25831,NA
25832,5
25833,14
25834,5
25835,4
25836,1
25837,2
25838,2
25839,2
25840,2
25841,25
25842,3
25843,4
25844,4
25845,15
25846,5
25847,1
25848,24
25849,3
25850,6
25851,2
25852,1
25853,1
25854,4
25855,1
25856,1
25857,3
25858,2
25859,1
25860,10
25861,3
25862,2
25863,1
25864,177
25865,2
25866,5
25867,3
25868,2
25869,46
25870,1
25871,1
25872,4
25873,3
25874,39
25875,1
25876,4
25877,1
25878,4
25879,15
25880,1
25881,1
25882,1
25883,8
25884,11
25885,1
25886,1
25887,38
25888,1
25889,1
25890,1
25891,2
25892,6
25893,2
25894,1
25895,1
25896,1
25897,3
25898,12
25899,30
25900,2
25901,1
25902,1
25903,6
25904,7
25905,1
25906,4
25907,1
25908,1
25909,5
25910,14
25911,5
25912,3
25913,4
25914,2
25915,1
25916,2
25917,11
25918,1
25919,30
25920,4
25921,NA
25922,30
25923,2
25924,1
25925,34
25926,3
25927,12
25928,1
25929,1
25930,1
25931,9
25932,1
25933,4
25934,5
25935,3
25936,2
25937,5
25938,3
25939,39
25940,1
25941,2
25942,5
25943,4
25944,5
25945,9
25946,11
25947,6
25948,1
25949,2
25950,24
25951,3
25952,28
25953,2
25954,1
25955,5
25956,1
25957,1
25958,1
25959,1
25960,79
25961,22
25962,3
25963,2
25964,7
25965,408
25966,10
25967,1
25968,5
25969,1
25970,1
25971,1
25972,69
25973,4
25974,1
25975,17
25976,1
25977,5
25978,62
25979,1
25980,5
25981,5
25982,3
25983,13
25984,1
25985,3
25986,2
25987,1
25988,7
25989,1
25990,1
25991,5
25992,1
25993,3
25994,2
25995,1
25996,1
25997,8
25998,5
25999,1
26000,1
26001,2
26002,2
26003,11
26004,6
26005,1
26006,5
26007,7
26008,63
26009,3
26010,338
26011,5
26012,5
26013,1
26014,45
26015,1
26016,7
26017,3
26018,1
26019,24
26020,4
26021,30
26022,5
26023,1
26024,14
26025,4
26026,1
26027,1
26028,1
26029,18
26030,2
26031,1
26032,1
26033,1
26034,2
26035,6
26036,2
26037,1
26038,2
26039,33
26040,3
26041,2
26042,1
26043,3
26044,3
26045,3
26046,1
26047,4
26048,13
26049,19
26050,14
26051,6
26052,14
26053,15
26054,1
26055,5
26056,9
26057,1
26058,21
26059,2
26060,3
26061,1
26062,1
26063,9
26064,11
26065,117
26066,3
26067,2
26068,1
26069,3
26070,2
26071,1
26072,1
26073,22
26074,79
26075,4
26076,1
26077,23
26078,1
26079,1
26080,1
26081,3
26082,9
26083,2
26084,2
26085,3
26086,25
26087,5
26088,1
26089,1
26090,1
26091,13
26092,4
26093,1
26094,51
26095,2
26096,2
26097,1
26098,4
26099,3
26100,1
26101,1
26102,2
26103,1
26104,12
26105,2
26106,1
26107,NA
26108,6
26109,1
26110,6
26111,237
26112,1
26113,1
26114,3
26115,3
26116,18
26117,7
26118,3
26119,26
26120,1
26121,2
26122,25
26123,27
26124,3
26125,9
26126,1
26127,6
26128,1
26129,2
26130,4
26131,1
26132,7
26133,1
26134,86
26135,22
26136,1
26137,1
26138,3
26139,6
26140,14
26141,3
26142,24
26143,5
26144,7
26145,50
26146,1
26147,2
26148,8
26149,7
26150,168
26151,2
26152,1
26153,15
26154,3
26155,2
26156,1
26157,7
26158,2
26159,1
26160,NA
26161,1
26162,2
26163,3
26164,1
26165,5
26166,4
26167,2
26168,8
26169,3
26170,13
26171,1
26172,3
26173,2
26174,1
26175,2
26176,9
26177,1
26178,2
26179,3
26180,1
26181,11
26182,3
26183,7
26184,3
26185,1
26186,3
26187,4
26188,1
26189,2
26190,2
26191,9
26192,22
26193,5
26194,1
26195,468
26196,5
26197,1
26198,1
26199,2
26200,1
26201,2
26202,1
26203,1
26204,1
26205,2
26206,19
26207,8
26208,2
26209,1
26210,4
26211,1
26212,2
26213,2
26214,2
26215,6
26216,22
26217,2
26218,4
26219,2
26220,5
26221,1
26222,7
26223,12
26224,3
26225,9
26226,1
26227,5
26228,3
26229,14
26230,2
26231,1
26232,22
26233,1
26234,155
26235,8
26236,3
26237,3
26238,2
26239,7
26240,170
26241,3
26242,1
26243,2
26244,NA
26245,2
26246,22
26247,2
26248,3
26249,1
26250,3
26251,21
26252,2
26253,4
26254,1
26255,1
26256,1
26257,2
26258,7
26259,4
26260,1
26261,3
26262,1
26263,10
26264,2
26265,1
26266,10
26267,16
26268,1
26269,482
26270,13
26271,1
26272,2
26273,3
26274,26
26275,1
26276,1
26277,22
26278,16
26279,3
26280,1
26281,1
26282,3
26283,2
26284,1
26285,2
26286,2
26287,1
26288,1
26289,5
26290,3
26291,2
26292,1
26293,1
26294,37
26295,8
26296,2
26297,2
26298,1
26299,6
26300,1
26301,12
26302,3
26303,2
26304,1
26305,3
26306,6
26307,130
26308,3
26309,4
26310,4
26311,1
26312,12
26313,3
26314,1
26315,3
26316,2
26317,1
26318,2
26319,1
26320,5
26321,1
26322,36
26323,1
26324,43
26325,7
26326,1
26327,3
26328,318
26329,3
26330,19
26331,1
26332,2
26333,1
26334,2
26335,3
26336,1
26337,2
26338,30
26339,3
26340,10
26341,4
26342,4
26343,4
26344,374
26345,23
26346,1
26347,2
26348,15
26349,8
26350,6
26351,14
26352,1
26353,1
26354,17
26355,NA
26356,1
26357,12
26358,1
26359,5
26360,2
26361,1
26362,2
26363,1
26364,4
26365,2
26366,3
26367,1
26368,3
26369,2
26370,1
26371,2
26372,1
26373,1
26374,4
26375,6
26376,2
26377,4
26378,1
26379,1
26380,16
26381,3
26382,NA
26383,5
26384,28
26385,21
26386,33
26387,1
26388,1
26389,2
26390,1
26391,3
26392,1
26393,5
26394,4
26395,4
26396,1
26397,3
26398,2
26399,1
26400,2
26401,22
26402,30
26403,1
26404,4
26405,8
26406,11
26407,20
26408,2
26409,1
26410,2
26411,1
26412,2
26413,1
26414,5
26415,14
26416,9
26417,22
26418,1
26419,9
26420,2
26421,9
26422,2
26423,3
26424,5
26425,1
26426,3
26427,3
26428,1
26429,2
26430,1
26431,14
26432,9
26433,8
26434,1
26435,1
26436,1
26437,2
26438,15
26439,1
26440,1
26441,5
26442,1
26443,2
26444,4
26445,9
26446,2
26447,1
26448,4
26449,1
26450,1
26451,8
26452,2
26453,4
26454,2
26455,1
26456,283
26457,2
26458,1
26459,5
26460,1
26461,6
26462,2
26463,1
26464,60
26465,1
26466,3
26467,1
26468,6
26469,1
26470,3
26471,1
26472,3
26473,7
26474,7
26475,2
26476,17
26477,1
26478,4
26479,1
26480,2
26481,13
26482,1
26483,2
26484,12
26485,2
26486,1
26487,35
26488,1
26489,7
26490,1
26491,48
26492,3
26493,1
26494,2
26495,2
26496,1
26497,401
26498,6
26499,5
26500,9
26501,1
26502,25
26503,7
26504,14
26505,2
26506,1
26507,3
26508,1
26509,1
26510,1
26511,2
26512,2
26513,2
26514,8
26515,1
26516,8
26517,1
26518,2
26519,2
26520,1
26521,2
26522,41
26523,1
26524,3
26525,2
26526,3
26527,1
26528,8
26529,104
26530,NA
26531,4
26532,4
26533,6
26534,1
26535,7
26536,55
26537,5
26538,1
26539,2
26540,1
26541,15
26542,1
26543,2
26544,2
26545,44
26546,307
26547,4
26548,1
26549,3
26550,8
26551,8
26552,15
26553,3
26554,3
26555,2
26556,3
26557,1
26558,4
26559,58
26560,2
26561,2
26562,1
26563,2
26564,1
26565,2
26566,2
26567,9
26568,5
26569,NA
26570,3
26571,176
26572,3
26573,3
26574,2
26575,1
26576,3
26577,4
26578,3
26579,1
26580,15
26581,5
26582,1
26583,1
26584,22
26585,1
26586,7
26587,1
26588,7
26589,2
26590,8
26591,20
26592,9
26593,2
26594,1
26595,1
26596,1
26597,55
26598,3
26599,1
26600,1
26601,1
26602,28
26603,6
26604,9
26605,5
26606,1
26607,1
26608,1
26609,5
26610,1
26611,1
26612,3
26613,9
26614,3
26615,2
26616,2
26617,14
26618,11
26619,2
26620,1
26621,1
26622,2
26623,2
26624,5
26625,1
26626,1
26627,19
26628,2
26629,1
26630,1
26631,16
26632,6
26633,1
26634,3
26635,27
26636,1
26637,1
26638,1
26639,552
26640,12
26641,3
26642,2
26643,7
26644,1
26645,1
26646,289
26647,4
26648,5
26649,1
26650,2
26651,7
26652,1
26653,3
26654,12
26655,1
26656,3
26657,4
26658,5
26659,1
26660,1
26661,5
26662,1
26663,1
26664,2
26665,4
26666,5
26667,6
26668,4
26669,9
26670,1
26671,30
26672,1
26673,6
26674,2
26675,1
26676,2
26677,2
26678,1
26679,3
26680,23
26681,1
26682,5
26683,1
26684,4
26685,3
26686,3
26687,39
26688,2
26689,1
26690,2
26691,10
26692,1
26693,2
26694,1
26695,4
26696,4
26697,1
26698,2
26699,6
26700,18
26701,53
26702,9
26703,8
26704,5
26705,24
26706,41
26707,1
26708,1
26709,2
26710,2
26711,1
26712,2
26713,10
26714,1
26715,1
26716,2
26717,1
26718,1
26719,6
26720,3
26721,1
26722,1
26723,2
26724,1
26725,1
26726,4
26727,1
26728,2
26729,1
26730,3
26731,1
26732,2
26733,37
26734,3
26735,1
26736,1
26737,3
26738,4
26739,1
26740,10
26741,2
26742,3
26743,1
26744,1
26745,35
26746,1
26747,26
26748,2
26749,1
26750,24
26751,2
26752,29
26753,89
26754,1
26755,1
26756,4
26757,3
26758,3
26759,1
26760,3
26761,2
26762,1
26763,2
26764,2
26765,2
26766,2
26767,3
26768,16
26769,6
26770,1
26771,4
26772,7
26773,5
26774,1
26775,1
26776,1
26777,2
26778,17
26779,11
26780,7
26781,5
26782,1
26783,6
26784,2
26785,1
26786,1
26787,2
26788,3
26789,7
26790,1
26791,2
26792,2
26793,6
26794,1
26795,9
26796,1
26797,18
26798,5
26799,2
26800,8
26801,3
26802,1
26803,2
26804,1
26805,6
26806,1
26807,137
26808,1
26809,15
26810,5
26811,3
26812,54
26813,1
26814,1
26815,6
26816,10
26817,1
26818,2
26819,1
26820,1
26821,31
26822,29
26823,15
26824,2
26825,1
26826,1
26827,2
26828,2
26829,1
26830,2
26831,1
26832,1
26833,7
26834,6
26835,6
26836,3
26837,4
26838,2
26839,7
26840,2
26841,7
26842,3
26843,1
26844,4
26845,1
26846,2
26847,1
26848,1
26849,10
26850,2
26851,1
26852,3
26853,1
26854,6
26855,3
26856,6
26857,4
26858,4
26859,1
26860,6
26861,10
26862,4
26863,7
26864,3
26865,1
26866,4
26867,66
26868,4
26869,2
26870,1
26871,15
26872,1
26873,1
26874,1
26875,14
26876,1
26877,12
26878,1
26879,3
26880,2
26881,285
26882,1
26883,1
26884,1
26885,1
26886,3
26887,1
26888,2
26889,1
26890,4
26891,3
26892,1
26893,1
26894,2
26895,26
26896,NA
26897,1
26898,2
26899,3
26900,NA
26901,2
26902,131
26903,2
26904,2
26905,2
26906,1
26907,6
26908,2
26909,1
26910,3
26911,10
26912,1
26913,22
26914,2
26915,1
26916,4
26917,1
26918,3
26919,1
26920,2
26921,2
26922,5
26923,1
26924,8
26925,7
26926,47
26927,54
26928,1
26929,1
26930,1
26931,5
26932,3
26933,3
26934,5
26935,2
26936,1
26937,19
26938,1
26939,9
26940,2
26941,3
26942,1
26943,2
26944,1
26945,3
26946,14
26947,1
26948,2
26949,2
26950,2
26951,6
26952,7
26953,3
26954,4
26955,11
26956,1
26957,4
26958,1
26959,130
26960,4
26961,1
26962,17
26963,1
26964,5
26965,23
26966,5
26967,2
26968,1
26969,1
26970,4
26971,74
26972,2
26973,1
26974,1
26975,1
26976,2
26977,1
26978,1
26979,4
26980,1
26981,1
26982,3
26983,1
26984,3
26985,3
26986,3
26987,2
26988,6
26989,7
26990,1
26991,4
26992,141
26993,1
26994,1
26995,137
26996,1
26997,6
26998,67
26999,14
27000,173
27001,7
27002,1
27003,31
27004,7
27005,5
27006,1
27007,1
27008,2
27009,12
27010,3
27011,1
27012,1
27013,2
27014,5
27015,11
27016,18
27017,1
27018,5
27019,1
27020,8
27021,1
27022,2
27023,1
27024,7
27025,1
27026,6
27027,6
27028,4
27029,2
27030,5
27031,4
27032,1
27033,1
27034,9
27035,2
27036,1
27037,1
27038,1
27039,12
27040,1
27041,8
27042,8
27043,1
27044,11
27045,6
27046,2
27047,1
27048,1
27049,1
27050,2
27051,1
27052,12
27053,18
27054,25
27055,3
27056,3
27057,3
27058,2
27059,1
27060,1
27061,1
27062,5
27063,115
27064,2
27065,4
27066,2
27067,1
27068,111
27069,7
27070,2
27071,1
27072,1
27073,6
27074,8
27075,9
27076,4
27077,3
27078,6
27079,81
27080,1
27081,5
27082,46
27083,166
27084,2
27085,21
27086,2
27087,9
27088,2
27089,3
27090,8
27091,2
27092,3
27093,2
27094,1
27095,16
27096,2
27097,15
27098,1
27099,3
27100,1
27101,1
27102,1
27103,3
27104,1
27105,1
27106,1
27107,8
27108,3
27109,4
27110,3
27111,13
27112,2
27113,21
27114,1
27115,8
27116,2
27117,1
27118,10
27119,9
27120,6
27121,1
27122,5
27123,2
27124,11
27125,3
27126,1
27127,1
27128,1
27129,1
27130,48
27131,1
27132,3
27133,2
27134,1
27135,11
27136,2
27137,12
27138,2
27139,5
27140,2
27141,3
27142,8
27143,1
27144,1
27145,3
27146,4
27147,12
27148,8
27149,1
27150,5
27151,12
27152,25
27153,1
27154,7
27155,2
27156,4
27157,10
27158,5
27159,1
27160,7
27161,NA
27162,1
27163,9
27164,38
27165,7
27166,12
27167,1
27168,1
27169,4
27170,3
27171,2
27172,5
27173,3
27174,3
27175,28
27176,2
27177,2
27178,7
27179,6
27180,1
27181,14
27182,8
27183,2
27184,3
27185,2
27186,1
27187,76
27188,5
27189,4
27190,1
27191,2
27192,3
27193,1
27194,6
27195,2
27196,15
27197,89
27198,4
27199,1
27200,2
27201,2
27202,5
27203,1
27204,1
27205,1
27206,1
27207,23
27208,94
27209,7
27210,2
27211,1
27212,42
27213,35
27214,5
27215,2
27216,2
27217,16
27218,3
27219,1
27220,1
27221,1
27222,3
27223,1
27224,1
27225,NA
27226,38
27227,2
27228,5
27229,2
27230,4
27231,306
27232,57
27233,15
27234,1
27235,1
27236,5
27237,8
27238,11
27239,8
27240,17
27241,3
27242,1
27243,2
27244,2
27245,16
27246,1
27247,19
27248,2
27249,1
27250,1
27251,3
27252,5
27253,5
27254,4
27255,3
27256,5
27257,2
27258,1
27259,48
27260,2
27261,1
27262,NA
27263,1
27264,5
27265,3
27266,2
27267,99
27268,8
27269,1
27270,217
27271,7
27272,5
27273,5
27274,3
27275,3
27276,1
27277,3
27278,4
27279,2
27280,1
27281,109
27282,1
27283,1
27284,7
27285,10
27286,1
27287,1
27288,5
27289,1
27290,17
27291,2
27292,11
27293,2
27294,18
27295,5
27296,NA
27297,3
27298,3
27299,10
27300,16
27301,1
27302,1
27303,4
27304,3
27305,36
27306,5
27307,11
27308,4
27309,1
27310,2
27311,6
27312,166
27313,1
27314,11
27315,1
27316,3
27317,5
27318,1
27319,6
27320,1
27321,2
27322,6
27323,3
27324,3
27325,1
27326,2
27327,1
27328,7
27329,1
27330,2
27331,3
27332,1
27333,1
27334,15
27335,1
27336,2
27337,3
27338,1
27339,58
27340,15
27341,4
27342,NA
27343,26
27344,1
27345,2
27346,4
27347,1
27348,2
27349,1
27350,20
27351,1
27352,2
27353,1
27354,2
27355,16
27356,20
27357,3
27358,4
27359,1
27360,1
27361,3
27362,3
27363,3
27364,1
27365,3
27366,424
27367,95
27368,12
27369,6
27370,9
27371,692
27372,42
27373,3
27374,1
27375,1
27376,3
27377,1
27378,4
27379,8
27380,1
27381,43
27382,2
27383,28
27384,30
27385,1
27386,15
27387,2
27388,2
27389,2
27390,98
27391,12
27392,4
27393,1
27394,30
27395,30
27396,4
27397,2
27398,2
27399,1
27400,5
27401,6
27402,1
27403,1
27404,1
27405,5
27406,3
27407,3
27408,5
27409,3
27410,1
27411,1
27412,3
27413,29
27414,1
27415,48
27416,2
27417,5
27418,41
27419,1
27420,5
27421,4
27422,1
27423,1
27424,4
27425,1
27426,2
27427,3
27428,5
27429,6
27430,5
27431,9
27432,2
27433,1
27434,11
27435,1
27436,1
27437,2
27438,30
27439,1
27440,6
27441,4
27442,1
27443,4
27444,1
27445,3
27446,6
27447,2
27448,1
27449,2
27450,1
27451,1
27452,1
27453,4
27454,1
27455,11
27456,1
27457,2
27458,2
27459,11
27460,3
27461,216
27462,1
27463,2
27464,6
27465,309
27466,100
27467,26
27468,8
27469,1
27470,310
27471,19
27472,4
27473,6
27474,3
27475,1
27476,17
27477,1
27478,8
27479,7
27480,1
27481,5
27482,2
27483,170
27484,1
27485,7
27486,6
27487,7
27488,6
27489,12
27490,774
27491,3
27492,31
27493,55
27494,1
27495,5
27496,1
27497,1
27498,4
27499,14
27500,1
27501,2
27502,6
27503,17
27504,2
27505,1
27506,1
27507,18
27508,1
27509,1
27510,1
27511,1
27512,9
27513,15
27514,1
27515,2
27516,3
27517,18
27518,6
27519,16
27520,1
27521,2
27522,2
27523,17
27524,7
27525,12
27526,2
27527,18
27528,2
27529,1
27530,1
27531,1
27532,2
27533,1
27534,1
27535,4
27536,1
27537,3
27538,34
27539,1
27540,3
27541,4
27542,1
27543,1
27544,7
27545,1
27546,5
27547,2
27548,2
27549,3
27550,4
27551,2
27552,1
27553,21
27554,1
27555,1
27556,NA
27557,1
27558,1
27559,2
27560,160
27561,1
27562,1
27563,1
27564,64
27565,3
27566,7
27567,1
27568,11
27569,5
27570,13
27571,5
27572,1
27573,6
27574,8
27575,12
27576,4
27577,2
27578,101
27579,1
27580,3
27581,4
27582,3
27583,3
27584,93
27585,2
27586,10
27587,9
27588,2
27589,1
27590,2
27591,5
27592,3
27593,3
27594,3
27595,1
27596,4
27597,5
27598,1
27599,30
27600,7
27601,6
27602,651
27603,3
27604,31
27605,1
27606,23
27607,1
27608,1
27609,3
27610,2
27611,2
27612,3
27613,1
27614,2
27615,5
27616,3
27617,3
27618,1
27619,2
27620,1
27621,6
27622,1
27623,1
27624,5
27625,10
27626,9
27627,1
27628,27
27629,4
27630,1
27631,1
27632,1
27633,2
27634,3
27635,3
27636,2
27637,13
27638,8
27639,5
27640,13
27641,30
27642,3
27643,1
27644,1
27645,1
27646,32
27647,3
27648,1
27649,1
27650,1
27651,6
27652,1
27653,5
27654,5
27655,3
27656,3
27657,1
27658,2
27659,4
27660,2
27661,6
27662,2
27663,5
27664,1
27665,4
27666,3
27667,1
27668,6
27669,9
27670,1
27671,5
27672,3
27673,2
27674,1
27675,2
27676,1
27677,3
27678,1
27679,2
27680,NA
27681,6
27682,1
27683,2
27684,4
27685,60
27686,1
27687,9
27688,21
27689,1
27690,5
27691,4
27692,3
27693,1
27694,4
27695,1
27696,1
27697,1
27698,6
27699,1
27700,6
27701,1
27702,2
27703,1
27704,1
27705,1
27706,1
27707,4
27708,6
27709,5
27710,2
27711,7
27712,26
27713,2
27714,1
27715,1
27716,2
27717,1
27718,6
27719,10
27720,2
27721,1
27722,1
27723,1
27724,8
27725,8
27726,7
27727,2
27728,1
27729,1
27730,3
27731,4
27732,16
27733,2
27734,1
27735,3
27736,8
27737,3
27738,15
27739,393
27740,5
27741,5
27742,1
27743,14
27744,30
27745,1
27746,2
27747,5
27748,1
27749,2
27750,3
27751,1
27752,10
27753,3
27754,4
27755,2
27756,1
27757,5
27758,1
27759,8
27760,1
27761,3
27762,1
27763,4
27764,3
27765,3
27766,8
27767,1
27768,2
27769,1
27770,3
27771,6
27772,3
27773,7
27774,1
27775,2
27776,2
27777,2
27778,2
27779,13
27780,20
27781,1
27782,1
27783,1
27784,5
27785,4
27786,2
27787,18
27788,1
27789,1
27790,2
27791,8
27792,3
27793,1
27794,2
27795,1
27796,1
27797,1
27798,4
27799,1
27800,3
27801,2
27802,24
27803,1
27804,26
27805,2
27806,6
27807,11
27808,1
27809,1
27810,1
27811,2
27812,3
27813,1
27814,1
27815,8
27816,9
27817,1
27818,1
27819,2
27820,6
27821,4
27822,2
27823,544
27824,5
27825,13
27826,1
27827,108
27828,1
27829,3
27830,6
27831,1
27832,2
27833,1
27834,23
27835,20
27836,6
27837,2
27838,2
27839,2
27840,1
27841,304
27842,7
27843,1
27844,2
27845,10
27846,19
27847,2
27848,1
27849,4
27850,9
27851,2
27852,2
27853,6
27854,1
27855,2
27856,33
27857,1
27858,1
27859,4
27860,44
27861,1
27862,7
27863,44
27864,1
27865,2
27866,7
27867,3
27868,5
27869,40
27870,8
27871,1
27872,14
27873,10
27874,1
27875,1
27876,3
27877,17
27878,9
27879,3
27880,1
27881,5
27882,4
27883,1
27884,2
27885,3
27886,1
27887,1
27888,220
27889,NA
27890,11
27891,2
27892,35
27893,14
27894,2
27895,7
27896,2
27897,4
27898,3
27899,1
27900,4
27901,NA
27902,3
27903,1
27904,2
27905,7
27906,306
27907,1
27908,1
27909,1
27910,1
27911,12
27912,460
27913,32
27914,1
27915,2
27916,9
27917,1
27918,2
27919,2
27920,3
27921,1
27922,2
27923,14
27924,1
27925,5
27926,2
27927,1
27928,2
27929,5
27930,14
27931,1
27932,1
27933,2
27934,4
27935,773
27936,1
27937,44
27938,2
27939,4
27940,3
27941,2
27942,1
27943,6
27944,3
27945,3
27946,1
27947,1
27948,3
27949,1
27950,2
27951,1
27952,3
27953,1
27954,32
27955,3
27956,8
27957,2
27958,8
27959,3
27960,1
27961,3
27962,2
27963,22
27964,2
27965,1
27966,5
27967,3
27968,1
27969,1
27970,2
27971,44
27972,1
27973,7
27974,23
27975,1
27976,2
27977,2
27978,16
27979,1
27980,2
27981,9
27982,5
27983,1
27984,11
27985,1
27986,1
27987,3
27988,7
27989,3
27990,2
27991,2
27992,1
27993,2
27994,7
27995,1
27996,9
27997,1
27998,3
27999,3
28000,3
28001,4
28002,2
28003,29
28004,9
28005,31
28006,18
28007,11
28008,130
28009,1
28010,9
28011,3
28012,7
28013,1
28014,1
28015,2
28016,2
28017,1
28018,3
28019,15
28020,1
28021,2
28022,21
28023,2
28024,1
28025,16
28026,1
28027,7
28028,1
28029,3
28030,3
28031,1
28032,2
28033,131
28034,15
28035,1
28036,1
28037,5
28038,2
28039,2
28040,1
28041,4
28042,2
28043,4
28044,3
28045,78
28046,29
28047,5
28048,1
28049,6
28050,2
28051,2
28052,59
28053,2
28054,4
28055,3
28056,19
28057,3
28058,12
28059,6
28060,12
28061,2
28062,4
28063,3
28064,2
28065,4
28066,8
28067,1
28068,5
28069,3
28070,1
28071,2
28072,9
28073,1
28074,3
28075,15
28076,2
28077,1
28078,2
28079,1
28080,5
28081,1
28082,2
28083,3
28084,39
28085,5
28086,1
28087,5
28088,1
28089,9
28090,1
28091,3
28092,2
28093,2
28094,3
28095,6
28096,1
28097,23
28098,9
28099,9
28100,1
28101,1
28102,1
28103,2
28104,2
28105,1
28106,1
28107,3
28108,5
28109,15
28110,3
28111,8
28112,1
28113,3
28114,1
28115,21
28116,4
28117,17
28118,2
28119,2
28120,5
28121,1
28122,114
28123,2
28124,1
28125,5
28126,3
28127,2
28128,24
28129,2
28130,1
28131,4
28132,1
28133,4
28134,2
28135,3
28136,2
28137,1
28138,1
28139,1
28140,2
28141,2
28142,2
28143,3
28144,10
28145,6
28146,17
28147,1
28148,4
28149,46
28150,1
28151,2
28152,1
28153,4
28154,5
28155,3
28156,4
28157,2
28158,1
28159,46
28160,51
28161,11
28162,2
28163,6
28164,2
28165,9
28166,4
28167,7
28168,2
28169,5
28170,4
28171,2
28172,8
28173,66
28174,1
28175,3
28176,3
28177,1
28178,6
28179,2
28180,2
28181,3
28182,7
28183,1
28184,13
28185,3
28186,5
28187,1
28188,2
28189,15
28190,3
28191,5
28192,8
28193,24
28194,3
28195,67
28196,1
28197,7
28198,1
28199,1
28200,1
28201,18
28202,2
28203,5
28204,11
28205,2
28206,14
28207,1
28208,2
28209,1
28210,1
28211,1
28212,8
28213,4
28214,5
28215,1
28216,32
28217,3
28218,1
28219,2
28220,1
28221,2
28222,1
28223,1
28224,NA
28225,10
28226,1
28227,2
28228,7
28229,2
28230,2
28231,4
28232,1
28233,3
28234,1
28235,2
28236,3
28237,2
28238,1
28239,4
28240,5
28241,2
28242,4
28243,4
28244,1
28245,7
28246,6
28247,1
28248,1
28249,2
28250,3
28251,3
28252,23
28253,3
28254,3
28255,1
28256,5
28257,15
28258,762
28259,1
28260,8
28261,11
28262,26
28263,2
28264,8
28265,1
28266,2
28267,68
28268,1
28269,1
28270,1
28271,2
28272,4
28273,1
28274,25
28275,4
28276,2
28277,4
28278,1
28279,4
28280,3
28281,3
28282,3
28283,4
28284,1
28285,2
28286,1
28287,6
28288,123
28289,3
28290,1
28291,3
28292,2
28293,16
28294,1
28295,1
28296,7
28297,5
28298,4
28299,1
28300,24
28301,1
28302,21
28303,1
28304,34
28305,5
28306,5
28307,3
28308,3
28309,1
28310,6
28311,2
28312,2
28313,1
28314,2
28315,1
28316,5
28317,1
28318,3
28319,6
28320,7
28321,1
28322,2
28323,1
28324,1
28325,1
28326,1
28327,1
28328,356
28329,2
28330,3
28331,6
28332,5
28333,3
28334,1
28335,1
28336,1
28337,2
28338,8
28339,6
28340,2
28341,14
28342,41
28343,3
28344,3
28345,1
28346,4
28347,1
28348,13
28349,11
28350,1
28351,7
28352,5
28353,1
28354,1
28355,1
28356,1
28357,5
28358,2
28359,2
28360,1
28361,10
28362,7
28363,1
28364,9
28365,11
28366,40
28367,2
28368,2
28369,1
28370,3
28371,14
28372,3
28373,39
28374,1
28375,6
28376,4
28377,1
28378,4
28379,1
28380,3
28381,8
28382,4
28383,2
28384,79
28385,34
28386,3
28387,2
28388,2
28389,2
28390,6
28391,10
28392,6
28393,1
28394,1
28395,3
28396,4
28397,1
28398,2
28399,2
28400,1
28401,1
28402,2
28403,1
28404,8
28405,6
28406,3
28407,1
28408,4
28409,2
28410,3
28411,2
28412,4
28413,2
28414,2
28415,8
28416,NA
28417,43
28418,1
28419,1
28420,7
28421,6
28422,274
28423,1
28424,1
28425,1
28426,1
28427,2
28428,2
28429,3
28430,2
28431,4
28432,1
28433,5
28434,3
28435,2
28436,3
28437,1
28438,2
28439,4
28440,1
28441,4
28442,1
28443,1
28444,2
28445,3
28446,9
28447,1
28448,4
28449,1
28450,43
28451,3
28452,2
28453,1
28454,45
28455,1
28456,1
28457,15
28458,7
28459,1
28460,1
28461,527
28462,4
28463,1
28464,1
28465,4
28466,2
28467,4
28468,2
28469,1
28470,1
28471,5
28472,14
28473,9
28474,17
28475,1
28476,26
28477,20
28478,4
28479,2
28480,1
28481,1
28482,1
28483,42
28484,5
28485,1
28486,108
28487,35
28488,4
28489,6
28490,2
28491,389
28492,3
28493,1
28494,19
28495,1
28496,1
28497,1
28498,4
28499,11
28500,4
28501,2
28502,9
28503,3
28504,1
28505,3
28506,34
28507,1
28508,10
28509,2
28510,1
28511,2
28512,5
28513,2
28514,2
28515,2
28516,9
28517,10
28518,3
28519,1
28520,2
28521,4
28522,1
28523,3
28524,4
28525,1
28526,36
28527,37
28528,3
28529,5
28530,2
28531,1
28532,2
28533,3
28534,1
28535,13
28536,3
28537,1
28538,3
28539,23
28540,1
28541,4
28542,3
28543,1
28544,5
28545,9
28546,7
28547,5
28548,1
28549,2
28550,1
28551,39
28552,10
28553,8
28554,1
28555,6
28556,1
28557,1
28558,2
28559,568
28560,2
28561,NA
28562,1
28563,52
28564,1
28565,5
28566,2
28567,1
28568,1
28569,3
28570,8
28571,9
28572,3
28573,8
28574,1
28575,5
28576,2
28577,5
28578,3
28579,1
28580,2
28581,1
28582,2
28583,26
28584,1
28585,3
28586,11
28587,4
28588,1
28589,1
28590,3
28591,4
28592,215
28593,2
28594,1
28595,13
28596,11
28597,2
28598,1
28599,1
28600,28
28601,2
28602,295
28603,3
28604,2
28605,3
28606,1
28607,11
28608,2
28609,5
28610,1
28611,2
28612,1
28613,1
28614,2
28615,7
28616,4
28617,4
28618,1
28619,12
28620,10
28621,5
28622,3
28623,4
28624,1
28625,2
28626,4
28627,1
28628,5
28629,1
28630,8
28631,31
28632,1
28633,1
28634,1
28635,5
28636,1
28637,2
28638,360
28639,1
28640,7
28641,7
28642,4
28643,15
28644,17
28645,4
28646,1
28647,1
28648,18
28649,24
28650,1
28651,4
28652,1
28653,1
28654,2
28655,3
28656,3
28657,3
28658,52
28659,2
28660,1
28661,5
28662,1
28663,3
28664,2
28665,5
28666,5
28667,2
28668,1
28669,23
28670,2
28671,4
28672,1
28673,3
28674,6
28675,1
28676,1
28677,10
28678,1
28679,7
28680,7
28681,4
28682,5
28683,2
28684,7
28685,4
28686,2
28687,56
28688,21
28689,1
28690,1
28691,2
28692,13
28693,3
28694,4
28695,5
28696,7
28697,4
28698,1
28699,17
28700,3
28701,3
28702,1
28703,7
28704,1
28705,3
28706,9
28707,1
28708,4
28709,8
28710,1
28711,6
28712,1
28713,1
28714,4
28715,18
28716,10
28717,3
28718,3
28719,5
28720,57
28721,2
28722,3
28723,1
28724,6
28725,4
28726,1
28727,1
28728,1
28729,2
28730,120
28731,11
28732,13
28733,1
28734,5
28735,7
28736,60
28737,6
28738,1
28739,2
28740,1
28741,2
28742,18
28743,11
28744,1
28745,2
28746,72
28747,2
28748,30
28749,6
28750,3
28751,4
28752,15
28753,1
28754,2
28755,323
28756,8
28757,2
28758,2
28759,1
28760,45
28761,1
28762,5
28763,1
28764,3
28765,6
28766,8
28767,2
28768,16
28769,73
28770,3
28771,5
28772,1
28773,459
28774,27
28775,4
28776,1
28777,3
28778,7
28779,33
28780,10
28781,5
28782,2
28783,2
28784,1
28785,4
28786,3
28787,1
28788,1
28789,4
28790,7
28791,2
28792,1
28793,14
28794,6
28795,1
28796,1
28797,10
28798,16
28799,9
28800,1
28801,1
28802,2
28803,3
28804,1
28805,1
28806,1
28807,6
28808,1
28809,1
28810,2
28811,7
28812,2
28813,13
28814,1
28815,1
28816,2
28817,1
28818,1
28819,2
28820,7
28821,1
28822,28
28823,1
28824,5
28825,11
28826,1
28827,5
28828,7
28829,5
28830,1
28831,13
28832,2
28833,2
28834,2
28835,7
28836,1
28837,4
28838,4
28839,1
28840,6
28841,10
28842,1
28843,2
28844,1
28845,20
28846,NA
28847,8
28848,1
28849,1
28850,1
28851,32
28852,1
28853,1
28854,7
28855,2
28856,1
28857,9
28858,4
28859,20
28860,2
28861,1
28862,4
28863,1
28864,2
28865,1
28866,75
28867,46
28868,37
28869,1
28870,3
28871,4
28872,12
28873,1
28874,1
28875,2
28876,11
28877,26
28878,1
28879,5
28880,4
28881,6
28882,5
28883,4
28884,1
28885,6
28886,3
28887,1
28888,4
28889,3
28890,22
28891,49
28892,16
28893,4
28894,1
28895,1
28896,12
28897,NA
28898,1
28899,5
28900,NA
28901,13
28902,5
28903,3
28904,88
28905,1
28906,9
28907,1
28908,2
28909,4
28910,17
28911,2
28912,13
28913,5
28914,8
28915,1
28916,3
28917,2
28918,1
28919,1
28920,1
28921,1
28922,2
28923,4
28924,34
28925,2
28926,29
28927,3
28928,4
28929,4
28930,6
28931,6
28932,1
28933,6
28934,2
28935,3
28936,56
28937,1
28938,2
28939,1
28940,11
28941,13
28942,6
28943,2
28944,1
28945,3
28946,15
28947,1
28948,171
28949,14
28950,2
28951,2
28952,1
28953,6
28954,24
28955,2
28956,3
28957,1
28958,1
28959,1
28960,3
28961,1
28962,1
28963,2
28964,1
28965,2
28966,5
28967,30
28968,4
28969,3
28970,6
28971,1
28972,27
28973,2
28974,2
28975,16
28976,1
28977,2
28978,4
28979,3
28980,1
28981,6
28982,1
28983,5
28984,29
28985,9
28986,1
28987,1
28988,17
28989,2
28990,1
28991,2
28992,4
28993,1
28994,6
28995,2
28996,2
28997,3
28998,3
28999,3
29000,32
29001,1
29002,1
29003,7
29004,3
29005,1
29006,1
29007,8
29008,1
29009,9
29010,8
29011,3
29012,139
29013,10
29014,3
29015,7
29016,12
29017,2
29018,3
29019,3
29020,2
29021,12
29022,2
29023,21
29024,2
29025,6
29026,2
29027,1
29028,13
29029,1
29030,1
29031,3
29032,1
29033,3
29034,1
29035,5
29036,8
29037,1
29038,1
29039,2
29040,2
29041,29
29042,9
29043,1
29044,2
29045,4
29046,5
29047,1
29048,1
29049,1
29050,1
29051,1
29052,187
29053,1
29054,103
29055,10
29056,1
29057,1
29058,1
29059,5
29060,2
29061,6
29062,2
29063,2
29064,3
29065,316
29066,4
29067,4
29068,1
29069,2
29070,1
29071,1
29072,2
29073,1
29074,42
29075,23
29076,1
29077,8
29078,1
29079,83
29080,6
29081,16
29082,1
29083,3
29084,9
29085,4
29086,1
29087,1
29088,2
29089,24
29090,1
29091,3
29092,1
29093,4
29094,3
29095,1
29096,2
29097,1
29098,3
29099,8
29100,4
29101,2
29102,1
29103,8
29104,10
29105,1
29106,1
29107,2
29108,1
29109,1
29110,4
29111,6
29112,38
29113,14
29114,1
29115,1
29116,18
29117,3
29118,2
29119,2
29120,105
29121,4
29122,1
29123,17
29124,2
29125,2
29126,1
29127,1
29128,3
29129,2
29130,2
29131,1
29132,4
29133,18
29134,5
29135,1
29136,13
29137,15
29138,3
29139,7
29140,1
29141,5
29142,1
29143,10
29144,1
29145,1
29146,1
29147,7
29148,2
29149,1
29150,5
29151,1
29152,1
29153,38
29154,25
29155,170
29156,1
29157,53
29158,1
29159,2
29160,21
29161,1
29162,114
29163,2
29164,3
29165,15
29166,40
29167,1
29168,13
29169,1
29170,4
29171,1
29172,1
29173,7
29174,3
29175,5
29176,3
29177,1
29178,10
29179,4
29180,6
29181,31
29182,2
29183,18
29184,1
29185,5
29186,1
29187,2
29188,39
29189,8
29190,3
29191,2
29192,36
29193,13
29194,57
29195,1
29196,2
29197,11
29198,14
29199,NA
29200,2
29201,1
29202,3
29203,5
29204,5
29205,1
29206,1
29207,153
29208,6
29209,3
29210,1
29211,1
29212,2
29213,4
29214,7
29215,3
29216,3
29217,1
29218,1
29219,3
29220,7
29221,1
29222,1
29223,1
29224,1
29225,1
29226,2
29227,3
29228,6
29229,32
29230,1
29231,3
29232,3
29233,235
29234,61
29235,1
29236,1
29237,1
29238,1
29239,3
29240,1
29241,NA
29242,2
29243,1
29244,2
29245,1
29246,5
29247,1
29248,4
29249,2
29250,2
29251,2
29252,1
29253,4
29254,4
29255,1
29256,1
29257,2
29258,11
29259,8
29260,12
29261,1
29262,17
29263,1
29264,2
29265,1
29266,NA
29267,2
29268,9
29269,4
29270,6
29271,2
29272,6
29273,1
29274,1
29275,2
29276,3
29277,1
29278,1
29279,1
29280,15
29281,1
29282,3
29283,2
29284,4
29285,1
29286,37
29287,1
29288,5
29289,2
29290,1
29291,2
29292,3
29293,14
29294,1
29295,2
29296,1
29297,597
29298,3
29299,3
29300,3
29301,1
29302,5
29303,8
29304,21
29305,181
29306,4
29307,2
29308,15
29309,4
29310,17
29311,1
29312,1
29313,1
29314,1
29315,2
29316,2
29317,2
29318,3
29319,4
29320,3
29321,5
29322,1
29323,5
29324,2
29325,7
29326,3
29327,1
29328,5
29329,2
29330,7
29331,1
29332,2
29333,4
29334,3
29335,7
29336,1
29337,3
29338,1
29339,1
29340,8
29341,3
29342,1
29343,1
29344,46
29345,2
29346,1
29347,4
29348,3
29349,1
29350,1
29351,32
29352,85
29353,1
29354,11
29355,1
29356,3
29357,25
29358,98
29359,1
29360,1
29361,2
29362,198
29363,7
29364,3
29365,2
29366,2
29367,3
29368,7
29369,3
29370,4
29371,2
29372,1
29373,13
29374,9
29375,3
29376,1
29377,12
29378,1
29379,1
29380,3
29381,1
29382,3
29383,13
29384,2
29385,3
29386,5
29387,2
29388,3
29389,17
29390,109
29391,2
29392,29
29393,1
29394,1
29395,2
29396,117
29397,3
29398,4
29399,8
29400,6
29401,1
29402,80
29403,1
29404,1
29405,19
29406,1
29407,2
29408,1
29409,1
29410,2
29411,30
29412,5
29413,2
29414,2
29415,63
29416,3
29417,140
29418,2
29419,19
29420,1
29421,2
29422,6
29423,147
29424,1
29425,1
29426,1
29427,2
29428,3
29429,54
29430,1
29431,5
29432,3
29433,4
29434,7
29435,3
29436,5
29437,14
29438,2
29439,5
29440,4
29441,3
29442,2
29443,8
29444,2
29445,1
29446,177
29447,1
29448,7
29449,3
29450,20
29451,652
29452,1
29453,NA
29454,1
29455,1
29456,59
29457,686
29458,1
29459,21
29460,2
29461,5
29462,2
29463,9
29464,2
29465,1
29466,17
29467,9
29468,3
29469,1
29470,4
29471,1
29472,1
29473,2
29474,3
29475,2
29476,1
29477,1
29478,5
29479,2
29480,1
29481,24
29482,4
29483,2
29484,2
29485,1
29486,33
29487,4
29488,6
29489,7
29490,5
29491,3
29492,1
29493,9
29494,1
29495,2
29496,5
29497,2
29498,2
29499,13
29500,64
29501,2
29502,3
29503,1
29504,2
29505,23
29506,5
29507,1
29508,5
29509,112
29510,4
29511,1
29512,10
29513,10
29514,18
29515,7
29516,2
29517,199
29518,20
29519,1
29520,1
29521,4
29522,2
29523,1
29524,7
29525,4
29526,1
29527,285
29528,3
29529,1
29530,1
29531,169
29532,1
29533,31
29534,7
29535,8
29536,3
29537,2
29538,6
29539,3
29540,8
29541,5
29542,7
29543,1
29544,4
29545,1
29546,2
29547,2
29548,13
29549,107
29550,3
29551,8
29552,1
29553,2
29554,2
29555,2
29556,20
29557,2
29558,1
29559,16
29560,1
29561,2
29562,54
29563,39
29564,5
29565,1
29566,2
29567,1
29568,2
29569,3
29570,1
29571,2
29572,2
29573,56
29574,2
29575,1
29576,4
29577,1
29578,6
29579,3
29580,7
29581,10
29582,1
29583,2
29584,NA
29585,1
29586,1
29587,1
29588,15
29589,5
29590,5
29591,3
29592,2
29593,1
29594,2
29595,4
29596,1
29597,1
29598,1
29599,2
29600,2
29601,3
29602,2
29603,2
29604,1
29605,2
29606,4
29607,1
29608,1
29609,7
29610,39
29611,18
29612,1
29613,1
29614,2
29615,1
29616,4
29617,11
29618,3
29619,1
29620,1
29621,4
29622,7
29623,2
29624,4
29625,17
29626,1
29627,15
29628,58
29629,1
29630,17
29631,3
29632,1
29633,3
29634,6
29635,1
29636,2
29637,1
29638,3
29639,1
29640,3
29641,4
29642,21
29643,1
29644,4
29645,16
29646,1
29647,6
29648,1
29649,5
29650,3
29651,3
29652,1
29653,1
29654,7
29655,5
29656,1
29657,6
29658,1
29659,2
29660,20
29661,5
29662,1
29663,54
29664,1
29665,1
29666,4
29667,13
29668,2
29669,1
29670,2
29671,10
29672,1
29673,36
29674,3
29675,25
29676,2
29677,1
29678,1
29679,3
29680,7
29681,1
29682,4
29683,5
29684,2
29685,2
29686,16
29687,2
29688,1
29689,1
29690,2
29691,10
29692,68
29693,4
29694,6
29695,1
29696,5
29697,18
29698,1
29699,2
29700,1
29701,1
29702,1
29703,1
29704,2
29705,1
29706,13
29707,1
29708,4
29709,4
29710,6
29711,1
29712,1
29713,1
29714,2
29715,3
29716,4
29717,1
29718,9
29719,21
29720,1
29721,6
29722,11
29723,14
29724,1
29725,40
29726,3
29727,1
29728,1
29729,1
29730,1
29731,1
29732,2
29733,2
29734,1
29735,21
29736,2
29737,2
29738,1
29739,5
29740,5
29741,NA
29742,4
29743,4
29744,4
29745,2
29746,4
29747,178
29748,NA
29749,43
29750,2
29751,3
29752,3
29753,11
29754,2
29755,3
29756,1
29757,5
29758,476
29759,4
29760,1
29761,17
29762,5
29763,3
29764,4
29765,1
29766,15
29767,3
29768,2
29769,1
29770,8
29771,1
29772,1
29773,4
29774,10
29775,1
29776,2
29777,4
29778,196
29779,54
29780,15
29781,14
29782,24
29783,1
29784,22
29785,11
29786,1
29787,2
29788,1
29789,3
29790,1
29791,2
29792,7
29793,68
29794,2
29795,2
29796,1
29797,4
29798,3
29799,1
29800,2
29801,2
29802,3
29803,2
29804,1
29805,3
29806,1
29807,2
29808,6
29809,2
29810,2
29811,1
29812,25
29813,3
29814,3
29815,4
29816,23
29817,1
29818,1
29819,94
29820,2
29821,4
29822,63
29823,1
29824,5
29825,9
29826,3
29827,6
29828,12
29829,2
29830,1
29831,1
29832,1
29833,7
29834,1
29835,1
29836,3
29837,19
29838,1
29839,2
29840,6
29841,2
29842,3
29843,2
29844,62
29845,2
29846,1
29847,NA
29848,3
29849,1
29850,5
29851,3
29852,9
29853,1
29854,220
29855,2
29856,13
29857,1
29858,520
29859,1
29860,47
29861,23
29862,4
29863,2
29864,1
29865,6
29866,2
29867,4
29868,5
29869,2
29870,5
29871,12
29872,1
29873,7
29874,1
29875,1
29876,2
29877,4
29878,3
29879,1
29880,4
29881,1
29882,13
29883,1
29884,1
29885,1
29886,1
29887,83
29888,68
29889,1
29890,1
29891,2
29892,1
29893,2
29894,2
29895,14
29896,5
29897,3
29898,2
29899,62
29900,1
29901,2
29902,10
29903,1
29904,14
29905,4
29906,21
29907,1
29908,2
29909,5
29910,4
29911,1
29912,72
29913,4
29914,1
29915,4
29916,7
29917,4
29918,1
29919,3
29920,57
29921,21
29922,1
29923,1
29924,2
29925,1
29926,1
29927,1
29928,3
29929,NA
29930,3
29931,1
29932,2
29933,1
29934,83
29935,7
29936,3
29937,5
29938,6
29939,2
29940,75
29941,3
29942,1
29943,4
29944,24
29945,1
29946,5
29947,28
29948,1
29949,1
29950,1
29951,6
29952,2
29953,25
29954,7
29955,10
29956,5
29957,4
29958,5
29959,2
29960,1
29961,1
29962,9
29963,2
29964,37
29965,1
29966,10
29967,72
29968,3
29969,6
29970,1
29971,9
29972,5
29973,4
29974,3
29975,1
29976,1
29977,8
29978,5
29979,4
29980,39
29981,1
29982,16
29983,3
29984,5
29985,2
29986,1
29987,1
29988,6
29989,1
29990,124
29991,39
29992,1
29993,50
29994,1
29995,4
29996,1
29997,2
29998,1
29999,1
30000,1
30001,3
30002,14
30003,25
30004,1
30005,2
30006,114
30007,1
30008,9
30009,2
30010,2
30011,7
30012,2
30013,3
30014,2
30015,1
30016,4
30017,1
30018,1
30019,1
30020,53
30021,10
30022,1
30023,2
30024,1
30025,1
30026,2
30027,1
30028,11
30029,2
30030,1
30031,NA
30032,4
30033,3
30034,5
30035,3
30036,1
30037,1
30038,2
30039,1
30040,7
30041,19
30042,2
30043,2
30044,1
30045,5
30046,5
30047,3
30048,2
30049,1
30050,21
30051,11
30052,3
30053,1
30054,2
30055,1
30056,3
30057,4
30058,32
30059,1
30060,3
30061,5
30062,1
30063,12
30064,3
30065,19
30066,15
30067,2
30068,1
30069,4
30070,7
30071,10
30072,10
30073,2
30074,2
30075,1
30076,36
30077,8
30078,3
30079,4
30080,22
30081,26
30082,3
30083,21
30084,2
30085,1
30086,6
30087,1
30088,1
30089,8
30090,10
30091,2
30092,1
30093,3
30094,1
30095,2
30096,2
30097,8
30098,3
30099,23
30100,2
30101,34
30102,2
30103,1
30104,1
30105,7
30106,6
30107,1
30108,1
30109,1
30110,7
30111,7
30112,4
30113,1
30114,1
30115,1
30116,915
30117,32
30118,1
30119,3
30120,5
30121,17
30122,32
30123,3
30124,7
30125,2
30126,3
30127,21
30128,2
30129,16
30130,31
30131,18
30132,2
30133,5
30134,1
30135,1
30136,3
30137,16
30138,2
30139,1
30140,2
30141,8
30142,1
30143,20
30144,4
30145,3
30146,5
30147,4
30148,1
30149,47
30150,11
30151,4
30152,4
30153,4
30154,12
30155,19
30156,31
30157,2
30158,1
30159,28
30160,2
30161,NA
30162,2
30163,1
30164,5
30165,16
30166,4
30167,4
30168,1
30169,18
30170,1
30171,1
30172,1
30173,5
30174,1
30175,1
30176,18
30177,24
30178,1
30179,1
30180,2
30181,3
30182,6
30183,1
30184,2
30185,577
30186,1
30187,1
30188,33
30189,4
30190,2
30191,18
30192,2
30193,9
30194,3
30195,1
30196,1
30197,1
30198,2
30199,4
30200,9
30201,2
30202,1
30203,12
30204,10
30205,1
30206,1
30207,1
30208,1
30209,2
30210,4
30211,1
30212,1
30213,1
30214,2
30215,5
30216,3
30217,1
30218,2
30219,2
30220,5
30221,175
30222,13
30223,1
30224,1
30225,3
30226,19
30227,1
30228,6
30229,2
30230,7
30231,8
30232,2
30233,1
30234,3
30235,228
30236,2
30237,7
30238,6
30239,1
30240,1
30241,5
30242,3
30243,2
30244,1
30245,2
30246,1
30247,2
30248,9
30249,2
30250,5
30251,6
30252,8
30253,1
30254,19
30255,6
30256,11
30257,2
30258,2
30259,19
30260,1
30261,3
30262,3
30263,19
30264,1
30265,22
30266,13
30267,1
30268,2
30269,24
30270,7
30271,37
30272,3
30273,23
30274,1
30275,5
30276,NA
30277,6
30278,2
30279,3
30280,3
30281,26
30282,1
30283,1
30284,3
30285,4
30286,2
30287,2
30288,16
30289,1
30290,1
30291,5
30292,106
30293,6
30294,3
30295,3
30296,1
30297,3
30298,23
30299,11
30300,1
30301,13
30302,4
30303,211
30304,1
30305,1
30306,76
30307,3
30308,6
30309,2
30310,1
30311,1
30312,11
30313,1
30314,12
30315,1
30316,35
30317,1
30318,1
30319,10
30320,92
30321,6
30322,1
30323,1
30324,1
30325,49
30326,22
30327,2
30328,1
30329,1
30330,2
30331,8
30332,64
30333,11
30334,1
30335,1
30336,1
30337,5
30338,2
30339,8
30340,4
30341,7
30342,3
30343,20
30344,11
30345,1
30346,2
30347,2
30348,5
30349,15
30350,8
30351,1
30352,2
30353,3
30354,4
30355,1
30356,3
30357,1
30358,1
30359,2
30360,6
30361,1
30362,2
30363,1
30364,5
30365,8
30366,2
30367,4
30368,3
30369,1
30370,16
30371,4
30372,4
30373,1
30374,18
30375,3
30376,4
30377,1
30378,3
30379,4
30380,1
30381,1
30382,1
30383,2
30384,1
30385,15
30386,15
30387,260
30388,7
30389,3
30390,6
30391,4
30392,3
30393,1
30394,1
30395,11
30396,2
30397,3
30398,4
30399,2
30400,2
30401,1
30402,1
30403,13
30404,1
30405,32
30406,1
30407,8
30408,8
30409,4
30410,1
30411,20
30412,1
30413,10
30414,3
30415,1
30416,42
30417,2
30418,1
30419,4
30420,1
30421,1
30422,4
30423,18
30424,5
30425,2
30426,8
30427,2
30428,2
30429,1
30430,8
30431,1
30432,1
30433,22
30434,2
30435,4
30436,3
30437,442
30438,2
30439,3
30440,1
30441,2
30442,20
30443,1
30444,6
30445,10
30446,2
30447,9
30448,1
30449,1
30450,2
30451,1
30452,3
30453,1
30454,4
30455,1
30456,3
30457,1
30458,1
30459,2
30460,1
30461,2
30462,1
30463,9
30464,1
30465,1
30466,4
30467,18
30468,2
30469,1
30470,1
30471,6
30472,4
30473,13
30474,2
30475,3
30476,28
30477,5
30478,9
30479,1
30480,3
30481,1
30482,1
30483,2
30484,1
30485,2
30486,1
30487,2
30488,5
30489,323
30490,15
30491,3
30492,1
30493,6
30494,1
30495,1
30496,20
30497,1
30498,8
30499,2
30500,8
30501,1
30502,2
30503,9
30504,3
30505,5
30506,70
30507,3
30508,1
30509,6
30510,4
30511,1
30512,2
30513,6
30514,3
30515,56
30516,20
30517,18
30518,5
30519,28
30520,5
30521,1
30522,1
30523,12
30524,6
30525,3
30526,1
30527,9
30528,6
30529,15
30530,1
30531,1
30532,3
30533,3
30534,1
30535,1
30536,5
30537,2
30538,22
30539,3
30540,4
30541,178
30542,5
30543,1
30544,2
30545,1
30546,1
30547,10
30548,1
30549,1
30550,1
30551,3
30552,5
30553,5
30554,22
30555,2
30556,4
30557,1
30558,2
30559,1
30560,2
30561,2
30562,24
30563,1
30564,1
30565,2
30566,4
30567,2
30568,1
30569,1
30570,1
30571,7
30572,1
30573,2
30574,4
30575,2
30576,1
30577,1
30578,1
30579,5
30580,2
30581,9
30582,7
30583,2
30584,2
30585,3
30586,2
30587,12
30588,4
30589,2
30590,2
30591,14
30592,21
30593,4
30594,2
30595,4
30596,1
30597,6
30598,962
30599,3
30600,55
30601,1
30602,1
30603,3
30604,1
30605,13
30606,4
30607,1
30608,2
30609,4
30610,1
30611,1
30612,1
30613,15
30614,16
30615,7
30616,5
30617,5
30618,4
30619,12
30620,3
30621,1
30622,2
30623,1
30624,1
30625,NA
30626,2
30627,1
30628,2
30629,5
30630,1
30631,1
30632,2
30633,7
30634,1
30635,2
30636,1
30637,13
30638,1
30639,3
30640,10
30641,5
30642,1
30643,2
30644,1
30645,2
30646,2
30647,6
30648,2
30649,2
30650,3
30651,1
30652,6
30653,5
30654,1
30655,1
30656,3
30657,3
30658,2
30659,1
30660,7
30661,2
30662,3
30663,3
30664,1
30665,2
30666,4
30667,2
30668,1
30669,6
30670,1
30671,5
30672,2
30673,6
30674,39
30675,4
30676,6
30677,2
30678,3
30679,10
30680,1
30681,1
30682,1
30683,15
30684,6
30685,1
30686,1
30687,1
30688,1
30689,72
30690,4
30691,34
30692,2
30693,1
30694,20
30695,1
30696,1
30697,14
30698,3
30699,1
30700,9
30701,1
30702,1
30703,1
30704,1
30705,47
30706,1
30707,2
30708,5
30709,4
30710,11
30711,53
30712,4
30713,6
30714,10
30715,12
30716,7
30717,4
30718,1
30719,1
30720,1
30721,5
30722,7
30723,2
30724,1
30725,1
30726,1
30727,4
30728,6
30729,1
30730,1
30731,14
30732,30
30733,5
30734,1
30735,21
30736,11
30737,1
30738,112
30739,4
30740,5
30741,3
30742,2
30743,1
30744,2
30745,7
30746,2
30747,1
30748,1
30749,23
30750,1
30751,2
30752,3
30753,1
30754,7
30755,2
30756,5
30757,12
30758,7
30759,1
30760,2
30761,3
30762,11
30763,1
30764,1
30765,2
30766,5
30767,2
30768,7
30769,25
30770,6
30771,2
30772,1
30773,1
30774,4
30775,3
30776,1
30777,6
30778,1
30779,2
30780,3
30781,1
30782,10
30783,28
30784,1
30785,1
30786,1
30787,7
30788,4
30789,2
30790,3
30791,28
30792,5
30793,13
30794,3
30795,1
30796,2
30797,1
30798,1
30799,4
30800,3
30801,3
30802,2
30803,1
30804,4
30805,29
30806,6
30807,2
30808,47
30809,1
30810,1
30811,2
30812,1
30813,3
30814,3
30815,2
30816,34
30817,1
30818,4
30819,6
30820,62
30821,2
30822,29
30823,9
30824,1
30825,5
30826,7
30827,4
30828,2
30829,7
30830,11
30831,4
30832,1
30833,1
30834,1
30835,6
30836,2
30837,3
30838,1
30839,5
30840,2
30841,2
30842,1
30843,1
30844,5
30845,2
30846,4
30847,7
30848,2
30849,6
30850,1
30851,1
30852,5
30853,2
30854,1
30855,1
30856,1
30857,2
30858,1
30859,7
30860,1
30861,1
30862,1
30863,1
30864,2
30865,4
30866,8
30867,1
30868,1
30869,1
30870,2
30871,79
30872,3
30873,1
30874,2
30875,1
30876,2
30877,2
30878,3
30879,5
30880,3
30881,69
30882,9
30883,1
30884,5
30885,4
30886,1
30887,6
30888,1
30889,1
30890,2
30891,30
30892,3
30893,1
30894,2
30895,2
30896,5
30897,1
30898,3
30899,1
30900,14
30901,6
30902,1
30903,13
30904,1
30905,3
30906,5
30907,1
30908,2
30909,1
30910,19
30911,2
30912,1
30913,1
30914,2
30915,3
30916,3
30917,1
30918,80
30919,1
30920,1
30921,2
30922,47
30923,9
30924,3
30925,5
30926,16
30927,2
30928,10
30929,2
30930,10
30931,6
30932,14
30933,1
30934,2
30935,2
30936,8
30937,4
30938,9
30939,40
30940,2
30941,7
30942,2
30943,3
30944,9
30945,1
30946,7
30947,2
30948,1
30949,2
30950,8
30951,14
30952,1
30953,4
30954,2
30955,2
30956,1
30957,2
30958,2
30959,1
30960,13
30961,1
30962,1
30963,14
30964,2
30965,4
30966,2
30967,1
30968,2
30969,3
30970,NA
30971,1
30972,2
30973,1
30974,9
30975,1
30976,NA
30977,2
30978,1
30979,3
30980,3
30981,1
30982,1
30983,2
30984,6
30985,5
30986,1
30987,1
30988,1
30989,7
30990,11
30991,4
30992,1
30993,2
30994,5
30995,16
30996,6
30997,24
30998,15
30999,2
31000,2
31001,1
31002,4
31003,1
31004,25
31005,NA
31006,1
31007,19
31008,142
31009,2
31010,4
31011,2
31012,1
31013,3
31014,3
31015,6
31016,4
31017,4
31018,1
31019,8
31020,2
31021,4
31022,2
31023,5
31024,58
31025,3
31026,3
31027,19
31028,3
31029,5
31030,1
31031,1
31032,49
31033,3
31034,10
31035,8
31036,60
31037,2
31038,1
31039,1
31040,1
31041,2
31042,4
31043,2
31044,3
31045,8
31046,4
31047,4
31048,4
31049,1
31050,1
31051,699
31052,5
31053,1
31054,1
31055,11
31056,30
31057,4
31058,3
31059,1
31060,1
31061,2
31062,4
31063,1
31064,1
31065,1
31066,3
31067,1
31068,2
31069,1
31070,1
31071,1
31072,4
31073,5
31074,6
31075,7
31076,1
31077,2
31078,1
31079,50
31080,3
31081,3
31082,1
31083,1
31084,4
31085,2
31086,3
31087,8
31088,4
31089,5
31090,2
31091,4
31092,23
31093,9
31094,125
31095,5
31096,7
31097,2
31098,1
31099,3
31100,8
31101,4
31102,10
31103,1
31104,10
31105,1
31106,1
31107,8
31108,132
31109,7
31110,1
31111,1
31112,5
31113,3
31114,16
31115,3
31116,2
31117,1
31118,447
31119,103
31120,1
31121,1
31122,1
31123,3
31124,4
31125,1
31126,9
31127,8
31128,1
31129,13
31130,2
31131,13
31132,14
31133,1
31134,4
31135,16
31136,2
31137,2
31138,3
31139,2
31140,4
31141,12
31142,4
31143,1
31144,1
31145,9
31146,1
31147,2
31148,11
31149,2
31150,2
31151,22
31152,2
31153,8
31154,1
31155,25
31156,8
31157,1
31158,4
31159,1
31160,46
31161,1
31162,1
31163,1
31164,36
31165,5
31166,3
31167,15
31168,3
31169,2
31170,3
31171,10
31172,1
31173,1
31174,1
31175,3
31176,1
31177,1
31178,2
31179,3
31180,2
31181,3
31182,1
31183,1
31184,1
31185,1
31186,1
31187,14
31188,2
31189,4
31190,NA
31191,60
31192,5
31193,4
31194,1
31195,13
31196,1
31197,8
31198,1
31199,2
31200,2
31201,4
31202,3
31203,1
31204,2
31205,1
31206,1
31207,6
31208,1
31209,5
31210,6
31211,3
31212,1
31213,1
31214,8
31215,1
31216,4
31217,2
31218,2
31219,1
31220,1
31221,5
31222,7
31223,1
31224,8
31225,4
31226,2
31227,422
31228,10
31229,3
31230,2
31231,1
31232,1
31233,2
31234,1
31235,1
31236,6
31237,1
31238,2
31239,1
31240,1
31241,7
31242,12
31243,2
31244,12
31245,5
31246,2
31247,190
31248,13
31249,1
31250,43
31251,2
31252,2
31253,3
31254,1
31255,3
31256,6
31257,3
31258,2
31259,1
31260,1
31261,1
31262,1
31263,1
31264,2
31265,1
31266,17
31267,5
31268,1
31269,2
31270,1
31271,2
31272,2
31273,29
31274,2
31275,1
31276,3
31277,13
31278,6
31279,1
31280,5
31281,1
31282,2
31283,26
31284,3
31285,1
31286,8
31287,2
31288,2
31289,3
31290,1
31291,4
31292,10
31293,6
31294,3
31295,9
31296,2
31297,3
31298,3
31299,3
31300,9
31301,16
31302,2
31303,7
31304,144
31305,1
31306,3
31307,1
31308,2
31309,1
31310,3
31311,8
31312,1
31313,6
31314,1
31315,7
31316,13
31317,1
31318,1
31319,2
31320,147
31321,24
31322,9
31323,4
31324,1
31325,3
31326,NA
31327,7
31328,11
31329,NA
31330,42
31331,1
31332,3
31333,1
31334,2
31335,2
31336,1
31337,5
31338,40
31339,2
31340,3
31341,2
31342,2
31343,2
31344,1
31345,2
31346,12
31347,3
31348,1
31349,10
31350,1
31351,2
31352,5
31353,2
31354,22
31355,1
31356,8
31357,14
31358,3
31359,4
31360,4
31361,1
31362,4
31363,2
31364,1
31365,8
31366,3
31367,1
31368,2
31369,1
31370,5
31371,1
31372,1
31373,2
31374,186
31375,30
31376,2
31377,1
31378,9
31379,1
31380,1
31381,1
31382,25
31383,1
31384,2
31385,1
31386,60
31387,2
31388,4
31389,6
31390,1
31391,53
31392,6
31393,5
31394,6
31395,6
31396,9
31397,12
31398,3
31399,4
31400,17
31401,1
31402,1
31403,5
31404,2
31405,1
31406,1
31407,1
31408,3
31409,2
31410,3
31411,3
31412,8
31413,3
31414,NA
31415,1
31416,5
31417,1
31418,1
31419,1
31420,2
31421,1
31422,1
31423,3
31424,3
31425,2
31426,1
31427,2
31428,9
31429,7
31430,1
31431,15
31432,3
31433,2
31434,2
31435,2
31436,2
31437,4
31438,3
31439,27
31440,1
31441,7
31442,2
31443,54
31444,6
31445,1
31446,19
31447,1
31448,5
31449,2
31450,1
31451,3
31452,1
31453,3
31454,3
31455,2
31456,1
31457,19
31458,1
31459,2
31460,3
31461,2
31462,5
31463,1
31464,20
31465,1
31466,17
31467,1
31468,5
31469,1
31470,1
31471,4
31472,1
31473,2
31474,7
31475,2
31476,3
31477,16
31478,3
31479,3
31480,4
31481,1
31482,15
31483,1
31484,3
31485,1
31486,20
31487,8
31488,845
31489,51
31490,11
31491,2
31492,7
31493,2
31494,1
31495,1
31496,32
31497,14
31498,4
31499,1
31500,2
31501,1
31502,1
31503,5
31504,1
31505,1
31506,1
31507,5
31508,2
31509,91
31510,5
31511,58
31512,4
31513,1
31514,1
31515,7
31516,2
31517,1
31518,3
31519,3
31520,1
31521,2
31522,3
31523,2
31524,1
31525,17
31526,3
31527,3
31528,1
31529,3
31530,2
31531,11
31532,4
31533,1
31534,2
31535,12
31536,76
31537,19
31538,1
31539,1
31540,1
31541,19
31542,10
31543,1
31544,83
31545,1
31546,1
31547,19
31548,6
31549,6
31550,1
31551,1
31552,5
31553,38
31554,5
31555,6
31556,3
31557,1
31558,1
31559,1
31560,8
31561,2
31562,1
31563,4
31564,76
31565,1
31566,5
31567,1
31568,6
31569,1
31570,2
31571,2
31572,2
31573,1
31574,4
31575,1
31576,13
31577,4
31578,2
31579,1
31580,5
31581,4
31582,1
31583,5
31584,2
31585,8
31586,1
31587,3
31588,1
31589,1
31590,2
31591,4
31592,1
31593,4
31594,3
31595,2
31596,2
31597,14
31598,1
31599,5
31600,2
31601,2
31602,6
31603,1
31604,1
31605,6
31606,5
31607,3
31608,1
31609,4
31610,1
31611,2
31612,2
31613,9
31614,2
31615,2
31616,3
31617,5
31618,2
31619,3
31620,4
31621,1
31622,1
31623,1
31624,2
31625,21
31626,1
31627,2
31628,7
31629,2
31630,1
31631,1
31632,1
31633,6
31634,NA
31635,2
31636,3
31637,2
31638,1
31639,1
31640,3
31641,444
31642,4
31643,1
31644,15
31645,12
31646,10
31647,1
31648,2
31649,2
31650,15
31651,38
31652,1
31653,5
31654,24
31655,5
31656,10
31657,13
31658,1
31659,4
31660,2
31661,2
31662,9
31663,3
31664,3
31665,2
31666,2
31667,4
31668,4
31669,39
31670,6
31671,4
31672,6
31673,NA
31674,5
31675,5
31676,3
31677,1
31678,6
31679,2
31680,2
31681,1
31682,2
31683,5
31684,NA
31685,3
31686,1
31687,6
31688,3
31689,1
31690,9
31691,2
31692,1
31693,5
31694,1
31695,2
31696,1
31697,6
31698,8
31699,6
31700,12
31701,3
31702,1
31703,8
31704,2
31705,1
31706,4
31707,3
31708,28
31709,1
31710,3
31711,2
31712,1
31713,1
31714,2
31715,1
31716,3
31717,3
31718,6
31719,6
31720,5
31721,7
31722,2
31723,4
31724,2
31725,16
31726,1
31727,1
31728,9
31729,1
31730,1
31731,6
31732,1
31733,4
31734,1
31735,4
31736,17
31737,2
31738,2
31739,2
31740,5
31741,25
31742,32
31743,3
31744,1
31745,2
31746,1
31747,1
31748,4
31749,55
31750,23
31751,4
31752,1
31753,18
31754,1
31755,14
31756,8
31757,5
31758,2
31759,4
31760,1
31761,2
31762,3
31763,2
31764,2
31765,2
31766,45
31767,3
31768,1
31769,3
31770,1
31771,1
31772,8
31773,3
31774,1
31775,4
31776,11
31777,9
31778,1
31779,22
31780,7
31781,6
31782,8
31783,2
31784,1
31785,4
31786,1
31787,6
31788,1
31789,8
31790,1
31791,2
31792,1
31793,3
31794,85
31795,1
31796,2
31797,1
31798,1
31799,5
31800,12
31801,4
31802,26
31803,1
31804,2
31805,2
31806,1
31807,2
31808,2
31809,3
31810,2
31811,13
31812,5
31813,43
31814,1
31815,6
31816,2
31817,1
31818,12
31819,4
31820,30
31821,511
31822,2
31823,1
31824,2
31825,2
31826,3
31827,4
31828,21
31829,1
31830,1
31831,18
31832,16
31833,3
31834,2
31835,3
31836,7
31837,1
31838,727
31839,4
31840,6
31841,2
31842,3
31843,1
31844,2
31845,1
31846,12
31847,1
31848,20
31849,4
31850,5
31851,11
31852,1
31853,265
31854,9
31855,1
31856,46
31857,2
31858,1
31859,5
31860,3
31861,1
31862,83
31863,1
31864,1
31865,19
31866,3
31867,4
31868,1
31869,20
31870,2
31871,4
31872,38
31873,1
31874,1
31875,1
31876,1
31877,1
31878,2
31879,3
31880,4
31881,3
31882,2
31883,3
31884,2
31885,3
31886,1
31887,1
31888,11
31889,4
31890,1
31891,14
31892,1
31893,2
31894,49
31895,1
31896,2
31897,1
31898,1
31899,7
31900,1
31901,2
31902,3
31903,1
31904,28
31905,9
31906,4
31907,1
31908,1
31909,2
31910,143
31911,1
31912,2
31913,1
31914,2
31915,2
31916,4
31917,3
31918,12
31919,2
31920,9
31921,1
31922,1
31923,1
31924,2
31925,3
31926,149
31927,86
31928,1
31929,2
31930,4
31931,1
31932,11
31933,1
31934,2
31935,18
31936,1
31937,2
31938,55
31939,1
31940,2
31941,2
31942,771
31943,2
31944,1
31945,18
31946,5
31947,16
31948,7
31949,1
31950,1
31951,1
31952,47
31953,10
31954,4
31955,NA
31956,1
31957,4
31958,12
31959,57
31960,16
31961,3
31962,1
31963,13
31964,1
31965,1
31966,18
31967,12
31968,1
31969,167
31970,3
31971,29
31972,2
31973,11
31974,1
31975,2
31976,1
31977,4
31978,22
31979,1
31980,6
31981,4
31982,24
31983,72
31984,5
31985,6
31986,2
31987,2
31988,2
31989,1
31990,1
31991,12
31992,4
31993,1
31994,10
31995,5
31996,4
31997,15
31998,8
31999,1
32000,1
32001,3
32002,1
32003,4
32004,388
32005,2
32006,5
32007,3
32008,1
32009,5
32010,2
32011,1
32012,2
32013,16
32014,24
32015,13
32016,2
32017,5
32018,2
32019,27
32020,7
32021,1
32022,1
32023,4
32024,13
32025,5
32026,1
32027,5
32028,1
32029,13
32030,136
32031,11
32032,4
32033,2
32034,1
32035,5
32036,8
32037,19
32038,1
32039,4
32040,2
32041,NA
32042,1
32043,15
32044,8
32045,3
32046,2
32047,2
32048,3
32049,2
32050,1
32051,1
32052,1
32053,3
32054,3
32055,152
32056,3
32057,1
32058,5
32059,1
32060,1
32061,3
32062,11
32063,1
32064,4
32065,1
32066,4
32067,1
32068,2
32069,3
32070,65
32071,7
32072,2
32073,4
32074,10
32075,4
32076,2
32077,1
32078,6
32079,497
32080,3
32081,9
32082,9
32083,1
32084,2
32085,5
32086,1
32087,81
32088,3
32089,2
32090,1
32091,3
32092,1
32093,2
32094,2
32095,1
32096,1
32097,7
32098,1
32099,2
32100,17
32101,16
32102,5
32103,6
32104,2
32105,2
32106,6
32107,1
32108,21
32109,1
32110,2
32111,5
32112,1
32113,18
32114,3
32115,4
32116,3
32117,1
32118,17
32119,3
32120,2
32121,1
32122,2
32123,1
32124,8
32125,13
32126,6
32127,2
32128,4
32129,1
32130,6
32131,1
32132,1
32133,2
32134,1
32135,2
32136,1
32137,2
32138,4
32139,11
32140,2
32141,2
32142,1
32143,3
32144,1
32145,1
32146,9
32147,4
32148,1
32149,1
32150,5
32151,4
32152,24
32153,6
32154,NA
32155,1
32156,8
32157,12
32158,9
32159,2
32160,1
32161,1
32162,1
32163,2
32164,4
32165,79
32166,2
32167,1
32168,4
32169,3
32170,2
32171,1
32172,6
32173,10
32174,1
32175,4
32176,17
32177,3
32178,1
32179,2
32180,3
32181,43
32182,1
32183,1
32184,7
32185,2
32186,6
32187,1
32188,5
32189,2
32190,12
32191,5
32192,8
32193,2
32194,1
32195,4
32196,2
32197,1
32198,1
32199,2
32200,1
32201,2
32202,1
32203,5
32204,3
32205,2
32206,34
32207,2
32208,4
32209,1
32210,25
32211,1
32212,5
32213,6
32214,3
32215,2
32216,4
32217,1
32218,3
32219,2
32220,1
32221,15
32222,1
32223,2
32224,6
32225,2
32226,4
32227,3
32228,1
32229,1
32230,1
32231,371
32232,1
32233,2
32234,2
32235,1
32236,2
32237,6
32238,1
32239,2
32240,1
32241,2
32242,2
32243,3
32244,6
32245,3
32246,1
32247,2
32248,1
32249,19
32250,1
32251,1
32252,4
32253,1
32254,1
32255,2
32256,3
32257,3
32258,2
32259,7
32260,2
32261,15
32262,9
32263,2
32264,17
32265,11
32266,3
32267,5
32268,1
32269,1
32270,3
32271,222
32272,1
32273,7
32274,10
32275,2
32276,3
32277,2
32278,8
32279,1
32280,1
32281,23
32282,6
32283,2
32284,1
32285,2
32286,1
32287,2
32288,1
32289,14
32290,3
32291,12
32292,2
32293,1
32294,1
32295,1
32296,35
32297,1
32298,1
32299,2
32300,2
32301,1
32302,NA
32303,1
32304,1
32305,4
32306,14
32307,9
32308,11
32309,4
32310,1
32311,3
32312,1
32313,24
32314,5
32315,1
32316,2
32317,4
32318,3
32319,1
32320,3
32321,1
32322,3
32323,1
32324,1
32325,1
32326,6
32327,5
32328,4
32329,1
32330,1
32331,5
32332,2
32333,3
32334,1
32335,3
32336,1
32337,2
32338,12
32339,1
32340,2
32341,9
32342,2
32343,6
32344,2
32345,1
32346,1
32347,6
32348,2
32349,4
32350,1
32351,6
32352,1
32353,57
32354,2
32355,2
32356,1
32357,4
32358,2
32359,8
32360,4
32361,5
32362,63
32363,77
32364,1
32365,1
32366,17
32367,1
32368,4
32369,19
32370,2
32371,1
32372,3
32373,3
32374,14
32375,4
32376,1
32377,2
32378,4
32379,1
32380,NA
32381,1
32382,1
32383,1
32384,1
32385,12
32386,5
32387,5
32388,8
32389,3
32390,9
32391,2
32392,3
32393,1
32394,5
32395,1
32396,1
32397,1
32398,63
32399,9
32400,NA
32401,2
32402,2
32403,1
32404,5
32405,1
32406,1
32407,8
32408,1
32409,1
32410,7
32411,NA
32412,6
32413,57
32414,1
32415,4
32416,12
32417,1
32418,6
32419,1
32420,6
32421,4
32422,3
32423,2
32424,4
32425,4
32426,2
32427,2
32428,21
32429,1
32430,9
32431,3
32432,8
32433,1
32434,1
32435,1
32436,3
32437,1
32438,5
32439,2
32440,1
32441,2
32442,6
32443,4
32444,54
32445,2
32446,5
32447,2
32448,4
32449,3
32450,81
32451,NA
32452,2
32453,3
32454,3
32455,4
32456,1
32457,1
32458,1
32459,1
32460,2
32461,2
32462,58
32463,56
32464,3
32465,20
32466,4
32467,1
32468,1
32469,3
32470,1
32471,2
32472,2
32473,1
32474,1
32475,3
32476,4
32477,1
32478,4
32479,7
32480,4
32481,1
32482,2
32483,25
32484,7
32485,2
32486,11
32487,3
32488,1
32489,1
32490,3
32491,3
32492,5
32493,1
32494,4
32495,1
32496,5
32497,2
32498,3
32499,6
32500,3
32501,1
32502,160
32503,1
32504,5
32505,4
32506,1
32507,1
32508,3
32509,38
32510,10
32511,3
32512,2
32513,2
32514,5
32515,2
32516,785
32517,3
32518,2
32519,1
32520,8
32521,5
32522,NA
32523,1
32524,1
32525,1
32526,1
32527,1
32528,6
32529,7
32530,5
32531,9
32532,6
32533,5
32534,11
32535,1
32536,1
32537,79
32538,13
32539,2
32540,14
32541,3
32542,3
32543,3
32544,90
32545,1
32546,1
32547,2
32548,21
32549,4
32550,7
32551,11
32552,22
32553,2
32554,10
32555,1
32556,4
32557,2
32558,1
32559,12
32560,3
32561,61
32562,3
32563,2
32564,2
32565,3
32566,2
32567,1
32568,1
32569,4
32570,5
32571,1
32572,2
32573,2
32574,1
32575,3
32576,1
32577,5
32578,1
32579,22
32580,2
32581,125
32582,35
32583,3
32584,4
32585,1
32586,3
32587,13
32588,3
32589,2
32590,1
32591,20
32592,2
32593,1
32594,4
32595,46
32596,2
32597,8
32598,3
32599,2
32600,24
32601,1
32602,4
32603,5
32604,1
32605,1
32606,5
32607,7
32608,2
32609,35
32610,1
32611,1
32612,1
32613,2
32614,1
32615,8
32616,2
32617,1
32618,1
32619,4
32620,1
32621,2
32622,2
32623,2
32624,1
32625,1
32626,1
32627,1
32628,1
32629,2
32630,4
32631,3
32632,2
32633,66
32634,2
32635,5
32636,1
32637,5
32638,2
32639,1
32640,1
32641,3
32642,1
32643,2
32644,19
32645,1
32646,1
32647,3
32648,6
32649,2
32650,2
32651,2
32652,2
32653,3
32654,2
32655,1
32656,1
32657,1
32658,1
32659,1
32660,2
32661,1
32662,2
32663,5
32664,55
32665,1
32666,7
32667,2
32668,NA
32669,1
32670,8
32671,1
32672,1
32673,40
32674,4
32675,4
32676,2
32677,2
32678,1
32679,12
32680,10
32681,4
32682,2
32683,4
32684,1
32685,120
32686,110
32687,5
32688,1
32689,8
32690,7
32691,3
32692,1
32693,1
32694,1
32695,1
32696,2
32697,4
32698,3
32699,3
32700,38
32701,1
32702,10
32703,2
32704,3
32705,1
32706,1
32707,2
32708,4
32709,7
32710,4
32711,1
32712,89
32713,1
32714,3
32715,1
32716,3
32717,2
32718,3
32719,1
32720,1
32721,1
32722,2
32723,4
32724,389
32725,22
32726,2
32727,4
32728,1
32729,2
32730,8
32731,1
32732,16
32733,2
32734,2
32735,25
32736,1
32737,11
32738,8
32739,57
32740,5
32741,3
32742,1
32743,3
32744,2
32745,21
32746,107
32747,2
32748,1
32749,1
32750,3
32751,3
32752,3
32753,3
32754,1
32755,1
32756,26
32757,1
32758,1
32759,1
32760,5
32761,NA
32762,3
32763,1
32764,15
32765,3
32766,4
32767,17
32768,2
32769,6
32770,2
32771,1
32772,30
32773,2
32774,1
32775,11
32776,3
32777,2
32778,14
32779,1
32780,4
32781,8
32782,8
32783,3
32784,2
32785,5
32786,10
32787,3
32788,2
32789,1
32790,2
32791,10
32792,3
32793,1
32794,2
32795,2
32796,6
32797,1
32798,1
32799,13
32800,1
32801,1
32802,40
32803,66
32804,2
32805,1
32806,3
32807,1
32808,12
32809,19
32810,1
32811,NA
32812,4
32813,1
32814,4
32815,71
32816,2
32817,4
32818,14
32819,3
32820,1
32821,42
32822,2
32823,119
32824,4
32825,1
32826,3
32827,1
32828,3
32829,3
32830,1
32831,1
32832,2
32833,1
32834,1
32835,2
32836,2
32837,13
32838,3
32839,8
32840,3
32841,5
32842,4
32843,1
32844,1
32845,7
32846,2
32847,1
32848,3
32849,5
32850,47
32851,1
32852,2
32853,5
32854,5
32855,20
32856,1
32857,27
32858,11
32859,10
32860,3
32861,2
32862,1
32863,5
32864,1
32865,3
32866,5
32867,1
32868,2
32869,4
32870,11
32871,2
32872,5
32873,81
32874,3
32875,3
32876,1
32877,1
32878,1
32879,3
32880,1
32881,5
32882,48
32883,2
32884,4
32885,17
32886,1
32887,2
32888,22
32889,1
32890,96
32891,9
32892,20
32893,21
32894,3
32895,1
32896,31
32897,1
32898,5
32899,1
32900,1
32901,2
32902,1
32903,1
32904,2
32905,4
32906,6
32907,3
32908,1
32909,6
32910,1
32911,2
32912,13
32913,1
32914,1
32915,5
32916,3
32917,13
32918,3
32919,3
32920,3
32921,2
32922,1
32923,2
32924,8
32925,1
32926,1
32927,4
32928,5
32929,8
32930,3
32931,85
32932,1
32933,10
32934,1
32935,1
32936,33
32937,3
32938,68
32939,73
32940,5
32941,4
32942,3
32943,2
32944,288
32945,5
32946,9
32947,3
32948,1
32949,7
32950,1
32951,17
32952,2
32953,8
32954,59
32955,3
32956,1
32957,1
32958,3
32959,3
32960,13
32961,1
32962,1
32963,5
32964,14
32965,1
32966,4
32967,1
32968,1
32969,2
32970,3
32971,79
32972,5
32973,4
32974,3
32975,2
32976,14
32977,3
32978,2
32979,7
32980,1
32981,3
32982,2
32983,1
32984,18
32985,8
32986,3
32987,11
32988,1
32989,4
32990,1
32991,9
32992,51
32993,4
32994,4
32995,1
32996,1
32997,15
32998,9
32999,1
33000,1
33001,1
33002,1
33003,12
33004,2
33005,1
33006,8
33007,4
33008,1
33009,2
33010,1
33011,3
33012,2
33013,2
33014,2
33015,19
33016,134
33017,10
33018,7
33019,4
33020,1
33021,4
33022,4
33023,251
33024,2
33025,1
33026,3
33027,5
33028,1
33029,9
33030,2
33031,5
33032,1
33033,2
33034,1
33035,2
33036,1
33037,2
33038,3
33039,1
33040,12
33041,3
33042,65
33043,3
33044,5
33045,4
33046,5
33047,NA
33048,13
33049,1
33050,3
33051,1
33052,1
33053,1
33054,5
33055,3
33056,6
33057,165
33058,5
33059,2
33060,1
33061,1
33062,3
33063,2
33064,17
33065,3
33066,5
33067,4
33068,1
33069,8
33070,3
33071,14
33072,1
33073,8
33074,2
33075,1
33076,4
33077,10
33078,1
33079,5
33080,6
33081,3
33082,1
33083,1
33084,6
33085,2
33086,5
33087,1
33088,3
33089,2
33090,68
33091,2
33092,10
33093,1
33094,2
33095,6
33096,1
33097,1
33098,2
33099,1
33100,3
33101,13
33102,8
33103,4
33104,1
33105,4
33106,1
33107,8
33108,2
33109,1
33110,8
33111,1
33112,8
33113,27
33114,48
33115,3
33116,3
33117,1
33118,2
33119,9
33120,7
33121,1
33122,1
33123,1
33124,NA
33125,2
33126,41
33127,1
33128,3
33129,3
33130,1
33131,5
33132,1
33133,18
33134,1
33135,10
33136,2
33137,11
33138,1
33139,6
33140,13
33141,14
33142,279
33143,5
33144,1
33145,6
33146,6
33147,170
33148,5
33149,1
33150,1
33151,4
33152,6
33153,3
33154,4
33155,2
33156,1
33157,2
33158,2
33159,8
33160,1
33161,1
33162,4
33163,1
33164,3
33165,1
33166,3
33167,74
33168,1
33169,4
33170,8
33171,56
33172,2
33173,2
33174,1
33175,457
33176,2
33177,3
33178,1
33179,1
33180,38
33181,1
33182,2
33183,2
33184,2
33185,1
33186,1
33187,1
33188,12
33189,1
33190,3
33191,9
33192,3
33193,2
33194,2
33195,2
33196,2
33197,1
33198,1
33199,9
33200,5
33201,103
33202,740
33203,5
33204,4
33205,5
33206,3
33207,36
33208,5
33209,2
33210,4
33211,1
33212,25
33213,2
33214,1
33215,4
33216,2
33217,1
33218,54
33219,4
33220,1
33221,32
33222,1
33223,13
33224,7
33225,4
33226,51
33227,7
33228,6
33229,2
33230,6
33231,1
33232,16
33233,4
33234,2
33235,3
33236,5
33237,6
33238,8
33239,1
33240,5
33241,4
33242,2
33243,2
33244,3
33245,11
33246,7
33247,1
33248,1
33249,2
33250,1
33251,26
33252,3
33253,1
33254,4
33255,8
33256,3
33257,27
33258,3
33259,3
33260,1
33261,3
33262,2
33263,1
33264,NA
33265,1
33266,7
33267,5
33268,10
33269,3
33270,7
33271,2
33272,2
33273,1
33274,3
33275,9
33276,1
33277,1
33278,13
33279,28
33280,4
33281,1
33282,1
33283,1
33284,4
33285,1
33286,5
33287,2
33288,2
33289,1
33290,3
33291,5
33292,1
33293,6
33294,1
33295,5
33296,1
33297,3
33298,1
33299,598
33300,3
33301,7
33302,43
33303,24
33304,12
33305,1
33306,1
33307,1
33308,1
33309,1
33310,2
33311,2
33312,4
33313,5
33314,1
33315,7
33316,9
33317,7
33318,1
33319,5
33320,13
33321,1
33322,1
33323,3
33324,1
33325,1
33326,1
33327,2
33328,1
33329,7
33330,1
33331,18
33332,3
33333,11
33334,50
33335,18
33336,2
33337,3
33338,1
33339,5
33340,3
33341,2
33342,1
33343,4
33344,1
33345,44
33346,16
33347,1
33348,1
33349,3
33350,5
33351,3
33352,16
33353,8
33354,7
33355,1
33356,3
33357,38
33358,1
33359,5
33360,1
33361,12
33362,2
33363,5
33364,1
33365,3
33366,3
33367,12
33368,1
33369,1
33370,1
33371,1
33372,2
33373,22
33374,65
33375,9
33376,3
33377,1
33378,42
33379,1
33380,44
33381,6
33382,5
33383,1
33384,3
33385,2
33386,1
33387,3
33388,17
33389,3
33390,10
33391,105
33392,4
33393,1
33394,1
33395,1
33396,4
33397,3
33398,1
33399,1
33400,5
33401,11
33402,1
33403,1
33404,3
33405,24
33406,6
33407,3
33408,14
33409,2
33410,10
33411,5
33412,5
33413,1
33414,4
33415,1
33416,2
33417,2
33418,3
33419,1
33420,36
33421,1
33422,19
33423,4
33424,1
33425,73
33426,1
33427,12
33428,18
33429,1
33430,12
33431,20
33432,3
33433,13
33434,4
33435,92
33436,1
33437,1
33438,6
33439,3
33440,10
33441,2
33442,2
33443,2
33444,5
33445,1
33446,1
33447,10
33448,4
33449,17
33450,2
33451,2
33452,1
33453,5
33454,1
33455,2
33456,1
33457,1
33458,3
33459,4
33460,42
33461,2
33462,2
33463,91
33464,71
33465,3
33466,64
33467,123
33468,3
33469,1
33470,2
33471,7
33472,16
33473,1
33474,6
33475,1
33476,1
33477,2
33478,11
33479,3
33480,3
33481,10
33482,5
33483,1
33484,732
33485,1
33486,15
33487,17
33488,2
33489,NA
33490,1
33491,3
33492,3
33493,2
33494,2
33495,1
33496,6
33497,1
33498,22
33499,4
33500,1
33501,1
33502,1
33503,14
33504,19
33505,2
33506,11
33507,2
33508,4
33509,1
33510,263
33511,3
33512,4
33513,1
33514,4
33515,1
33516,NA
33517,1
33518,8
33519,1
33520,6
33521,4
33522,1
33523,1
33524,8
33525,3
33526,4
33527,11
33528,2
33529,1
33530,1
33531,3
33532,2
33533,3
33534,1
33535,1
33536,258
33537,1
33538,137
33539,1
33540,1
33541,77
33542,1
33543,5
33544,3
33545,1
33546,5
33547,7
33548,1
33549,2
33550,2
33551,1
33552,1
33553,6
33554,37
33555,1
33556,1
33557,5
33558,2
33559,1
33560,1
33561,1
33562,3
33563,20
33564,1
33565,4
33566,10
33567,2
33568,1
33569,4
33570,4
33571,1
33572,1
33573,6
33574,1
33575,3
33576,4
33577,8
33578,4
33579,1
33580,2
33581,1
33582,6
33583,6
33584,8
33585,2
33586,2
33587,10
33588,3
33589,8
33590,1
33591,7
33592,1
33593,1
33594,3
33595,12
33596,15
33597,1
33598,8
33599,1
33600,7
33601,2
33602,1
33603,1
33604,23
33605,1
33606,1
33607,26
33608,25
33609,12
33610,1
33611,2
33612,12
33613,1
33614,1
33615,1
33616,9
33617,1
33618,2
33619,7
33620,4
33621,6
33622,12
33623,1
33624,28
33625,1
33626,3
33627,NA
33628,9
33629,3
33630,10
33631,3
33632,260
33633,1
33634,123
33635,5
33636,7
33637,2
33638,1
33639,4
33640,1
33641,2
33642,2
33643,1
33644,1
33645,2
33646,2
33647,11
33648,2
33649,2
33650,2
33651,2
33652,3
33653,2
33654,1
33655,2
33656,4
33657,5
33658,5
33659,1
33660,3
33661,132
33662,4
33663,8
33664,2
33665,6
33666,2
33667,1
33668,1
33669,100
33670,1
33671,9
33672,1
33673,1
33674,2
33675,383
33676,1
33677,6
33678,2
33679,1
33680,1
33681,50
33682,1
33683,8
33684,3
33685,31
33686,NA
33687,5
33688,2
33689,7
33690,1
33691,9
33692,1
33693,7
33694,2
33695,1
33696,5
33697,17
33698,11
33699,1
33700,2
33701,1
33702,1
33703,2
33704,38
33705,1
33706,4
33707,1
33708,5
33709,4
33710,3
33711,53
33712,1
33713,2
33714,3
33715,8
33716,2
33717,7
33718,18
33719,4
33720,5
33721,5
33722,30
33723,2
33724,7
33725,4
33726,2
33727,2
33728,3
33729,11
33730,3
33731,1
33732,64
33733,19
33734,2
33735,1
33736,22
33737,3
33738,1
33739,2
33740,1
33741,7
33742,1
33743,18
33744,3
33745,1
33746,1
33747,1
33748,1
33749,1
33750,39
33751,6
33752,3
33753,3
33754,3
33755,2
33756,4
33757,2
33758,6
33759,2
33760,1
33761,5
33762,NA
33763,9
33764,6
33765,2
33766,4
33767,4
33768,1
33769,1
33770,1
33771,2
33772,4
33773,1
33774,2
33775,1
33776,2
33777,4
33778,6
33779,1
33780,2
33781,14
33782,1
33783,1
33784,2
33785,2
33786,1
33787,7
33788,2
33789,13
33790,1
