4
6
10
33
55
77
E1
101
187
1E0
275
444
4X7
777
781
E55
1001
1111
1117
1221
1515
1691
175X
1771
1887
19E9
1E47
3131
3267
3421
3795
39X1
51X7
5301
5879
6161
7217
7401
7575
7677
7871
7881
8181
8327
8805
8921
9201
9647
9E29
XX01
E1E1
E365
EX37
10001
10101
10441
11211
12387
12X41
13397
14241
14E91
15117
16277
16371
17501
17675
17977
18211
18921
19849
1X207
1X347
1X537
1X66E
1E401
1E647
202X1
23001
23391
24531
24E15
26561
26877
268E7
28729
2X301
2X987
2E591
30389
30747
31031
31E41
32455
32691
33331
34093
34521
36XX9
38015
38417
39877
39E31
3X011
3X4X1
