2 509203
3 63064644938
4 39939
5 346802
6 84687
7 408034255082
8 14
9 74
10 10176
11 862
12 376
13 302
14 4
15 36370321851498
16 33965
17 86
18 246
19 1119866
20 8
21 560
22 4461
23 476
24 32336
25 346802
26 149
27 804
28 9078
29 4
30 4928
31 134718
32 10
33 764
34 6
35 287860
36 116364
37 7772
38 13
39 1352534
40 3386517
41 8
42 15137
43 672
44 4
45 22564
46 8177
47 14
48 3226
49 2414
50 16
51 8632534
52 85967
53 5392
54 21
55 6852
56 20
57 144
58 105788
59 4
60 20558
61 13484
62 8
63 187258666
64 14
65 10
66 101954772
67 3144
68 22
69 6
70 6176
71 1132052528
72 293
73 408
74 4
75 4086
76 120
77 14
78 90059
79 1965996
80 253
81 74
82 22326
83 8
84 16
85 398534880
86 28
87 1660
88 9702
89 4
90 27
91 229058
92 32
93 612
94 39
95 2510
96 38995
97 26354
98 10
99 144
100 750
101 118
102 1635
103 1158
104 4
105 170606
106 1626615
107 686
108 13406
109 144
110 38
111 12018
112 3843
113 20
114 24
115 78966
116 14
117 6432
118 50
119 4
120 166616308
121 3294
122 14
123 154
124 3730449
125 8
126 2767077
127 93902377422
128 44
129 14
130 2443673
131 10
132 20
133 3684
134 4
135 3112
136 90693
137 22
138 1806
139 6
140 46
141 960608630
142 12
143 1226
144 59
145 257324
146 8
147 79956
148 5214
149 4
150 49074
151 349922
152 16
153 34
154 216
155 14
156 2113322677
157 3554
158 52
159 516
160 183
161 3154
162 3259
163 372
164 4
165 646
166 127754
167 8
168 4744
169 186
170 20
171 112790
172 1262
173 28
174 6
175 278467080
176 58
177 268
178 87
179 4
180 7674582
181 300
182 62
183 208
184 36
185 32
186 67
187 3524
188 8
189 56
190 626861
191 260
192 13897
193 80802
194 4
195 582483712
196 2215067
197 10
198 3662
199 13224
200 68
201 3669230
202 57
203 14
204 81
205 8450016
206 22
207 38572
208 56
209 4
210 80176412
211 5058
212 70
213 534
214 44
215 15358
216 92
217 4688
218 74
219 34
220 324
221 38
222 88530
223 54704
224 4
225 168032
226 158447
227 20
228 16718
229 24
230 8
231 151584
232 501417
233 14
234 46
235 5378
236 80
237 50
238 5415261
239 4
240 2952972
241 15918
242 14
243 11896
244 6
245 40
246 77
247 469184
248 82
249 14256
250 682217
251 8
252 45
253 1904
254 4
255 205022
256 10364
257 44
258 36
259 14
260 28
261 13061094
262 27351
263 10
264 54
265 20
266 88
267 1432662
268 1344
269 4
270 21681
271 50389004
272 8
273 7262
274 21
275 22
276 1552307
277 7088
278 14
279 6
280 513613045571841
281 328
282 19139
283 218042
284 4
285 12
286 83
287 14276
288 613
289 86
290 98
291 16410
292 34682
293 8
294 119
295 664484
296 10
297 130076
298 116
299 4
300 85
301 1152584
302 13
303 85368
304 426
305 16
306 39295
307 8
308 104
309 94
310 363869
311 14
312 173401
313 8634
314 4
315 900
316 287520
317 14
318 144
319 1526
320 106
321 22
322 18
323 93896
324 14
325 112882226
326 110
327 696
328 48
329 4
330 16527822
331 470030
332 38
333 502
334 66
335 8
336 63018
337 378
338 74
339 16
340 32
341 20
342 629
343 1676
344 4
345 1295243216
346 2119475
347 28
348 18496
349 6
350 14
351 27708
352 2426
353 58
354 141
355 46190
356 8
357 584078
358 27606383
359 4
360 3782
361 8870
362 10
363 64
364 74
365 62
366 2109
367 620
368 40
369 36
370 531
371 32
372 4477
373 74
374 4
375 836460
376 144
377 8
378 1517
379 56
380 128
381 168652
382 13404
383 208
384 6
385 3449490
386 44
387 98
388 205391
389 4
390 137
391 1820454
392 74
393 11358
394 159
395 10
396 41672
397 172134
398 8
399 1558133564
400 20080878
401 68
402 92
403 24744
404 4
405 146
406 593
407 16
408 5316
409 534
410 136
411 60254
412 69
413 22
414 84
415 3246826818
416 140
417 56
418 11733
419 4
420 6548233
421 73640
422 46
423 1536
424 69
425 70
426 62
427 2080614
428 10
429 44
430 45152
431 15380
432 192596
433 92
434 4
435 31732727570
436 645
437 14
438 2194
439 144
440 8
441 118
442 54047
443 28
444 179
445 43338
446 74
447 148
448 131556
449 4
450 122
451 89610
452 59
453 4658266
454 6
455 20
456 76303920
457 747684
458 16
459 24
460 56243
461 8
462 2924772
463 668
464 4
465 706690
466 21450
467 14
468 202
469 516
470 158
471 750
472 87
473 14
474 39
475 50
476 52
477 14102
478 370268
479 4
480 38
481 25956422
482 8
483 2584
484 96
485 6952
486 1525283
487 2256
488 164
489 6
490 48051
491 40
492 86
493 170
494 4
495 117150
496 638
497 82
498 96306
499 2354
500 166
501 862
502 7136
503 8
504 201
505 714
506 14
507 11812
508 1225673
509 4
510 218
511 40789000085994
512 14
513 221706
514 104
515 44
516 142
517 36
518 172
519 14
520 1128
521 28
522 9797
523 132
524 4
525 8364188
526 900
527 10
528 47
529 54
530 58
531 20
532 573
533 88
534 106
535 746580
536 178
537 113788
538 8
539 4
540 800138
541 15546458
542 182
543 2500
544 219
545 8
546 11732602
547 1556732
548 13
549 34
550 666
551 22
552 78
553 31854
554 4
555 58202
556 26019699
557 32
558 259
559 6
560 10
561 5975464
562 191
563 46
564 114
565 20598
566 8
567 2202
568 19347
569 4
570 12511182
571 12
572 190
573 204
574 24
575 77600
576 17798
577 18
578 142
579 204
580 167
581 98
582 54
583 2846
584 4
585 14271738
586 5906982
587 8
588 94
589 1004
590 196
591 30820
592 17196
593 10
594 6
595 291890
596 200
597 116
598 43728
599 4
600 102772
601 818
602 68
603 11324
604 21
605 100
606 74660
607 51584
608 8
609 184
610 753
611 118
612 105437
613 34692
614 4
615 34
616 23447
617 104
618 2517
619 216
620 22
621 190642
622 90
623 14
624 569819
625 26468
626 10
627 129182
628 186
629 4
630 24412760
631 149801300
632 14
633 1004
634 126
635 52
636 27
637 144
638 70
639 2136
640 10349
641 298
642 3214
643 300
644 4
645 18
646 30410
647 688
648 237
649 14
650 8
651 4965144
652 600759
653 110
654 261
655 3294
656 74
657 22
658 22407
659 4
660 322567
661 2518794379382
662 14
663 1244
664 6
665 38
666 898
667 834
668 14
669 66
670 243
671 8
672 41440
673 1617938
674 4
675 37816
676 149
677 112
678 195
679 186
680 226
681 32
682 40979
683 20
684 46
685 518792
686 230
687 4686
688 105
689 4
690 42053568
691 4306490
692 8
693 14922
694 279
695 28
696 288
697 4536
698 232
699 6
700 343498413
701 14
702 75
703 4454
704 4
705 1881842
706 302
707 14
708 41121
709 924
710 80
711 4540
712 185
713 8
714 12
715 9745298
716 238
717 30514
718 1023
719 4
720 104
721 3966270
722 242
723 12852
724 59
725 10
726 12751579
727 246
728 212722
729 74
730 171
731 62
732 211836
733 4038
734 4
735 3536594
736 870
737 40
738 13738
739 36
740 14
741 160
742 21546
743 32
744 299
745 31706
746 34
747 120
748 855
749 4
750 27353
751 85682
752 101
753 144
754 1056
755 8
756 54604682
757 27666
758 10
759 56
760 22676277
761 128
762 8
763 925778
764 4
765 2114542
766 1002
767 172
768 55367
769 6
770 256
771 83954
772 27054
773 44
774 61
775 172368
776 8
777 23485096
778 696
779 4
780 285
781 254
782 28
783 302
784 156
785 130
786 37209
787 27332
788 14
789 236
790 225
791 10
792 1158
793 1834536
794 4
795 5770
796 27199220
797 8
798 339
799 1885767686976
800 88
801 40381102
802 408
803 68
804 6
805 92
806 268
807 32824
808 59058
809 4
810 35683
811 260
812 13
813 186
814 164
815 16
816 343
817 6189398
818 8
819 124
820 390795
821 958
822 156369
823 8262
824 4
825 176
826 131420459393
827 14
828 144
829 84
830 278
831 1721084
832 50
833 140
834 166
835 56
836 32
837 2094
838 180384
839 4
840 84608
841 24090
842 280
843 8652
844 14
845 46
846 34
847 1357806
848 284
849 16
850 369
851 70
852 8529
853 62
854 4
855 7419914968008
856 108467
857 10
858 24053
859 44
860 8
861 323168
862 26417
863 14
864 174
865 21155948
866 35
867 92
868 78
869 4
870 66
871 16460
872 98
873 208
874 6
875 74
876 51768432
877 50654
878 292
879 34
880 48720
881 8
882 25606
883 324
884 4
885 1041492
886 1758033
887 38
888 69
889 266
890 10
891 79570190
892 189
893 148
894 284
895 152774
896 14
897 19308
898 30
899 4
900 52
901 12
902 8
903 24746
904 1266
905 152
906 171998037
907 4050362
908 29
909 6
910 5005381602981
911 20
912 331
913 1368714
914 4
915 3970630
916 132
917 16
918 11946
919 24
920 103
921 10667550454
922 27
923 8
924 36
925 44751264
926 104
927 5886
928 32514
929 4
930 20
931 3960
932 310
933 389944
934 21
935 14
936 100260
937 1140
938 299
939 46
940 36929
941 158
942 206
943 18822
944 4
945 386
946 2156122023
947 80
948 220
949 56
950 316
951 50
952 5411
953 266
954 381
955 1333860
956 10
957 1438
958 174
959 4
960 61681833328
961 38
962 106
963 22349616
964 194
965 8
966 699327630
967 408
968 16
969 96
970 447630
971 3578
972 279
973 21914
974 4
975 282032
976 154367
977 164
978 177
979 6
980 110
981 112303013130
982 4914
983 14
984 196
985 86
986 8
987 170
988 300
989 4
990 1684699
991 11358
992 172
993 8
994 399
995 82
996 52840
997 101526
998 38
999 3166
1000 12
1001 1168
1002 237
1003 396
1004 4
1005 244960
1006 1538
1007 8
1008 623563
1009 1314
1010 338
1011 208
1012 946143
1013 14
1014 6
1015 11049380
1016 112
1017 900
1018 111284
1019 4
1020 94655888
1021 218
1022 10
1023 68394
1024 81
1025 20
1026 157
1027 21332
1028 8
1029 104
1030 54642
1031 44
1032 4971
1033 186
1034 4
1035 36
1036 1463
1037 172
1038 19343
1039 14
1040 346
1041 41139724
1042 512
1043 28
1044 21
1045 152192
1046 350
1047 117772
1048 12189
1049 4
1050 117316
1051 85374272
1052 14
1053 154
1054 1476
1055 10
1056 454
1057 2738
1058 13
1059 54
1060 4556994
1061 58
1062 85554
1063 20
1064 4
1065 40
1066 98
1067 88
1068 78036
1069 1176
1070 8
1071 1542
1072 1886
1073 178
1074 44
1075 1626
1076 103
1077 34
1078 248
1079 4
1080 93
1081 11702370
1082 20
1083 35502
1084 6
1085 182
1086 582614
1087 528
1088 10
1089 326
1090 25638
1091 8
1092 4373
1093 38013764
1094 4
1095 23154
1096 62554088
1097 14
1098 286
1099 144
1100 368
1101 1444
1102 37503
1103 22
1104 14
1105 78
1106 83
1107 5563544
1108 1751
1109 4
1110 100
1111 21824
1112 8
1113 1672
1114 224
1115 32
1116 82657
1117 300
1118 101
1119 6
1120 1179
1121 10
1122 21974
1123 21074
1124 4
1125 108741760
1126 47
1127 28
1128 377087
1129 114
1130 14
1131 33242030
1132 516
1133 8
1134 226
1135 6782132
1136 380
1137 1082806
1138 135
1139 4
1140 162
1141 823952
1142 128
1143 12
1144 459
1145 190
1146 1518
1147 204
1148 59
1149 24
1150 234696632417
1151 98450
1152 3554
1153 31502
1154 4
1155 819586
1156 90
1157 194
1158 550
1159 86
1160 44
1161 414
1162 40704
1163 98
1164 234
1165 54
1166 144
1167 3286
1168 335
1169 4
1170 183947707
1171 210632720
1172 16
1173 926
1174 189
1175 8
1176 320
1177 1148
1178 14
1179 176
1180 505467
1181 1378
1182 27
1183 20832
1184 4
1185 349896
1186 342702
1187 10
1188 144
1189 6
1190 398
1191 198914
1192 11610
1193 200
1194 479
1195 116
1196 8
1197 3775498
1198 219
1199 4
1200 1911991
1201 241002
1202 400
1203 216
1204 1686
1205 68
1206 1563
1207 32768
1208 14
1209 34
1210 174
1211 1312
1212 42454
1213 2308422
1214 4
1215 301662
1216 13675428
1217 8
1218 160
1219 426
1220 10
1221 142
1222 369347
1223 16
1224 6
1225 62760
1226 410
1227 10132
1228 837
1229 4
1230 14773
1231 120
1232 64
1233 51212
1234 14
1235 104
1236 317072789
1237 26618
1238 8
1239 94
1240 1461
1241 22
1242 23
1243 1436
1244 4
1245 90
1246 173
1247 14
1248 24979
1249 143154
1250 140
1251 263342
1252 302
1253 10
1254 501
1255 3991605836
1256 418
1257 186
1258 142266
1259 4
1260 389
1261 133447034
1262 73
1263 19988
1264 21
1265 160
1266 363
1267 51038
1268 46
1269 126
1270 1518
1271 52
1272 267
1273 246
1274 4
1275 494
1276 274103
1277 70
1278 612642
1279 324
1280 8
1281 2467208
1282 43623
1283 22
1284 256
1285 923990
1286 10
1287 22
1288 6444
1289 4
1290 146409
1291 18
1292 14
1293 35584
1294 6
1295 584
1296 1420
1297 296
1298 434
1299 14
1300 2725596
1301 8
1302 67757
1303 46454
1304 4
1305 30230
1306 10629830
1307 110
1308 18
1309 1704
1310 20
1311 2695380
1312 506
1313 74
1314 264
1315 48
1316 440
1317 34928
1318 4358
1319 4
1320 27630037
1321 242588
1322 8
1323 21514
1324 54
1325 14
1326 276448
1327 22992
1328 367
1329 6
1330 6866168
1331 38
1332 216
1333 1770
1334 4
1335 4365882
1336 1527
1337 224
1338 207
1339 66
1340 148
1341 428
1342 1818
1343 8
1344 539
1345 7150610868
1346 233
1347 1684
1348 569
1349 4
1350 580
1351 12053978
1352 10
1353 41296
1354 1896
1355 112
1356 235
1357 372
1358 152
1359 16
1360 74225
1361 94
1362 378
1363 32
1364 4
1365 43440850
1366 15103482224
1367 20
1368 13911
1369 36
1370 44
1371 856652
1372 473522987
1373 14
1374 21
1375 10362
1376 35
1377 584
1378 393
1379 4
1380 640783
1381 78282
1382 418
1383 4672
1384 276
1385 8
1386 512
1387 8183994
1388 374
1389 416
1390 534
1391 28
1392 426
1393 288
1394 4
1395 1086
1396 507
1397 232
1398 5597
1399 6
1400 315
1401 4653938
1402 1770
1403 14
1404 561
1405 2034
1406 8
1407 494
1408 74676
1409 4
1410 84
1411 23827854
1412 14
1413 302
1414 284
1415 58
1416 1743
1417 251694
1418 10
1419 214
1420 57
1421 80
1422 17077
1423 487988
1424 4
1425 528
1426 85619
1427 8
1428 277227
1429 12
1430 52
1431 1560700
1432 1185
1433 46
1434 6
1435 28632044
1436 478
1437 16244
1438 33096
1439 4
1440 263
1441 104
1442 14
1443 342932
1444 69
1445 242
1446 850742
1447 2167838
1448 8
1449 86
1450 1287462144
1451 10
1452 140962
1453 42884
1454 4
1455 64
1456 1644
1457 806684
1458 1123
1459 74
1460 488
1461 560
1462 20
1463 62
1464 294
1465 738032
1466 164
1467 15046
1468 677
1469 4
1470 44132943
1471 11679194
1472 490
1473 604
1474 119
1475 40
1476 1898
1477 9606
1478 16
1479 36
1480 24740774
1481 14
1482 14758815
1483 356
1484 4
1485 1272896
1486 63480
1487 14
1488 19317
1489 446
1490 8
1491 241398
1492 7464
1493 58
1494 14
1495 120
1496 500
1497 106
1498 6236
1499 4
1500 552
1501 107551460
1502 116
1503 3524
1504 6
1505 250
1506 549
1507 144
1508 329
1509 454
1510 512360456
1511 8
1512 135
1513 8328
1514 4
1515 39076247344
1516 2295
1517 10
1518 92
1519 134
1520 14
1521 1352534
1522 84301097
1523 128
1524 121
1525 1854
1526 268
1527 667120
1528 186
1529 4
1530 1156814
1531 66260
1532 8
1533 532
1534 306
1535 229191062
1536 637
1537 107318
1538 20
1539 6
1540 68
1541 1798
1542 4607
1543 2172
1544 4
1545 1004126
1546 27
1547 44
1548 113078
1549 204
1550 10
1551 4320
1552 54354
1553 8
1554 621
1555 600228
1556 172
1557 286
1558 1602651
1559 4
1560 447
1561 2058
1562 520
1563 528
1564 314
1565 28
1566 114113640
1567 944
1568 13
1569 156
1570 26399
1571 130
1572 12
1573 42405920
1574 4
1575 68095216
1576 248
1577 262
1578 18949
1579 236
1580 16
1581 2148
1582 89163
1583 10
1584 316
1585 428
1586 22
1587 656240
1588 680
1589 4
1590 517
1591 17144
1592 58
1593 1000234
1594 21
1595 8
1596 30379730
1597 1886
1598 14
1599 3147174
1600 241733
1601 88
1602 69
1603 232814
1604 4
1605 364
1606 7155972
1607 14
1608 14482
1609 6
1610 178
1611 1704
1612 46776
1613 268
1614 16
1615 203516
1616 8
1617 4044
1618 790071
1619 4
1620 210729
1621 383618
1622 149
1623 146
1624 14
1625 272
1626 318257
1627 186
1628 101
1629 164
1630 1863
1631 118
1632 70
1633 246
1634 4
1635 102960
1636 32075
1637 8
1638 595
1639 696
1640 548
1641 68844
1642 743
1643 14
1644 6
1645 117212
1646 62
1647 287134
1648 290
1649 4
1650 636
1651 2654
1652 20
1653 37214
1654 1691
1655 22
1656 775475
1657 607658
1658 8
1659 84
1660 452
1661 278
1662 8314
1663 48416
1664 4
1665 50
1666 1306711289
1667 140
1668 5853
1669 1836
1670 86
1671 362
1672 8
1673 32
1674 66
1675 48644
1676 14
1677 104388
1678 804
1679 4
1680 28986
1681 1850460
1682 10
1683 6714
1684 336
1685 280
1686 722
1687 39456
1688 562
1689 14
1690 533
1691 328
1692 773702
1693 120
1694 4
1695 2156942
1696 454797
1697 284
1698 106
1699 144
1700 8
1701 482
1702 261
1703 356
1704 21
1705 14873762
1706 568
1707 62
1708 40028
1709 4
1710 117
1711 101330
1712 445
1713 2194
1714 6
1715 10
1716 203
1717 317900
1718 190
1719 44
1720 746547426
1721 8
1722 723659
1723 37496
1724 4
1725 384034
1726 2199
1727 1828
1728 20
1729 174
1730 578
1731 1317618
1732 207946137
1733 16
1734 346
1735 92
1736 194
1737 122
1738 704
1739 4
1740 968678
1741 1808
1742 8
1743 116958
1744 699
1745 98
1746 118750579
1747 246
1748 10
1749 6
1750 1956
1751 74
1752 3753
1753 2994954
1754 4
1755 317396
1756 503
1757 86
1758 133097
1759 144
1760 586
1761 8612
1762 42
1763 8
1764 354
1765 54310682
1766 20
1767 118
1768 2988
1769 4
1770 22
1771 1970270
1772 101
1773 4434
1774 141
1775 38
1776 23355110
1777 372
1778 592
1779 266
1780 2328
1781 10
1782 26231
1783 258012
1784 4
1785 704
1786 155468
1787 148
1788 205734
1789 324
1790 200
1791 1162582
1792 164
1793 14
1794 719
1795 1149990026
1796 598
1797 30
1798 69
1799 4
1800 170932911
1801 1854
1802 14
1803 122
1804 39
1805 8
1806 833
1807 8474
1808 68
1809 544
1810 50709
1811 152
1812 36
1813 22674
1814 4
1815 3858
1816 74
1817 74
1818 322
1819 6
1820 608
1821 246768948
1822 247244
1823 20
1824 74
1825 582
1826 8
1827 37383972
1828 473
1829 4
1830 3471575
1831 3032
1832 13
1833 132
1834 366
1835 16
1836 1660
1837 6505602
1838 14
1839 24
1840 2631
1841 308
1842 96
1843 2304
1844 4
1845 638
1846 5633562
1847 8
1848 1315242
1849 704
1850 277
1851 313450
1852 764
1853 104
1854 6
1855 5424
1856 620
1857 41804
1858 12
1859 4
1860 3305137
1861 20
1862 22
1863 20272
1864 374
1865 310
1866 4198882
1867 33158
1868 8
1869 16
1870 778106412
1871 14
1872 159204
1873 4188
1874 4
1875 202
1876 942773930
1877 14
1878 99586
1879 516
1880 10
1881 2263104
1882 806
1883 158
1884 14
1885 36
1886 35
1887 17447774
1888 51054
1889 4
1890 123
1891 560
1892 457
1893 2842
1894 759
1895 80
1896 272
1897 1364
1898 212
1899 56
1900 1958031
1901 2218
1902 12
1903 8
1904 4
1905 15969420
1906 73502
1907 52
1908 438
1909 2484
1910 8
1911 222735812
1912 600681
1913 10
1914 269
1915 418456796
1916 70
1917 356
1918 647
1919 4
1920 679
1921 183054
1922 74
1923 38
1924 6
1925 106
1926 657
1927 900
1928 644
1929 194
1930 139676
1931 8
1932 23197
1933 1087694172
1934 4
1935 22606
1936 597
1937 16
1938 288
1939 2036
1940 646
1941 198580
1942 144
1943 4162
1944 779
1945 2640
1946 10
1947 4047458
1948 395648
1949 4
1950 38543
1951 42762
1952 8
1953 225688
1954 24
1955 38
1956 514
1957 2760
1958 14
1959 6
1960 741
1961 110
1962 313
1963 327498
1964 4
1965 248698
1966 230
1967 40
1968 122
1969 2166
1970 74
1971 900
1972 269
1973 8
1974 159
1975 170
1976 193
1977 852
1978 37535
1979 4
1980 848
1981 940458
1982 662
1983 1394
1984 144
1985 332
1986 78063270
1987 356
1988 14
1989 2586
1990 725
1991 82
1992 38091
1993 44864
1994 4
1995 78313558
1996 1379667389
1997 14
1998 20879
1999 3714
2000 22
2001 12
2002 10014
2003 836
2004 801
2005 2772
2006 224
2007 372
2008 83
2009 4
2010 76419
2011 696588
2012 10
2013 476
2014 14
2015 8
2016 2172234372
2017 73656
2018 59
2019 304
2020 2235
2021 338
2022 50
2023 408
2024 4
2025 172
2026 2320914
2027 14
2028 7351066
2029 6
2030 676
2031 3246844
2032 2355
2033 14
2034 21
2035 536996
2036 8
2037 54006
2038 1331468
2039 4
2040 313
2041 3812
2042 59
2043 218
2044 819
2045 10
2046 622
2047 818004
2048 29

2116 372

2209 14

2304 921

4096 5264
