1: 0,
2: 0, 1,
3: 0, 1,
4: 0, 1,
5: 0, 1, 4,
6: 0, 1, 3, 4,
7: 0, 1,
8: 0, 1,
9: 0, 1,
X: 0, 1, 4, 5, 6, 9,
E: 0, 1, 3, 4, 5, 9,
10: 0, 1, 4, 9,
11: 0, 1, 10,
12: 0, 1, 7, 8,
13: 0, 1, 4, 6, 9, X,
14: 0, 1, 9,
15: 0, 1, 2, 4, 8, 9, 11, 13, 14,
16: 0, 1, 9, X,
17: 0, 1, 7, E,
18: 0, 1, 4, 5, 9, 14,
19: 0, 1, 7, 13,
1X: 0, 1, 3, 4, 5, 9, E, 10, 12, 13, 14, 18,
1E: 0, 1, 2, 3, 4, 6, 8, 9, 10, 11, 14, 16,
20: 0, 1, 9, 14,
21: 0, 1, 4, 6, 9, E, 12, 14, 17, 19, 20,
22: 0, 1, 10, 11, 12, 21,
23: 0, 1, X, 17,
24: 0, 1, 8, 19,
25: 0, 1, 4, 5, 6, 7, 9, 11, 14, 18, 1X, 1E, 20, 21, 24,
26: 0, 1, 4, 6, 9, X, 13, 14, 17, 19, 20, 21,
27: 0, 1, 2, 4, 8, 14,
28: 0, 1, 9, 15, 21,
29: 0, 1, 3, 4, 9, 10, 13, 14, 1X, 21, 23, 27,
2X: 0, 1, 2, 4, 8, 9, 11, 13, 14, 15, 16, 17, 19, 21, 22, 26, 28, 29,
2E: 0, 1, 12, 13, 19, 25,
30: 0, 1, 9, 24,
31: 0, 1, X, E, 22, 23, 30,
32: 0, 1, 7, E, 17, 18, 22, 26,
33: 0, 1, 10, 11, 21, 23,
34: 0, 1, 9, 14, 20, 21,
35: 0, 1, 2, 4, 5, 8, 9, X, 14, 16, 18, 19, 1E, 21, 27, 28, 29, 30, 31, 33, 34,
36: 0, 1, 7, 13, 19, 1X, 24, 30,
37: 0, 1, 4, E, 14, 19, 2E, 35,
38: 0, 1, 4, 5, 9, 10, 14, 18, 21, 29, 30, 31,
39: 0, 1, 9, X, 17, 30,
3X: 0, 1, 2, 3, 4, 6, 8, 9, 10, 11, 14, 16, 1E, 20, 21, 22, 23, 25, 27, 28, 2E, 30, 33, 35,
3E: 0, 1, 2, 3, 4, 6, 7, 8, 9, 10, 12, 14, 15, 16, 19, 20, 21, 23, 24, 28, 2X, 30, 31, 36,
40: 0, 1, 9, 14, 21, 29,
41: 0, 1, 8, 13, 1X, 25, 30, 37,
42: 0, 1, 4, 6, 9, E, 12, 14, 17, 19, 20, 21, 22, 25, 27, 2X, 30, 33, 35, 38, 3X, 41,
43: 0, 1, 4, 9, 11, 13, 14, 16, 17, 19, 21, 26, 29, 2X, 30, 36, 37, 41,
44: 0, 1, 10, 11, 21, 34,
45: 0, 1, 4, 6, 7, 9, X, E, 11, 13, 14, 15, 20, 21, 24, 25, 30, 31, 32, 34, 36, 37, 38, 3X, 3E, 41, 44,
46: 0, 1, X, 17, 23, 24, 31, 3X,
47: 0, 1, 4, 5, 9, E, 12, 13, 14, 18, 21, 22, 27, 2X, 30, 38, 39, 41,
48: 0, 1, 8, 41,
49: 0, 1, 7, 17, 26, 33, 39, 41,
4X: 0, 1, 4, 5, 6, 7, 9, 11, 14, 18, 1X, 1E, 20, 21, 24, 25, 26, 29, 2X, 2E, 30, 32, 36, 39, 41, 43, 44, 45, 46, 49,
4E: 0, 1, 3, 4, 5, 7, 9, 10, 13, 14, 15, 17, 18, 19, 1X, 21, 22, 23, 24, 25, 2E, 30, 35, 39, 3X, 40, 41, 43, 45, 49,
50: 0, 1, 4, 9, 14, 19, 20, 21, 30, 34, 39, 41,
51: 0, 1, 3, 9, 18, 23, 2X, 35, 44, 4X, 50,
52: 0, 1, 2, 4, 8, 14, 27, 28, 29, 2E, 33, 3E,
53: 0, 1, 24, 30,
54: 0, 1, 9, 15, 21, 29, 35, 41, 49,
55: 0, 1, 12, 21, 22, 33, 34, 43, 54,
56: 0, 1, 3, 4, 9, 10, 13, 14, 1X, 21, 23, 27, 29, 2X, 30, 31, 36, 39, 40, 41, 47, 4X, 50, 54,
57: 0, 1, 9, 12, 13, 1X, 20, 21, 34, 4E, 52, 54,
58: 0, 1, 4, 8, 9, 11, 14, 15, 19, 21, 28, 29, 30, 41, 44, 45, 50, 54,
59: 0, 1, 3, 4, 6, 9, 10, 11, 14, 16, 20, 21, 23, 27, 30, 33, 3X, 40, 41, 44, 46, 47, 4X, 54,
5X: 0, 1, 12, 13, 19, 25, 2E, 30, 41, 42, 48, 54,
5E: 0, 1, 2, 3, 4, 5, 6, 8, 9, X, 10, 13, 14, 16, 17, 18, 20, 21, 23, 25, 26, 28, 30, 31, 32, 34, 37, 39, 40, 41, 42, 46, 49, 4X, 50, 54,
60: 0, 1, 9, 54,
61: 0, 1, 3, 8, 9, 20, 23, 3X, 41, 54, 55, 5X, 60,
62: 0, 1, X, E, 22, 23, 30, 31, 32, 3E, 40, 53, 54, 61,
63: 0, 1, 4, 6, 9, 14, 17, 19, 20, 21, 27, 2X, 30, 33, 3X, 41, 43, 46, 51, 54, 56, 59,
64: 0, 1, 18, 39, 41, 49, 54, 58,
65: 0, 1, 12, 13, 1X, 30, 36, 41, 48, 54, 5X, 5E,
66: 0, 1, 10, 11, 21, 23, 33, 34, 43, 44, 54, 56,
67: 0, 1, 8, X, 16, 19, 1X, 32, 3X, 44, 52, 54, 55, 57,
68: 0, 1, 9, 14, 21, 35, 41, 54, 55,
69: 0, 1, X, 17, 24, 31, 3X, 47, 54, 61,
6X: 0, 1, 2, 4, 5, 8, 9, X, 14, 16, 18, 19, 1E, 21, 27, 28, 29, 30, 31, 33, 34, 35, 36, 37, 39, 3X, 41, 42, 43, 49, 4E, 51, 52, 54, 56, 60, 61, 62, 65, 66, 68, 69,
6E: 0, 1, 3, 4, 7, 9, X, E, 10, 14, 15, 19, 1E, 21, 22, 23, 24, 25, 26, 27, 29, 30, 31, 32, 34, 35, 38, 40, 41, 43, 4E, 51, 53, 54, 55, 58, 59, 5X, 63, 65, 66, 69,
70: 0, 1, 19, 24, 30, 41, 49, 54,
71: 0, 1, 4, 9, 13, 14, 17, 19, 21, 22, 26, 2X, 2E, 30, 41, 42, 43, 47, 4E, 50, 54, 56, 59, 5X, 64, 69, 70,
72: 0, 1, 4, E, 14, 19, 2E, 35, 37, 38, 3E, 46, 4E, 54, 66, 70,
73: 0, 1, 4, 6, 7, 9, 11, 14, 1X, 20, 21, 24, 26, 29, 2X, 30, 36, 39, 41, 43, 44, 46, 49, 4X, 53, 54, 57, 66, 69, 6X,
74: 0, 1, 9, 14, 21, 29, 40, 41, 48, 54, 68, 69,
75: 0, 1, 2, 4, 5, 8, 9, X, E, 14, 15, 16, 18, 19, 1X, 21, 28, 2X, 30, 33, 34, 36, 38, 39, 3E, 41, 42, 45, 47, 49, 54, 57, 58, 59, 5E, 60, 61, 66, 67, 68, 69, 70, 71, 73, 74,
76: 0, 1, 9, X, 17, 30, 39, 3X, 46, 47, 54, 69,
77: 0, 1, 12, 54, 65, 66,
78: 0, 1, 4, 8, 9, 10, 11, 14, 20, 21, 25, 28, 30, 35, 40, 41, 44, 54, 59, 60, 61, 65, 69, 71,
79: 0, 1, 4, 14, 27, 29, 33, 53, 54, 56, 5X, 66,
7X: 0, 1, 2, 3, 4, 6, 7, 8, 9, 10, 12, 14, 15, 16, 19, 20, 21, 23, 24, 28, 2X, 30, 31, 36, 3E, 40, 41, 42, 43, 45, 46, 47, 48, 4E, 51, 53, 54, 55, 58, 5E, 60, 62, 63, 67, 69, 6E, 70, 75,
7E: 0, 1, E, 17, 18, 22, 26, 33, 39, 41, 54, 64,
80: 0, 1, 9, 21, 29, 41, 49, 54, 61, 69,
81: 0, 1, 8, 10, 16, 1X, 23, 29, 3E, 42, 54, 5X, 63, 67, 71, 75, 80,
82: 0, 1, 8, 13, 1X, 25, 30, 37, 41, 42, 49, 54, 5E, 66, 71, 78,
83: 0, 1, 9, 23, 30, 31, 39, 47, 54, 69, 6X, 77,
84: 0, 1, 4, 9, 14, 19, 20, 21, 25, 30, 35, 38, 41, 48, 51, 54, 59, 64, 69, 70, 75, 80,
85: 0, 1, 4, 5, 6, 9, 11, 12, 14, 15, 17, 18, 19, 1X, 1E, 20, 21, 26, 27, 29, 30, 31, 37, 39, 3E, 41, 44, 46, 48, 4X, 54, 55, 58, 5X, 5E, 64, 65, 66, 67, 68, 69, 6X, 70, 71, 73, 74, 78, 7E, 80, 81, 84,
86: 0, 1, 4, 9, 11, 13, 14, 16, 17, 19, 21, 26, 29, 2X, 30, 36, 37, 41, 43, 44, 47, 50, 54, 56, 57, 59, 5X, 60, 64, 69, 70, 71, 73, 79, 7X, 84,
87: 0, 1, 8, 9, 11, 12, 1E, 26, 2X, 51, 54, 56, 60, 64, 67, 69, 79, 84,
88: 0, 1, 21, 34, 54, 55,
89: 0, 1, 13, 19, 30, 41, 54, 5X, 70, 71, 77, 83,
8X: 0, 1, 4, 6, 7, 9, X, E, 11, 13, 14, 15, 20, 21, 24, 25, 30, 31, 32, 34, 36, 37, 38, 3X, 3E, 41, 44, 45, 46, 49, 4E, 50, 52, 53, 54, 56, 58, 59, 5X, 65, 66, 69, 6X, 75, 76, 77, 79, 7E, 80, 81, 83, 84, 86, 89,
8E: 0, 1, 3, 4, 9, X, E, 10, 11, 12, 14, 17, 1E, 21, 23, 25, 26, 29, 2X, 2E, 30, 31, 33, 34, 35, 36, 38, 3E, 40, 41, 44, 45, 48, 49, 51, 52, 54, 59, 63, 64, 67, 69, 6E, 71, 72, 73, 75, 76, 78, 83, 84, 85, 86, 89,
90: 0, 1, 24, 31, 54, 61, 69, 84,
91: 0, 1, 4, 14, 23, 2X, 32, 37, 39, 3X, 53, 54, 56, 5E, 63, 6X, 79, 89, 90,
92: 0, 1, 4, 5, 9, E, 12, 13, 14, 18, 21, 22, 27, 2X, 30, 38, 39, 41, 47, 48, 4E, 50, 54, 56, 59, 5X, 5E, 63, 68, 69, 72, 75, 77, 83, 84, 88,
93: 0, 1, X, 23, 30, 31, 40, 53, 54, 61, 63, 70, 71, 84,
94: 0, 1, 41, 49, 54, 89,
95: 0, 1, 2, 4, 7, 8, 9, E, 11, 12, 13, 14, 16, 1X, 21, 22, 24, 26, 27, 28, 30, 35, 38, 41, 42, 43, 44, 45, 48, 49, 50, 51, 52, 53, 54, 59, 60, 65, 69, 6X, 6E, 71, 73, 74, 77, 7E, 81, 82, 83, 84, 86, 88, 89, 8X, 91, 93, 94,
96: 0, 1, 7, 17, 26, 33, 39, 41, 49, 4X, 54, 64, 73, 80, 86, 8X,
97: 0, 1, 4, 6, 9, 14, 20, 21, 22, 25, 27, 2E, 30, 33, 35, 3X, 41, 42, 46, 47, 4E, 54, 59, 5X, 5E, 63, 69, 71, 7X, 7E, 80, 84, 85, 88, 89, 92,
98: 0, 1, 4, 5, 9, 11, 14, 18, 20, 21, 24, 25, 29, 30, 39, 41, 44, 45, 49, 54, 55, 68, 69, 74, 78, 79, 80, 84, 91, 94,
99: 0, 1, 23, 54, 76, 77,
9X: 0, 1, 3, 4, 5, 7, 9, 10, 13, 14, 15, 17, 18, 19, 1X, 21, 22, 23, 24, 25, 2E, 30, 35, 39, 3X, 40, 41, 43, 45, 49, 4E, 50, 52, 53, 54, 56, 58, 5E, 62, 63, 64, 66, 67, 68, 69, 70, 71, 72, 73, 74, 7X, 7E, 84, 88, 89, 8E, 90, 92, 94, 98,
9E: 0, 1, 8, 13, 19, 2E, 30, 36, 37, 41, 42, 54, 5X, 65, 70, 71, 82, 8X,
X0: 0, 1, 9, 14, 20, 21, 34, 41, 54, 69, 80, 89,
X1: 0, 1, 3, 4, 5, 9, 10, 12, 13, 14, 18, 1E, 21, 22, 23, 27, 2X, 30, 31, 32, 36, 39, 3E, 40, 41, 45, 48, 4X, 4E, 50, 54, 57, 59, 5X, 5E, 63, 66, 68, 69, 6X, 72, 75, 77, 78, 79, 81, 84, 86, 87, 88, 90, 93, 95, 96, 97, 9E,
X2: 0, 1, 3, 9, 18, 23, 2X, 35, 44, 4X, 50, 51, 52, 54, 5X, 69, 74, 7E, 86, 95, 9E, X1,
X3: 0, 1, 4, 9, X, 14, 16, 19, 21, 27, 29, 30, 31, 33, 34, 36, 37, 39, 3X, 41, 43, 49, 51, 54, 56, 60, 61, 66, 69, 6X, 70, 73, 76, 77, 84, 86, 87, 89, 96, 97, 9X, X1,
X4: 0, 1, 4, 8, 14, 28, 29, 54, 79, 81, 85, 91,
X5: 0, 1, 4, 6, 9, E, 12, 14, 17, 19, 20, 22, 25, 27, 2X, 30, 33, 35, 38, 3X, 41, 43, 46, 48, 4E, 51, 54, 56, 59, 5E, 62, 64, 67, 69, 70, 72, 75, 77, 7X, 80, 83, 85, 88, 8X, 91, 93, 96, 98, 9E, X1, X4,
X6: 0, 1, 24, 30, 53, 54, 77, 83,
X7: 0, 1, 2, 4, 8, 14, 17, 21, 28, 32, 3E, 42, 51, 54, 61, 64, 73, 7X, 84, 8E, 99, X2,
X8: 0, 1, 9, 15, 21, 29, 35, 41, 49, 54, 55, 61, 69, 75, 81, 89, 95, X1,
X9: 0, 1, 4, 14, 19, 37, 46, 54, 66, 70, 73, 76, 81, 86, X1, X7,
XX: 0, 1, 12, 21, 22, 33, 34, 43, 54, 55, 56, 67, 76, 77, 88, 89, 98, X9,
XE: 0, 1, 3, 4, 5, 7, 9, E, 10, 11, 13, 14, 18, 19, 21, 23, 24, 29, 2X, 2E, 30, 32, 33, 35, 37, 38, 39, 3X, 40, 41, 44, 45, 47, 4X, 4E, 50, 51, 52, 53, 54, 55, 62, 63, 65, 68, 69, 70, 75, 77, 7X, 83, 84, 85, 86, 89, 8E, 90, 91, 94, 95, 96, 99, X1, X3, X5, X9,
E0: 0, 1, 4, 9, 10, 14, 21, 29, 30, 31, 39, 40, 41, 50, 54, 59, 69, 74, 79, 81, 84, 90, X1, X4,
E1: 0, 1, 7, 41, 49, 54, 65, 8X,
E2: 0, 1, 9, 12, 13, 1X, 20, 21, 34, 4E, 52, 54, 57, 58, 64, 69, 6X, 75, 77, 78, 8E, X6, X9, XE,
E3: 0, 1, X, 17, 3X, 46, 47, 54, 69, 77, 84, 91,
E4: 0, 1, 8, 9, 14, 15, 21, 28, 29, 41, 54, 60, 69, 75, 88, X0, X1, X8,
E5: 0, 1, 2, 4, 7, 8, 9, E, 12, 13, 14, 15, 16, 17, 1X, 21, 24, 26, 28, 2X, 30, 31, 32, 33, 38, 41, 42, 48, 4E, 50, 51, 53, 54, 55, 58, 59, 60, 61, 62, 64, 65, 66, 69, 73, 74, 79, 82, 83, 84, 85, 87, 89, 8E, 91, 94, 97, 9X, 9E, X0, X1, X2, X3, X6, X8, X9, XX, E1, E3, E4,
E6: 0, 1, 3, 4, 6, 9, 10, 11, 14, 16, 20, 21, 23, 27, 30, 33, 3X, 40, 41, 44, 46, 47, 4X, 54, 59, 5X, 60, 61, 63, 66, 69, 6X, 71, 73, 79, 7X, 80, 84, 89, 90, 97, 99, 9X, X1, X3, X4, X7, E1,
E7: 0, 1, 6, 2X, 30, 38, 39, 44, 47, 49, 53, 54, 55, 65, 67, 68, 77, 84, 8X, 94, 98, X5, X9, XE,
E8: 0, 1, 19, 25, 30, 41, 48, 54, 70, 71, 89, X0,
E9: 0, 1, 3, 4, 6, 7, 9, 10, 14, 16, 19, 20, 21, 23, 24, 2X, 30, 31, 36, 40, 41, 43, 46, 47, 51, 53, 54, 60, 63, 67, 69, 70, 7X, 80, 81, 84, 86, 87, 8X, 90, 93, 94, 97, 9X, X1, X6, XX, E4,
EX: 0, 1, 2, 3, 4, 5, 6, 8, 9, X, 10, 13, 14, 16, 17, 18, 20, 21, 23, 25, 26, 28, 30, 31, 32, 34, 37, 39, 40, 41, 42, 46, 49, 4X, 50, 54, 5E, 60, 61, 62, 63, 64, 65, 67, 68, 69, 6E, 72, 73, 75, 76, 77, 7E, 80, 82, 84, 85, 87, 8E, 90, 91, 93, 96, 98, 9E, X0, X1, X5, X8, X9, XE, E3,
EE: 0, 1, 10, 12, 21, 22, 23, 32, 45, 54, 56, 65, 66, 77, 78, 87, 88, XX,
100: 0, 1, 9, 54, 61, 69,
