1,4
2,245
3,77
4,13
5,4
6,2E
7,6
8,9
9,4
X,9
E,X
10,55
11,4
12,13
13,12
14,13
15,4
16,21
17,6
18,19
19,4
1X,19
1E,1X
20,21
21,4
22,9
23,22
24,9
25,4
26,41
27,6
28,21
29,4
2X,13
2E,9
30,2E
31,4
32,33
33,32
34,33
35,4
36,151
37,6
38,9
39,4
3X,9
3E,3X
40,41
41,4
42,19
43,X
44,43
45,4
46,47
47,6
48,13
49,4
4X,49
4E,13
50,245
51,4
52,9
53,52
54,9
55,4
56,55
57,6
58,21
59,4
5X,59
5E,9
60,71
61,4
62,13
63,62
64,13
65,4
66,65
67,6
68,9
69,4
6X,9
6E,19
70,71
71,4
72,13
73,72
74,73
75,4
76,77
77,6
78,19
79,4
7X,13
7E,77
80,55
81,4
82,9
83,12
84,9
85,4
86,E1
87,6
88,13
89,4
8X,13
8E,9
90,77
91,4
92,93
93,X
94,55
95,4
96,77
97,6
98,9
99,4
9X,9
9E,13
X0,65
X1,4
X2,29
X3,71
X4,13
X5,4
X6,21
X7,6
X8,41
X9,4
XX,X1
XE,X
E0,21
E1,4
E2,9
E3,E2
E4,9
E5,4
E6,55
E7,6
E8,E9
E9,4
EX,29
EE,9
100,47
101,4
102,13
103,102
104,19
105,4
106,121
107,6
108,9
109,4
10X,9
10E,12
110,10E
111,4
112,113
113,77
114,19
115,4
116,101
117,6
118,13
119,4
11X,13
11E,19
120,21
121,4
122,9
123,X
124,9
125,4
126,21
127,6
128,13
129,4
12X,41
12E,9
130,161
131,4
132,21
133,12
134,13
135,4
136,47
137,6
138,9
139,4
13X,9
13E,X
140,77
141,4
142,13
143,41
144,13
145,4
146,77
147,6
148,149
149,4
14X,19
14E,43
150,2E
151,4
152,9
153,21
154,9
155,4
156,155
157,6
158,77
159,4
15X,13
15E,9
160,2E
161,4
162,19
163,47
164,33
165,4
166,55
167,6
168,9
169,4
16X,9
16E,41
170,135
171,4
172,19
173,X
174,19
175,4
176,71
177,6
178,13
179,4
17X,179
17E,12
180,E1
181,4
182,9
183,1X
184,9
185,4
186,2E
187,6
188,33
189,4
18X,77
18E,9
190,55
191,4
192,13
193,E1
194,13
195,4
196,E1
197,6
198,9
199,4
19X,9
19E,29
1X0,41
1X1,4
1X2,13
1X3,12
1X4,21
1X5,4
1X6,77
1X7,6
1X8,19
1X9,4
1XX,13
1XE,41
1E0,21
1E1,4
1E2,9
1E3,2E
1E4,9
1E5,4
1E6,21
1E7,6
1E8,13
1E9,4
1EX,13
1EE,9
200,71
201,4
202,43
203,X
204,E1
205,4
206,55
207,6
208,9
209,4
20X,9
20E,13
210,77
211,4
212,19
213,77
214,13
215,4
216,197
217,6
218,219
219,4
21X,219
21E,X
220,41
221,4
222,9
223,121
224,9
225,4
226,21
227,6
228,29
229,4
22X,43
22E,9
230,21
231,4
232,13
233,71
234,19
235,4
236,E1
237,6
238,9
239,4
23X,9
23E,19
240,71
241,4
242,211
243,22
244,29
245,4
246,41
247,6
248,13
249,4
24X,13
24E,73
250,77
251,4
252,9
253,X
254,9
255,4
256,77
257,6
258,13
259,4
25X,19
25E,9
260,77
261,4
262,29
263,55
264,13
265,4
266,X1
267,6
268,9
269,4
26X,9
26E,X
270,55
271,4
272,13
273,1X
274,13
275,4
276,55
277,6
278,77
279,4
27X,21
27E,27X
280,2E
281,4
282,9
283,71
284,9
285,4
286,X1
287,6
288,43
289,4
28X,13
28E,9
290,197
291,4
292,19
293,21
294,19
295,4
296,55
297,6
298,9
299,4
29X,9
29E,12
2X0,55
2X1,4
2X2,41
2X3,X
2X4,19
2X5,4
2X6,2E
2X7,6
2X8,13
2X9,4
2XX,21
2XE,13
2E0,201
2E1,4
2E2,9
2E3,41
2E4,9
2E5,4
2E6,21
2E7,6
2E8,19
2E9,4
2EX,29
2EE,9
300,21
301,4
302,13
303,12
304,13
305,4
306,71
307,6
308,9
309,4
30X,9
30E,21
310,X1
311,4
312,13
313,55
314,313
315,4
316,245
317,6
318,29
319,4
31X,13
31E,49
320,2E
321,4
322,9
323,41
324,9
325,4
326,671
327,6
328,13
329,4
32X,13
32E,9
330,21
331,4
332,19
333,X
334,29
335,4
336,21
337,6
338,9
339,4
33X,9
33E,13
340,77
341,4
342,19
343,X1
344,13
345,4
346,55
347,6
348,121
349,4
34X,297
34E,X
350,71
351,4
352,9
353,22
354,9
355,4
356,77
357,6
358,245
359,4
35X,55
35E,9
360,245
361,4
362,13
363,1X
364,33
365,4
366,77
367,6
368,9
369,4
36X,9
36E,X9
370,47
371,4
372,21
373,12
374,41
375,4
376,161
377,6
378,13
379,4
37X,13
37E,29
380,55
381,4
382,9
383,X
384,9
385,4
386,55
387,6
388,13
389,4
38X,19
38E,9
390,41
391,4
392,77
393,21
394,13
395,4
396,395
397,6
398,9
399,4
39X,9
39E,X
3X0,E1
3X1,4
3X2,13
3X3,77
3X4,13
3X5,4
3X6,41
3X7,6
3X8,29
3X9,4
3XX,29
3XE,77
3E0,55
3E1,4
3E2,9
3E3,55
3E4,9
3E5,4
3E6,41
3E7,6
3E8,3E9
3E9,4
3EX,13
3EE,9
400,21
401,4
402,X1
403,2X
404,19
405,4
406,21
407,6
408,9
409,4
40X,9
40E,19
410,187
411,4
412,49
413,X
414,101
415,4
416,2E
417,6
418,13
419,4
41X,135
41E,13
420,E1
421,4
422,9
423,12
424,9
425,4
426,41
427,6
428,19
429,4
42X,19
42E,9
430,55
431,4
432,13
433,65
434,13
435,4
436,21
437,6
438,9
439,4
43X,9
43E,33
440,21
441,4
442,13
443,77
444,29
445,4
446,341
447,6
448,21
449,4
44X,13
44E,E1
450,2E
451,4
452,9
453,1X
454,9
455,4
456,55
457,6
458,13
459,4
45X,13
45E,9
460,281
461,4
462,19
463,X
464,19
465,4
466,77
467,6
468,9
469,4
46X,9
46E,12
470,77
471,4
472,33
473,3E1
474,13
475,4
476,2E
477,6
478,21
479,4
47X,29
47E,X
480,135
481,4
482,9
483,77
484,9
485,4
486,245
487,6
488,19
489,4
48X,21
48E,9
490,55
491,4
492,13
493,12
494,33
495,4
496,77
497,6
498,9
499,4
49X,9
49E,73
4X0,71
4X1,4
4X2,43
4X3,21
4X4,3X9
4X5,4
4X6,E1
4X7,6
4X8,13
4X9,4
4XX,13
4XE,21
4E0,101
4E1,4
4E2,9
4E3,X
4E4,9
4E5,4
4E6,47
4E7,6
4E8,13
4E9,4
4EX,21
4EE,9
500,317
501,4
502,19
503,32
504,13
505,4
506,21
507,6
508,9
509,4
50X,9
50E,X
510,21
511,4
512,13
513,X1
514,13
515,4
516,77
517,6
518,33
519,4
51X,33
51E,12
520,71
521,4
522,9
523,71
524,9
525,4
526,77
527,6
528,71
529,4
52X,13
52E,9
530,121
531,4
532,29
533,55
534,29
535,4
536,55
537,6
538,9
539,4
53X,9
53E,E1
540,21
541,4
542,297
543,X
544,55
545,4
546,21
547,6
548,13
549,4
54X,19
54E,13
550,E1
551,4
552,9
553,2X
554,9
555,4
556,71
557,6
558,55
559,4
55X,19
55E,9
560,55
561,4
562,13
563,317
564,13
565,4
566,55
567,6
568,9
569,4
56X,9
56E,41
570,2E
571,4
572,13
573,21
574,135
575,4
576,77
577,6
578,71
579,4
57X,13
57E,1X
580,77
581,4
582,9
583,151
584,9
585,4
586,77
587,6
588,13
589,4
58X,13
58E,9
590,77
591,4
592,317
593,X
594,19
595,4
596,2E
597,6
598,9
599,4
59X,9
59E,13
5X0,275
5X1,4
5X2,73
5X3,21
5X4,13
5X5,4
5X6,2E
5X7,6
5X8,19
5X9,4
5XX,59
5XE,X
5E0,41
5E1,4
5E2,9
5E3,12
5E4,9
5E5,4
5E6,101
5E7,6
5E8,19
5E9,4
5EX,19
5EE,9
600,41
601,4
602,13
603,77
604,21
605,4
606,77
607,6
608,9
609,4
60X,9
60E,32
610,21
611,4
612,197
613,47
614,77
615,4
616,21
617,6
618,13
619,4
61X,13
61E,77
620,71
621,4
622,9
623,X
624,9
625,4
626,77
627,6
628,13
629,4
62X,33
62E,9
630,41
631,4
632,19
633,1X
634,13
635,4
636,77
637,6
638,9
639,4
63X,9
63E,X
640,41
641,4
642,13
643,121
644,13
645,4
646,21
647,6
648,77
649,4
64X,33
64E,19
650,21
651,4
652,9
653,77
654,9
655,4
656,41
657,6
658,19
659,4
65X,13
65E,9
660,47
661,4
662,245
663,12
664,77
665,4
666,E1
667,6
668,9
669,4
66X,9
66E,1X
670,55
671,4
672,33
673,X
674,151
675,4
676,55
677,6
678,13
679,4
67X,19
67E,13
680,161
681,4
682,9
683,22
684,9
685,4
686,297
687,6
688,21
689,4
68X,43
68E,9
690,77
691,4
692,13
693,2E7
694,13
695,4
696,77
697,6
698,9
699,4
69X,9
69E,55
6X0,77
6X1,4
6X2,13
6X3,2X
6X4,19
6X5,4
6X6,211
6X7,6
6X8,77
6X9,4
6XX,13
6XE,12
6E0,55
6E1,4
6E2,9
6E3,21
6E4,9
6E5,4
6E6,55
6E7,6
6E8,13
6E9,4
6EX,13
6EE,9
700,X1
701,4
702,41
703,X
704,703
705,4
706,2E
707,6
708,9
709,4
70X,9
70E,13
710,4X7
711,4
712,29
713,12
714,13
715,4
716,21
717,6
718,19
719,4
71X,19
71E,X
720,21
721,4
722,9
723,1X
724,9
725,4
726,71
727,6
728,3X9
729,4
72X,19
72E,9
730,2E
731,4
732,13
733,41
734,41
735,4
736,245
737,6
738,9
739,4
73X,9
73E,29
740,2E
741,4
742,19
743,3X
744,41
745,4
746,77
747,6
748,13
749,4
74X,13
74E,22
750,21
751,4
752,9
753,X
754,9
755,4
756,21
757,6
758,13
759,4
75X,33
75E,9
760,77
761,4
762,21
763,77
764,13
765,4
766,2E
767,6
768,9
769,4
76X,9
76E,X
770,71
771,4
772,13
773,77
774,13
775,4
776,X1
777,6
778,19
779,4
77X,77
77E,32
780,55
781,4
782,9
783,12
784,9
785,4
786,E1
787,6
788,19
789,4
78X,13
78E,9
790,X1
791,4
792,21
793,22
794,49
795,4
796,77
797,6
798,9
799,4
79X,9
79E,E9
7X0,41
7X1,4
7X2,33
7X3,X
7X4,21
7X5,4
7X6,47
7X7,6
7X8,13
7X9,4
7XX,43
7XE,13
7E0,77
7E1,4
7E2,9
7E3,21
7E4,9
7E5,4
7E6,41
7E7,6
7E8,79
7E9,4
7EX,3X9
7EE,9
800,55
801,4
802,13
803,201
804,13
805,4
806,41
807,6
808,9
809,4
80X,9
80E,12
810,121
811,4
812,13
813,1X
814,19
815,4
816,X1
817,6
818,43
819,4
81X,13
81E,19
820,21
821,4
822,9
823,32
824,9
825,4
826,21
827,6
828,13
829,4
82X,13
82E,9
830,55
831,4
832,73
833,X
834,77
835,4
836,41
837,6
838,9
839,4
83X,9
83E,13
840,77
841,4
842,121
843,71
844,13
845,4
846,41
847,6
848,33
849,4
84X,19
84E,X
850,77
851,4
852,9
853,E1
854,9
855,4
856,21
857,6
858,29
859,4
85X,29
85E,9
860,21
861,4
862,13
863,55
864,71
865,4
866,275
867,6
868,9
869,4
86X,9
86E,161
870,55
871,4
872,19
873,10E
874,19
875,4
876,71
877,6
878,13
879,4
87X,13
87E,12
880,101
881,4
882,9
883,X
884,9
885,4
886,2E
887,6
888,13
889,4
88X,77
88E,9
890,561
891,4
892,33
893,121
894,13
895,4
896,2E
897,6
898,9
899,4
89X,9
89E,X
8X0,E1
8X1,4
8X2,13
8X3,12
8X4,13
8X5,4
8X6,77
8X7,6
8X8,19
8X9,4
8XX,19
8XE,77
8E0,77
8E1,4
8E2,9
8E3,115
8E4,9
8E5,4
8E6,77
8E7,6
8E8,41
8E9,4
8EX,13
8EE,9
900,2E
901,4
902,459
903,1X
904,E1
905,4
906,1X1
907,6
908,9
909,4
90X,9
90E,21
910,55
911,4
912,19
913,X
914,33
915,4
916,55
917,6
918,13
919,4
91X,21
91E,13
920,3X1
921,4
922,9
923,187
924,9
925,4
926,21
927,6
928,X1
929,4
92X,29
92E,9
930,21
931,4
932,13
933,3X
934,13
935,4
936,55
937,6
938,9
939,4
93X,9
93E,19
940,55
941,4
942,13
943,55
944,49
945,4
946,E1
947,6
948,19
949,4
94X,13
94E,77
950,71
951,4
952,9
953,12
954,9
955,4
956,77
957,6
958,13
959,4
95X,13
95E,9
960,21
961,4
962,93
963,X
964,245
965,4
966,21
967,6
968,9
969,4
96X,9
96E,13
970,E1
971,4
972,21
973,55
974,13
975,4
976,55
977,6
978,49
979,4
97X,33
97E,X
980,55
981,4
982,9
983,2X
984,9
985,4
986,71
987,6
988,297
989,4
98X,41
98E,9
990,97
991,4
992,13
993,21
994,19
995,4
996,245
997,6
998,9
999,4
99X,9
99E,12
9X0,55
9X1,4
9X2,21
9X3,257
9X4,19
9X5,4
9X6,41
9X7,6
9X8,13
9X9,4
9XX,13
9XE,19
9E0,245
9E1,4
9E2,9
9E3,X
9E4,9
9E5,4
9E6,2E
9E7,6
9E8,13
9E9,4
9EX,55
9EE,9
X00,41
X01,4
X02,29
X03,12
X04,13
X05,4
X06,71
X07,6
X08,9
X09,4
X0X,9
X0E,X
X10,41
X11,4
X12,13
X13,77
X14,13
X15,4
X16,71
X17,6
X18,77
X19,4
X1X,19
X1E,2X
X20,2E
X21,4
X22,9
X23,101
X24,9
X25,4
X26,187
X27,6
X28,77
X29,4
X2X,13
X2E,9
X30,21
X31,4
X32,19
X33,77
X34,43
X35,4
X36,21
X37,6
X38,9
X39,4
X3X,9
X3E,55
X40,41
X41,4
X42,19
X43,X
X44,19
X45,4
X46,55
X47,6
X48,13
X49,4
X4X,121
X4E,12
X50,41
X51,4
X52,9
X53,55
X54,9
X55,4
X56,2E
X57,6
X58,29
X59,4
X5X,201
X5E,9
X60,71
X61,4
X62,13
X63,245
X64,13
X65,4
X66,21
X67,6
X68,9
X69,4
X6X,9
X6E,135
X70,21
X71,4
X72,13
X73,12
X74,29
X75,4
X76,77
X77,6
X78,19
X79,4
X7X,13
X7E,22
X80,101
X81,4
X82,9
X83,2E
X84,9
X85,4
X86,55
X87,6
X88,13
X89,4
X8X,13
X8E,9
X90,55
X91,4
X92,29
X93,X
X94,29
X95,4
X96,101
X97,6
X98,9
X99,4
X9X,9
X9E,13
XX0,261
XX1,4
XX2,19
XX3,1X
XX4,13
XX5,4
XX6,E1
XX7,6
XX8,21
XX9,4
XXX,77
XXE,X
XE0,55
XE1,4
XE2,9
XE3,4X7
XE4,9
XE5,4
XE6,55
XE7,6
XE8,43
XE9,4
XEX,21
XEE,9
E00,E1
E01,4
E02,13
E03,22
E04,19
E05,4
E06,77
E07,6
E08,9
E09,4
E0X,9
E0E,19
E10,47
E11,4
E12,33
E13,21
E14,33
E15,4
E16,71
E17,6
E18,13
E19,4
E1X,13
E1E,1X
E20,77
E21,4
E22,9
E23,X
E24,9
E25,4
E26,71
E27,6
E28,13
E29,4
E2X,19
E2E,9
E30,121
E31,4
E32,77
E33,E1
E34,13
E35,4
E36,21
E37,6
E38,9
E39,4
E3X,9
E3E,X
E40,21
E41,4
E42,13
E43,32
E44,13
E45,4
E46,47E
E47,6
E48,29
E49,4
E4X,77
E4E,21
E50,2E
E51,4
E52,9
E53,41
E54,9
E55,4
E56,77
E57,6
E58,33
E59,4
E5X,13
E5E,9
E60,55
E61,4
E62,19
E63,55
E64,19
E65,4
E66,71
E67,6
E68,9
E69,4
E6X,9
E6E,12
E70,21
E71,4
E72,211
E73,X
E74,19
E75,4
E76,21
E77,6
E78,13
E79,4
E7X,33
E7E,13
E80,187
E81,4
E82,9
E83,4X
E84,9
E85,4
E86,2E
E87,6
E88,19
E89,4
E8X,49
E8E,9
E90,E1
E91,4
E92,13
E93,12
E94,13
E95,4
E96,55
E97,6
E98,9
E99,4
E9X,9
E9E,3X
EX0,47
EX1,4
EX2,13
EX3,21
EX4,55
EX5,4
EX6,161
EX7,6
EX8,73
EX9,4
EXX,13
EXE,29
EE0,2E
EE1,4
EE2,9
EE3,77
EE4,9
EE5,4
EE6,561
EE7,6
EE8,13
EE9,4
EEX,13
EEE,9
1000,55
