-2500,13
-2499,5
-2498,3
-2497,7
-2496,5
-2495,3
-2494,5
-2493,11
-2492,3
-2491,5
-2490,7
-2489,3
-2488,7
-2487,13
-2486,3
-2485,11
-2484,5
-2483,3
-2482,11
-2481,5
-2480,3
-2479,5
-2478,17
-2477,3
-2476,5
-2475,23
-2474,3
-2473,13
-2472,11
-2471,3
-2470,7
-2469,5
-2468,3
-2467,7
-2466,5
-2465,3
-2464,5
-2463,7
-2462,3
-2461,5
-2460,7
-2459,3
-2458,13
-2457,17
-2456,3
-2455,7
-2454,5
-2453,3
-2452,11
-2451,5
-2450,3
-2449,5
-2448,7
-2447,3
-2446,5
-2445,13
-2444,3
-2443,13
-2442,7
-2441,3
-2440,13
-2439,5
-2438,3
-2437,11
-2436,5
-2435,3
-2434,5
-2433,11
-2432,3
-2431,5
-2430,11
-2429,3
-2428,7
-2427,7
-2426,3
-2425,7
-2424,5
-2423,3
-2422,11
-2421,5
-2420,3
-2419,5
-2418,7
-2417,3
-2416,5
-2415,11
-2414,3
-2413,7
-2412,17
-2411,3
-2410,17
-2409,5
-2408,3
-2407,7
-2406,5
-2405,3
-2404,5
-2403,23
-2402,3
-2401,5
-2400,7
-2399,3
-2398,17
-2397,7
-2396,3
-2395,11
-2394,5
-2393,3
-2392,7
-2391,5
-2390,3
-2389,5
-2388,13
-2387,3
-2386,5
-2385,7
-2384,3
-2383,7
-2382,11
-2381,3
-2380,13
-2379,5
-2378,3
-2377,19
-2376,5
-2375,3
-2374,5
-2373,11
-2372,3
-2371,5
-2370,13
-2369,3
-2368,19
-2367,11
-2366,3
-2365,7
-2364,5
-2363,3
-2362,7
-2361,5
-2360,3
-2359,5
-2358,7
-2357,3
-2356,5
-2355,7
-2354,3
-2353,11
-2352,13
-2351,3
-2350,7
-2349,5
-2348,3
-2347,17
-2346,5
-2345,3
-2344,5
-2343,7
-2342,3
-2341,5
-2340,11
-2339,3
-2338,11
-2337,7
-2336,3
-2335,37
-2334,5
-2333,3
-2332,19
-2331,5
-2330,3
-2329,5
-2328,11
-2327,3
-2326,5
-2325,17
-2324,3
-2323,7
-2322,7
-2321,3
-2320,7
-2319,5
-2318,3
-2317,11
-2316,5
-2315,3
-2314,5
-2313,7
-2312,3
-2311,5
-2310,13
-2309,3
-2308,7
-2307,11
-2306,3
-2305,11
-2304,5
-2303,3
-2302,7
-2301,5
-2300,3
-2299,5
-2298,11
-2297,3
-2296,5
-2295,7
-2294,3
-2293,17
-2292,7
-2291,3
-2290,11
-2289,5
-2288,3
-2287,7
-2286,5
-2285,3
-2284,5
-2283,11
-2282,3
-2281,5
-2280,7
-2279,3
-2278,7
-2277,17
-2276,3
-2275,19
-2274,5
-2273,3
-2272,11
-2271,5
-2270,3
-2269,5
-2268,11
-2267,3
-2266,5
-2265,11
-2264,3
-2263,11
-2262,11
-2261,3
-2260,7
-2259,5
-2258,3
-2257,7
-2256,5
-2255,3
-2254,5
-2253,7
-2252,3
-2251,5
-2250,7
-2249,3
-2248,13
-2247,31
-2246,3
-2245,7
-2244,5
-2243,3
-2242,17
-2241,5
-2240,3
-2239,5
-2238,7
-2237,3
-2236,5
-2235,11
-2234,3
-2233,13
-2232,7
-2231,3
-2230,11
-2229,5
-2228,3
-2227,13
-2226,5
-2225,3
-2224,5
-2223,17
-2222,3
-2221,5
-2220,13
-2219,3
-2218,7
-2217,7
-2216,3
-2215,7
-2214,5
-2213,3
-2212,17
-2211,5
-2210,3
-2209,5
-2208,7
-2207,3
-2206,5
-2205,23
-2204,3
-2203,7
-2202,11
-2201,3
-2200,13
-2199,5
-2198,3
-2197,7
-2196,5
-2195,3
-2194,5
-2193,13
-2192,3
-2191,5
-2190,7
-2189,3
-2188,11
-2187,7
-2186,3
-2185,11
-2184,5
-2183,3
-2182,7
-2181,5
-2180,3
-2179,5
-2178,17
-2177,3
-2176,5
-2175,7
-2174,3
-2173,7
-2172,13
-2171,3
-2170,13
-2169,5
-2168,3
-2167,13
-2166,5
-2165,3
-2164,5
-2163,11
-2162,3
-2161,5
-2160,17
-2159,3
-2158,11
-2157,13
-2156,3
-2155,7
-2154,5
-2153,3
-2152,7
-2151,5
-2150,3
-2149,5
-2148,7
-2147,3
-2146,5
-2145,7
-2144,3
-2143,17
-2142,11
-2141,3
-2140,7
-2139,5
-2138,3
-2137,23
-2136,5
-2135,3
-2134,5
-2133,7
-2132,3
-2131,5
-2130,11
-2129,3
-2128,13
-2127,7
-2126,3
-2125,11
-2124,5
-2123,3
-2122,11
-2121,5
-2120,3
-2119,5
-2118,11
-2117,3
-2116,5
-2115,13
-2114,3
-2113,7
-2112,7
-2111,3
-2110,7
-2109,5
-2108,3
-2107,11
-2106,5
-2105,3
-2104,5
-2103,7
-2102,3
-2101,5
-2100,11
-2099,3
-2098,7
-2097,11
-2096,3
-2095,17
-2094,5
-2093,3
-2092,7
-2091,5
-2090,3
-2089,5
-2088,31
-2087,3
-2086,5
-2085,7
-2084,3
-2083,13
-2082,7
-2081,3
-2080,23
-2079,5
-2078,3
-2077,7
-2076,5
-2075,3
-2074,5
-2073,17
-2072,3
-2071,5
-2070,7
-2069,3
-2068,7
-2067,11
-2066,3
-2065,11
-2064,5
-2063,3
-2062,19
-2061,5
-2060,3
-2059,5
-2058,13
-2057,3
-2056,5
-2055,13
-2054,3
-2053,11
-2052,11
-2051,3
-2050,7
-2049,5
-2048,3
-2047,7
-2046,5
-2045,3
-2044,5
-2043,7
-2042,3
-2041,5
-2040,7
-2039,3
-2038,13
-2037,11
-2036,3
-2035,7
-2034,5
-2033,3
-2032,11
-2031,5
-2030,3
-2029,5
-2028,7
-2027,3
-2026,5
-2025,13
-2024,3
-2023,11
-2022,7
-2021,3
-2020,11
-2019,5
-2018,3
-2017,19
-2016,5
-2015,3
-2014,5
-2013,19
-2012,3
-2011,5
-2010,11
-2009,3
-2008,7
-2007,7
-2006,3
-2005,7
-2004,5
-2003,3
-2002,17
-2001,5
-2000,3
-1999,5
-1998,7
-1997,3
-1996,5
-1995,23
-1994,3
-1993,7
-1992,13
-1991,3
-1990,11
-1989,5
-1988,3
-1987,7
-1986,5
-1985,3
-1984,5
-1983,23
-1982,3
-1981,5
-1980,7
-1979,3
-1978,19
-1977,7
-1976,3
-1975,11
-1974,5
-1973,3
-1972,7
-1971,5
-1970,3
-1969,5
-1968,11
-1967,3
-1966,5
-1965,7
-1964,3
-1963,7
-1962,13
-1961,3
-1960,11
-1959,5
-1958,3
-1957,11
-1956,5
-1955,3
-1954,5
-1953,11
-1952,3
-1951,5
-1950,19
-1949,3
-1948,19
-1947,13
-1946,3
-1945,7
-1944,5
-1943,3
-1942,7
-1941,5
-1940,3
-1939,5
-1938,7
-1937,3
-1936,5
-1935,7
-1934,3
-1933,11
-1932,11
-1931,3
-1930,7
-1929,5
-1928,3
-1927,11
-1926,5
-1925,3
-1924,5
-1923,7
-1922,3
-1921,5
-1920,11
-1919,3
-1918,19
-1917,7
-1916,3
-1915,13
-1914,5
-1913,3
-1912,13
-1911,5
-1910,3
-1909,5
-1908,13
-1907,3
-1906,5
-1905,11
-1904,3
-1903,7
-1902,7
-1901,3
-1900,7
-1899,5
-1898,3
-1897,13
-1896,5
-1895,3
-1894,5
-1893,7
-1892,3
-1891,5
-1890,29
-1889,3
-1888,7
-1887,11
-1886,3
-1885,17
-1884,5
-1883,3
-1882,7
-1881,5
-1880,3
-1879,5
-1878,11
-1877,3
-1876,5
-1875,7
-1874,3
-1873,13
-1872,7
-1871,3
-1870,19
-1869,5
-1868,3
-1867,7
-1866,5
-1865,3
-1864,5
-1863,13
-1862,3
-1861,5
-1860,7
-1859,3
-1858,7
-1857,17
-1856,3
-1855,11
-1854,5
-1853,3
-1852,17
-1851,5
-1850,3
-1849,5
-1848,43
-1847,3
-1846,5
-1845,11
-1844,3
-1843,11
-1842,13
-1841,3
-1840,7
-1839,5
-1838,3
-1837,7
-1836,5
-1835,3
-1834,5
-1833,7
-1832,3
-1831,5
-1830,7
-1829,3
-1828,11
-1827,17
-1826,3
-1825,7
-1824,5
-1823,3
-1822,11
-1821,5
-1820,3
-1819,5
-1818,7
-1817,3
-1816,5
-1815,17
-1814,3
-1813,19
-1812,7
-1811,3
-1810,11
-1809,5
-1808,3
-1807,19
-1806,5
-1805,3
-1804,5
-1803,11
-1802,3
-1801,5
-1800,11
-1799,3
-1798,7
-1797,7
-1796,3
-1795,7
-1794,5
-1793,3
-1792,11
-1791,5
-1790,3
-1789,5
-1788,7
-1787,3
-1786,5
-1785,13
-1784,3
-1783,7
-1782,13
-1781,3
-1780,13
-1779,5
-1778,3
-1777,7
-1776,5
-1775,3
-1774,5
-1773,11
-1772,3
-1771,5
-1770,7
-1769,3
-1768,11
-1767,7
-1766,3
-1765,13
-1764,5
-1763,3
-1762,7
-1761,5
-1760,3
-1759,5
-1758,13
-1757,3
-1756,5
-1755,7
-1754,3
-1753,7
-1752,13
-1751,3
-1750,17
-1749,5
-1748,3
-1747,17
-1746,5
-1745,3
-1744,5
-1743,13
-1742,3
-1741,5
-1740,11
-1739,3
-1738,13
-1737,11
-1736,3
-1735,7
-1734,5
-1733,3
-1732,7
-1731,5
-1730,3
-1729,5
-1728,7
-1727,3
-1726,5
-1725,7
-1724,3
-1723,11
-1722,11
-1721,3
-1720,7
-1719,5
-1718,3
-1717,13
-1716,5
-1715,3
-1714,5
-1713,7
-1712,3
-1711,5
-1710,29
-1709,3
-1708,17
-1707,7
-1706,3
-1705,19
-1704,5
-1703,3
-1702,11
-1701,5
-1700,3
-1699,5
-1698,17
-1697,3
-1696,5
-1695,29
-1694,3
-1693,7
-1692,7
-1691,3
-1690,7
-1689,5
-1688,3
-1687,13
-1686,5
-1685,3
-1684,5
-1683,7
-1682,3
-1681,5
-1680,11
-1679,3
-1678,7
-1677,23
-1676,3
-1675,17
-1674,5
-1673,3
-1672,7
-1671,5
-1670,3
-1669,5
-1668,11
-1667,3
-1666,5
-1665,7
-1664,3
-1663,11
-1662,7
-1661,3
-1660,11
-1659,5
-1658,3
-1657,7
-1656,5
-1655,3
-1654,5
-1653,17
-1652,3
-1651,5
-1650,7
-1649,3
-1648,7
-1647,11
-1646,3
-1645,11
-1644,5
-1643,3
-1642,13
-1641,5
-1640,3
-1639,5
-1638,11
-1637,3
-1636,5
-1635,11
-1634,3
-1633,17
-1632,23
-1631,3
-1630,7
-1629,5
-1628,3
-1627,7
-1626,5
-1625,3
-1624,5
-1623,7
-1622,3
-1621,5
-1620,7
-1619,3
-1618,19
-1617,17
-1616,3
-1615,7
-1614,5
-1613,3
-1612,11
-1611,5
-1610,3
-1609,5
-1608,7
-1607,3
-1606,5
-1605,11
-1604,3
-1603,11
-1602,7
-1601,3
-1600,13
-1599,5
-1598,3
-1597,11
-1596,5
-1595,3
-1594,5
-1593,31
-1592,3
-1591,5
-1590,11
-1589,3
-1588,7
-1587,7
-1586,3
-1585,7
-1584,5
-1583,3
-1582,13
-1581,5
-1580,3
-1579,5
-1578,7
-1577,3
-1576,5
-1575,11
-1574,3
-1573,7
-1572,11
-1571,3
-1570,11
-1569,5
-1568,3
-1567,7
-1566,5
-1565,3
-1564,5
-1563,13
-1562,3
-1561,5
-1560,7
-1559,3
-1558,11
-1557,7
-1556,3
-1555,17
-1554,5
-1553,3
-1552,7
-1551,5
-1550,3
-1549,5
-1548,11
-1547,3
-1546,5
-1545,7
-1544,3
-1543,7
-1542,11
-1541,3
-1540,23
-1539,5
-1538,3
-1537,11
-1536,5
-1535,3
-1534,5
-1533,13
-1532,3
-1531,5
-1530,13
-1529,3
-1528,11
-1527,37
-1526,3
-1525,7
-1524,5
-1523,3
-1522,7
-1521,5
-1520,3
-1519,5
-1518,7
-1517,3
-1516,5
-1515,7
-1514,3
-1513,11
-1512,13
-1511,3
-1510,7
-1509,5
-1508,3
-1507,13
-1506,5
-1505,3
-1504,5
-1503,7
-1502,3
-1501,5
-1500,17
-1499,3
-1498,11
-1497,7
-1496,3
-1495,11
-1494,5
-1493,3
-1492,11
-1491,5
-1490,3
-1489,5
-1488,17
-1487,3
-1486,5
-1485,13
-1484,3
-1483,7
-1482,7
-1481,3
-1480,7
-1479,5
-1478,3
-1477,17
-1476,5
-1475,3
-1474,5
-1473,7
-1472,3
-1471,5
-1470,11
-1469,3
-1468,7
-1467,41
-1466,3
-1465,11
-1464,5
-1463,3
-1462,7
-1461,5
-1460,3
-1459,5
-1458,11
-1457,3
-1456,5
-1455,7
-1454,3
-1453,13
-1452,7
-1451,3
-1450,31
-1449,5
-1448,3
-1447,7
-1446,5
-1445,3
-1444,5
-1443,11
-1442,3
-1441,5
-1440,7
-1439,3
-1438,7
-1437,11
-1436,3
-1435,19
-1434,5
-1433,3
-1432,11
-1431,5
-1430,3
-1429,5
-1428,19
-1427,3
-1426,5
-1425,11
-1424,3
-1423,23
-1422,23
-1421,3
-1420,7
-1419,5
-1418,3
-1417,7
-1416,5
-1415,3
-1414,5
-1413,7
-1412,3
-1411,5
-1410,7
-1409,3
-1408,13
-1407,11
-1406,3
-1405,7
-1404,5
-1403,3
-1402,17
-1401,5
-1400,3
-1399,5
-1398,7
-1397,3
-1396,5
-1395,13
-1394,3
-1393,11
-1392,7
-1391,3
-1390,13
-1389,5
-1388,3
-1387,13
-1386,5
-1385,3
-1384,5
-1383,11
-1382,3
-1381,5
-1380,19
-1379,3
-1378,7
-1377,7
-1376,3
-1375,7
-1374,5
-1373,3
-1372,11
-1371,5
-1370,3
-1369,5
-1368,7
-1367,3
-1366,5
-1365,37
-1364,3
-1363,7
-1362,13
-1361,3
-1360,11
-1359,5
-1358,3
-1357,7
-1356,5
-1355,3
-1354,5
-1353,13
-1352,3
-1351,5
-1350,7
-1349,3
-1348,11
-1347,7
-1346,3
-1345,17
-1344,5
-1343,3
-1342,7
-1341,5
-1340,3
-1339,5
-1338,11
-1337,3
-1336,5
-1335,7
-1334,3
-1333,7
-1332,19
-1331,3
-1330,11
-1329,5
-1328,3
-1327,11
-1326,5
-1325,3
-1324,5
-1323,13
-1322,3
-1321,5
-1320,37
-1319,3
-1318,17
-1317,11
-1316,3
-1315,7
-1314,5
-1313,3
-1312,7
-1311,5
-1310,3
-1309,5
-1308,7
-1307,3
-1306,5
-1305,7
-1304,3
-1303,13
-1302,19
-1301,3
-1300,7
-1299,5
-1298,3
-1297,11
-1296,5
-1295,3
-1294,5
-1293,7
-1292,3
-1291,5
-1290,13
-1289,3
-1288,13
-1287,7
-1286,3
-1285,19
-1284,5
-1283,3
-1282,11
-1281,5
-1280,3
-1279,5
-1278,11
-1277,3
-1276,5
-1275,11
-1274,3
-1273,7
-1272,7
-1271,3
-1270,7
-1269,5
-1268,3
-1267,11
-1266,5
-1265,3
-1264,5
-1263,7
-1262,3
-1261,5
-1260,11
-1259,3
-1258,7
-1257,13
-1256,3
-1255,31
-1254,5
-1253,3
-1252,7
-1251,5
-1250,3
-1249,5
-1248,19
-1247,3
-1246,5
-1245,7
-1244,3
-1243,17
-1242,7
-1241,3
-1240,11
-1239,5
-1238,3
-1237,7
-1236,5
-1235,3
-1234,5
-1233,17
-1232,3
-1231,5
-1230,7
-1229,3
-1228,7
-1227,11
-1226,3
-1225,13
-1224,5
-1223,3
-1222,17
-1221,5
-1220,3
-1219,5
-1218,11
-1217,3
-1216,5
-1215,17
-1214,3
-1213,13
-1212,11
-1211,3
-1210,7
-1209,5
-1208,3
-1207,7
-1206,5
-1205,3
-1204,5
-1203,7
-1202,3
-1201,5
-1200,7
-1199,3
-1198,11
-1197,13
-1196,3
-1195,7
-1194,5
-1193,3
-1192,13
-1191,5
-1190,3
-1189,5
-1188,7
-1187,3
-1186,5
-1185,11
-1184,3
-1183,11
-1182,7
-1181,3
-1180,13
-1179,5
-1178,3
-1177,17
-1176,5
-1175,3
-1174,5
-1173,11
-1172,3
-1171,5
-1170,23
-1169,3
-1168,7
-1167,7
-1166,3
-1165,7
-1164,5
-1163,3
-1162,11
-1161,5
-1160,3
-1159,5
-1158,7
-1157,3
-1156,5
-1155,17
-1154,3
-1153,7
-1152,11
-1151,3
-1150,11
-1149,5
-1148,3
-1147,7
-1146,5
-1145,3
-1144,5
-1143,11
-1142,3
-1141,5
-1140,7
-1139,3
-1138,17
-1137,7
-1136,3
-1135,11
-1134,5
-1133,3
-1132,7
-1131,5
-1130,3
-1129,5
-1128,11
-1127,3
-1126,5
-1125,7
-1124,3
-1123,7
-1122,13
-1121,3
-1120,17
-1119,5
-1118,3
-1117,11
-1116,5
-1115,3
-1114,5
-1113,11
-1112,3
-1111,5
-1110,11
-1109,3
-1108,11
-1107,11
-1106,3
-1105,7
-1104,5
-1103,3
-1102,7
-1101,5
-1100,3
-1099,5
-1098,7
-1097,3
-1096,5
-1095,7
-1094,3
-1093,13
-1092,17
-1091,3
-1090,7
-1089,5
-1088,3
-1087,17
-1086,5
-1085,3
-1084,5
-1083,7
-1082,3
-1081,5
-1080,11
-1079,3
-1078,13
-1077,7
-1076,3
-1075,11
-1074,5
-1073,3
-1072,17
-1071,5
-1070,3
-1069,5
-1068,23
-1067,3
-1066,5
-1065,13
-1064,3
-1063,7
-1062,7
-1061,3
-1060,7
-1059,5
-1058,3
-1057,13
-1056,5
-1055,3
-1054,5
-1053,7
-1052,3
-1051,5
-1050,13
-1049,3
-1048,7
-1047,11
-1046,3
-1045,17
-1044,5
-1043,3
-1042,7
-1041,5
-1040,3
-1039,5
-1038,17
-1037,3
-1036,5
-1035,7
-1034,3
-1033,11
-1032,7
-1031,3
-1030,11
-1029,5
-1028,3
-1027,7
-1026,5
-1025,3
-1024,5
-1023,13
-1022,3
-1021,5
-1020,7
-1019,3
-1018,7
-1017,13
-1016,3
-1015,13
-1014,5
-1013,3
-1012,17
-1011,5
-1010,3
-1009,5
-1008,11
-1007,3
-1006,5
-1005,13
-1004,3
-1003,11
-1002,13
-1001,3
-1000,7
-999,5
-998,3
-997,7
-996,5
-995,3
-994,5
-993,7
-992,3
-991,5
-990,7
-989,3
-988,17
-987,11
-986,3
-985,7
-984,5
-983,3
-982,17
-981,5
-980,3
-979,5
-978,7
-977,3
-976,5
-975,11
-974,3
-973,17
-972,7
-971,3
-970,11
-969,5
-968,3
-967,11
-966,5
-965,3
-964,5
-963,11
-962,3
-961,5
-960,17
-959,3
-958,7
-957,7
-956,3
-955,7
-954,5
-953,3
-952,11
-951,5
-950,3
-949,5
-948,7
-947,3
-946,5
-945,11
-944,3
-943,7
-942,11
-941,3
-940,13
-939,5
-938,3
-937,7
-936,5
-935,3
-934,5
-933,13
-932,3
-931,5
-930,7
-929,3
-928,31
-927,7
-926,3
-925,19
-924,5
-923,3
-922,7
-921,5
-920,3
-919,5
-918,23
-917,3
-916,5
-915,7
-914,3
-913,7
-912,11
-911,3
-910,11
-909,5
-908,3
-907,13
-906,5
-905,3
-904,5
-903,17
-902,3
-901,5
-900,13
-899,3
-898,11
-897,11
-896,3
-895,7
-894,5
-893,3
-892,7
-891,5
-890,3
-889,5
-888,7
-887,3
-886,5
-885,7
-884,3
-883,13
-882,11
-881,3
-880,7
-879,5
-878,3
-877,11
-876,5
-875,3
-874,5
-873,7
-872,3
-871,5
-870,13
-869,3
-868,11
-867,7
-866,3
-865,11
-864,5
-863,3
-862,13
-861,5
-860,3
-859,5
-858,17
-857,3
-856,5
-855,11
-854,3
-853,7
-852,7
-851,3
-850,7
-849,5
-848,3
-847,23
-846,5
-845,3
-844,5
-843,7
-842,3
-841,5
-840,29
-839,3
-838,7
-837,17
-836,3
-835,11
-834,5
-833,3
-832,7
-831,5
-830,3
-829,5
-828,13
-827,3
-826,5
-825,7
-824,3
-823,13
-822,7
-821,3
-820,11
-819,5
-818,3
-817,7
-816,5
-815,3
-814,5
-813,11
-812,3
-811,5
-810,7
-809,3
-808,7
-807,13
-806,3
-805,11
-804,5
-803,3
-802,11
-801,5
-800,3
-799,5
-798,11
-797,3
-796,5
-795,17
-794,3
-793,19
-792,13
-791,3
-790,7
-789,5
-788,3
-787,7
-786,5
-785,3
-784,5
-783,7
-782,3
-781,5
-780,7
-779,3
-778,11
-777,11
-776,3
-775,7
-774,5
-773,3
-772,11
-771,5
-770,3
-769,5
-768,7
-767,3
-766,5
-765,11
-764,3
-763,13
-762,7
-761,3
-760,29
-759,5
-758,3
-757,13
-756,5
-755,3
-754,5
-753,13
-752,3
-751,5
-750,11
-749,3
-748,7
-747,7
-746,3
-745,7
-744,5
-743,3
-742,13
-741,5
-740,3
-739,5
-738,7
-737,3
-736,5
-735,17
-734,3
-733,7
-732,11
-731,3
-730,17
-729,5
-728,3
-727,7
-726,5
-725,3
-724,5
-723,11
-722,3
-721,5
-720,7
-719,3
-718,13
-717,7
-716,3
-715,17
-714,5
-713,3
-712,7
-711,5
-710,3
-709,5
-708,31
-707,3
-706,5
-705,7
-704,3
-703,7
-702,19
-701,3
-700,11
-699,5
-698,3
-697,19
-696,5
-695,3
-694,5
-693,13
-692,3
-691,5
-690,11
-689,3
-688,11
-687,19
-686,3
-685,7
-684,5
-683,3
-682,7
-681,5
-680,3
-679,5
-678,7
-677,3
-676,5
-675,7
-674,3
-673,11
-672,13
-671,3
-670,7
-669,5
-668,3
-667,11
-666,5
-665,3
-664,5
-663,7
-662,3
-661,5
-660,13
-659,3
-658,19
-657,7
-656,3
-655,11
-654,5
-653,3
-652,41
-651,5
-650,3
-649,5
-648,11
-647,3
-646,5
-645,11
-644,3
-643,7
-642,7
-641,3
-640,7
-639,5
-638,3
-637,11
-636,5
-635,3
-634,5
-633,7
-632,3
-631,5
-630,17
-629,3
-628,7
-627,13
-626,3
-625,13
-624,5
-623,3
-622,7
-621,5
-620,3
-619,5
-618,11
-617,3
-616,5
-615,7
-614,3
-613,11
-612,7
-611,3
-610,13
-609,5
-608,3
-607,7
-606,5
-605,3
-604,5
-603,17
-602,3
-601,5
-600,7
-599,3
-598,7
-597,13
-596,3
-595,13
-594,5
-593,3
-592,19
-591,5
-590,3
-589,5
-588,13
-587,3
-586,5
-585,11
-584,3
-583,19
-582,11
-581,3
-580,7
-579,5
-578,3
-577,7
-576,5
-575,3
-574,5
-573,7
-572,3
-571,5
-570,7
-569,3
-568,11
-567,11
-566,3
-565,7
-564,5
-563,3
-562,13
-561,5
-560,3
-559,5
-558,7
-557,3
-556,5
-555,13
-554,3
-553,17
-552,7
-551,3
-550,13
-549,5
-548,3
-547,11
-546,5
-545,3
-544,5
-543,13
-542,3
-541,5
-540,17
-539,3
-538,7
-537,7
-536,3
-535,7
-534,5
-533,3
-532,13
-531,5
-530,3
-529,5
-528,7
-527,3
-526,5
-525,11
-524,3
-523,7
-522,31
-521,3
-520,23
-519,5
-518,3
-517,7
-516,5
-515,3
-514,5
-513,11
-512,3
-511,5
-510,7
-509,3
-508,11
-507,7
-506,3
-505,11
-504,5
-503,3
-502,7
-501,5
-500,3
-499,5
-498,13
-497,3
-496,5
-495,7
-494,3
-493,7
-492,11
-491,3
-490,11
-489,5
-488,3
-487,19
-486,5
-485,3
-484,5
-483,11
-482,3
-481,5
-480,11
-479,3
-478,13
-477,13
-476,3
-475,7
-474,5
-473,3
-472,7
-471,5
-470,3
-469,5
-468,7
-467,3
-466,5
-465,7
-464,3
-463,17
-462,43
-461,3
-460,7
-459,5
-458,3
-457,11
-456,5
-455,3
-454,5
-453,7
-452,3
-451,5
-450,11
-449,3
-448,11
-447,7
-446,3
-445,13
-444,5
-443,3
-442,11
-441,5
-440,3
-439,5
-438,13
-437,3
-436,5
-435,11
-434,3
-433,7
-432,7
-431,3
-430,7
-429,5
-428,3
-427,17
-426,5
-425,3
-424,5
-423,7
-422,3
-421,5
-420,11
-419,3
-418,7
-417,11
-416,3
-415,11
-414,5
-413,3
-412,7
-411,5
-410,3
-409,5
-408,23
-407,3
-406,5
-405,7
-404,3
-403,11
-402,7
-401,3
-400,13
-399,5
-398,3
-397,7
-396,5
-395,3
-394,5
-393,11
-392,3
-391,5
-390,7
-389,3
-388,7
-387,11
-386,3
-385,23
-384,5
-383,3
-382,11
-381,5
-380,3
-379,5
-378,13
-377,3
-376,5
-375,17
-374,3
-373,11
-372,17
-371,3
-370,7
-369,5
-368,3
-367,7
-366,5
-365,3
-364,5
-363,7
-362,3
-361,5
-360,7
-359,3
-358,11
-357,19
-356,3
-355,7
-354,5
-353,3
-352,13
-351,5
-350,3
-349,5
-348,7
-347,3
-346,5
-345,19
-344,3
-343,11
-342,7
-341,3
-340,11
-339,5
-338,3
-337,11
-336,5
-335,3
-334,5
-333,19
-332,3
-331,5
-330,37
-329,3
-328,7
-327,7
-326,3
-325,7
-324,5
-323,3
-322,13
-321,5
-320,3
-319,5
-318,7
-317,3
-316,5
-315,11
-314,3
-313,7
-312,19
-311,3
-310,11
-309,5
-308,3
-307,7
-306,5
-305,3
-304,5
-303,11
-302,3
-301,5
-300,7
-299,3
-298,13
-297,7
-296,3
-295,13
-294,5
-293,3
-292,7
-291,5
-290,3
-289,5
-288,11
-287,3
-286,5
-285,7
-284,3
-283,7
-282,11
-281,3
-280,17
-279,5
-278,3
-277,11
-276,5
-275,3
-274,5
-273,17
-272,3
-271,5
-270,11
-269,3
-268,17
-267,23
-266,3
-265,7
-264,5
-263,3
-262,7
-261,5
-260,3
-259,5
-258,7
-257,3
-256,5
-255,7
-254,3
-253,17
-252,11
-251,3
-250,7
-249,5
-248,3
-247,17
-246,5
-245,3
-244,5
-243,7
-242,3
-241,5
-240,17
-239,3
-238,11
-237,7
-236,3
-235,13
-234,5
-233,3
-232,31
-231,5
-230,3
-229,5
-228,11
-227,3
-226,5
-225,13
-224,3
-223,7
-222,7
-221,3
-220,7
-219,5
-218,3
-217,11
-216,5
-215,3
-214,5
-213,7
-212,3
-211,5
-210,29
-209,3
-208,7
-207,13
-206,3
-205,11
-204,5
-203,3
-202,7
-201,5
-200,3
-199,5
-198,13
-197,3
-196,5
-195,7
-194,3
-193,11
-192,7
-191,3
-190,29
-189,5
-188,3
-187,7
-186,5
-185,3
-184,5
-183,11
-182,3
-181,5
-180,7
-179,3
-178,7
-177,31
-176,3
-175,11
-174,5
-173,3
-172,11
-171,5
-170,3
-169,5
-168,13
-167,3
-166,5
-165,13
-164,3
-163,41
-162,11
-161,3
-160,7
-159,5
-158,3
-157,7
-156,5
-155,3
-154,5
-153,7
-152,3
-151,5
-150,7
-149,3
-148,19
-147,13
-146,3
-145,7
-144,5
-143,3
-142,11
-141,5
-140,3
-139,5
-138,7
-137,3
-136,5
-135,17
-134,3
-133,13
-132,7
-131,3
-130,23
-129,5
-128,3
-127,11
-126,5
-125,3
-124,5
-123,11
-122,3
-121,5
-120,11
-119,3
-118,7
-117,7
-116,3
-115,7
-114,5
-113,3
-112,11
-111,5
-110,3
-109,5
-108,7
-107,3
-106,5
-105,11
-104,3
-103,7
-102,23
-101,3
-100,13
-99,5
-98,3
-97,7
-96,5
-95,3
-94,5
-93,17
-92,3
-91,5
-90,7
-89,3
-88,13
-87,7
-86,3
-85,11
-84,5
-83,3
-82,7
-81,5
-80,3
-79,5
-78,19
-77,3
-76,5
-75,7
-74,3
-73,7
-72,11
-71,3
-70,17
-69,5
-68,3
-67,17
-66,5
-65,3
-64,5
-63,11
-62,3
-61,5
-60,17
-59,3
-58,31
-57,11
-56,3
-55,7
-54,5
-53,3
-52,7
-51,5
-50,3
-49,5
-48,7
-47,3
-46,5
-45,7
-44,3
-43,11
-42,13
-41,3
-40,7
-39,5
-38,3
-37,19
-36,5
-35,3
-34,5
-33,7
-32,3
-31,5
-30,11
-29,3
-28,11
-27,7
-26,3
-25,13
-24,5
-23,3
-22,13
-21,5
-20,3
-19,5
-18,11
-17,3
-16,5
-15,17
-14,3
-13,7
-12,7
-11,3
-10,7
-9,5
-8,3
-7,11
-6,5
-5,3
-4,5
-3,7
-2,3
-1,5
1,3
2,7
3,11
4,3
5,11
6,5
7,3
8,7
9,5
10,3
11,5
12,11
13,3
14,5
15,7
16,3
17,13
18,7
19,3
20,11
21,5
22,3
23,7
24,5
25,3
26,5
27,11
28,3
29,5
30,7
31,3
32,7
33,17
34,3
35,13
36,5
37,3
38,11
39,5
40,3
41,5
42,11
43,3
44,5
45,11
46,3
47,11
48,11
49,3
50,7
51,5
52,3
53,7
54,5
55,3
56,5
57,7
58,3
59,5
60,7
61,3
62,13
63,19
64,3
65,7
66,5
67,3
68,13
69,5
70,3
71,5
72,7
73,3
74,5
75,11
76,3
77,13
78,7
79,3
80,11
81,5
82,3
83,17
84,5
85,3
86,5
87,13
88,3
89,5
90,13
91,3
92,7
93,7
94,3
95,7
96,5
97,3
98,17
99,5
100,3
101,5
102,7
103,3
104,5
105,13
106,3
107,7
108,11
109,3
110,17
111,5
112,3
113,7
114,5
115,3
116,5
117,17
118,3
119,5
120,7
121,3
122,11
123,7
124,3
125,11
126,5
127,3
128,7
129,5
130,3
131,5
132,17
133,3
134,5
135,7
136,3
137,7
138,17
139,3
140,13
141,5
142,3
143,31
144,5
145,3
146,5
147,11
148,3
149,5
150,19
151,3
152,11
153,13
154,3
155,7
156,5
157,3
158,7
159,5
160,3
161,5
162,7
163,3
164,5
165,7
166,3
167,23
168,11
169,3
170,7
171,5
172,3
173,13
174,5
175,3
176,5
177,7
178,3
179,5
180,11
181,3
182,19
183,7
184,3
185,11
186,5
187,3
188,11
189,5
190,3
191,5
192,11
193,3
194,5
195,17
196,3
197,7
198,7
199,3
200,7
201,5
202,3
203,11
204,5
205,3
206,5
207,7
208,3
209,5
210,11
211,3
212,7
213,11
214,3
215,19
216,5
217,3
218,7
219,5
220,3
221,5
222,13
223,3
224,5
225,7
226,3
227,29
228,7
229,3
230,13
231,5
232,3
233,7
234,5
235,3
236,5
237,13
238,3
239,5
240,7
241,3
242,7
243,11
244,3
245,11
246,5
247,3
248,13
249,5
250,3
251,5
252,19
253,3
254,5
255,23
256,3
257,11
258,11
259,3
260,7
261,5
262,3
263,7
264,5
265,3
266,5
267,7
268,3
269,5
270,7
271,3
272,13
273,11
274,3
275,7
276,5
277,3
278,11
279,5
280,3
281,5
282,7
283,3
284,5
285,13
286,3
287,11
288,7
289,3
290,11
291,5
292,3
293,17
294,5
295,3
296,5
297,17
298,3
299,5
300,11
301,3
302,7
303,7
304,3
305,7
306,5
307,3
308,13
309,5
310,3
311,5
312,7
313,3
314,5
315,13
316,3
317,7
318,29
319,3
320,11
321,5
322,3
323,7
324,5
325,3
326,5
327,17
328,3
329,5
330,7
331,3
332,17
333,7
334,3
335,11
336,5
337,3
338,7
339,5
340,3
341,5
342,11
343,3
344,5
345,7
346,3
347,7
348,13
349,3
350,11
351,5
352,3
353,11
354,5
355,3
356,5
357,11
358,3
359,5
360,13
361,3
362,19
363,13
364,3
365,7
366,5
367,3
368,7
369,5
370,3
371,5
372,7
373,3
374,5
375,7
376,3
377,11
378,11
379,3
380,7
381,5
382,3
383,11
384,5
385,3
386,5
387,7
388,3
389,5
390,11
391,3
392,17
393,7
394,3
395,17
396,5
397,3
398,37
399,5
400,3
401,5
402,13
403,3
404,5
405,11
406,3
407,7
408,7
409,3
410,7
411,5
412,3
413,13
414,5
415,3
416,5
417,7
418,3
419,5
420,13
421,3
422,7
423,11
424,3
425,13
426,5
427,3
428,7
429,5
430,3
431,5
432,11
433,3
434,5
435,7
436,3
437,37
438,7
439,3
440,17
441,5
442,3
443,7
444,5
445,3
446,5
447,37
448,3
449,5
450,7
451,3
452,7
453,19
454,3
455,11
456,5
457,3
458,13
459,5
460,3
461,5
462,19
463,3
464,5
465,11
466,3
467,11
468,17
469,3
470,7
471,5
472,3
473,7
474,5
475,3
476,5
477,7
478,3
479,5
480,7
481,3
482,11
483,31
484,3
485,7
486,5
487,3
488,11
489,5
490,3
491,5
492,7
493,3
494,5
495,13
496,3
497,13
498,7
499,3
500,11
501,5
502,3
503,13
504,5
505,3
506,5
507,11
508,3
509,5
510,11
511,3
512,7
513,7
514,3
515,7
516,5
517,3
518,11
519,5
520,3
521,5
522,7
523,3
524,5
525,17
526,3
527,7
528,17
529,3
530,13
531,5
532,3
533,7
534,5
535,3
536,5
537,11
538,3
539,5
540,7
541,3
542,11
543,7
544,3
545,13
546,5
547,3
548,7
549,5
550,3
551,5
552,17
553,3
554,5
555,7
556,3
557,7
558,13
559,3
560,13
561,5
562,3
563,13
564,5
565,3
566,5
567,19
568,3
569,5
570,11
571,3
572,31
573,11
574,3
575,7
576,5
577,3
578,7
579,5
580,3
581,5
582,7
583,3
584,5
585,7
586,3
587,11
588,11
589,3
590,7
591,5
592,3
593,17
594,5
595,3
596,5
597,7
598,3
599,5
600,19
601,3
602,13
603,7
604,3
605,19
606,5
607,3
608,11
609,5
610,3
611,5
612,13
613,3
614,5
615,13
616,3
617,7
618,7
619,3
620,7
621,5
622,3
623,13
624,5
625,3
626,5
627,7
628,3
629,5
630,11
631,3
632,7
633,13
634,3
635,41
636,5
637,3
638,7
639,5
640,3
641,5
642,11
643,3
644,5
645,7
646,3
647,11
648,7
649,3
650,11
651,5
652,3
653,7
654,5
655,3
656,5
657,19
658,3
659,5
660,7
661,3
662,7
663,11
664,3
665,11
666,5
667,3
668,23
669,5
670,3
671,5
672,11
673,3
674,5
675,11
676,3
677,13
678,17
679,3
680,7
681,5
682,3
683,7
684,5
685,3
686,5
687,7
688,3
689,5
690,7
691,3
692,13
693,13
694,3
695,7
696,5
697,3
698,11
699,5
700,3
701,5
702,7
703,3
704,5
705,11
706,3
707,11
708,7
709,3
710,17
711,5
712,3
713,11
714,5
715,3
716,5
717,23
718,3
719,5
720,11
721,3
722,7
723,7
724,3
725,7
726,5
727,3
728,19
729,5
730,3
731,5
732,7
733,3
734,5
735,11
736,3
737,7
738,11
739,3
740,11
741,5
742,3
743,7
744,5
745,3
746,5
747,17
748,3
749,5
750,7
751,3
752,11
753,7
754,3
755,13
756,5
757,3
758,7
759,5
760,3
761,5
762,11
763,3
764,5
765,7
766,3
767,7
768,11
769,3
770,13
771,5
772,3
773,11
774,5
775,3
776,5
777,13
778,3
779,5
780,17
781,3
782,11
783,13
784,3
785,7
786,5
787,3
788,7
789,5
790,3
791,5
792,7
793,3
794,5
795,7
796,3
797,11
798,17
799,3
800,7
801,5
802,3
803,13
804,5
805,3
806,5
807,7
808,3
809,5
810,13
811,3
812,11
813,7
814,3
815,11
816,5
817,3
818,11
819,5
820,3
821,5
822,13
823,3
824,5
825,17
826,3
827,7
828,7
829,3
830,7
831,5
832,3
833,13
834,5
835,3
836,5
837,7
838,3
839,5
840,11
841,3
842,7
843,19
844,3
845,11
846,5
847,3
848,7
849,5
850,3
851,5
852,11
853,3
854,5
855,7
856,3
857,13
858,7
859,3
860,19
861,5
862,3
863,7
864,5
865,3
866,5
867,11
868,3
869,5
870,7
871,3
872,7
873,11
874,3
875,13
876,5
877,3
878,11
879,5
880,3
881,5
882,17
883,3
884,5
885,11
886,3
887,13
888,13
889,3
890,7
891,5
892,3
893,7
894,5
895,3
896,5
897,7
898,3
899,5
900,7
901,3
902,17
903,11
904,3
905,7
906,5
907,3
908,29
909,5
910,3
911,5
912,7
913,3
914,5
915,23
916,3
917,11
918,7
919,3
920,13
921,5
922,3
923,19
924,5
925,3
926,5
927,11
928,3
929,5
930,47
931,3
932,7
933,7
934,3
935,7
936,5
937,3
938,11
939,5
940,3
941,5
942,7
943,3
944,5
945,13
946,3
947,7
948,13
949,3
950,11
951,5
952,3
953,7
954,5
955,3
956,5
957,19
958,3
959,5
960,7
961,3
962,11
963,7
964,3
965,13
966,5
967,3
968,7
969,5
970,3
971,5
972,11
973,3
974,5
975,7
976,3
977,7
978,13
979,3
980,11
981,5
982,3
983,11
984,5
985,3
986,5
987,13
988,3
989,5
990,17
991,3
992,13
993,11
994,3
995,7
996,5
997,3
998,7
999,5
1000,3
1001,5
1002,7
1003,3
1004,5
1005,7
1006,3
1007,17
1008,19
1009,3
1010,7
1011,5
1012,3
1013,11
1014,5
1015,3
1016,5
1017,7
1018,3
1019,5
1020,23
1021,3
1022,17
1023,7
1024,3
1025,23
1026,5
1027,3
1028,11
1029,5
1030,3
1031,5
1032,11
1033,3
1034,5
1035,11
1036,3
1037,7
1038,7
1039,3
1040,7
1041,5
1042,3
1043,11
1044,5
1045,3
1046,5
1047,7
1048,3
1049,5
1050,11
1051,3
1052,7
1053,17
1054,3
1055,17
1056,5
1057,3
1058,7
1059,5
1060,3
1061,5
1062,13
1063,3
1064,5
1065,7
1066,3
1067,13
1068,7
1069,3
1070,11
1071,5
1072,3
1073,7
1074,5
1075,3
1076,5
1077,29
1078,3
1079,5
1080,7
1081,3
1082,7
1083,11
1084,3
1085,23
1086,5
1087,3
1088,13
1089,5
1090,3
1091,5
1092,11
1093,3
1094,5
1095,13
1096,3
1097,17
1098,11
1099,3
1100,7
1101,5
1102,3
1103,7
1104,5
1105,3
1106,5
1107,7
1108,3
1109,5
1110,7
1111,3
1112,11
1113,17
1114,3
1115,7
1116,5
1117,3
1118,17
1119,5
1120,3
1121,5
1122,7
1123,3
1124,5
1125,11
1126,3
1127,11
1128,7
1129,3
1130,13
1131,5
1132,3
1133,23
1134,5
1135,3
1136,5
1137,11
1138,3
1139,5
1140,13
1141,3
1142,7
1143,7
1144,3
1145,7
1146,5
1147,3
1148,11
1149,5
1150,3
1151,5
1152,7
1153,3
1154,5
1155,17
1156,3
1157,7
1158,11
1159,3
1160,11
1161,5
1162,3
1163,7
1164,5
1165,3
1166,5
1167,11
1168,3
1169,5
1170,7
1171,3
1172,17
1173,7
1174,3
1175,11
1176,5
1177,3
1178,7
1179,5
1180,3
1181,5
1182,11
1183,3
1184,5
1185,7
1186,3
1187,7
1188,17
1189,3
1190,29
1191,5
1192,3
1193,11
1194,5
1195,3
1196,5
1197,11
1198,3
1199,5
1200,11
1201,3
1202,11
1203,11
1204,3
1205,7
1206,5
1207,3
1208,7
1209,5
1210,3
1211,5
1212,7
1213,3
1214,5
1215,7
1216,3
1217,19
1218,13
1219,3
1220,7
1221,5
1222,3
1223,13
1224,5
1225,3
1226,5
1227,7
1228,3
1229,5
1230,11
1231,3
1232,13
1233,7
1234,3
1235,11
1236,5
1237,3
1238,13
1239,5
1240,3
1241,5
1242,17
1243,3
1244,5
1245,13
1246,3
1247,7
1248,7
1249,3
1250,7
1251,5
1252,3
1253,29
1254,5
1255,3
1256,5
1257,7
1258,3
1259,5
1260,13
1261,3
1262,7
1263,11
1264,3
1265,13
1266,5
1267,3
1268,7
1269,5
1270,3
1271,5
1272,29
1273,3
1274,5
1275,7
1276,3
1277,11
1278,7
1279,3
1280,11
1281,5
1282,3
1283,7
1284,5
1285,3
1286,5
1287,31
1288,3
1289,5
1290,7
1291,3
1292,7
1293,17
1294,3
1295,61
1296,5
1297,3
1298,19
1299,5
1300,3
1301,5
1302,11
1303,3
1304,5
1305,17
1306,3
1307,11
1308,17
1309,3
1310,7
1311,5
1312,3
1313,7
1314,5
1315,3
1316,5
1317,7
1318,3
1319,5
1320,7
1321,3
1322,13
1323,11
1324,3
1325,7
1326,5
1327,3
1328,17
1329,5
1330,3
1331,5
1332,7
1333,3
1334,5
1335,11
1336,3
1337,19
1338,7
1339,3
1340,11
1341,5
1342,3
1343,11
1344,5
1345,3
1346,5
1347,11
1348,3
1349,5
1350,19
1351,3
1352,7
1353,7
1354,3
1355,7
1356,5
1357,3
1358,11
1359,5
1360,3
1361,5
1362,7
1363,3
1364,5
1365,11
1366,3
1367,7
1368,11
1369,3
1370,23
1371,5
1372,3
1373,7
1374,5
1375,3
1376,5
1377,13
1378,3
1379,5
1380,7
1381,3
1382,13
1383,7
1384,3
1385,17
1386,5
1387,3
1388,7
1389,5
1390,3
1391,5
1392,13
1393,3
1394,5
1395,7
1396,3
1397,7
1398,11
1399,3
1400,11
1401,5
1402,3
1403,13
1404,5
1405,3
1406,5
1407,13
1408,3
1409,5
1410,17
1411,3
1412,11
1413,11
1414,3
1415,7
1416,5
1417,3
1418,7
1419,5
1420,3
1421,5
1422,7
1423,3
1424,5
1425,7
1426,3
1427,13
1428,11
1429,3
1430,7
1431,5
1432,3
1433,11
1434,5
1435,3
1436,5
1437,7
1438,3
1439,5
1440,13
1441,3
1442,11
1443,7
1444,3
1445,11
1446,5
1447,3
1448,19
1449,5
1450,3
1451,5
1452,13
1453,3
1454,5
1455,11
1456,3
1457,7
1458,7
1459,3
1460,7
1461,5
1462,3
1463,17
1464,5
1465,3
1466,5
1467,7
1468,3
1469,5
1470,13
1471,3
1472,7
1473,13
1474,3
1475,11
1476,5
1477,3
1478,7
1479,5
1480,3
1481,5
1482,31
1483,3
1484,5
1485,7
1486,3
1487,17
1488,7
1489,3
1490,11
1491,5
1492,3
1493,7
1494,5
1495,3
1496,5
1497,11
1498,3
1499,5
1500,7
1501,3
1502,7
1503,23
1504,3
1505,11
1506,5
1507,3
1508,11
1509,5
1510,3
1511,5
1512,11
1513,3
1514,5
1515,17
1516,3
1517,13
1518,13
1519,3
1520,7
1521,5
1522,3
1523,7
1524,5
1525,3
1526,5
1527,7
1528,3
1529,5
1530,7
1531,3
1532,11
1533,11
1534,3
1535,7
1536,5
1537,3
1538,11
1539,5
1540,3
1541,5
1542,7
1543,3
1544,5
1545,11
1546,3
1547,23
1548,7
1549,3
1550,13
1551,5
1552,3
1553,23
1554,5
1555,3
1556,5
1557,13
1558,3
1559,5
1560,11
1561,3
1562,7
1563,7
1564,3
1565,7
1566,5
1567,3
1568,17
1569,5
1570,3
1571,5
1572,7
1573,3
1574,5
1575,19
1576,3
1577,7
1578,11
1579,3
1580,17
1581,5
1582,3
1583,7
1584,5
1585,3
1586,5
1587,11
1588,3
1589,5
1590,7
1591,3
1592,37
1593,7
1594,3
1595,13
1596,5
1597,3
1598,7
1599,5
1600,3
1601,5
1602,13
1603,3
1604,5
1605,7
1606,3
1607,7
1608,13
1609,3
1610,11
1611,5
1612,3
1613,13
1614,5
1615,3
1616,5
1617,17
1618,3
1619,5
1620,11
1621,3
1622,11
1623,17
1624,3
1625,7
1626,5
1627,3
1628,7
1629,5
1630,3
1631,5
1632,7
1633,3
1634,5
1635,7
1636,3
1637,11
1638,19
1639,3
1640,7
1641,5
1642,3
1643,11
1644,5
1645,3
1646,5
1647,7
1648,3
1649,5
1650,13
1651,3
1652,13
1653,7
1654,3
1655,11
1656,5
1657,3
1658,17
1659,5
1660,3
1661,5
1662,11
1663,3
1664,5
1665,11
1666,3
1667,7
1668,7
1669,3
1670,7
1671,5
1672,3
1673,11
1674,5
1675,3
1676,5
1677,7
1678,3
1679,5
1680,13
1681,3
1682,7
1683,19
1684,3
1685,17
1686,5
1687,3
1688,7
1689,5
1690,3
1691,5
1692,11
1693,3
1694,5
1695,7
1696,3
1697,11
1698,7
1699,3
1700,13
1701,5
1702,3
1703,7
1704,5
1705,3
1706,5
1707,13
1708,3
1709,5
1710,7
1711,3
1712,7
1713,13
1714,3
1715,13
1716,5
1717,3
1718,17
1719,5
1720,3
1721,5
1722,61
1723,3
1724,5
1725,11
1726,3
1727,19
1728,11
1729,3
1730,7
1731,5
1732,3
1733,7
1734,5
1735,3
1736,5
1737,7
1738,3
1739,5
1740,7
1741,3
1742,11
1743,11
1744,3
1745,7
1746,5
1747,3
1748,37
1749,5
1750,3
1751,5
1752,7
1753,3
1754,5
1755,17
1756,3
1757,19
1758,7
1759,3
1760,17
1761,5
1762,3
1763,11
1764,5
1765,3
1766,5
1767,13
1768,3
1769,5
1770,17
1771,3
1772,7
1773,7
1774,3
1775,7
1776,5
1777,3
1778,13
1779,5
1780,3
1781,5
1782,7
1783,3
1784,5
1785,11
1786,3
1787,7
1788,37
1789,3
1790,13
1791,5
1792,3
1793,7
1794,5
1795,3
1796,5
1797,11
1798,3
1799,5
1800,7
1801,3
1802,11
1803,7
1804,3
1805,11
1806,5
1807,3
1808,7
1809,5
1810,3
1811,5
1812,19
1813,3
1814,5
1815,7
1816,3
1817,7
1818,11
1819,3
1820,11
1821,5
1822,3
1823,13
1824,5
1825,3
1826,5
1827,11
1828,3
1829,5
1830,11
1831,3
1832,13
1833,19
1834,3
1835,7
1836,5
1837,3
1838,7
1839,5
1840,3
1841,5
1842,7
1843,3
1844,5
1845,7
1846,3
1847,13
1848,19
1849,3
1850,7
1851,5
1852,3
1853,11
1854,5
1855,3
1856,5
1857,7
1858,3
1859,5
1860,11
1861,3
1862,11
1863,7
1864,3
1865,23
1866,5
1867,3
1868,11
1869,5
1870,3
1871,5
1872,17
1873,3
1874,5
1875,11
1876,3
1877,7
1878,7
1879,3
1880,7
1881,5
1882,3
1883,17
1884,5
1885,3
1886,5
1887,7
1888,3
1889,5
1890,11
1891,3
1892,7
1893,11
1894,3
1895,11
1896,5
1897,3
1898,7
1899,5
1900,3
1901,5
1902,13
1903,3
1904,5
1905,7
1906,3
1907,11
1908,7
1909,3
1910,13
1911,5
1912,3
1913,7
1914,5
1915,3
1916,5
1917,11
1918,3
1919,5
1920,7
1921,3
1922,7
1923,11
1924,3
1925,13
1926,5
1927,3
1928,11
1929,5
1930,3
1931,5
1932,31
1933,3
1934,5
1935,19
1936,3
1937,11
1938,13
1939,3
1940,7
1941,5
1942,3
1943,7
1944,5
1945,3
1946,5
1947,7
1948,3
1949,5
1950,7
1951,3
1952,11
1953,13
1954,3
1955,7
1956,5
1957,3
1958,19
1959,5
1960,3
1961,5
1962,7
1963,3
1964,5
1965,29
1966,3
1967,11
1968,7
1969,3
1970,11
1971,5
1972,3
1973,11
1974,5
1975,3
1976,5
1977,13
1978,3
1979,5
1980,13
1981,3
1982,7
1983,7
1984,3
1985,7
1986,5
1987,3
1988,13
1989,5
1990,3
1991,5
1992,7
1993,3
1994,5
1995,11
1996,3
1997,7
1998,13
1999,3
2000,11
2001,5
2002,3
2003,7
2004,5
2005,3
2006,5
2007,11
2008,3
2009,5
2010,7
2011,3
2012,13
2013,7
2014,3
2015,17
2016,5
2017,3
2018,7
2019,5
2020,3
2021,5
2022,11
2023,3
2024,5
2025,7
2026,3
2027,7
2028,11
2029,3
2030,19
2031,5
2032,3
2033,11
2034,5
2035,3
2036,5
2037,13
2038,3
2039,5
2040,11
2041,3
2042,13
2043,29
2044,3
2045,7
2046,5
2047,3
2048,7
2049,5
2050,3
2051,5
2052,7
2053,3
2054,5
2055,7
2056,3
2057,13
2058,11
2059,3
2060,7
2061,5
2062,3
2063,13
2064,5
2065,3
2066,5
2067,7
2068,3
2069,5
2070,13
2071,3
2072,11
2073,7
2074,3
2075,17
2076,5
2077,3
2078,17
2079,5
2080,3
2081,5
2082,11
2083,3
2084,5
2085,31
2086,3
2087,7
2088,7
2089,3
2090,7
2091,5
2092,3
2093,11
2094,5
2095,3
2096,5
2097,7
2098,3
2099,5
2100,17
2101,3
2102,7
2103,13
2104,3
2105,11
2106,5
2107,3
2108,7
2109,5
2110,3
2111,5
2112,17
2113,3
2114,5
2115,7
2116,3
2117,11
2118,7
2119,3
2120,13
2121,5
2122,3
2123,7
2124,5
2125,3
2126,5
2127,11
2128,3
2129,5
2130,7
2131,3
2132,7
2133,13
2134,3
2135,11
2136,5
2137,3
2138,11
2139,5
2140,3
2141,5
2142,13
2143,3
2144,5
2145,19
2146,3
2147,23
2148,11
2149,3
2150,7
2151,5
2152,3
2153,7
2154,5
2155,3
2156,5
2157,7
2158,3
2159,5
2160,7
2161,3
2162,13
2163,17
2164,3
2165,7
2166,5
2167,3
2168,11
2169,5
2170,3
2171,5
2172,7
2173,3
2174,5
2175,13
2176,3
2177,17
2178,7
2179,3
2180,13
2181,5
2182,3
2183,11
2184,5
2185,3
2186,5
2187,11
2188,3
2189,5
2190,11
2191,3
2192,7
2193,7
2194,3
2195,7
2196,5
2197,3
2198,11
2199,5
2200,3
2201,5
2202,7
2203,3
2204,5
2205,11
2206,3
2207,7
2208,17
2209,3
2210,19
2211,5
2212,3
2213,7
2214,5
2215,3
2216,5
2217,23
2218,3
2219,5
2220,7
2221,3
2222,13
2223,7
2224,3
2225,11
2226,5
2227,3
2228,7
2229,5
2230,3
2231,5
2232,13
2233,3
2234,5
2235,7
2236,3
2237,7
2238,11
2239,3
2240,13
2241,5
2242,3
2243,17
2244,5
2245,3
2246,5
2247,11
2248,3
2249,5
2250,13
2251,3
2252,13
2253,11
2254,3
2255,7
2256,5
2257,3
2258,7
2259,5
2260,3
2261,5
2262,7
2263,3
2264,5
2265,7
2266,3
2267,11
2268,19
2269,3
2270,7
2271,5
2272,3
2273,31
2274,5
2275,3
2276,5
2277,7
2278,3
2279,5
2280,11
2281,3
2282,11
2283,7
2284,3
2285,13
2286,5
2287,3
2288,31
2289,5
2290,3
2291,5
2292,11
2293,3
2294,5
2295,23
2296,3
2297,7
2298,7
2299,3
2300,7
2301,5
2302,3
2303,11
2304,5
2305,3
2306,5
2307,7
2308,3
2309,5
2310,13
2311,3
2312,7
2313,11
2314,3
2315,11
2316,5
2317,3
2318,7
2319,5
2320,3
2321,5
2322,11
2323,3
2324,5
2325,7
2326,3
2327,17
2328,7
2329,3
2330,11
2331,5
2332,3
2333,7
2334,5
2335,3
2336,5
2337,11
2338,3
2339,5
2340,7
2341,3
2342,7
2343,13
2344,3
2345,17
2346,5
2347,3
2348,11
2349,5
2350,3
2351,5
2352,11
2353,3
2354,5
2355,11
2356,3
2357,11
2358,11
2359,3
2360,7
2361,5
2362,3
2363,7
2364,5
2365,3
2366,5
2367,7
2368,3
2369,5
2370,7
2371,3
2372,17
2373,19
2374,3
2375,7
2376,5
2377,3
2378,13
2379,5
2380,3
2381,5
2382,7
2383,3
2384,5
2385,11
2386,3
2387,23
2388,7
2389,3
2390,11
2391,5
2392,3
2393,13
2394,5
2395,3
2396,5
2397,31
2398,3
2399,5
2400,19
2401,3
2402,7
2403,7
2404,3
2405,7
2406,5
2407,3
2408,13
2409,5
2410,3
2411,5
2412,7
2413,3
2414,5
2415,13
2416,3
2417,7
2418,11
2419,3
2420,19
2421,5
2422,3
2423,7
2424,5
2425,3
2426,5
2427,13
2428,3
2429,5
2430,7
2431,3
2432,11
2433,7
2434,3
2435,11
2436,5
2437,3
2438,7
2439,5
2440,3
2441,5
2442,23
2443,3
2444,5
2445,7
2446,3
2447,7
2448,13
2449,3
2450,17
2451,5
2452,3
2453,13
2454,5
2455,3
2456,5
2457,11
2458,3
2459,5
2460,13
2461,3
2462,11
2463,17
2464,3
2465,7
2466,5
2467,3
2468,7
2469,5
2470,3
2471,5
2472,7
2473,3
2474,5
2475,7
2476,3
2477,19
2478,11
2479,3
2480,7
2481,5
2482,3
2483,17
2484,5
2485,3
2486,5
2487,7
2488,3
2489,5
2490,11
2491,3
2492,13
2493,7
2494,3
2495,11
2496,5
2497,3
2498,11
2499,5
2500,3
