1,1
2,2
3,3
4,4
5,5
6,6
7,7
8,8
9,9
X,X
E,E
10,0
11,11
12,252
13,303
14,414
15,272
16,616
17,8E8
18,404
19,343
1X,272
1E,191
20,0
21,252
22,22
23,323
24,434
25,101
26,606
27,161
28,454
29,353
2X,272
2E,252
30,0
31,3X3
32,8E8
33,33
34,454
35,151
36,616
37,494
38,434
39,353
3X,686
3E,3223
40,0
41,595
42,252
43,323
44,44
45,1X1
46,646
47,353
48,434
49,9X9
4X,202
4E,383
50,0
51,858
52,656
53,3E3
54,454
55,55
56,6X6
57,515
58,8E8
59,343
5X,252
5E,4334
60,0
61,E7E
62,414
63,9X9
64,8E8
65,434
66,66
67,717
68,454
69,3E3
6X,2X2
6E,474
70,0
71,1E7E1
72,494
73,303
74,434
75,4E4
76,6X6
77,77
78,838
79,656
7X,6446
7E,9X9
80,0
81,3EEE3
82,616
83,353
84,4X4
85,787
86,646
87,13531
88,88
89,959
8X,676
8E,525
90,0
91,XX9XX
92,6X6
93,3X3
94,868
95,XEX
96,6006
97,17771
98,404
99,99
9X,X7X
9E,595
X0,0
X1,EEEEEEEEEEE
X2,858
X3,949
X4,42024
X5,22922
X6,616
X7,210012
X8,454
X9,33E33
XX,XX
XE,E9E
E0,0
E1,1001
E2,X2X
E3,6116
E4,4114
E5,3113
E6,686
E7,2112
E8,4X4
E9,3223
EX,4334
EE,EE
100,0
101,101
102,20502
103,616
104,414
105,313
106,61216
107,212
108,8008
109,323
10X,434
10E,656
110,0
111,111
112,23632
113,676
114,454
115,343
116,6116
117,232
118,8778
119,353
11X,474
11E,6E6
120,0
121,121
122,26962
123,9009
124,494
125,373
126,606
127,252
128,868
129,383
12X,4E4
12E,16661
130,0
131,131
132,2002
133,9779
134,43X34
135,3X3
136,656
137,272
138,41214
139,3E3
13X,X00X
13E,7227
140,0
141,141
142,48984
143,959
144,45654
145,1E9E1
146,6X6
147,292
148,43334
149,34443
14X,X77X
14E,707
150,0
151,151
152,26X62
153,32E23
154,4114
155,E00E
156,64246
157,2E2
158,43934
159,31X13
15X,X4X
15E,757
160,0
161,161
162,XX9XX
163,36863
164,8338
165,2992
166,60706
167,3X0X3
168,41314
169,32E23
16X,XEX
16E,7X7
170,0
171,171
172,6X7X6
173,32123
174,808
175,E3E
176,6116
177,20902
178,45654
179,32323
17X,2X6X2
17E,23E32
180,0
181,181
182,29EEEEEEEEE92
183,35253
184,858
185,EXE
186,63036
187,1001
188,43634
189,9449
18X,22922
18E,15351
190,0
191,191
192,210012
193,31E13
194,8X8
195,13031
196,61016
197,13531
198,4444
199,909
19X,25X52
19E,4E7E4
1X0,0
1X1,1X1
1X2,2002
1X3,30003
1X4,41014
1X5,8118
1X6,6116
1X7,28382
1X8,4114
1X9,959
1XX,6226
1XE,8338
1E0,0
1E1,1E1
1E2,2112
1E3,32323
1E4,41314
1E5,8558
1E6,6446
1E7,34943
1E8,4334
1E9,9X9
1EX,2992
1EE,8778
200,0
201,20502
202,202
203,3EEE3
204,40X04
205,818
206,616
207,E11E
208,414
209,6X1X6
20X,626
20E,838
210,0
211,23632
212,212
213,36E63
214,41314
215,858
216,646
217,E66E
218,434
219,3E8E3
21X,656
21E,878
220,0
221,26962
222,222
223,32123
224,41014
225,898
226,676
227,E0E
228,454
229,33E33
22X,686
22E,8E8
230,0
231,2772
232,232
233,32XEX23
234,43534
235,14E41
236,6X6
237,E5E
238,474
239,32423
23X,6E6
23E,51X15
240,0
241,2E5E2
242,242
243,35953
244,409904
245,37273
246,61516
247,EXE
248,494
249,32E23
24X,6E5E6
24E,2E8E2
250,0
251,3X7X3
252,252
253,3553
254,41114
255,53E35
256,66566
257,51515
258,4E4
259,3X0X3
25X,45054
25E,2X5X2
260,0
261,75257
262,262
263,38EEEEEEEEE83
264,4004
265,184481
266,62926
267,14941
268,45554
269,64546
26X,22922
26E,10801
270,0
271,218812
272,272
273,303X303
274,41214
275,1111
276,64946
277,2X7X2
278,41314
279,611116
27X,44744
27E,66566
280,0
281,11711
282,282
283,61016
284,48984
285,1X8X1
286,6116
287,23732
288,45654
289,35753
28X,25X52
28E,6E7E6
290,0
291,12021
292,292
293,3003
294,45854
295,15X51
296,63736
297,1771
298,42324
299,6116
29X,25452
29E,9229
2X0,0
2X1,27872
2X2,2X2
2X3,3113
2X4,41714
2X5,10801
2X6,67376
2X7,9449
2X8,4114
2X9,6336
2XX,64246
2XE,9559
2E0,0
2E1,15951
2E2,2E2
2E3,3223
2E4,43934
2E5,33133
2E6,63236
2E7,9779
2E8,43034
2E9,3883
2EX,42324
2EE,9889
300,0
301,16361
302,8X5X8
303,303
304,409X904
305,2EXE2
306,61916
307,919
308,43834
309,616
30X,2992
30E,929
310,0
311,34E43
312,49994
313,313
314,41314
315,320023
316,61216
317,949
318,41214
319,636
31X,24142
31E,959
320,0
321,57E75
322,68386
323,323
324,85E58
325,1E8E1
326,64246
327,979
328,41814
329,656
32X,20002
32E,989
330,0
331,22722
332,20902
333,333
334,45654
335,52825
336,64646
337,9X9
338,44744
339,676
33X,23E32
33E,9E9
340,0
341,4554
342,41114
343,343
344,47EEEEEEEEE74
345,3EEE3
346,64946
347,43X34
348,47774
349,696
34X,84E48
34E,79597
350,0
351,27472
352,2002
353,353
354,49E94
355,39893
356,60406
357,10501
358,4X8X4
359,6E6
35X,2X6X2
35E,74947
360,0
361,36E63
362,47074
363,363
364,401104
365,23832
366,65756
367,78687
368,45054
369,96369
36X,26062
36E,56565
370,0
371,47074
372,26X62
373,373
374,4994
375,2E6E2
376,617716
377,1EXE1
378,45454
379,6E2E6
37X,4E7E4
37E,21012
380,0
381,5E3E5
382,66266
383,383
384,4004
385,1661
386,60006
387,33E33
388,41014
389,35E53
38X,8118
38E,29092
390,0
391,51815
392,28382
393,393
394,4114
395,EX2XE
396,6006
397,2X9X2
398,426E624
399,35753
39X,8338
39E,101101
3X0,0
3X1,23632
3X2,8E0E8
3X3,3X3
3X4,4224
3X5,22522
3X6,64646
3X7,XEEX
3X8,41314
3X9,317713
3XX,8558
3XE,26762
3E0,0
3E1,38183
3E2,49794
3E3,3E3
3E4,4334
3E5,15551
3E6,64246
3E7,36763
3E8,4774
3E9,91119
3EX,8778
3EE,17771
400,0
401,14441
402,20502
403,3E2E3
404,404
405,43134
406,61916
407,29092
408,41414
409,3883
40X,818
40E,23X32
410,0
411,74347
412,230032
413,69496
414,414
415,36263
416,6X1X6
417,59X95
418,4012104
419,32423
41X,838
41E,6E44E6
420,0
421,50205
422,23632
423,322223
424,424
425,2XXEEEEEEEXX2
426,68386
427,13131
428,41314
429,34643
42X,858
42E,3223
430,0
431,37773
432,48184
433,91319
434,434
435,29692
436,69X96
437,49394
438,85658
439,3E0E3
43X,878
43E,14E41
440,0
441,22922
442,26962
443,32123
444,444
445,1E7E1
446,64246
447,23032
448,41014
449,36163
44X,898
44E,X5005X
450,0
451,6776
452,27472
453,35953
454,454
455,531135
456,67176
457,61816
458,801108
459,33E33
45X,8E8
45E,66766
460,0
461,59595
462,2772
463,656656
464,464
465,X323X
466,6001006
467,702207
468,86X68
469,61916
46X,20902
46E,97679
470,0
471,36563
472,67376
473,3553
474,474
475,5005
476,64846
477,19291
478,8E0E8
479,3X0X3
47X,63736
47E,X11X
480,0
481,72X27
482,2E5E2
483,38183
484,484
485,5115
486,60706
487,4X1X4
488,415514
489,97579
48X,425524
48E,X33X
490,0
491,6E2E6
492,22722
493,68386
494,494
495,1EE1
496,6X7X6
497,5E6E5
498,84148
499,32123
49X,2E8E2
49E,X55X
4X0,0
4X1,21012
4X2,46164
4X3,30003
4X4,4X4
4X5,5335
4X6,6116
4X7,2XEX2
4X8,45454
4X9,325523
4XX,62926
4XE,X77X
4E0,0
4E1,47974
4E2,63236
4E3,32323
4E4,4E4
4E5,5445
4E6,69496
4E7,3883
4E8,45054
4E9,31913
4EX,2X5X2
4EE,X99X
500,0
501,13531
502,83538
503,9X4X9
504,4X2X4
505,505
506,65EEEEEEEEE56
507,27172
508,4774
509,64946
50X,230032
50E,X1X
510,0
511,97979
512,87EE78
513,36E63
514,8XXX8
515,515
516,64546
517,11311
518,41814
519,3003
51X,29092
51E,X3X
520,0
521,31613
522,218812
523,64E46
524,877778
525,525
526,6157516
527,643346
528,41214
529,30203
52X,2222
52E,X5X
530,0
531,4E6E4
532,2X7X2
533,326623
534,41314
535,535
536,611116
537,XE6EX
538,44744
539,32623
53X,66566
53E,X7X
540,0
541,38083
542,43834
543,31E13
544,4101014
545,545
546,61016
547,9E8E9
548,49594
549,3X33X3
54X,27E72
54E,X9X
550,0
551,E868E
552,23732
553,32623
554,45654
555,555
556,654456
557,48584
558,47774
559,65756
55X,6E7E6
55E,XEX
560,0
561,9779
562,24042
563,33133
564,8E3E8
565,565
566,6006
567,17X71
568,45854
569,3E8E3
56X,X868X
56E,37273
570,0
571,34643
572,6EE6
573,370073
574,49E94
575,575
576,6116
577,32023
578,43834
579,6E8E6
57X,461164
57E,23432
580,0
581,2XEX2
582,27872
583,6776
584,853358
585,585
586,6226
587,12921
588,41714
589,35653
58X,45654
58E,32923
590,0
591,3E5E3
592,47874
593,38883
594,4994
595,595
596,6336
597,285582
598,434434
599,32323
59X,24742
59E,1X9X1
5X0,0
5X1,10201
5X2,2E44E2
5X3,61216
5X4,43934
5X5,5X5
5X6,6446
5X7,1EEXEEEEEXEE1
5X8,8X5X8
5X9,34943
5XX,66266
5XE,EX3XE
5E0,0
5E1,67E76
5E2,86968
5E3,32123
5E4,43034
5E5,5E5
5E6,6556
5E7,55155
5E8,42324
5E9,949949
5EX,X6EE6X
5EE,43E34
600,0
601,37673
602,8E2E8
603,9EXE9
604,8X5X8
605,E434E
606,606
607,5665
608,4179714
609,3EEE3
60X,2EXE2
60E,25452
610,0
611,27572
612,263362
613,35253
614,4152514
615,96869
616,616
617,49294
618,4114
619,38683
61X,43334
61E,9X6X9
620,0
621,821128
622,4E8E4
623,326623
624,49994
625,85358
626,626
627,35E53
628,41314
629,3773
62X,416614
62E,16261
630,0
631,33133
632,X7X7X
633,68586
634,41214
635,13231
636,636
637,1X6X1
638,48284
639,322223
63X,2772
63E,20302
640,0
641,17671
642,85EE58
643,63236
644,409904
645,7XEX7
646,646
647,28E82
648,459X954
649,31X13
64X,24342
64E,4334
650,0
651,22922
652,82728
653,3E8E3
654,45854
655,68786
656,656
657,7007
658,40004
659,92829
65X,X393X
65E,27472
660,0
661,1884881
662,22722
663,303X303
664,8E1E8
665,42124
666,666
667,7117
668,45654
669,3E6E3
66X,68586
66E,38483
670,0
671,98E89
672,252252
673,36463
674,801108
675,92X29
676,676
677,7227
678,436634
679,35653
67X,44144
67E,6E2E6
680,0
681,392293
682,4554
683,67176
684,41114
685,14241
686,686
687,7337
688,47EEEEEEEEE74
689,323323
68X,XEXEX
68E,120021
690,0
691,48384
692,43X34
693,32E23
694,86968
695,410014
696,696
697,7447
698,84E48
699,32XEX23
69X,638836
69E,4E1E4
6X0,0
6X1,8E1E8
6X2,27472
6X3,91119
6X4,4004
6X5,7E6E7
6X6,6X6
6X7,7557
6X8,49E94
6X9,39493
6XX,X0330X
6XE,29492
6E0,0
6E1,97E79
6E2,20X02
6E3,61XX16
6E4,84148
6E5,4774
6E6,6E6
6E7,7667
6E8,45554
6E9,63736
6EX,86568
6EE,61516
700,0
701,12721
702,42324
703,36863
704,47074
705,37E73
706,6556
707,707
708,802208
709,35953
70X,23832
70E,18781
710,0
711,140041
712,X373X
713,37273
714,49594
715,15251
716,646646
717,717
718,44E44
719,616616
71X,2167612
71E,1286821
720,0
721,57675
722,47074
723,32E23
724,4X1X4
725,23732
726,6E5E6
727,727
728,4994
729,34443
72X,2E6E2
72E,XE6EX
730,0
731,32123
732,8E8E8
733,3X7X3
734,45454
735,EX7XE
736,6E2E6
737,737
738,4E7E4
739,6116
73X,21012
73E,2E4E2
740,0
741,212212
742,6X7X6
743,62926
744,80E08
745,32823
746,61XX16
747,747
748,8008
749,63236
74X,8778
74E,48984
750,0
751,85558
752,205X502
753,323323
754,41014
755,3X6X3
756,64546
757,757
758,8118
759,97379
75X,29092
75E,4EE4
760,0
761,47074
762,61316
763,91819
764,43534
765,16261
766,60211206
767,767
768,8228
769,38EEEEEEEEE83
76X,25E5E52
76E,67676
770,0
771,EE6EE
772,2X9X2
773,3E44E3
774,4320234
775,25252
776,6146416
777,777
778,8338
779,31713
77X,202202
77E,12821
780,0
781,1E7E1
782,23632
783,99299
784,8E0E8
785,2E3EE3E2
786,60706
787,787
788,8448
789,39893
78X,22522
78E,56565
790,0
791,55355
792,XEEX
793,312213
794,41314
795,383383
796,605506
797,797
798,8558
799,32E9E23
79X,26762
79E,31213
7X0,0
7X1,6X3X6
7X2,60706
7X3,3333
7X4,49794
7X5,605506
7X6,64946
7X7,7X7
7X8,8668
7X9,35553
7XX,2XXX2
7XE,39593
7E0,0
7E1,21112
7E2,493394
7E3,611116
7E4,4774
7E5,17271
7E6,620026
7E7,7E7
7E8,8778
7E9,66566
7EX,89198
7EE,45354
800,0
801,114X411
802,28882
803,32123
804,40X04
805,7447
806,6807086
807,75257
808,808
809,90209
80X,43134
80E,26E62
810,0
811,4E3E4
812,29092
813,94949
814,41414
815,55755
816,6116
817,76167
818,818
819,39593
81X,23X32
81E,XEXEX
820,0
821,317713
822,656656
823,35753
824,460064
825,56365
826,69496
827,E77E
828,828
829,6E7E6
82X,80108
82E,63XX36
830,0
831,15251
832,2065602
833,36063
834,4328234
835,750057
836,64846
837,522225
838,838
839,9009
83X,6E44E6
83E,EX2XE
840,0
841,10E8E01
842,X040X
843,3X00X3
844,8EEE8
845,18281
846,644446
847,1E55E1
848,848
849,6EE6
84X,2XXEEEEEEEXX2
84E,53935
850,0
851,38283
852,26262
853,355X553
854,41314
855,2E11E2
856,606606
857,10XXX01
858,858
859,9229
85X,6446
85E,14341
860,0
861,252252
862,641146
863,3X1X3
864,48184
865,38983
866,6214126
867,4388834
868,868
869,9339
86X,29692
86E,5005
870,0
871,417714
872,49394
873,383383
874,4147414
875,20502
876,6X7X6
877,E2992E
878,878
879,9449
87X,84E48
87E,49894
880,0
881,2X414X2
882,22922
883,61X16
884,4E4E4
885,7XEX7
886,64246
887,139E931
888,888
889,9559
88X,68986
88E,8E9E8
890,0
891,54E45
892,23032
893,95359
894,41014
895,19291
896,619916
897,131131
898,898
899,9669
89X,X5005X
89E,21012
8X0,0
8X1,87178
8X2,6776
8X3,33133
8X4,43834
8X5,73E37
8X6,67176
8X7,XE8EX
8X8,8X8
8X9,9779
8XX,X1441X
8XE,2X1X2
8E0,0
8E1,31E13
8E2,61816
8E3,3883
8E4,801108
8E5,96169
8E6,6005006
8E7,1E1E1
8E8,8E8
8E9,9889
8EX,66766
8EE,3X33X3
900,0
901,E242E
902,425524
903,30X03
904,8338
905,733337
906,656656
907,89698
908,82128
909,909
90X,X323X
90E,1095901
910,0
911,272272
912,458X854
913,31213
914,869968
915,X77X
916,61916
917,65756
918,85358
919,919
91X,X9889X
91E,7E4E7
920,0
921,450054
922,2E77E2
923,3E33E3
924,427724
925,1X2X1
926,6XX6
927,1497941
928,86268
929,929
92X,X00X
92E,1EEEXEEEXEEE1
930,0
931,8EEE8
932,2050502
933,34E43
934,431134
935,44744
936,63136
937,41714
938,87178
939,939
93X,X11X
93E,174471
940,0
941,370073
942,80708
943,320023
944,41E14
945,2EXE2
946,617716
947,141141
948,45254
949,949
94X,X22X
94E,645546
950,0
951,17771
952,4X1X4
953,61E16
954,415514
955,127E721
956,63EE36
957,325523
958,425524
959,959
95X,X33X
95E,4X33X4
960,0
961,68986
962,6E2E6
963,95559
964,4154514
965,11611
966,68386
967,56065
968,4117114
969,969
96X,X44X
96E,69496
970,0
971,86368
972,87E78
973,99799
974,84148
975,1E2E1
976,64246
977,X373X
978,4229224
979,979
97X,X55X
97E,5775
980,0
981,5E8E5
982,21012
983,3264623
984,46164
985,821128
986,60006
987,E808E
988,4172714
989,989
98X,X66X
98E,23732
990,0
991,61216
992,2XEX2
993,30E9E03
994,8X8X8
995,1568651
996,64XX46
997,1E212E1
998,80508
999,999
99X,X77X
99E,85658
9X0,0
9X1,40E4E04
9X2,47974
9X3,68586
9X4,437734
9X5,59X95
9X6,64646
9X7,6EEE6
9X8,41EE14
9X9,9X9
9XX,X88X
9XE,79397
9E0,0
9E1,71217
9E2,8338
9E3,3E66E3
9E4,45054
9E5,12121
9E6,6X1X6
9E7,X7X7X
9E8,43634
9E9,9E9
9EX,X99X
9EE,55955
X00,0
X01,45454
X02,26X62
X03,9229
X04,83538
X05,5E0E5
X06,6146416
X07,73EE37
X08,4E5E4
X09,90209
X0X,X0X
X0E,EX99XE
X10,0
X11,3X55X3
X12,27172
X13,3EEE3
X14,86968
X15,1998991
X16,64946
X17,748847
X18,460064
X19,94549
X1X,X1X
X1E,E00E
X20,0
X21,2590952
X22,XE5EX
X23,61016
X24,87EE78
X25,76E67
X26,6075706
X27,5X7X5
X28,4179714
X29,95459
X2X,X2X
X2E,E11E
X30,0
X31,EX8XE
X32,22622
X33,32623
X34,41814
X35,43EE34
X36,6006
X37,762267
X38,8X5X8
X39,96369
X3X,X3X
X3E,E22E
X40,0
X41,203302
X42,X858X
X43,39893
X44,4207024
X45,10X1X01
X46,64E46
X47,32E23
X48,4160614
X49,97279
X4X,X4X
X4E,E33E
X50,0
X51,717717
X52,643346
X53,327723
X54,82428
X55,8EEE8
X56,60406
X57,99899
X58,4444
X59,98189
X5X,X5X
X5E,E44E
X60,0
X61,94E49
X62,4E6E4
X63,36E63
X64,40304
X65,311113
X66,632236
X67,161161
X68,41314
X69,35453
X6X,X6X
X6E,E55E
X70,0
X71,730037
X72,XE6EX
X73,37373
X74,4E2E4
X75,67776
X76,6418146
X77,1253521
X78,85E58
X79,30X3X03
X7X,X7X
X7E,E66E
X80,0
X81,1X2X1
X82,41X14
X83,3E33E3
X84,43834
X85,39593
X86,6XEX6
X87,49194
X88,4101014
X89,915519
X8X,X8X
X8E,E77E
X90,0
X91,97779
X92,870078
X93,3197913
X94,49594
X95,814418
X96,6142416
X97,92829
X98,87678
X99,3265623
X9X,X9X
X9E,E88E
XX0,0
XX1,3X0X3
XX2,2485842
XX3,65956
XX4,801108
XX5,26962
XX6,617716
XX7,216612
XX8,45654
XX9,324423
XXX,XXX
XXE,E99E
XE0,0
XE1,65EEEEEEEEE56
XE2,48584
XE3,3244423
XE4,47774
XE5,43134
XE6,65756
XE7,35153
XE8,80E08
XE9,63036
XEX,XEX
XEE,EXXE
E00,0
E01,9X3X9
E02,X11X
E03,6X7X6
E04,48084
E05,73437
E06,66266
E07,2XEX2
E08,41XX14
E09,61XX16
E0X,X282X
E0E,E0E
E10,0
E11,5E1E5
E12,421124
E13,311113
E14,45854
E15,57775
E16,64E46
E17,171171
E18,816618
E19,33E33
E1X,X373X
E1E,E1E
E20,0
E21,40504
E22,201X102
E23,35E53
E24,425524
E25,58185
E26,6050506
E27,1891981
E28,49E94
E29,68586
E2X,X464X
E2E,E2E
E30,0
E31,30703
E32,64046
E33,61316
E34,43834
E35,24EE42
E36,6E8E6
E37,502205
E38,461164
E39,38383
E3X,23432
E3E,E3E
E40,0
E41,2EXE2
E42,2XEX2
E43,33E1E33
E44,88188
E45,712217
E46,6776
E47,128E821
E48,869968
E49,65X56
E4X,X646X
E4E,E4E
E50,0
E51,20902
E52,2E2E2
E53,99299
E54,41714
E55,62526
E56,6132316
E57,210012
E58,45654
E59,303303
E5X,X737X
E5E,E5E
E60,0
E61,E515E
E62,85858
E63,3177713
E64,47874
E65,1E414E1
E66,6181816
E67,978879
E68,4994
E69,3274723
E6X,X828X
E6E,E6E
E70,0
E71,84548
E72,285582
E73,6E1E6
E74,434434
E75,31913
E76,64646
E77,63736
E78,4416144
E79,321123
E7X,X919X
E7E,E7E
E80,0
E81,X656X
E82,20402
E83,321X123
E84,4010104
E85,81618
E86,61216
E87,42924
E88,43934
E89,932239
E8X,24442
E8E,E8E
E90,0
E91,96769
E92,2XXEEEEEEEXX2
E93,38183
E94,4193914
E95,14841
E96,615516
E97,81EE18
E98,421124
E99,64946
E9X,206602
E9E,E9E
EX0,0
EX1,75957
EX2,67E76
EX3,309E903
EX4,86968
EX5,47474
EX6,64246
EX7,38683
EX8,86068
EX9,36763
EXX,2135312
EXE,EXE
EE0,0
EE1,10E01
EE2,XX2XX
EE3,382283
EE4,49894
EE5,50905
EE6,69XEX96
EE7,21E12
EE8,468X864
EE9,32E23
EEX,43E34
EEE,EEE
1000,0
1001,1001
1002,84148
1003,93239
1004,8E2E8
1005,51215
1006,652256
1007,71417
1008,8X5X8
1009,3E2E3
100X,632236
100E,E1X1E
1010,0
1011,1113111
1012,63736
1013,902209
1014,4179714
1015,803308
1016,61916
1017,791197
1018,838838
1019,3103013
101X,25452
101E,E292E
1020,0
1021,1226221
1022,27572
1023,6116
1024,8E2E2E8
1025,15351
1026,62326
1027,855558
1028,4152514
1029,322X223
102X,429924
102E,E383E
1030,0
1031,982289
1032,49294
1033,656656
1034,4114
1035,X1EE1X
1036,690096
1037,191191
1038,43334
1039,32XX23
103X,21E5E12
103E,E474E
1040,0
1041,X141X
1042,821128
1043,36263
1044,4E8E4
1045,3113
1046,6116116
1047,E7887E
1048,49994
1049,98889
104X,85358
104E,2E1E2
1050,0
1051,872278
1052,X959X
1053,32423
1054,82628
1055,7X0X0X7
1056,615516
1057,97379
1058,416614
1059,6E44E6
105X,2122212
105E,E656E
1060,0
1061,E464E
1062,66266
1063,93XX39
1064,407704
1065,91819
1066,68586
1067,2112
1068,41214
1069,966669
106X,26462
106E,3E1E3
1070,0
1071,1231321
1072,88E88
1073,38EEEEEEEEE83
1074,4303034
1075,73337
1076,644446
1077,317713
1078,404404
1079,39393
107X,20302
107E,4E0E4
1080,0
1081,17E9E71
1082,2395932
1083,3E6E3
1084,85EE58
1085,425524
1086,63236
1087,52625
1088,4302034
1089,3223
108X,2370732
108E,E929E
1090,0
1091,1115111
1092,28E82
1093,37773
1094,459X954
1095,4E7E4
1096,630X036
1097,3EEE3
1098,48684
1099,350X053
109X,4334
109E,EX1XE
10X0,0
10X1,1352531
10X2,22922
10X3,3884883
10X4,82728
10X5,XX9XX
10X6,67X8X76
10X7,E222E
10X8,45854
10X9,301103
10XX,68786
10XE,6556
10E0,0
10E1,650056
10E2,62426
10E3,326623
10E4,4E3E4
10E5,218812
10E6,6409046
10E7,108E801
10E8,836638
10E9,3430343
10EX,27472
10EE,10XX01
1100,0
1101,1113111
1102,20E4E02
1103,3065603
1104,87178
1105,180081
1106,6056506
1107,X838X
1108,842248
1109,32123
110X,42124
110E,368E863
1110,0
1111,1111
1112,2347432
1113,68986
1114,45654
1115,3X22X3
1116,6142416
1117,90409
1118,407704
1119,69096
111X,8E4E8
111E,40304
1120,0
1121,1357531
1122,X414X
1123,619916
1124,4X44X4
1125,X101X
1126,6X33X6
1127,731137
1128,4118114
1129,3187813
112X,2261622
112E,30503
1130,0
1131,73337
1132,2632362
1133,6776
1134,436634
1135,77X77
1136,65EE56
1137,85E58
1138,44144
1139,3232323
113X,6E2E6
113E,71617
1140,0
1141,98889
1142,2445442
1143,33XEX33
1144,4554
1145,1182811
1146,67176
1147,5E33E5
1148,41114
1149,61816
114X,28482
114E,20702
1150,0
1151,XEEEX
1152,23X8X32
1153,3214123
1154,499EEEEEEE994
1155,3443
1156,646646
1157,1E11E1
1158,43X1X34
1159,66766
115X,240042
115E,51X15
1160,0
1161,87678
1162,48384
1163,3342433
1164,43X34
1165,957759
1166,63736
1167,31313
1168,86968
1169,3522253
116X,410014
116E,X454X
1170,0
1171,E292E
1172,236E632
1173,3129213
1174,84E48
1175,461164
1176,6XXXXX6
1177,2332
1178,813318
1179,35XXX53
117X,4E1E4
117E,1X232X1
1180,0
1181,281182
1182,8E1E8
1183,99599
1184,415514
1185,59795
1186,6185816
1187,89198
1188,8008
1189,97679
118X,X7887X
118E,84948
1190,0
1191,207E702
1192,2755572
1193,36563
1194,4131314
1195,5X0X5
1196,67376
1197,1134311
1198,4338334
1199,3553
119X,29492
119E,3X9E9X3
11X0,0
11X1,1359531
11X2,470074
11X3,32123
11X4,4763674
11X5,21512
11X6,61XX16
11X7,19E91
11X8,869968
11X9,34643
11XX,4774
11XE,10901
11E0,0
11E1,15EXE51
11E2,2359532
11E3,3221223
11E4,45554
11E5,X7X7X
11E6,63736
11E7,X343X
11E8,86568
11E9,90409
11EX,61516
11EE,6EE6
1200,0
1201,65056
1202,2302032
1203,972279
1204,42324
1205,17X71
1206,6E0E6
1207,32EEE23
1208,47074
1209,617716
120X,2651562
120E,2E0E0E2
1210,0
1211,1357531
1212,25452
1213,3269623
1214,821128
1215,525525
1216,6139316
1217,59595
1218,4066604
1219,3785873
121X,2517152
121E,362263
1220,0
1221,1221
1222,280082
1223,35X6X53
1224,47X5X74
1225,3X1X3
1226,600X006
1227,294492
1228,4137314
1229,3102013
122X,2X4X2
122E,818818
1230,0
1231,3265623
1232,259952
1233,6E2E6
1234,4168614
1235,29EEEEEEEEE92
1236,616616
1237,437734
1238,41E2E14
1239,96EE69
123X,4061604
123E,22322
1240,0
1241,7X4X7
1242,X090X
1243,312213
1244,47074
1245,71017
1246,6X7X6
1247,77EXE77
1248,414414
1249,308E803
124X,23732
124E,56065
1250,0
1251,1352531
1252,2X292X2
1253,96369
1254,4994
1255,18581
1256,68886
1257,1XXX1
1258,4114114
1259,67776
125X,XE6EX
125E,33X33
1260,0
1261,X818X
1262,64246
1263,63036
1264,8E8E8
1265,3773
1266,655556
1267,2498942
1268,45454
1269,3E3E3
126X,2028202
126E,2690962
1270,0
1271,X3993X
1272,XX1XX
1273,3507053
1274,4E7E4
1275,95359
1276,6116
1277,68586
1278,42024
1279,3X33X3
127X,2E4E2
127E,1074701
1280,0
1281,1487841
1282,212212
1283,325523
1284,4690964
1285,15XXX51
1286,62926
1287,2552
1288,80E08
1289,36E63
128X,2049402
128E,4101014
1290,0
1291,2X77X2
1292,2056502
1293,380083
1294,41314
1295,23132
1296,63236
1297,34843
1298,8778
1299,32323
129X,48984
129E,11711
12X0,0
12X1,82E28
12X2,85558
12X3,322E223
12X4,4157514
12X5,19091
12X6,646646
12X7,2061602
12X8,82028
12X9,3883
12XX,41814
12XE,X191X
12E0,0
12E1,18X0X81
12E2,2E575E2
12E3,6X1X6
12E4,4121214
12E5,X212X
12E6,623326
12E7,X6EE6X
12E8,434434
12E9,339E933
12EX,4EE4
12EE,611116
1300,0
1301,133E331
1302,47074
1303,3693963
1304,421X124
1305,282E282
1306,64E5E46
1307,1E9E1
1308,43534
1309,3575753
130X,8EEE8
130E,17EE71
1310,0
1311,70307
1312,2021202
1313,30603
1314,41E9E14
1315,878878
1316,679EEEEEEE976
1317,EX5XE
1318,409X904
1319,307E703
131X,67676
131E,59595
1320,0
1321,1617161
1322,2732372
1323,3231323
1324,41X0X14
1325,164E461
1326,690096
1327,78687
1328,491X194
1329,94E49
132X,25252
132E,263362
1330,0
1331,1331
1332,20202
1333,97979
1334,434E434
1335,1E55E1
1336,6033306
1337,29192
1338,404404
1339,35E0E53
133X,86168
133E,320E023
1340,0
1341,E494E
1342,29EE92
1343,330X033
1344,42X0X24
1345,12E9E21
1346,6141416
1347,43334
1348,45E9E54
1349,33933
134X,2E3EE3E2
134E,36463
1350,0
1351,18X8X81
1352,2469642
1353,9009
1354,86E68
1355,9E8E9
1356,61516
1357,1293921
1358,44X44
1359,39193
135X,875578
135E,48984
1360,0
1361,43834
1362,XX6XX
1363,31613
1364,407704
1365,1068601
1366,624426
1367,128E821
1368,41314
1369,902209
136X,X7XX7X
136E,E959E
1370,0
1371,320023
1372,27X2X72
1373,3531353
1374,4507054
1375,3XX3
1376,6157516
1377,186E681
1378,435E534
1379,643346
137X,62426
137E,X7X7X
1380,0
1381,3800083
1382,6X3X6
1383,90609
1384,4162614
1385,54145
1386,6666
1387,37273
1388,49794
1389,3XE0EX3
138X,605506
138E,12521
1390,0
1391,649946
1392,2438342
1393,69596
1394,41EEE14
1395,50X1X05
1396,6XXX6
1397,2772
1398,4206024
1399,326623
139X,205X502
139E,5E090E5
13X0,0
13X1,2X3X2
13X2,21112
13X3,3652563
13X4,493394
13X5,E424E
13X6,611116
13X7,9X989X9
13X8,416614
13X9,3397933
13XX,409904
13XE,14X8X41
13E0,0
13E1,8X1X8
13E2,X7EE7X
13E3,32623
13E4,4E575E4
13E5,4X5X4
13E6,66566
13E7,3EX9EEEEE9XE3
13E8,89198
13E9,3EE3
13EX,45354
13EE,85358
1400,0
1401,75457
1402,24E0E42
1403,38083
1404,4051504
1405,1939391
1406,64246
1407,8XEX8
1408,4123214
1409,6XEX6
140X,220022
140E,X4994X
1410,0
1411,E5EE5E
1412,858858
1413,3337333
1414,41814
1415,25E8E52
1416,61XEX16
1417,E393E
1418,43134
1419,9E8E9
141X,26E62
141E,214412
1420,0
1421,342X243
1422,4E3E4
1423,3800083
1424,461164
1425,25852
1426,6010106
1427,836638
1428,82828
1429,949949
142X,65156
142E,61116
1430,0
1431,18X8X81
1432,2423242
1433,308803
1434,4327234
1435,87178
1436,6003006
1437,61416
1438,83238
1439,3E6E3
143X,XEXEX
143E,926629
1440,0
1441,1441
1442,49E7E94
1443,33633
1444,441E144
1445,732237
1446,64X6X46
1447,2E5E2
1448,439E934
1449,328X823
144X,2463642
144E,61X16
1450,0
1451,173371
1452,22022
1453,3285823
1454,4139314
1455,X7887X
1456,6E7E6
1457,X8E8X
1458,80108
1459,98889
145X,63XX36
145E,1846481
1460,0
1461,2247422
1462,2X4X2
1463,9779
1464,44E8E44
1465,93739
1466,6005006
1467,7X2E2X7
1468,8X161X8
1469,99399
146X,2484842
146E,75957
1470,0
1471,47374
1472,X4444X
1473,3403043
1474,49XX94
1475,290092
1476,61516
1477,E1771E
1478,4077704
1479,3168613
147X,2845482
147E,13331
1480,0
1481,EXEEXE
1482,2E767E2
1483,3230323
1484,8E00E8
1485,1E7E1
1486,63X5X36
1487,47874
1488,494494
1489,37273
148X,2816182
148E,54EE45
1490,0
1491,18X0X81
1492,652256
1493,34643
1494,825528
1495,3204023
1496,6EE6
1497,5E33E5
1498,48EEXEEEXEE84
1499,320535023
149X,87878
149E,X070X
14X0,0
14X1,XEXEX
14X2,X4E4X
14X3,3692963
14X4,8E0X0E8
14X5,3134313
14X6,6142416
14X7,2992
14X8,41314
14X9,32023
14XX,2E11E2
14XE,1095901
14E0,0
14E1,7X5X7
14E2,24X5X42
14E3,99199
14E4,4107014
14E5,64346
14E6,6183816
14E7,3X7X3
14E8,421124
14E9,6162616
14EX,28682
14EE,411114
1500,0
1501,32323
1502,252252
1503,3345433
1504,40E6E04
1505,7040407
1506,636X636
1507,27E9E72
1508,413314
1509,64946
150X,2057502
150E,2X171X2
1510,0
1511,1245421
1512,4388834
1513,917719
1514,4136314
1515,27472
1516,610282016
1517,97EE79
1518,4227224
1519,92029
151X,X00X
151E,982289
1520,0
1521,713317
1522,417714
1523,35653
1524,49394
1525,5X2X5
1526,6057506
1527,287X782
1528,4147414
1529,32923
152X,20502
152E,7227
1530,0
1531,E474E
1532,2575752
1533,3E5E3
1534,4725274
1535,E9EE9E
1536,6015106
1537,2789872
1538,84E48
1539,38883
153X,49894
153E,1060601
1540,0
1541,542245
1542,2X414X2
1543,3403043
1544,4682864
1545,99299
1546,61X16
1547,3X3X3X3
1548,4E4E4
1549,904409
154X,27X8X72
154E,E888E
1550,0
1551,1551
1552,26E2E62
1553,96969
1554,41514
1555,E040E
1556,610E016
1557,74947
1558,4328234
1559,99E99
155X,8E9E8
155E,52825
1560,0
1561,186681
1562,62526
1563,30603
1564,46064
1565,2E070E2
1566,60E8E06
1567,75257
1568,82028
1569,61216
156X,X454X
156E,14141
1570,0
1571,16E3E61
1572,262262
1573,36663
1574,4397934
1575,2708072
1576,611XEX116
1577,14X1X41
1578,4030304
1579,3XXEEE9EEEXX3
157X,21012
157E,67576
1580,0
1581,921129
1582,87178
1583,615516
1584,42EE24
1585,863368
1586,66266
1587,67876
1588,43834
1589,309903
158X,833338
158E,6E727E6
1590,0
1591,50805
1592,XE8EX
1593,67E76
1594,4137314
1595,73537
1596,6301036
1597,4E3E4
1598,4385834
1599,96369
159X,2X1X2
159E,86EE68
15X0,0
15X1,E929E
15X2,X353X
15X3,3517153
15X4,428X824
15X5,6317136
15X6,614416
15X7,3XXXXX3
15X8,4111114
15X9,3133313
15XX,2783872
15XE,1295921
15E0,0
15E1,4E8E4
15E2,2718172
15E3,32EEE23
15E4,4118114
15E5,2493942
15E6,6E696E6
15E7,2EE2
15E8,4369634
15E9,93EE39
15EX,X8338X
15EE,721127
1600,0
1601,1348431
1602,612216
1603,37673
1604,425524
1605,29092
1606,6081806
1607,11E9E11
1608,41XX14
1609,32EEE23
160X,2E2442E2
160E,2673762
1610,0
1611,381183
1612,89698
1613,632236
1614,82128
1615,1E858E1
1616,617716
1617,7X0X0X7
1618,4E121E4
1619,63736
161X,265E562
161E,7050507
1620,0
1621,47E4E74
1622,272272
1623,6X11X6
1624,458X854
1625,384483
1626,62426
1627,87278
1628,4171714
1629,303X303
162X,X77X
162E,55455
1630,0
1631,6X1X6
1632,65756
1633,3692963
1634,45X3X54
1635,3EX9XE3
1636,6178716
1637,X505X
1638,42X9X24
1639,35253
163X,690X096
163E,7777
1640,0
1641,2114112
1642,450054
1643,96869
1644,40X1X04
1645,6X7X6
1646,6409046
1647,5EEE5
1648,430X034
1649,3243423
164X,66266
164E,41114
1650,0
1651,35553
1652,2X606X2
1653,38683
1654,4529254
1655,517715
1656,611E116
1657,E4E4E
1658,41314
1659,9X6X9
165X,2XEEXEEEXEEX2
165E,164461
1660,0
1661,1661
1662,8EEE8
1663,31X4X13
1664,40X0X04
1665,29E92
1666,6060606
1667,4856584
1668,862268
1669,326623
166X,44744
166E,EX66XE
1670,0
1671,18181
1672,41714
1673,3226223
1674,4142414
1675,127E721
1676,61088016
1677,XE696EX
1678,4195914
1679,35E53
167X,2E353E2
167E,41914
1680,0
1681,89998
1682,819918
1683,32E23
1684,80708
1685,E999E
1686,640046
1687,X7X7X
1688,41E14
1689,91XX19
168X,2EXE2
168E,1373731
1690,0
1691,E8668E
1692,282282
1693,33133
1694,45254
1695,29X8X92
1696,6214126
1697,12611621
1698,4310134
1699,90209
169X,645546
169E,29X0X92
16X0,0
16X1,72427
16X2,2986892
16X3,39693
16X4,4X1X4
16X5,E00E
16X6,61E16
16X7,13511531
16X8,415514
16X9,3513153
16XX,22100122
16XE,1088801
16E0,0
16E1,17E9E71
16E2,64XX46
16E3,966669
16E4,84XX48
16E5,4XXEXX4
16E6,606606
16E7,1311131
16E8,475X574
16E9,60906
16EX,4X33X4
16EE,2X9X2
1700,0
1701,801108
1702,68986
1703,902209
1704,4299924
1705,4590954
1706,6058506
1707,2E22E2
1708,4154514
1709,3525253
170X,X565X
170E,70307
1710,0
1711,1256521
1712,83EE38
1713,30E2E03
1714,41E8E14
1715,91E19
1716,6119116
1717,101101
1718,42XX24
1719,3110113
171X,69496
171E,9E8E9
1720,0
1721,1248421
1722,86368
1723,35X8X53
1724,87E78
1725,7X4X7
1726,61899816
1727,710017
1728,4186814
1729,98E89
172X,2493942
172E,86768
1730,0
1731,5E33E5
1732,X373X
1733,3X6X3
1734,4792974
1735,3E00E3
1736,60E5E06
1737,6005006
1738,48384
1739,99599
173X,265562
173E,EEEEEEEEEEE
1740,0
1741,15X5X51
1742,292292
1743,68786
1744,42024
1745,1084801
1746,6107016
1747,EE8EE
1748,803308
1749,31213
174X,821128
174E,173371
1750,0
1751,1409041
1752,X4664X
1753,3248423
1754,4172714
1755,2E7E2
1756,6067606
1757,30XX03
1758,8309038
1759,3729273
175X,23732
175E,15X51
1760,0
1761,3E66E3
1762,61216
1763,3X9X9X3
1764,414414
1765,62E4E26
1766,6041406
1767,932239
1768,41E1E14
1769,3285823
176X,2541452
176E,1E787E1
1770,0
1771,1771
1772,X06960X
1773,3915193
1774,80508
1775,38183
1776,61716
1777,209902
1778,4567654
1779,30XEX03
177X,85658
177E,313313
1780,0
1781,19391
1782,40E4E04
1783,3E6E3
1784,47974
1785,1045401
1786,68586
1787,2097902
1788,437734
1789,38483
178X,2294922
178E,3863683
1790,0
1791,1E22E1
1792,6EEE6
1793,98E89
1794,41EE14
1795,1608061
1796,602X206
1797,841148
1798,4938394
1799,6X33X6
179X,425X524
179E,493394
17X0,0
17X1,38783
17X2,2903092
17X3,92X29
17X4,8338
17X5,51315
17X6,6118116
17X7,2056502
17X8,45054
17X9,350X053
17XX,24242
17XE,2551552
17E0,0
17E1,212212
17E2,X7X7X
17E3,35653
17E4,43634
17E5,E77E
17E6,6371736
17E7,2035302
17E8,4157514
17E9,6E2E6
17EX,4277724
17EE,31XX13
1800,0
1801,E646E
1802,45454
1803,392293
1804,404E404
1805,1458541
1806,61XX16
1807,E7447E
1808,4594954
1809,90809
180X,2070702
180E,45654
1810,0
1811,58785
1812,X8998X
1813,3E020E3
1814,4909094
1815,714417
1816,612E216
1817,108801
1818,40804
1819,31X9X13
181X,24E5E42
181E,75057
1820,0
1821,42EE24
1822,248X842
1823,323323
1824,861168
1825,45X54
1826,6X11X6
1827,1184811
1828,86968
1829,360063
182X,2348432
182E,1550551
1830,0
1831,98589
1832,2X848X2
1833,65856
1834,4182814
1835,54E4E45
1836,6029206
1837,X8338X
1838,87278
1839,32E23
183X,64246
183E,182281
1840,0
1841,1316131
1842,2590952
1843,30E4E03
1844,4114114
1845,1292921
1846,61016
1847,1065601
1848,416E614
1849,317E713
184X,X414X
184E,16861
1850,0
1851,219912
1852,64746
1853,3555553
1854,4581854
1855,656656
1856,638836
1857,1054501
1858,4E383E4
1859,33E4E33
185X,2112112
185E,265562
1860,0
1861,1X969X1
1862,2E22E2
1863,32XX23
1864,8603068
1865,9X0X9
1866,6040406
1867,1542451
1868,41814
1869,3226223
186X,43EE34
186E,76X67
1870,0
1871,80108
1872,2323232
1873,90209
1874,8X5X8
1875,4177714
1876,6X1X1X6
1877,1634361
1878,4296924
1879,3417143
187X,2XX0XX2
187E,3015103
1880,0
1881,1881
1882,203302
1883,67376
1884,40X5X04
1885,E434E
1886,6308036
1887,10101
1888,8215128
1889,94349
188X,224E422
188E,1366631
1890,0
1891,1X5X1
1892,X2X2X
1893,97E79
1894,4160614
1895,1242421
1896,60EEE06
1897,780087
1898,8781878
1899,3557553
189X,4XEX4
189E,3X2E2X3
18X0,0
18X1,9E9E9
18X2,2150512
18X3,353353
18X4,839938
18X5,746647
18X6,6188816
18X7,1303031
18X8,4133314
18X9,3729273
18XX,8EEE8
18XE,86EEE68
18E0,0
18E1,3E0E3
18E2,2673762
18E3,3595953
18E4,8888
18E5,X63936X
18E6,6688866
18E7,40E04
18E8,42824
18E9,61516
18EX,8X11X8
18EE,1643461
1900,0
1901,2EXEEXEXEEXE2
1902,2720272
1903,3586853
1904,4E6E4
1905,3E3E3
1906,605X506
1907,30X03
1908,80608
1909,32X1X23
190X,622226
190E,1326231
1910,0
1911,X303X
1912,4405044
1913,37E73
1914,41314
1915,294E492
1916,67276
1917,319X913
1918,89X2X98
1919,34643
191X,2708072
191E,179X971
1920,0
1921,100X001
1922,46X7X64
1923,38183
1924,40E4E04
1925,55455
1926,6099906
1927,20902
1928,419914
1929,98XX89
192X,67776
192E,31213
1930,0
1931,3E9E3
1932,24X6X42
1933,6419146
1934,4E66E4
1935,5E11E5
1936,66X8X66
1937,25X9X52
1938,425524
1939,90409
193X,2301032
193E,17671
1940,0
1941,919919
1942,2458542
1943,6E272E6
1944,41X14
1945,1587851
1946,61X3X16
1947,2378732
1948,43834
1949,355553
194X,X9559X
194E,62E26
1950,0
1951,1602061
1952,49194
1953,616616
1954,4101014
1955,4131314
1956,6391936
1957,245E542
1958,400E004
1959,319X913
195X,219912
195E,49394
1960,0
1961,21112
1962,84EE48
1963,33XEX33
1964,870078
1965,851158
1966,6069606
1967,52X25
1968,49594
1969,6X7X6
196X,814418
196E,31913
1970,0
1971,38X4X83
1972,4983894
1973,300X003
1974,4323234
1975,49794
1976,6154516
1977,84E48
1978,4X999X4
1979,3433343
197X,29X8X92
197E,7E7E7
1980,0
1981,63X36
1982,49994
1983,3504053
1984,49X9X94
1985,22E4E22
1986,65956
1987,10801
1988,801108
1989,313313
198X,26962
198E,49E94
1990,0
1991,1991
1992,216612
1993,32123
1994,41E5E14
1995,EE4EE
1996,648846
1997,139E931
1998,44844
1999,3578753
199X,4565654
199E,1265621
19X0,0
19X1,1E7E1
19X2,65EEEEEEEEE56
19X3,6EE4EE6
19X4,48584
19X5,E0330E
19X6,6463646
19X7,96X69
19X8,412X214
19X9,3016103
19XX,43134
19XE,X2772X
19E0,0
19E1,X7X7X
19E2,6X2X6
19E3,64946
19E4,80E08
19E5,1E6XXX6E1
19E6,63036
19E7,126E621
19E8,4769674
19E9,36163
19EX,2X050X2
19EE,27X8X72
1X00,0
1X01,21812
1X02,2789872
1X03,636636
1X04,86968
1X05,65156
1X06,6X7X6
1X07,1259521
1X08,43311334
1X09,3205023
1X0X,292E292
1X0E,877778
1X10,0
1X11,195X591
1X12,2XEX2
1X13,32823
1X14,41XX14
1X15,252252
1X16,61XX16
1X17,1138311
1X18,8081808
1X19,3047403
1X1X,27472
1X1E,1X00X1
1X20,0
1X21,14E4E41
1X22,60106
1X23,64X3X46
1X24,421124
1X25,65856
1X26,622226
1X27,76867
1X28,45854
1X29,3154513
1X2X,X2552X
1X2E,18481
1X30,0
1X31,14X3X41
1X32,448E844
1X33,3104013
1X34,4391934
1X35,1329231
1X36,6065606
1X37,11011
1X38,4391934
1X39,323323
1X3X,X474X
1X3E,2570752
1X40,0
1X41,728827
1X42,40504
1X43,3X6X3
1X44,4423244
1X45,73737
1X46,64546
1X47,1X949X1
1X48,479974
1X49,3371733
1X4X,217X712
1X4E,99799
1X50,0
1X51,88788
1X52,2453542
1X53,3210123
1X54,49E94
1X55,1E181E1
1X56,68586
1X57,66766
1X58,422X224
1X59,9449
1X5X,XE797EX
1X5E,1E6X6E1
1X60,0
1X61,979979
1X62,24E2E42
1X63,3667663
1X64,491X194
1X65,59595
1X66,61316
1X67,44744
1X68,4102014
1X69,3592953
1X6X,24EE42
1X6E,532235
1X70,0
1X71,1E292E1
1X72,X0440X
1X73,656656
1X74,43XXX34
1X75,1951591
1X76,61522516
1X77,33733
1X78,46864
1X79,36X4X63
1X7X,2520252
1X7E,168861
1X80,0
1X81,1896981
1X82,2EXE2
1X83,3E9XEEEEEX9E3
1X84,494494
1X85,989989
1X86,6XXXXX6
1X87,36X4X63
1X88,88188
1X89,67676
1X8X,2665662
1X8E,702207
1X90,0
1X91,4162614
1X92,287X782
1X93,9281829
1X94,869968
1X95,E5995E
1X96,65X56
1X97,22722
1X98,4718174
1X99,3E44E3
1X9X,8X5X8
1X9E,373373
1XX0,0
1XX1,1XX1
1XX2,20902
1XX3,94449
1XX4,810018
1XX5,X7EE7X
1XX6,6146416
1XX7,E2332E
1XX8,41714
1XX9,30303
1XXX,62526
1XXE,83338
1XE0,0
1XE1,4054504
1XE2,210012
1XE3,3855583
1XE4,45654
1XE5,1913191
1XE6,606606
1XE7,1804081
1XE8,4187814
1XE9,98989
1XEX,2E33E2
1XEE,68586
1E00,0
1E01,20E4E02
1E02,493X394
1E03,358853
1E04,85858
1E05,1675761
1E06,60E8E06
1E07,6EE4EE6
1E08,47874
1E09,99299
1E0X,67X9X76
1E0E,1E090E1
1E10,0
1E11,91819
1E12,2268622
1E13,3X2EE2X3
1E14,413314
1E15,76667
1E16,6142416
1E17,57575
1E18,801108
1E19,37X4X73
1E1X,2712172
1E1E,19291
1E20,0
1E21,1145411
1E22,84548
1E23,61516
1E24,43EEE34
1E25,143341
1E26,6E1E6
1E27,37E7E73
1E28,868868
1E29,6376736
1E2X,X989X
1E2E,X010X
1E30,0
1E31,69496
1E32,63736
1E33,976679
1E34,4972794
1E35,92729
1E36,613316
1E37,11711
1E38,871178
1E39,936639
1E3X,6E727E6
1E3E,E9X9E
1E40,0
1E41,46564
1E42,X656X
1E43,383383
1E44,40804
1E45,97E99E79
1E46,6124216
1E47,148841
1E48,4169614
1E49,3X747X3
1E4X,81618
1E4E,EX4XE
1E50,0
1E51,69E96
1E52,42924
1E53,387E783
1E54,4122214
1E55,85758
1E56,601X106
1E57,2X101X2
1E58,48884
1E59,31213
1E5X,4E44E4
1E5E,1592951
1E60,0
1E61,516615
1E62,2E838E2
1E63,6X3X6
1E64,47EEEEEEEEE74
1E65,X171X
1E66,60706
1E67,E6226E
1E68,8225228
1E69,9999
1E6X,26X0X62
1E6E,1229221
1E70,0
1E71,23632
1E72,81EE18
1E73,605506
1E74,842248
1E75,1516151
1E76,64946
1E77,2137312
1E78,4423244
1E79,3617163
1E7X,43XX34
1E7E,1726271
1E80,0
1E81,94549
1E82,2978792
1E83,35553
1E84,4525254
1E85,3248423
1E86,6309036
1E87,134E431
1E88,86968
1E89,39593
1E8X,47474
1E8E,71XX17
1E90,0
1E91,E868E
1E92,2112112
1E93,63336
1E94,4157514
1E95,6E2E6
1E96,6323236
1E97,28XEX82
1E98,426X624
1E99,611116
1E9X,2294922
1E9E,1029201
1EX0,0
1EX1,71517
1EX2,2EX4XE2
1EX3,6361636
1EX4,4380834
1EX5,79597
1EX6,64EEE46
1EX7,131131
1EX8,49894
1EX9,33E0E33
1EXX,21X6X12
1EXE,188X881
1EE0,0
1EE1,1EE1
1EE2,21E12
1EE3,3263623
1EE4,4757574
1EE5,6E9E6
1EE6,6642466
1EE7,59X95
1EE8,43E34
1EE9,3315133
1EEX,29E92
1EEE,87E78
2000,0
2001,1482841
2002,2002
2003,3EEEEE3
2004,84148
2005,2261622
2006,6535356
2007,928829
2008,45E9E54
2009,32123
200X,X242X
200E,1X0X1
2010,0
2011,1E929E1
2012,4229224
2013,30EE03
2014,8X5X8
2015,1E626E1
2016,6X636X6
2017,48384
2018,4465644
2019,3253523
201X,2934392
201E,1855581
2020,0
2021,2429242
2022,2226222
2023,934439
2024,451154
2025,X505X
2026,62EXE26
2027,36463
2028,4179714
2029,6551556
202X,803308
202E,1155511
2030,0
2031,97279
2032,2611162
2033,9E3E9
2034,4145414
2035,8118
2036,6077706
2037,161X161
2038,4X8X4
2039,3516153
203X,605506
203E,940049
2040,0
2041,538835
2042,422E224
2043,65156
2044,874478
2045,XE1EEEEEEE1EX
2046,6116
2047,24542
2048,41366314
2049,988889
204X,2X6X2
204E,3X33X3
2050,0
2051,1E505E1
2052,855558
2053,3524253
2054,458X854
2055,98189
2056,621X126
2057,2XEEX2
2058,429924
2059,3371733
205X,407704
205E,53335
2060,0
2061,27X2X72
2062,2229222
2063,317713
2064,49294
2065,273X372
2066,656656
2067,36E63
2068,4114
2069,3E0E3
206X,X1EE1X
206E,381E183
2070,0
2071,74147
2072,4179714
2073,3229223
2074,43334
2075,401X104
2076,614416
2077,5EEEEE5
2078,8135318
2079,33033
207X,4299924
207E,70307
2080,0
2081,272272
2082,X141X
2083,3264623
2084,821128
2085,1X040X1
2086,619X916
2087,1X4E4X1
2088,4E8E4
2089,63XX36
208X,6226
208E,37373
2090,0
2091,549945
2092,422E224
2093,350X053
2094,49994
2095,E646E
2096,602X206
2097,13E3E31
2098,85358
2099,6125216
209X,2E1E2
209E,8338
20X0,0
20X1,2689862
20X2,872278
20X3,3157513
20X4,454X454
20X5,1646461
20X6,64846
20X7,12621
20X8,4542454
20X9,3697963
20XX,411X1X114
20XE,3X5X5X3
20E0,0
20E1,4X1X4
20E2,623326
20E3,96369
20E4,416614
20E5,1632361
20E6,6E44E6
20E7,1X151X1
20E8,4244424
20E9,3483843
20EX,209902
20EE,E5775E
2100,0
2101,1E11E1
2102,222E222
2103,3243423
2104,4281824
2105,1366631
2106,6720276
2107,52E11E25
2108,4512154
2109,6425246
210X,2590952
210E,1XEX1
2110,0
2111,129X921
2112,2112
2113,3575753
2114,82428
2115,1181811
2116,614E416
2117,37E2E73
2118,4E00E4
2119,652256
211X,4678764
211E,3798973
2120,0
2121,25452
2122,222E222
2123,355553
2124,88E88
2125,1507051
2126,679EEEEEEE976
2127,981189
2128,4544454
2129,373373
212X,89198
212E,1391931
2130,0
2131,42E0E24
2132,205X502
2133,38283
2134,454454
2135,21E5E12
2136,6103016
2137,4E747E4
2138,40604
2139,6759576
213X,4E0E4
213E,219X912
2140,0
2141,1510151
2142,2112112
2143,3020203
2144,4054504
2145,8558
2146,6142416
2147,3289823
2148,416X614
2149,3103013
214X,425524
214E,1X8E8X1
2150,0
2151,3971793
2152,4169614
2153,3557553
2154,4985894
2155,XE5EX
2156,6446
2157,141141
2158,4136314
2159,94649
215X,X6666X
215E,2135312
2160,0
2161,2445442
2162,222X222
2163,3E121E3
2164,45E4E54
2165,3308033
2166,641146
2167,163361
2168,4938394
2169,6493946
216X,4E7E4
216E,2102012
2170,0
2171,51X15
2172,2XE3EX2
2173,38983
2174,493E394
2175,6EX6XE6
2176,64X3X46
2177,859958
2178,4334
2179,6135316
217X,2697962
217E,1142411
2180,0
2181,25E52
2182,2229222
2183,99899
2184,4045404
2185,EE5EE
2186,6213126
2187,31EXE13
2188,82728
2189,303303
218X,XX9XX
218E,2E666E2
2190,0
2191,560E065
2192,X3333X
2193,3E3113E3
2194,45854
2195,E2E2E2E
2196,602206
2197,39193
2198,45X6X54
2199,383383
219X,6556
219E,91919
21X0,0
21X1,E5775E
21X2,650056
21X3,3981893
21X4,85358
21X5,1998991
21X6,617X716
21X7,725527
21X8,4140414
21X9,3878783
21XX,218812
21XE,8778
21E0,0
21E1,78X87
21E2,2588852
21E3,3525253
21E4,4151514
21E5,2651562
21E6,6160616
21E7,26362
21E8,4187814
21E9,3214123
21EX,21X6X12
21EE,1E9E1
2200,0
2201,52X25
2202,2226222
2203,3870783
2204,437E734
2205,2178712
2206,6157516
2207,2EXEEXEXEEXE2
2208,45X3X54
2209,61X16
220X,4678764
220E,1EX7XE1
2210,0
2211,225522
2212,X838X
2213,3513153
2214,4162614
2215,177E771
2216,64246
2217,39893
2218,42124
2219,3050503
221X,4078704
221E,3923293
2220,0
2221,4E5E5E4
2222,2222
2223,3210123
2224,8053508
2225,1855581
2226,68986
2227,2162612
2228,4503054
2229,385X583
222X,2X3E3X2
222E,4E202E4
2230,0
2231,292292
2232,2703072
2233,62526
2234,4727274
2235,X7E9E7X
2236,69096
2237,2395932
2238,8E4E8
2239,3512153
223X,40304
223E,3X0X3
2240,0
2241,2E848E2
2242,2704072
2243,3851583
2244,44XX44
2245,3509053
2246,619916
2247,35XXX53
2248,4172714
2249,393393
224X,X101X
224E,58285
2250,0
2251,53X35
2252,2344432
2253,93XEX39
2254,4118114
2255,8998
2256,6132316
2257,13531
2258,869X968
2259,63036
225X,60X06
225E,1E424E1
2260,0
2261,E9229E
2262,2952592
2263,3134313
2264,44E8E44
2265,101626101
2266,6776
2267,81418
2268,4561654
2269,99399
226X,4X787X4
226E,94E49
2270,0
2271,17E5E71
2272,85E58
2273,3E979E3
2274,88288
2275,601106
2276,6464646
2277,E11E
2278,426E624
2279,3242423
227X,28E1E82
227E,3X7X3
2280,0
2281,7E6E7
2282,2EX4XE2
2283,3253523
2284,42X9X24
2285,234E432
2286,67E9E76
2287,95659
2288,4554
2289,3340433
228X,6488846
228E,E3E3E
2290,0
2291,27272
2292,6098906
2293,31E13
2294,41114
2295,101101
2296,61816
2297,2186812
2298,4371734
2299,326623
229X,20702
229E,E444E
22X0,0
22X1,54X45
22X2,XEEEX
22X3,96169
22X4,4201024
22X5,400E004
22X6,6162616
22X7,2150512
22X8,499EEEEEEE994
22X9,3816183
22XX,6886
22XE,4938394
22E0,0
22E1,240E042
22E2,45E9E54
22E3,3E4X4E3
22E4,43X1X34
22E5,60EE06
22E6,66766
22E7,X6E1E6X
22E8,480084
22E9,3X33X3
22EX,2294922
22EE,8EE8
2300,0
2301,83038
2302,87678
2303,612216
2304,48384
2305,409904
2306,6684866
2307,151151
2308,43X34
2309,3277723
230X,4903094
230E,1119111
2310,0
2311,3783873
2312,62626
2313,970079
2314,4502054
2315,308803
2316,6463646
2317,1089801
2318,410014
2319,3283823
231X,X454X
231E,2E747E2
2320,0
2321,259952
2322,2462642
2323,32623
2324,4340434
2325,5EE9EE5
2326,604040406
2327,76XX67
2328,45XXX54
2329,60E5E06
232X,461164
232E,12E1E21
2330,0
2331,27972
2332,2332
2333,6124216
2334,4580854
2335,207702
2336,654X456
2337,70207
2338,4E1E4
2339,93639
233X,8X8E8X8
233E,2734372
2340,0
2341,1675761
2342,281182
2343,322223
2344,8E1E8
2345,932239
2346,6499946
2347,2632362
2348,415514
2349,65756
234X,63436
234E,79797
2350,0
2351,623326
2352,89198
2353,3E797E3
2354,414414
2355,460E064
2356,6666666
2357,98889
2358,4566654
2359,937739
235X,84948
235E,101929101
2360,0
2361,2720272
2362,207E702
2363,303E303
2364,4147414
2365,128821
2366,6212126
2367,28182
2368,4131314
2369,3E33E3
236X,2428242
236E,2673762
2370,0
2371,314413
2372,2268622
2373,33133
2374,4338334
2375,10E1E01
2376,6XX6
2377,111E111
2378,41XX14
2379,3517153
237X,X16X61X
237E,1415141
2380,0
2381,56X65
2382,2968692
2383,3241423
2384,470074
2385,E5665E
2386,64246
2387,E66E
2388,4763674
2389,39EEXEEEXEE93
238X,21512
238E,421124
2390,0
2391,3345433
2392,4X313X4
2393,3EE7EE3
2394,869968
2395,106601
2396,6112116
2397,2E676E2
2398,4774
2399,3530353
239X,2492942
239E,634436
23X0,0
23X1,2E22E2
23X2,2X9X9X2
23X3,91119
23X4,4E686E4
23X5,847748
23X6,61E1E16
23X7,1X6X6X1
23X8,45554
23X9,310013
23XX,X7X7X
23XE,1E767E1
23E0,0
23E1,E535E
23E2,X343X
23E3,905509
23E4,86568
23E5,1617161
23E6,6026206
23E7,3994993
23E8,442X244
23E9,3351533
23EX,6EE6
23EE,213312
2400,0
2401,1E1E1E1
2402,65056
2403,370073
2404,4604064
2405,533335
2406,66E00E66
2407,14441
2408,84648
2409,320023
240X,49E5E94
240E,142241
2410,0
2411,57X75
2412,20522502
2413,3271723
2414,4160614
2415,16344361
2416,617716
2417,2296922
2418,4295924
2419,30X3X03
241X,2E0E0E2
241E,3234323
2420,0
2421,87378
2422,4E515E4
2423,3E3X3E3
2424,43834
2425,85XXXX58
2426,6723276
2427,9EXE9
2428,8616168
2429,645546
242X,X4XX4X
242E,42EE24
2430,0
2431,270072
2432,2704072
2433,316E613
2434,41X1X14
2435,96XX69
2436,6512156
2437,2366632
2438,4133314
2439,6725276
243X,X5335X
243E,2436342
2440,0
2441,29092
2442,2442
2443,328X823
2444,42322324
2445,757757
2446,6489846
2447,1E212E1
2448,47X5X74
2449,325523
244X,88188
244E,3302033
2450,0
2451,4323234
2452,294492
2453,32XX23
2454,4137314
2455,30288203
2456,6204026
2457,651156
2458,869968
2459,3092903
245X,818818
245E,218812
2460,0
2461,58X85
2462,4746474
2463,68986
2464,43XX34
2465,20799702
2466,6E2E6
2467,2691962
2468,4168614
2469,3592953
246X,29EEEEEEEEE92
246E,12X4X21
2470,0
2471,170E071
2472,437734
2473,94049
2474,41E2E14
2475,1X55X1
2476,6700076
2477,74347
2478,4061604
2479,303X303
247X,22322
247E,X9449X
2480,0
2481,E8E8E
2482,26X7X62
2483,934439
2484,4393934
2485,2010102
2486,624426
2487,4187814
2488,47074
2489,69496
248X,2403042
248E,1X656X1
2490,0
2491,77E8E77
2492,X09E90X
2493,6475746
2494,414414
2495,10EE01
2496,6404046
2497,EEEE
2498,87278
2499,99799
249X,2137312
249E,80108
24X0,0
24X1,29792
24X2,26X4X62
24X3,31X7X13
24X4,456E654
24X5,30103
24X6,61XXX16
24X7,89X98
24X8,4994
24X9,3354533
24XX,2849482
24XE,122X221
24E0,0
24E1,59X95
24E2,863E368
24E3,3836383
24E4,4114114
24E5,40304
24E6,67776
24E7,2X9E9X2
24E8,40X5X04
24E9,90809
24EX,27X7X72
24EE,382E283
2500,0
2501,12E0E21
2502,X818X
2503,6E979E6
2504,40344304
2505,60706
2506,63036
2507,14E41
2508,43X0X34
2509,3264623
250X,686686
250E,80E08
2510,0
2511,2E959E2
2512,2498942
2513,335E533
2514,45454
2515,780087
2516,6160616
2517,13300331
2518,8035308
2519,3675763
251X,2690962
251E,272272
2520,0
2521,1E878E1
2522,X3993X
2523,3504053
2524,406X604
2525,10201
2526,6524256
2527,459E954
2528,4926294
2529,3885883
252X,2617162
252E,X1X1X
2530,0
2531,3459543
2532,68586
2533,61216
2534,84048
2535,51015
2536,6277726
2537,E8228E
2538,4075704
2539,61300316
253X,2E131E2
253E,788E887
2540,0
2541,5XXX5
2542,4564654
2543,313X313
2544,424424
2545,E272E
2546,64XX46
2547,1302031
2548,4784874
2549,9X9X9X9
254X,2070702
254E,2XXEEEEEEEXX2
2550,0
2551,394E493
2552,2552
2553,35853
2554,4565654
2555,62E5E26
2556,62EXE26
2557,512215
2558,4676764
2559,3739373
255X,4101014
255E,31X0X13
2560,0
2561,1812181
2562,2X77X2
2563,38XXXX83
2564,4038304
2565,30E03
2566,6647466
2567,4423244
2568,41314
2569,3506053
256X,23132
256E,1322231
2570,0
2571,7900097
2572,4405044
2573,3152513
2574,478874
2575,338E833
2576,64646
2577,15351
2578,48984
2579,6EEE6
257X,858858
257E,3908093
2580,0
2581,31113
2582,82E28
2583,3244423
2584,85558
2585,20902
2586,6E080E6
2587,1683861
2588,4157514
2589,3758573
258X,20044002
258E,326X623
2590,0
2591,5EXE5
2592,2061602
2593,63XXX36
2594,4501054
2595,93839
2596,623326
2597,3437343
2598,41814
2599,320E023
259X,X191X
259E,109X901
25X0,0
25X1,62726
25X2,40E4E04
25X3,36363
25X4,4274724
25X5,X454X
25X6,6X1X6
25X7,11XX11
25X8,4121214
25X9,3632363
25XX,X212X
25XE,230032
25E0,0
25E1,1X303X1
25E2,X6EE6X
25E3,38EXE83
25E4,434434
25E5,73437
25E6,6928296
25E7,78487
25E8,4EE4
25E9,3X909X3
25EX,611116
25EE,1898981
2600,0
2601,31613
2602,2X9X9X2
2603,3350533
2604,47074
2605,84148
2606,6243426
2607,3397933
2608,4315134
2609,356653
260X,282E282
260E,63236
2610,0
2611,2083802
2612,614416
2613,615XX516
2614,86X68
2615,12E2E21
2616,6146416
2617,2857582
2618,8EEE8
2619,3510153
261X,285582
261E,42324
2620,0
2621,4X3X3X4
2622,2810182
2623,90209
2624,4042404
2625,10701
2626,617716
2627,171171
2628,41E9E14
2629,315X513
262X,878878
262E,63736
2630,0
2631,22E1E22
2632,2529252
2633,3X55X3
2634,4351534
2635,84E48
2636,616X616
2637,72XEX27
2638,4521254
2639,3EEE3
263X,61XX16
263E,32600623
2640,0
2641,31E13
2642,2X959X2
2643,32E3E23
2644,439E934
2645,228E822
2646,61X6X16
2647,E222E
2648,41X0X14
2649,3347433
264X,2301032
264E,21412
2650,0
2651,2E5E2
2652,2453542
2653,3E282E3
2654,491X194
2655,53535
2656,6398936
2657,21X1X12
2658,4X4X4
2659,32123
265X,263362
265E,X707X
2660,0
2661,1572751
2662,2662
2663,3289823
2664,40404
2665,1747471
2666,6179716
2667,3481843
2668,4555554
2669,61X8X16
266X,224E422
266E,6277726
2670,0
2671,96869
2672,29192
2673,3E99E3
2674,808808
2675,2511001152
2676,6784876
2677,15X51
2678,86168
2679,64746
267X,4490944
267E,1794971
2680,0
2681,120E021
2682,204050402
2683,3E11E3
2684,409904
2685,1924291
2686,614E416
2687,6E22E6
2688,4717174
2689,3729273
268X,2241422
268E,E3EE3E
2690,0
2691,X7887X
2692,43334
2693,30E9E03
2694,45E9E54
2695,75957
2696,61188116
2697,234E432
2698,491EE194
2699,32623
269X,81718
269E,E4444E
26X0,0
26X1,1161611
26X2,24E2E42
26X3,907709
26X4,4144414
26X5,335E533
26X6,616616
26X7,65256
26X8,86E68
26X9,322E223
26XX,2520252
26XE,21912
26E0,0
26E1,726627
26E2,2868682
26E3,9341439
26E4,4954594
26E5,229E922
26E6,64XEEX46
26E7,249942
26E8,875578
26E9,32344323
26EX,48984
26EE,25X6X52
2700,0
2701,85EXE58
2702,43834
2703,609906
2704,4E525E4
2705,EX2XE
2706,6545456
2707,65756
2708,436634
2709,3271723
270X,X04E40X
270E,X959X
2710,0
2711,49EEE9E9EEE94
2712,46X7X64
2713,3779773
2714,41314
2715,241142
2716,6144416
2717,5010105
2718,4154514
2719,32E23
271X,X7X5X7X
271E,14X3X41
2720,0
2721,X9559X
2722,640046
2723,3599953
2724,4621264
2725,32X0X23
2726,6X101X6
2727,16261
2728,4507054
2729,327X723
272X,219912
272E,88188
2730,0
2731,5578755
2732,468E864
2733,32355323
2734,435E534
2735,33133
2736,643346
2737,1120211
2738,801108
2739,320595023
273X,X7X7X
273E,1E33E1
2740,0
2741,19EEE91
2742,8185818
2743,3794973
2744,831138
2745,44344
2746,6700076
2747,1261621
2748,4162614
2749,99899
274X,83538
274E,9X868X9
2750,0
2751,1336331
2752,45X0X54
2753,3228223
2754,49794
2755,66766
2756,6381836
2757,13X3X31
2758,48XEX84
2759,328E823
275X,24X42
275E,88E88
2760,0
2761,4X77X4
2762,649946
2763,94E49
2764,8595958
2765,5900095
2766,69596
2767,8X757X8
2768,41EEE14
2769,6112116
276X,6836386
276E,1622261
2770,0
2771,X111X
2772,2772
2773,311113
2774,435E534
2775,11211
2776,610676016
2777,2050502
2778,4486844
2779,90322309
277X,841E148
277E,XEXEX
2780,0
2781,40833804
2782,2X3X2
2783,38X83
2784,42224
2785,56065
2786,611E116
2787,14X4X41
2788,493394
2789,3378733
278X,2X303X2
278E,13X2X31
2790,0
2791,370073
2792,XX696XX
2793,3525253
2794,452254
2795,164E461
2796,62X11X26
2797,181181
2798,409904
2799,3536353
279X,2386832
279E,61E1E16
27X0,0
27X1,4881884
27X2,8X1X8
27X3,67776
27X4,45X0X54
27X5,68EE86
27X6,6754576
27X7,E898E
27X8,8X393X8
27X9,6XE4EX6
27XX,4X5X4
27XE,339E933
27E0,0
27E1,E3553E
27E2,4X9XEEEEEX9X4
27E3,3EX00XE3
27E4,4784874
27E5,33E33
27E6,61XX16
27E7,946649
27E8,45354
27E9,91319
27EX,85358
27EE,6665666
2800,0
2801,9877789
2802,2458542
2803,3346433
2804,49X9X94
2805,7777777
2806,6432346
2807,51515
2808,4195914
2809,3208023
280X,241X142
280E,1998991
2810,0
2811,34143
2812,8XEX8
2813,39593
2814,4123214
2815,22922
2816,6XEX6
2817,11E6E11
2818,41EE14
2819,635536
281X,X4994X
281E,9E393E9
2820,0
2821,1467641
2822,2X525X2
2823,3545453
2824,858858
2825,1E161E1
2826,6124216
2827,16961
2828,45854
2829,323323
282X,25E8E52
282E,172X271
2830,0
2831,68786
2832,2599952
2833,97779
2834,43134
2835,49EXE94
2836,6107016
2837,1X404X1
2838,83738
2839,93XEX39
283X,214412
283E,252252
2840,0
2841,1423241
2842,426E624
2843,3456543
2844,4E3E4
2845,7X4X7
2846,6142416
2847,2128212
2848,8049408
2849,92829
284X,25852
284E,E040E
2850,0
2851,34643
2852,836638
2853,3265623
2854,4178714
2855,36X5X63
2856,6902096
2857,X454X
2858,8E2E2E8
2859,3647463
285X,61116
285E,69296
2860,0
2861,2397932
2862,8XX5XX8
2863,3X0X3
2864,4846484
2865,3X9X9X3
2866,62X8X26
2867,3476743
2868,494X494
2869,381183
286X,87178
286E,46364
2870,0
2871,8E88E8
2872,61416
2873,303X303
2874,4351534
2875,11711
2876,617716
2877,8616168
2878,421124
2879,6098906
287X,2467642
287E,69796
2880,0
2881,E6776E
2882,2882
2883,324423
2884,49E7E94
2885,5819185
2886,61716
2887,972279
2888,4567654
2889,3579753
288X,4047404
288E,718817
2890,0
2891,34E43
2892,2E5E2
2893,65EEEEEEEEE56
2894,45XXX54
2895,15X2X51
2896,6657566
2897,17171
2898,4363634
2899,3269623
289X,61X16
289E,23432
28X0,0
28X1,70X07
28X2,40E77E04
28X3,35E0E53
28X4,44044
28X5,58585
28X6,6123216
28X7,53035
28X8,4139314
28X9,35153
28XX,X7887X
28XE,13E8E31
28E0,0
28E1,1961691
28E2,X8E8X
28E3,6156516
28E4,80108
28E5,184481
28E6,6573756
28E7,7005007
28E8,433E334
28E9,3912193
28EX,2316132
28EE,1395931
2900,0
2901,1229221
2902,2247422
2903,9X3X9
2904,4244424
2905,1301031
2906,68EE86
2907,3198913
2908,886E688
2909,6X7X6
290X,2934392
290E,985589
2910,0
2911,18E1E81
2912,871E178
2913,3E0X0E3
2914,8X474X8
2915,4145414
2916,61E2E16
2917,348843
2918,4399934
2919,32E5E23
291X,2074702
291E,729927
2920,0
2921,3173713
2922,47374
2923,3551553
2924,4483844
2925,1965691
2926,6348436
2927,4E999E4
2928,49XX94
2929,35653
292X,290092
292E,2416142
2930,0
2931,540X045
2932,4458544
2933,60106
2934,4137314
2935,5160615
2936,6156516
2937,6E2E6
2938,4179714
2939,327723
293X,26662
293E,23932
2940,0
2941,X797X
2942,2E696E2
2943,321E123
2944,4937394
2945,392293
2946,61XEX16
2947,191191
2948,459E954
2949,3614163
294X,24EE42
294E,3887883
2950,0
2951,E9999E
2952,47874
2953,90809
2954,494494
2955,X9X8X9X
2956,6085806
2957,6E7E6
2958,4152514
2959,3250523
295X,610E016
295E,118811
2960,0
2961,1438341
2962,6E040E6
2963,37X3X73
2964,8278728
2965,263362
2966,62X4X26
2967,673E376
2968,86EE68
2969,35E53
296X,6408046
296E,73XX37
2970,0
2971,7X00X7
2972,2289822
2973,9704079
2974,49EXXEEEXXE94
2975,272E272
2976,6118E8116
2977,657X756
2978,87878
2979,3015103
297X,X070X
297E,2273722
2980,0
2981,218812
2982,XEXEX
2983,35X8X53
2984,8678768
2985,36163
2986,680E086
2987,5X00X5
2988,43733734
2989,3507053
298X,6268626
298E,190X091
2990,0
2991,X949X
2992,2992
2993,30703
2994,82628
2995,48384
2996,64046
2997,17871
2998,887E788
2999,61316
299X,6197916
299E,9E11E9
29X0,0
29X1,3X151X3
29X2,4213124
29X3,3065603
29X4,86XEX68
29X5,103E301
29X6,645546
29X7,13X9X31
29X8,4107014
29X9,3791973
29XX,64346
29XE,E656E
29E0,0
29E1,410014
29E2,2E444E2
29E3,3811183
29E4,453354
29E5,X90109X
29E6,6162616
29E7,9XE2EX9
29E8,80308
29E9,3430343
29EX,411114
29EE,74EE47
2X00,0
2X01,2568652
2X02,64646
2X03,32E0E23
2X04,4X44X4
2X05,12221
2X06,623E326
2X07,412214
2X08,4322234
2X09,3555553
2X0X,26X44X62
2X0E,533X335
2X10,0
2X11,2145412
2X12,27E9E72
2X13,3379733
2X14,413314
2X15,5E0E5
2X16,64946
2X17,7142417
2X18,41E3E14
2X19,3EE5EE3
2X1X,2X171X2
2X1E,13X5X31
2X20,0
2X21,74347
2X22,248X842
2X23,93139
2X24,4388834
2X25,18EEE81
2X26,680E086
2X27,38XX83
2X28,4136314
2X29,3522253
2X2X,27472
2X2E,24E7E42
2X30,0
2X31,1199911
2X32,8XXEXX8
2X33,30XXX03
2X34,8495948
2X35,E1111E
2X36,6135316
2X37,416614
2X38,404404
2X39,99299
2X3X,8XE1EX8
2X3E,1111111
2X40,0
2X41,2734372
2X42,65E2E56
2X43,62526
2X44,417714
2X45,36E63
2X46,6132316
2X47,18081
2X48,49394
2X49,611116
2X4X,X333X
2X4E,1X252X1
2X50,0
2X51,418814
2X52,287X782
2X53,909909
2X54,45X0X54
2X55,3E9EEE9EEE9E3
2X56,60E6E06
2X57,2083802
2X58,40X04
2X59,3E575E3
2X5X,419914
2X5E,23E9E32
2X60,0
2X61,37173
2X62,2E171E2
2X63,393E393
2X64,4E7E7E4
2X65,24942
2X66,6484846
2X67,94349
2X68,4983894
2X69,9004009
2X6X,2370732
2X6E,215512
2X70,0
2X71,1471741
2X72,2789872
2X73,67X9X76
2X74,84E48
2X75,26E7E62
2X76,6181816
2X77,56465
2X78,49894
2X79,978879
2X7X,6E979E6
2X7E,105E501
2X80,0
2X81,2904092
2X82,X8448X
2X83,3841483
2X84,4774774
2X85,1E585E1
2X86,6806086
2X87,267X762
2X88,4938394
2X89,9X7X9
2X8X,4107014
2X8E,274472
2X90,0
2X91,75957
2X92,4E383E4
2X93,3211123
2X94,4120214
2X95,2XE9EX2
2X96,631E136
2X97,879E978
2X98,47X5X74
2X99,9010109
2X9X,4179714
2X9E,3729273
2XX0,0
2XX1,37673
2XX2,2XX2
2XX3,31913
2XX4,459X954
2XX5,1083801
2XX6,6721276
2XX7,1X515X1
2XX8,41514
2XX9,63736
2XXX,4X747X4
2XXE,95559
2XE0,0
2XE1,E494E
2XE2,67X4X76
2XE3,321123
2XE4,4328234
2XE5,1X2442X1
2XE6,6372736
2XE7,1X11X1
2XE8,8E9E8
2XE9,3E44E3
2XEX,6206026
2XEE,4X3X4
2E00,0
2E01,1340431
2E02,4X1X1X4
2E03,3002003
2E04,809908
2E05,12721
2E06,606000606
2E07,1231321
2E08,49E22E94
2E09,614E416
2E0X,2E070E2
2E0E,1E444E1
2E10,0
2E11,4099904
2E12,83538
2E13,9299929
2E14,41E3E14
2E15,53XEX35
2E16,61216
2E17,1207021
2E18,8147418
2E19,6968696
2E1X,28282
2E1E,1E212E1
2E20,0
2E21,37E73
2E22,4328234
2E23,932239
2E24,412101214
2E25,5789875
2E26,67276
2E27,10733701
2E28,86X5X68
2E29,69XEX96
2E2X,2708072
2E2E,25452
2E30,0
2E31,1X373X1
2E32,8541458
2E33,96769
2E34,8060608
2E35,387X783
2E36,67XXEEEEEXX76
2E37,174471
2E38,42024
2E39,38183
2E3X,67576
2E3E,5226225
2E40,0
2E41,861168
2E42,23X6X32
2E43,6692966
2E44,87178
2E45,29X2X92
2E46,615516
2E47,18781
2E48,434434
2E49,66E3E66
2E4X,863368
2E4E,539E935
2E50,0
2E51,35X6X53
2E52,67876
2E53,64946
2E54,4152514
2E55,140041
2E56,63E3E36
2E57,865568
2E58,833338
2E59,654456
2E5X,6E727E6
2E5E,4677764
2E60,0
2E61,5101015
2E62,8032308
2E63,3005003
2E64,867768
2E65,X1XX1X
2E66,67E76
2E67,28X5X82
2E68,4137314
2E69,3518153
2E6X,614416
2E6E,1X565X1
2E70,0
2E71,869968
2E72,4E3E4
2E73,3942493
2E74,4385834
2E75,5213125
2E76,61777716
2E77,97979
2E78,8453548
2E79,38683
2E7X,86EE68
2E7E,88EE88
2E80,0
2E81,E787E
2E82,81E22E18
2E83,6771776
2E84,4622264
2E85,3853583
2E86,6344436
2E87,2597952
2E88,4721274
2E89,3381833
2E8X,6317136
2E8E,25952
2E90,0
2E91,3X5E5X3
2E92,48XEX84
2E93,3X979X3
2E94,4111114
2E95,5179715
2E96,6266626
2E97,1963691
2E98,45X5X54
2E99,3293923
2E9X,4821284
2E9E,515515
2EX0,0
2EX1,132231
2EX2,4E8E4
2EX3,3443443
2EX4,4914194
2EX5,2413142
2EX6,6X696X6
2EX7,E0990E
2EX8,4118114
2EX9,64X9X46
2EXX,2493942
2EXE,1283821
2EE0,0
2EE1,11322311
2EE2,2EE2
2EE3,32E23
2EE4,4369634
2EE5,285582
2EE6,60X8X06
2EE7,1X88X1
2EE8,4423244
2EE9,38E83
2EEX,2541452
2EEE,98E89
3000,0
3001,2396932
3002,8EEEEE8
3003,3003
3004,4X535X4
3005,2EEXEE2
3006,6493946
3007,454X454
3008,84XX48
3009,93239
300X,29092
300E,1963691
3010,0
3011,79297
3012,2EX4XE2
3013,9166619
3014,41XX14
3015,39193
3016,6193916
3017,2XEEEXEXEEEX2
3018,402494204
3019,3478743
301X,2673762
301E,1467641
3020,0
3021,1744471
3022,X0E5E0X
3023,3E020E3
3024,89698
3025,3X00X3
3026,632236
3027,1229221
3028,86768
3029,3841483
302X,27E2E72
302E,261E162
3030,0
3031,4051504
3032,X4X7X4X
3033,3339333
3034,4E121E4
3035,3244423
3036,63736
3037,3200023
3038,4388834
3039,902209
303X,20366302
303E,5124215
3040,0
3041,55E7E55
3042,47E4E74
3043,3117113
3044,886E688
3045,3559553
3046,6X11X6
3047,9119
3048,458X854
3049,3480843
304X,408E804
304E,525525
3050,0
3051,EX7XE
3052,87278
3053,3522253
3054,45011054
3055,13231
3056,6463646
3057,3830383
3058,465564
3059,605506
305X,XX8XX
305E,2035302
3060,0
3061,11E6E11
3062,6X1X6
3063,3005003
3064,4856584
3065,5324235
3066,60722706
3067,1E11E1
3068,45X3X54
3069,6116
306X,4112114
306E,1388831
3070,0
3071,6371736
3072,X505X
3073,9X525X9
3074,8888888
3075,911119
3076,6X4X6
3077,3X5X5X3
3078,8929298
3079,36X9X63
307X,202202
307E,291192
3080,0
3081,7X8X7
3082,2114112
3083,322X223
3084,450054
3085,X5XX5X
3086,6225226
3087,85X9X58
3088,4178714
3089,6293926
308X,6X7X6
308E,9229
3090,0
3091,41014
3092,4123214
3093,982289
3094,4594954
3095,39E93
3096,6486846
3097,9X161X9
3098,870078
3099,3538353
309X,41114
309E,3441443
30X0,0
30X1,18EEE81
30X2,6XXX6
30X3,35XXX53
30X4,4X474X4
30X5,223E322
30X6,6127216
30X7,41214
30X8,4913194
30X9,323E6E323
30XX,8681868
30XE,1065601
30E0,0
30E1,3X1X3
30E2,2887882
30E3,614416
30E4,41314
30E5,26962
30E6,6497946
30E7,19691
30E8,48EEXEEEXEE84
30E9,308803
30EX,X3663X
30EE,535535
3100,0
3101,41414
3102,X656X
3103,3002003
3104,8EEE8
3105,4X676X4
3106,6115116
3107,4E626E4
3108,459X954
3109,3E404E3
310X,29E92
310E,3785873
3110,0
3111,9563659
3112,4856584
3113,3113
3114,45000054
3115,36X2X63
3116,614E416
3117,41614
3118,44744
3119,376X673
311X,205X502
311E,296692
3120,0
3121,62EXE26
3122,6370736
3123,6418146
3124,41714
3125,80E6E08
3126,6185816
3127,5E3E5
3128,4142414
3129,348X843
312X,6057506
312E,26EXE62
3130,0
3131,3X6X3
3132,XE696EX
3133,9X212X9
3134,4195914
3135,118811
3136,64E8E46
3137,702207
3138,4XXEXX4
3139,67E55E76
313X,41914
313E,2E575E2
3140,0
3141,2X959X2
3142,89998
3143,971X179
3144,819918
3145,1141411
3146,615516
3147,41X14
3148,80708
3149,97379
314X,495X594
314E,2E040E2
3150,0
3151,25E1E52
3152,X7X7X
3153,649X946
3154,41E14
3155,13731
3156,6204026
3157,9449
3158,4338334
3159,30E2E03
315X,4885884
315E,1E808E1
3160,0
3161,1E252E1
3162,2XE1EX2
3163,322X223
3164,426E624
3165,2580852
3166,66266
3167,1E88E1
3168,45254
3169,93XX39
316X,29X8X92
316E,545545
3170,0
3171,3XEX3
3172,2674E4762
3173,91819
3174,4310134
3175,3858583
3176,6454546
3177,10E5E01
3178,4396934
3179,6336
317X,29X0X92
317E,27472
3180,0
3181,11X7X11
3182,6035306
3183,614E416
3184,4363634
3185,579E975
3186,60211206
3187,36X7X63
3188,43X1X34
3189,3E1E3
318X,272272
318E,2719172
3190,0
3191,2EE6EE2
3192,22X55X22
3193,3693963
3194,82XX28
3195,2829282
3196,6341436
3197,E7XX7E
3198,41488414
3199,38EEEEEEEEE83
319X,2563652
319E,9559
31X0,0
31X1,2739372
31X2,4351534
31X3,632236
31X4,4162614
31X5,E383E
31X6,6112116
31X7,4E979E4
31X8,8229228
31X9,317713
31XX,4XXEXX4
31XE,2E5E5E2
31E0,0
31E1,3794973
31E2,2622262
31E3,6103016
31E4,475X574
31E5,18E1E81
31E6,60906
31E7,1855581
31E8,4X33X4
31E9,3780873
31EX,2X9X2
31EE,2103012
3200,0
3201,2E44E2
3202,801108
3203,6336336
3204,41EEE14
3205,1748471
3206,6273726
3207,9796979
3208,4948494
3209,3E6E3
320X,4590954
320E,3E000E3
3210,0
3211,1055501
3212,2E22E2
3213,39X7X93
3214,4154514
3215,2434342
3216,6418146
3217,3X979X3
3218,4633364
3219,92X0X29
321X,23E1E32
321E,27972
3220,0
3221,958859
3222,4649464
3223,3223
3224,83EE38
3225,2795972
3226,64X6X46
3227,8E7X7E8
3228,4914194
3229,31X2X13
322X,2X121X2
322E,2768672
3230,0
3231,3852583
3232,202202
3233,3698963
3234,4E33E4
3235,287X782
3236,6220226
3237,86168
3238,4347434
3239,641146
323X,X7EE7X
323E,21744712
3240,0
3241,2357532
3242,2861682
3243,9478749
3244,86368
3245,2X77X2
3246,6471746
3247,275E572
3248,4144414
3249,3EEE3
324X,X8338X
324E,811118
3250,0
3251,86568
3252,2021202
3253,9085809
3254,4990994
3255,X191X
3256,652256
3257,729927
3258,4774774
3259,967769
325X,86768
325E,597X795
3260,0
3261,491EE194
3262,2847482
3263,357E753
3264,47X5X74
3265,957E759
3266,6E272E6
3267,9779
3268,82X7X28
3269,3884883
326X,4918194
326E,2E070E2
3270,0
3271,2160612
3272,6005006
3273,6XE7EX6
3274,86E68
3275,E646E
3276,6XX3XX6
3277,4699964
3278,473374
3279,3015103
327X,29EEEEEEEEE92
327E,818818
3280,0
3281,2974792
3282,2274722
3283,903309
3284,459E954
3285,2421242
3286,68786
3287,1794971
3288,84048
3289,6556
328X,4760674
328E,51415
3290,0
3291,5749475
3292,40EE04
3293,650056
3294,4120214
3295,976679
3296,62426
3297,1EX4XE1
3298,821128
3299,326623
329X,465564
329E,8699968
32X0,0
32X1,1644461
32X2,XX6E2E6XX
32X3,3065603
32X4,4089804
32X5,14241
32X6,6409046
32X7,173E371
32X8,4172714
32X9,3X858X3
32XX,2E7E2
32XE,9889
32E0,0
32E1,1617161
32E2,2X919X2
32E3,357E753
32E4,4E6006E4
32E5,295E592
32E6,6371736
32E7,147E741
32E8,82X5X28
32E9,3293923
32EX,63X5X36
32EE,134E431
3300,0
3301,653XX356
3302,X3333X
3303,3339333
3304,402X1X204
3305,X373X
3306,6877786
3307,5E696E5
3308,414414
3309,3E878E3
330X,62E4E26
330E,2E33E2
3310,0
3311,179971
3312,435E534
3313,6354536
3314,41E1E14
3315,4330334
3316,6X909X6
3317,3152513
3318,4113114
3319,3249423
331X,2180812
331E,2870782
3320,0
3321,321X123
3322,656656
3323,96369
3324,4008E8004
3325,831138
3326,69822896
3327,15X3X51
3328,8XE1EX8
3329,368E863
332X,20XXX02
332E,2814182
3330,0
3331,1935391
3332,209902
3333,3333
3334,4567654
3335,X4EXE4X
3336,6424246
3337,E232E
3338,85658
3339,6749476
333X,626626
333E,52325
3340,0
3341,48XEX84
3342,43EEEE34
3343,3X22X3
3344,40E4E04
3345,28982
3346,6142416
3347,E88288E
3348,47974
3349,90409
334X,208X802
334E,1259521
3350,0
3351,13X9X31
3352,2097902
3353,3211123
3354,8239328
3355,191191
3356,6283826
3357,490094
3358,4010104
3359,3187813
335X,4121214
335E,4XE9EXEXE9EX4
3360,0
3361,507705
3362,435E534
3363,3X5E5X3
3364,491194
3365,1EEEEE1
3366,67XX76
3367,1938391
3368,41EE14
3369,3E070E3
336X,2704072
336E,2E88E2
3370,0
3371,492294
3372,841148
3373,9423249
3374,4938394
3375,X555X
3376,6X33X6
3377,9XX9
3378,425X524
3379,93E9E39
337X,493394
337E,2E595E2
3380,0
3381,95EXE59
3382,4511154
3383,6132316
3384,41E9E14
3385,91219
3386,6439346
3387,E383E
3388,47EE74
3389,30503
338X,X262X
338E,699E996
3390,0
3391,2570752
3392,2056502
3393,369E963
3394,45054
3395,4753574
3396,6356536
3397,1616161
3398,48484
3399,6776
339X,2551552
339E,1933391
33X0,0
33X1,45154
33X2,212212
33X3,669E966
33X4,4X1X1X4
33X5,14741
33X6,6132316
33X7,10X9X01
33X8,4101014
33X9,6530356
33XX,45254
33XE,53235
33E0,0
33E1,513315
33E2,2035302
33E3,38X3X83
33E4,4157514
33E5,7345437
33E6,6E2E6
33E7,45354
33E8,4277724
33E9,3381833
33EX,2243422
33EE,9EE9
3400,0
3401,92029
3402,26X4X62
3403,98889
3404,45454
3405,6585856
3406,61X66X16
3407,421X124
3408,490X094
3409,67E9E76
340X,4983894
340E,29492
3410,0
3411,45554
3412,2110112
3413,303X303
3414,4594954
3415,4193914
3416,6495946
3417,1E4E1
3418,43100134
3419,6098906
341X,45654
341E,1X0440X1
3420,0
3421,184481
3422,4786874
3423,61816
3424,4905094
3425,X737X
3426,681E186
3427,45754
3428,86555568
3429,3480843
342X,219E6E912
342E,858858
3430,0
3431,8XE8EX8
3432,4E33E4
3433,3698963
3434,45854
3435,162261
3436,65X9X56
3437,46E3E64
3438,4X747X4
3439,90E0E09
343X,265E562
343E,1818181
3440,0
3441,45954
3442,42EE24
3443,3443
3444,856E658
3445,E75X57E
3446,646646
3447,434E434
3448,861168
3449,3538353
344X,45X54
344E,2X7337X2
3450,0
3451,2023202
3452,62X8X26
3453,3E55E3
3454,41EE14
3455,2520252
3456,671E176
3457,45E54
3458,483E384
3459,3478743
345X,2XX0XX2
345E,54145
3460,0
3461,18X0X81
3462,6E5X5E6
3463,3443443
3464,4889884
3465,320023
3466,65856
3467,19X1X91
3468,4182814
3469,6X6E6X6
346X,8425248
346E,29992
3470,0
3471,657X756
3472,X8338X
3473,957759
3474,4753574
3475,117X711
3476,617716
3477,2X232X2
3478,434434
3479,31313
347X,4061604
347E,E3993E
3480,0
3481,3XE5EX3
3482,4274724
3483,3522253
3484,406999604
3485,2148412
3486,601171106
3487,407704
3488,4114114
3489,3682863
348X,2251522
348E,E4114E
3490,0
3491,1338331
3492,4055504
3493,3693963
3494,416E614
3495,X919X
3496,66XEX66
3497,2876782
3498,428824
3499,3E5E5E3
349X,2900092
349E,37X5X73
34X0,0
34X1,55X66X55
34X2,219912
34X3,38222283
34X4,421898124
34X5,6821286
34X6,6XXXXX6
34X7,256X652
34X8,45055054
34X9,6996
34XX,656656
34XE,575E575
34E0,0
34E1,1262621
34E2,20X8X02
34E3,35XXX53
34E4,4E383E4
34E5,94749
34E6,62E7E26
34E7,71417
34E8,4224224
34E9,325X523
34EX,265562
34EE,47E9E74
3500,0
3501,2463642
3502,6980896
3503,6997996
3504,8X8E8X8
3505,878878
3506,66E7E66
3507,X5EE5X
3508,8603068
3509,9318139
350X,X676X
350E,55055
3510,0
3511,8E242E8
3512,2485842
3513,63436
3514,45X0X54
3515,9419149
3516,6185816
3517,1EEE1
3518,43EE34
3519,308X803
351X,6397936
351E,4E787E4
3520,0
3521,2EEEXXEXXEEE2
3522,80108
3523,321E123
3524,4646464
3525,2033302
3526,6398936
3527,2764672
3528,8X5X8
3529,91000019
352X,4177714
352E,1E565E1
3530,0
3531,95559
3532,2063602
3533,9E5X5E9
3534,4584854
3535,15251
3536,6140416
3537,2453542
3538,4490944
3539,3250523
353X,602X206
353E,2395932
3540,0
3541,5451545
3542,409904
3543,6005006
3544,406604
3545,31EXE13
3546,67376
3547,8340438
3548,43EEE34
3549,3780873
354X,812218
354E,3E7E7E3
3550,0
3551,3157513
3552,20202
3553,3553
3554,8215128
3555,4603064
3556,6254526
3557,X7337X
3558,4E7E7E4
3559,3X9E9X3
355X,41E2E14
355E,52744725
3560,0
3561,251E152
3562,293X392
3563,6849486
3564,41133114
3565,5880885
3566,6052506
3567,2962692
3568,4931394
3569,32123
356X,2484842
356E,81018
3570,0
3571,38X0X83
3572,2423242
3573,3E030E3
3574,43077034
3575,267762
3576,6142416
3577,EX2XE
3578,4XEX4
3579,3395933
357X,4168614
357E,5E55E5
3580,0
3581,1429241
3582,2718172
3583,6112116
3584,42X0X24
3585,18633681
3586,6X66X6
3587,3E191E3
3588,4102014
3589,3884883
358X,2463642
358E,4887884
3590,0
3591,3684863
3592,2606062
3593,6968696
3594,4133314
3595,2X9X2
3596,6754576
3597,8X99X8
3598,8EEE8
3599,6X737X6
359X,86EEE68
359E,81718
35X0,0
35X1,3575753
35X2,2E060E2
35X3,3379733
35X4,821E128
35X5,97179
35X6,6744476
35X7,2178712
35X8,415514
35X9,3127213
35XX,X63936X
35XE,5085805
35E0,0
35E1,2146412
35E2,40E04
35E3,90409
35E4,825528
35E5,13X2X31
35E6,61516
35E7,13033031
35E8,8X11X8
35E9,6EE6
35EX,4555554
35EE,2054502
3600,0
3601,3355533
3602,2EXEEXEXEEXE2
3603,65056
3604,468E864
3605,E270072E
3606,6906096
3607,EE7EE
3608,4E6E4
3609,3E6666E3
360X,220022
360E,E8668E
3610,0
3611,E0EE0E
3612,45E9E54
3613,3371733
3614,4521254
3615,735537
3616,675E576
3617,73937
3618,83E5E38
3619,32EEE23
361X,6234326
361E,153351
3620,0
3621,548845
3622,X303X
3623,99E3E99
3624,4405044
3625,33E1E33
3626,6258526
3627,7E33E7
3628,41314
3629,376X673
362X,294E492
362E,7658567
3630,0
3631,283E382
3632,4160614
3633,3929293
3634,43299234
3635,15751
3636,606606
3637,7695967
3638,41X1X14
3639,3269623
363X,2493942
363E,10XXX01
3640,0
3641,249942
3642,2639362
3643,3583853
3644,46X7X64
3645,8E11E8
3646,6X161X6
3647,6188816
3648,4179714
3649,92EE29
364X,XX8XX
364E,266E662
3650,0
3651,5979795
3652,20902
3653,383E383
3654,419914
3655,3076703
3656,664X466
3657,1448441
3658,4285824
3659,362263
365X,62426
365E,2E4E2
3660,0
3661,98X89
3662,8803088
3663,3663
3664,8118118
3665,2316132
3666,6419146
3667,740E047
3668,4548454
3669,3E0X0E3
366X,23622632
366E,1012101
3670,0
3671,50405
3672,25X9X52
3673,3X1X3
3674,49EE94
3675,83538
3676,6140416
3677,2249422
3678,4602064
3679,3430343
367X,2137312
367E,E6E6E6E
3680,0
3681,7371737
3682,2805082
3683,9092909
3684,4234324
3685,173371
3686,6E272E6
3687,6029206
3688,41X14
3689,3208023
368X,2752572
368E,6EX2XE6
3690,0
3691,5EE8EE5
3692,2378732
3693,3265623
3694,8229228
3695,28E1E82
3696,61EE16
3697,49094
3698,460E064
3699,99899
369X,62E26
369E,219X912
36X0,0
36X1,E3443E
36X2,4EX22XE4
36X3,3EXE9EEE9EXE3
36X4,49194
36X5,2167612
36X6,616616
36X7,252252
36X8,4115114
36X9,6386836
36XX,4131314
36XE,2975792
36E0,0
36E1,49294
36E2,245E542
36E3,35844853
36E4,8291928
36E5,752257
36E6,6419146
36E7,X98X89X
36E8,48EE84
36E9,66966
36EX,49394
36EE,2E9E2
3700,0
3701,560065
3702,21112
3703,351X153
3704,84EE48
3705,1941491
3706,6230326
3707,49494
3708,4147414
3709,3E66E3
370X,851158
370E,1E6E9E6E1
3710,0
3711,2070702
3712,2438342
3713,9575759
3714,49594
3715,9X6X9
3716,6X7X6
3717,64500546
3718,814418
3719,92E9E29
371X,436634
371E,2575752
3720,0
3721,49694
3722,XE747EX
3723,3202023
3724,4983894
3725,3893983
3726,6418146
3727,79E5E97
3728,8646468
3729,3525253
372X,49794
372E,485584
3730,0
3731,9433349
3732,84E48
3733,30E9E03
3734,8814188
3735,5743475
3736,603E306
3737,49894
3738,4393934
3739,3522253
373X,2078702
373E,1676761
3740,0
3741,1682861
3742,63X36
3743,3822283
3744,49994
3745,3X1X1X3
3746,6X080X6
3747,76467
3748,49X9X94
3749,371173
374X,22E4E22
374E,85358
3750,0
3751,49X94
3752,26300362
3753,67776
3754,4160614
3755,36E0E63
3756,626626
3757,78X88X87
3758,48X6X84
3759,33X33
375X,49E94
375E,E212E
3760,0
3761,5510155
3762,42924
3763,3238323
3764,410X014
3765,2230322
3766,64246
3767,4576754
3768,41E5E14
3769,32EEE23
376X,2503052
376E,7799977
3770,0
3771,263X362
3772,41500514
3773,3773
3774,432234
3775,8E3E3E8
3776,6153516
3777,324X423
3778,4565654
3779,39E3E93
377X,6546456
377E,85X58
3780,0
3781,E5EE5E
3782,2XXXXX2
3783,3E3E3
3784,859EEEEEEE958
3785,16261
3786,6EE4EE6
3787,X3X3X
3788,43X8X34
3789,384E483
378X,45X3X54
378E,5219125
3790,0
3791,1506051
3792,4690964
3793,3228223
3794,4564654
3795,6X11X6
3796,6X5X5X6
3797,3015103
3798,43134
3799,3507053
379X,X2772X
379E,7E838E7
37X0,0
37X1,2390932
37X2,X7X7X
37X3,95359
37X4,4270724
37X5,37E3E73
37X6,64946
37X7,22966922
37X8,4142414
37X9,68586
37XX,287XXX782
37XE,2743472
37E0,0
37E1,X454X
37E2,485X584
37E3,32455423
37E4,4769674
37E5,2170712
37E6,62E22E26
37E7,185581
37E8,473X374
37E9,3E878E3
37EX,27X8X72
37EE,1204021
3800,0
3801,1914191
3802,21812
3803,937X739
3804,4672764
3805,4207024
3806,636636
3807,2730372
3808,86968
3809,3841483
380X,65156
380E,4195914
3810,0
3811,2EX5XE2
3812,4811184
3813,6294926
3814,45955954
3815,1806081
3816,640X046
3817,X505X
3818,8595958
3819,671176
381X,877778
381E,2059502
3820,0
3821,17E6E71
3822,8053508
3823,6X101X6
3824,8050508
3825,87178
3826,6397936
3827,9582859
3828,415535514
3829,31166113
382X,252252
382E,59E0E95
3830,0
3831,44E6E44
3832,8765678
3833,3346433
3834,8081808
3835,2E010E2
3836,601X106
3837,1912191
3838,43834
3839,380083
383X,664X466
383E,3E11E3
3840,0
3841,3E979E3
3842,2X262X2
3843,69396
3844,8058508
3845,76X4X67
3846,64X3X46
3847,902209
3848,842248
3849,34843
384X,65856
384E,2X5X5X2
3850,0
3851,52E25
3852,2469642
3853,96969
3854,4505054
3855,87878
3856,62X8X26
3857,2XE3EX2
3858,4239324
3859,6301036
385X,4676764
385E,905509
3860,0
3861,29EE92
3862,48E1E84
3863,6944496
3864,448E844
3865,3E9XEEEEEX9E3
3866,6208026
3867,78987
3868,456E654
3869,322E223
386X,4724274
386E,7389837
3870,0
3871,15E9E51
3872,22022
3873,908809
3874,4391934
3875,3627263
3876,646646
3877,6503056
3878,4078704
3879,315X513
387X,2570752
387E,2917192
3880,0
3881,2655562
3882,4201024
3883,3883
3884,40504
3885,16761
3886,6142416
3887,90EE09
3888,4769674
3889,3271723
388X,890098
388E,E5E5E
3890,0
3891,45X5X54
3892,2861682
3893,35X8X53
3894,41366314
3895,10X6X01
3896,6005006
3897,1E9X9E1
3898,4854584
3899,6X1X6
389X,2215122
389E,E626E
38X0,0
38X1,53635
38X2,88788
38X3,3X161X3
38X4,48X6X84
38X5,X0330X
38X6,6188816
38X7,2986892
38X8,4912194
38X9,3035X5303
38XX,8732378
38XE,6376736
38E0,0
38E1,610016
38E2,66766
38E3,3551553
38E4,4E6556E4
38E5,556E655
38E6,61EE16
38E7,5789875
38E8,40022004
38E9,611116
38EX,26X9X62
38EE,5596955
3900,0
3901,5018105
3902,4542454
3903,3456543
3904,4902094
3905,612216
3906,6330336
3907,X777X
3908,491X194
3909,38E44E83
390X,2289822
390E,1X9X9X1
3910,0
3911,613316
3912,44744
3913,3X0X0X3
3914,4172714
3915,184481
3916,64E5E46
3917,1235321
3918,83EE38
3919,614416
391X,X6446X
391E,14XXX41
3920,0
3921,34X3X43
3922,4045404
3923,6146416
3924,8338338
3925,615516
3926,656656
3927,5441445
3928,4124E4214
3929,327723
392X,6E595E6
392E,89698
3930,0
3931,54145
3932,47X1X74
3933,3589853
3934,82128
3935,5105015
3936,6063606
3937,2575752
3938,4340434
3939,35653
393X,49XX94
393E,1X010X1
3940,0
3941,XX747XX
3942,4E121E4
3943,6409046
3944,47288274
3945,618816
3946,67E9EEEEE9E76
3947,1095901
3948,494494
3949,3614163
394X,2E353E2
394E,X1881X
3950,0
3951,619916
3952,4976794
3953,3E434E3
3954,8271728
3955,14X3X41
3956,67676
3957,2681862
3958,8548458
3959,61XX16
395X,4784874
395E,X3X8X3X
3960,0
3961,1174711
3962,4162614
3963,3152513
3964,40X5X04
3965,73337
3966,629EE926
3967,437E734
3968,869968
3969,3231323
396X,2962692
396E,931139
3970,0
3971,465564
3972,22722
3973,6578756
3974,4718174
3975,49X4X94
3976,6127216
3977,179E971
3978,8X5X8
3979,303X303
397X,8E262E8
397E,107X701
3980,0
3981,5X11X5
3982,4E77E4
3983,934439
3984,4928294
3985,1570751
3986,60433406
3987,2438342
3988,4151514
3989,6326236
398X,X7EE7X
398E,9841489
3990,0
3991,4786874
3992,42X9X24
3993,3993
3994,41714
3995,3134313
3996,60606
3997,7E4E7
3998,81EEE18
3999,3579753
399X,83338
399E,30144103
39X0,0
39X1,6EX6XE6
39X2,4054504
39X3,3942493
39X4,401104
39X5,10X5X01
39X6,61033016
39X7,30X6X03
39X8,45654
39X9,6119116
39XX,2764672
39XE,93XX39
39E0,0
39E1,2490942
39E2,4027204
39E3,35E0E53
39E4,4187814
39E5,25EE52
39E6,608X806
39E7,4E969E4
39E8,4E525E4
39E9,320E023
39EX,68586
39EE,X4E2E4X
3X00,0
3X01,E222E
3X02,20E4E02
3X03,3841483
3X04,493X394
3X05,8E4E8
3X06,6035306
3X07,461XX164
3X08,4E565E4
3X09,614E416
3X0X,2816182
3X0E,1530351
3X10,0
3X11,5E232E5
3X12,6EE4EE6
3X13,92E6E29
3X14,4913194
3X15,17271
3X16,6439346
3X17,E7EE7E
3X18,86E5E68
3X19,3X151X3
3X1X,2X707X2
3X1E,EX3XE
3X20,0
3X21,XX9XX
3X22,252252
3X23,32E3E23
3X24,4371734
3X25,E1E8E1E
3X26,659XEX956
3X27,3XE9EEEEE9EX3
3X28,495594
3X29,36463
3X2X,8103018
3X2E,5929295
3X30,0
3X31,4878784
3X32,2302032
3X33,3545453
3X34,801108
3X35,8EEE8
3X36,6535356
3X37,7E242E7
3X38,4533354
3X39,323323
3X3X,2050502
3X3E,92XEEX29
3X40,0
3X41,1875781
3X42,228X822
3X43,9E8E9
3X44,84548
3X45,1812181
3X46,61516
3X47,XE4EX
3X48,43EEE34
3X49,91X8X19
3X4X,209902
3X4E,2E878E2
3X50,0
3X51,44E8E44
3X52,66XEX66
3X53,64XEEX46
3X54,4136314
3X55,3026203
3X56,6376736
3X57,35X4X53
3X58,4E141E4
3X59,3092903
3X5X,X010X
3X5E,5EEEE5
3X60,0
3X61,122X221
3X62,69496
3X63,3244423
3X64,49E3E94
3X65,190091
3X66,6424246
3X67,32100123
3X68,4972794
3X69,3E222E3
3X6X,4017104
3X6E,53E88E35
3X70,0
3X71,4752574
3X72,X1EE1X
3X73,64311346
3X74,4746474
3X75,4634364
3X76,61E5E16
3X77,3351533
3X78,8703078
3X79,3347433
3X7X,2845482
3X7E,32211223
3X80,0
3X81,4E77E4
3X82,46564
3X83,3525253
3X84,8111118
3X85,49E3E94
3X86,6057506
3X87,27X1X72
3X88,41966914
3X89,3536353
3X8X,X588885X
3X8E,1658561
3X90,0
3X91,496E694
3X92,414414
3X93,320023
3X94,4169614
3X95,4463644
3X96,6519156
3X97,11X0X11
3X98,81618
3X99,3531353
3X9X,215E512
3X9E,641146
3XX0,0
3XX1,E474E
3XX2,69E96
3XX3,3XX3
3XX4,42924
3XX5,6245426
3XX6,6438346
3XX7,321123
3XX8,8244428
3XX9,31022013
3XXX,85758
3XXE,9612169
3XE0,0
3XE1,1010101
3XE2,2X101X2
3XE3,643346
3XE4,432234
3XE5,2E989E2
3XE6,62426
3XE7,1X060X1
3XE8,4E44E4
3XE9,3647463
3XEX,4926294
3XEE,322223
3E00,0
3E01,153E351
3E02,2413142
3E03,3800083
3E04,4005004
3E05,381183
3E06,6X3X6
3E07,645546
3E08,47EEEEEEEEE74
3E09,3E050E3
3E0X,X171X
3E0E,1E616E1
3E10,0
3E11,56865
3E12,2165612
3E13,323323
3E14,8225228
3E15,17771
3E16,617716
3E17,1898981
3E18,413X314
3E19,37273
3E1X,2612162
3E1E,647746
3E20,0
3E21,3190913
3E22,23632
3E23,6704076
3E24,81EE18
3E25,3742473
3E26,605506
3E27,324423
3E28,4580854
3E29,60511506
3E2X,47X5X74
3E2E,8X898X8
3E30,0
3E31,5299925
3E32,2137312
3E33,649946
3E34,4517154
3E35,76767
3E36,6891986
3E37,9X3E3X9
3E38,43XX34
3E39,90EEE09
3E3X,4EXEXE4
3E3E,325523
3E40,0
3E41,2X2EE2X2
3E42,2359532
3E43,6836386
3E44,4E979E4
3E45,1864681
3E46,6XXX6
3E47,64EE46
3E48,4525254
3E49,982289
3E4X,44E3E44
3E4E,436E634
3E50,0
3E51,5443445
3E52,2580852
3E53,326623
3E54,86968
3E55,3533353
3E56,614E416
3E57,6EX7XE6
3E58,47474
3E59,9E474E9
3E5X,876678
3E5E,25E5E52
3E60,0
3E61,57375
3E62,2X414X2
3E63,303E303
3E64,4224224
3E65,195591
3E66,63336
3E67,327723
3E68,4587854
3E69,3E393E3
3E6X,6E2E6
3E6E,1E55E1
3E70,0
3E71,4340434
3E72,28XEX82
3E73,9X3X3X9
3E74,8479748
3E75,6922296
3E76,611116
3E77,5596955
3E78,437E734
3E79,9X989X9
3E7X,272E272
3E7E,328823
3E80,0
3E81,1172711
3E82,8492948
3E83,9628269
3E84,498X894
3E85,1901091
3E86,6361636
3E87,202E202
3E88,4380834
3E89,3264623
3E8X,27E22E72
3E8E,48XEX84
3E90,0
3E91,103301
3E92,262262
3E93,329923
3E94,4117114
3E95,1449441
3E96,62E8E26
3E97,6X1X1X6
3E98,4015E5104
3E99,326313623
3E9X,877E778
3E9E,3154513
3EX0,0
3EX1,EX5E5XE
3EX2,870078
3EX3,316E613
3EX4,47044074
3EX5,2823282
3EX6,6726276
3EX7,32XX23
3EX8,4980894
3EX9,3EX9EEEEE9XE3
3EXX,6E9E6
3EXE,2368632
3EE0,0
3EE1,8409048
3EE2,44E8E44
3EE3,3EE3
3EE4,43E34
3EE5,1555551
3EE6,662X266
3EE7,72E6E27
3EE8,47E74
3EE9,6243426
3EEX,87E78
3EEE,32EE23
4000,0
