2,1
3,2
5,2
7,3
E,2
11,2
15,3
17,2
1E,5
25,2
27,3
31,2
35,6
37,3
3E,5
45,2
4E,2
51,2
57,2
5E,7
61,5
67,3
6E,2
75,3
81,5
85,2
87,5
8E,2
91,6
95,3
X7,3
XE,2
E5,3
E7,2
105,2
107,6
111,5
117,2
11E,5
125,2
12E,2
131,2
13E,17
141,5
145,2
147,3
157,2
167,3
16E,2
171,6
175,3
17E,7
181,7
18E,6
195,3
19E,5
1X5,2
1X7,6
1E1,5
1E5,3
1E7,3
205,2
217,5
21E,15
221,X
225,2
237,3
241,X
24E,2
251,2
255,3
25E,7
267,6
271,2
277,2
27E,5
285,2
291,5
295,3
2X1,19
2XE,2
2E1,2
2EE,7
301,5
307,13
30E,2
315,3
321,11
325,2
327,3
32E,2
33E,11
347,3
34E,2
357,7
35E,5
365,2
375,3
377,2
391,2
397,2
3X5,2
3XE,2
3E5,3
3E7,3
401,5
40E,2
415,3
41E,7
421,7
427,3
431,2
435,3
437,2
447,3
455,3
457,E
45E,5
465,2
46E,2
471,2
481,5
485,2
48E,5
497,3
4X5,2
4E1,2
4EE,E
507,5
511,6
517,3
51E,5
527,3
531,2
535,6
541,E
545,2
557,2
565,2
575,3
577,3
585,2
587,3
58E,2
591,2
59E,E
5E1,2
5E5,3
5E7,2
5EE,5
611,2
615,3
617,2
61E,5
637,2
63E,15
647,7
655,3
661,5
665,2
66E,2
675,3
687,5
68E,6
695,3
69E,5
6X7,6
6E1,7
701,E
705,3
70E,2
711,X
71E,12
721,5
727,3
735,3
737,7
745,2
747,3
751,6
767,3
76E,2
771,5
775,3
77E,5
785,2
791,2
797,2
7X1,E
7EE,15
801,5
80E,5
817,2
825,7
82E,2
835,3
841,E
851,2
855,3
85E,5
865,2
867,3
871,2
881,7
88E,2
8X5,2
8X7,3
8XE,2
8E5,6
8E7,2
901,X
905,2
907,6
90E,2
91E,11
921,11
927,3
955,3
95E,5
965,2
971,2
987,11
995,3
9X7,3
9XE,2
9E1,6
9E5,3
9EE,7
X07,3
X0E,2
X11,2
X17,3
X27,6
X35,3
X37,2
X3E,5
X41,12
X45,2
X4E,2
X5E,E
X6E,2
X77,2
X87,5
X91,2
X95,3
X9E,17
XX7,3
XXE,2
XE7,3
XEE,5
E11,E
E15,3
E1E,5
E21,7
E25,3
E2E,2
E31,2
E37,3
E45,2
E61,E
E67,3
E6E,2
E71,2
E91,2
E95,3
E97,3
EX5,3
EE5,3
EE7,3
1005,2
1011,2
1017,2
1021,7
1027,6
1041,5
1047,X
104E,2
1051,6
1061,E
106E,6
107E,5
1087,3
109E,5
10E1,2
10E7,2
10EE,12
1101,X
1105,2
1107,6
1115,3
1125,2
112E,2
1135,3
114E,2
1151,5
1165,2
1167,3
1185,2
118E,2
1197,2
11X1,5
11X5,2
11X7,3
11XE,5
11E7,3
1201,5
120E,2
1211,2
121E,7
1231,2
123E,5
1245,2
1255,3
1257,2
125E,5
1261,7
126E,2
127E,7
1281,5
1295,3
1297,2
12X1,X
12X5,2
12X7,3
12E5,3
1301,1E
1317,7
1337,5
133E,5
1345,2
1351,2
1365,2
1367,3
136E,2
1377,7
138E,2
1391,2
1395,3
13X1,7
13X7,17
13E1,2
13E5,5
1405,2
1407,3
1425,2
142E,2
1431,7
1437,3
143E,11
1445,2
1457,2
1461,5
1465,3
1467,5
1471,2
1475,3
147E,E
148E,6
1495,3
149E,5
14E1,2
14E5,6
14EE,5
150E,2
1517,2
1521,5
1525,2
1547,3
1561,15
156E,2
1577,2
157E,5
1585,2
1587,6
1591,2
15XE,2
15EE,7
1601,7
1615,3
1621,5
1625,2
1635,3
1647,3
1655,3
1657,2
165E,5
1667,7
1671,2
1677,2
167E,5
1681,17
1685,2
168E,2
1697,2
169E,7
16X1,5
16X7,3
16E5,3
16E7,3
1705,2
1711,6
1715,3
1727,3
1735,3
1745,2
1747,6
1751,2
1755,3
1757,2
176E,2
1781,5
1785,2
178E,2
1797,2
17X1,E
17X5,2
17EE,7
1807,5
1815,3
181E,5
1825,2
1831,5
183E,5
184E,2
1861,11
1865,2
186E,2
1875,3
1877,X
189E,15
18X1,12
18XE,2
18E7,2
18EE,5
1911,2
1915,3
1921,E
1931,6
1937,2
1947,6
194E,2
1955,3
1971,6
197E,7
1981,7
1995,3
19E7,3
19EE,5
1X01,7
1X11,7
1X17,2
1X1E,E
1X2E,2
1X35,3
1X41,5
1X45,X
1X51,6
1X6E,6
1X71,2
1X75,3
1X77,3
1X87,3
1XXE,2
1XE1,6
1XE7,2
1E01,X
1E07,6
1E0E,2
1E15,3
1E17,3
1E27,5
1E2E,2
1E3E,E
1E41,1X
1E4E,2
1E51,5
1E65,3
1E67,3
1E7E,5
1E85,2
1EX1,5
1EE5,3
2001,7
2005,2
2007,3
200E,2
2011,2
202E,2
2037,2
2047,7
2051,2
205E,5
2061,15
2065,2
206E,2
2071,7
2077,2
2085,2
2087,3
2097,2
20X5,2
20X7,3
20E5,3
2107,5
2111,2
2115,3
211E,5
2127,13
2131,2
2137,2
214E,2
215E,11
2161,5
2165,2
2177,2
2181,5
2185,2
2191,2
219E,7
21X7,3
21E1,2
21E7,7
2215,3
221E,5
2221,7
222E,2
2241,5
2245,2
224E,2
2265,3
2267,3
2275,3
2287,5
228E,2
2291,2
229E,5
22E1,2
22E5,11
2301,E
2317,2
231E,11
2325,2
2327,3
232E,2
2335,3
2337,2
2347,3
234E,2
2367,6
2385,2
2395,3
2397,2
239E,5
23X5,2
23XE,2
23E1,2
23E7,3
2415,3
2417,X
2421,5
2435,3
243E,E
244E,2
2451,2
2457,2
2467,10
247E,5
2481,11
2485,2
248E,2
24X1,5
24X5,2
24X7,3
2501,5
2521,E
252E,6
2535,3
2537,2
2545,2
2547,3
2555,3
2557,2
2565,2
256E,2
2571,2
257E,7
2581,5
258E,2
2595,3
25X1,5
2607,3
2615,3
2617,X
2625,2
2631,2
2637,2
2645,2
265E,12
2665,2
2675,3
2685,3
2687,3
26X1,19
26X7,3
26XE,2
26E5,3
26EE,5
2715,3
2717,2
2725,2
2737,2
2741,7
2745,2
2747,3
274E,5
276E,2
2771,6
2781,E
2787,3
279E,5
27X7,E
27E1,5
27E7,2
2811,2
2825,2
2827,3
282E,5
2835,3
2837,3
2841,13
2847,3
2855,3
285E,E
286E,2
287E,5
2895,6
2897,2
28X1,15
28X5,5
28EE,17
2907,3
2927,6
292E,2
2931,2
2935,3
293E,7
2941,7
2951,2
2955,3
2967,3
2991,E
299E,E
29X5,2
29E5,3
2X07,3
2X11,6
2X1E,11
2X2E,6
2X31,2
2X35,3
2X3E,7
2X47,6
2X51,2
2X5E,5
2X61,E
2X65,2
2X77,2
2X81,5
2X87,3
2X8E,2
2X95,3
2X97,2
2XX5,3
2XX7,3
2XEE,E
2E0E,2
2E17,2
2E31,2
2E35,3
2E3E,5
2E4E,2
2E51,6
2E57,2
2E61,17
2E67,3
2E8E,2
2E95,5
2EX7,6
2EXE,2
2EE7,2
3005,2
3011,7
3021,15
3037,2
303E,7
3041,X
3045,3
3065,2
3075,3
307E,7
3081,7
3095,3
309E,5
30X5,2
30E7,5
3105,2
3117,3
311E,E
3145,3
314E,2
3155,3
315E,7
3167,3
3171,5
3175,3
3177,3
3187,3
3191,5
3195,3
3197,2
31X1,7
31EE,7
3205,2
3207,3
320E,2
3225,2
3227,3
322E,2
323E,11
3241,E
3247,5
324E,X
3271,2
3277,2
3281,11
3285,2
3291,6
329E,E
3307,5
331E,7
3321,12
3327,3
332E,2
3331,5
3335,3
3337,2
3345,3
3357,2
3361,E
3365,2
3371,2
337E,17
3385,2
33X1,5
33X5,2
33X7,X
33E1,2
3417,2
341E,7
3427,6
3435,3
343E,5
3445,2
3451,6
3457,2
3467,6
346E,2
3475,3
3477,2
3481,7
3485,3
348E,5
3491,2
349E,E
34X1,27
34E5,3
34EE,5
3517,2
351E,5
352E,2
3541,7
3565,3
356E,2
3587,3
358E,2
35X5,2
35E1,5
35E7,5
35EE,5
3605,2
3617,2
3621,X
3627,15
3635,3
3637,7
3645,2
3655,3
3661,7
366E,2
3671,5
367E,5
3687,3
3697,3
36X5,2
3705,2
3707,3
370E,2
3717,2
3721,5
3725,3
3731,2
3747,5
3755,3
375E,5
3765,2
3767,E
3771,2
377E,7
378E,2
3791,X
379E,7
37X5,2
37XE,2
37E5,3
3801,X
3807,3
3815,3
381E,11
3821,17
3827,3
3831,2
3837,2
3845,2
3851,2
3871,6
3877,3
3895,3
3897,3
38E1,2
38E5,3
3901,7
390E,2
3935,6
3941,7
3957,2
395E,15
3961,X
396E,5
3975,3
3977,3
3981,5
3985,12
399E,11
39X7,3
39E7,2
3X11,2
3X25,2
3X2E,2
3X31,6
3X41,5
3X47,7
3X55,3
3X57,2
3X65,2
3X67,5
3X71,2
3X7E,E
3X91,2
3X95,3
3XE5,3
3XE7,2
3E0E,2
3E11,2
3E1E,7
3E21,X
3E2E,2
3E47,3
3E4E,2
3E51,2
3E55,3
3E61,1X
3E75,3
3E7E,5
3E85,2
3E87,3
3E97,2
3EXE,2
3EE7,2
3EEE,7
4005,2
402E,2
4031,2
403E,7
4041,11
4047,5
404E,2
4055,3
405E,5
4067,6
4071,5
4075,3
4085,2
408E,2
4097,2
40X7,3
40XE,2
4101,5
4111,2
411E,7
413E,5
4145,2
4155,3
415E,5
4161,7
417E,7
4187,3
41X1,X
41XE,2
41E5,3
4207,3
420E,2
4211,5
4217,2
4225,2
4231,2
4237,2
423E,5
4245,2
426E,2
4281,5
428E,2
4291,6
42X1,7
42XE,2
42E1,6
4305,2
4307,6
4321,7
4341,5
4357,2
4361,5
4375,3
438E,2
4395,3
4397,2
43E1,2
43E5,6
43EE,5
4401,7
440E,2
4417,2
4425,2
442E,2
4435,3
4441,7
4445,2
444E,2
4451,2
445E,11
4461,11
4471,2
4475,3
447E,5
4485,2
4487,6
4497,2
449E,5
44E1,2
4507,7
450E,2
4515,3
4531,2
4535,3
4541,15
4547,6
454E,2
4557,3
455E,5
4571,2
4577,3
457E,5
4591,7
45X1,X
45X5,2
45X7,3
4611,2
4615,3
4635,3
463E,5
4645,2
4655,10
4665,2
4677,3
4681,5
4685,2
4687,3
468E,2
46X5,2
46XE,2
46EE,7
4707,3
4711,2
4715,3
4725,2
4727,6
4737,5
4761,5
4775,3
4777,12
4781,5
479E,E
47E1,2
47E7,3
4805,2
4815,3
481E,5
4821,15
4825,2
4831,6
483E,E
4845,2
484E,2
486E,2
4881,7
4887,3
488E,2
4897,2
48X7,15
4901,7
490E,2
4911,2
491E,E
4921,X
4925,2
492E,2
4947,3
4951,2
4955,3
4967,3
496E,2
4971,2
4975,3
4987,3
4991,6
49X1,7
4X01,5
4X0E,2
4X15,3
4X21,5
4X2E,2
4X31,6
4X57,3
4X5E,5
4X65,2
4X67,3
4X77,2
4X7E,5
4X91,6
4X97,2
4E05,7
4E15,5
4E21,11
4E27,5
4E35,3
4E37,2
4E3E,5
4E57,2
4E65,2
4E71,6
4E85,2
4E87,3
4E95,3
4EX7,3
4EXE,2
4EE1,6
5001,15
5007,3
501E,5
5025,2
5031,2
5035,13
5041,11
5045,2
504E,2
5057,5
5061,5
5067,3
5077,2
5081,5
5085,2
508E,2
5095,3
50X1,1E
50E7,E
50EE,5
5117,2
511E,5
512E,2
5131,2
513E,7
5145,2
5147,3
5155,3
5165,2
5167,3
516E,2
5187,3
5191,5
51E7,2
5201,E
5205,2
5211,6
521E,11
522E,2
5235,3
5237,2
525E,7
5261,7
5267,3
526E,2
5271,5
5285,2
5295,3
5297,3
52X1,7
52XE,2
52E7,3
5317,3
5327,6
5331,X
5347,3
5351,6
5355,3
5367,3
5371,6
5375,3
5385,2
5391,2
5397,3
53X7,3
53XE,2
53E5,3
5405,2
540E,2
541E,17
5421,11
5435,3
5451,5
5455,3
5457,2
5465,2
547E,7
5487,3
548E,2
54X1,5
54X5,2
54X7,5
54E1,2
550E,2
5515,3
5527,3
5531,2
5537,3
5545,3
554E,2
5551,2
555E,7
5561,5
5565,2
5567,1X
5585,3
5587,3
558E,2
5595,3
559E,7
55XE,2
55E5,3
5607,3
5615,3
5625,2
562E,2
5637,2
563E,E
566E,2
5681,11
5691,2
5697,2
569E,5
56X5,2
56X7,3
56E7,2
5701,7
5711,2
5725,2
5727,3
5735,3
5741,X
575E,15
5761,7
5771,2
5777,3
577E,5
5785,2
579E,5
57X1,11
57E1,6
57E7,3
57EE,E
580E,2
5817,3
5821,5
5831,X
5835,3
583E,7
584E,2
5855,5
5857,2
5867,3
5877,2
587E,5
5891,2
5897,2
58XE,2
58E5,3
58E7,X
5905,2
5911,2
5927,3
5931,E
595E,5
5961,E
5985,2
5987,3
59X5,3
59XE,2
59E1,2
59EE,E
5X0E,2
5X11,2
5X17,2
5X1E,5
5X27,10
5X45,2
5X4E,2
5X51,2
5X5E,7
5X67,3
5X6E,2
5X75,3
5X81,7
5X85,2
5X95,3
5XXE,6
5XEE,5
5E17,7
5E1E,5
5E25,2
5E2E,2
5E37,2
5E3E,7
5E41,X
5E55,3
5E65,2
5E67,3
5E75,3
5E81,7
5E8E,2
5E91,5
5E95,3
5E9E,5
5EE1,2
6001,11
601E,17
6027,6
604E,2
6051,7
6055,3
6071,5
6075,3
6077,2
607E,5
6091,2
609E,5
60XE,2
60E1,2
6101,7
6115,3
6117,3
613E,1E
6147,6
6165,2
6171,5
6175,3
617E,5
6185,2
6197,5
619E,E
61X7,6
61E7,7
6201,7
6207,3
620E,2
6227,5
622E,2
6245,2
6247,3
6257,2
6261,7
6265,2
626E,6
6281,E
6297,3
62X5,X
62E1,2
62EE,17
6327,7
6331,2
633E,5
6345,2
634E,2
6351,2
6357,2
636E,2
6375,3
6377,2
6387,3
6391,2
63E5,3
63E7,3
6405,2
6411,5
6425,2
642E,2
6437,2
6441,7
644E,2
646E,2
6487,3
6495,3
6497,X
64X5,2
64X7,3
64E7,2
64EE,5
6505,2
6521,11
6525,3
6527,3
6537,2
6551,X
655E,7
6561,7
656E,2
6571,5
6575,3
6591,2
65X5,2
6607,3
660E,5
6617,11
6621,X
6625,2
6635,3
663E,7
6647,3
6657,3
6667,3
6671,2
6675,3
6681,7
669E,7
66X1,7
66E5,3
6707,5
6715,3
671E,E
672E,7
673E,5
6751,2
6757,2
675E,5
6777,5
677E,E
678E,2
6795,3
6797,3
67X1,7
67X7,3
67EE,7
6807,5
6825,2
6827,7
684E,2
6857,2
6861,5
6865,3
6881,X
6885,2
6895,3
68E5,3
6911,2
6915,3
6921,7
692E,2
6931,6
6945,2
6947,6
6957,3
6967,3
6995,3
6997,2
699E,5
69X5,2
69E5,3
69EE,5
6X05,2
6X11,2
6X17,2
6X1E,7
6X21,5
6X27,3
6X47,3
6X4E,2
6X67,3
6X75,3
6X7E,5
6X85,2
6X97,5
6X9E,5
6XX5,2
6XXE,2
6XE1,X
6E01,5
6E07,3
6E15,3
6E17,X
6E25,2
6E2E,2
6E47,11
6E4E,2
6E71,5
6E75,3
6E77,2
6E81,11
6E9E,E
6EX1,7
7001,5
7005,3
700E,2
7011,6
7015,3
701E,7
703E,X
7045,2
7051,2
7055,3
7057,5
7085,2
708E,2
7097,2
70XE,2
70EE,11
7101,7
710E,2
7111,2
711E,5
7125,2
7131,2
7135,3
7141,E
7151,2
716E,2
7175,3
7187,7
718E,2
71E1,2
71E5,6
71E7,2
7207,22
7215,3
7221,7
7225,2
7231,7
7241,11
7245,2
7257,3
7261,X
7275,3
727E,1E
7287,3
728E,2
7295,3
729E,5
72X7,3
72E1,6
72EE,5
730E,2
7311,12
7317,2
7321,5
7335,3
7341,X
7347,5
7351,2
7361,E
736E,2
7371,2
7377,2
7391,2
7395,3
739E,5
73X5,2
73XE,2
73EE,12
7415,3
7421,7
7427,3
7435,3
7441,11
7457,2
745E,5
7471,2
7477,2
7491,2
749E,7
74X7,11
74E5,3
7505,2
7507,3
7511,2
7521,19
7531,5
7561,11
7565,3
756E,2
7577,2
757E,1E
7585,2
7587,6
758E,2
75X5,2
75E5,3
75EE,7
7607,3
7611,12
7617,2
761E,5
7635,3
7637,5
763E,5
7641,7
7661,5
7665,2
766E,2
7675,3
7687,5
76E1,6
76E7,3
76EE,5
7705,2
7715,7
771E,5
7737,2
773E,11
7747,3
774E,2
7757,E
7761,5
7767,3
776E,2
7795,3
7797,3
77X5,2
77E5,3
7801,7
780E,6
7817,3
7837,2
7841,5
7851,6
7855,3
7867,3
786E,2
7875,3
7877,2
789E,5
78E1,X
7905,2
7907,3
7917,2
7921,5
7925,X
7941,E
794E,2
7955,3
795E,5
7965,2
7971,2
797E,5
798E,6
79X1,5
79XE,2
7X01,7
7X15,3
7X27,3
7X35,3
7X47,3
7X51,5
7X65,2
7X6E,2
7X77,2
7X81,5
7X95,3
7XE1,6
7XEE,7
7E01,1X
7E07,3
7E0E,2
7E11,6
7E15,3
7E25,2
7E27,6
7E35,3
7E37,2
7E41,1E
7E5E,E
7E65,2
7E67,6
7E6E,2
7E85,7
7E91,7
7E9E,7
7EX7,5
8005,2
8007,6
8015,6
802E,2
8041,5
8045,2
8047,6
804E,2
8065,2
8067,3
806E,2
8075,3
8081,7
808E,2
8091,2
80E7,3
80EE,5
8125,2
8127,3
8135,3
8137,2
8151,6
8155,3
816E,2
8175,3
8187,7
8195,3
8197,3
819E,5
81E7,2
8227,3
8231,6
8235,3
823E,11
8251,2
8255,3
8271,E
827E,5
8291,2
82XE,2
82E5,3
82E7,3
8321,17
8331,6
833E,5
8355,3
8357,5
835E,5
8371,2
8377,3
8395,3
83XE,2
83E1,2
8401,E
8407,17
840E,2
8417,2
841E,5
8427,3
8431,5
843E,5
8441,1X
8451,2
8467,3
8475,3
8487,3
849E,11
84E1,2
84E5,3
84EE,5
8505,2
8507,3
8511,2
8515,6
8517,3
853E,E
8541,5
8565,2
856E,2
8571,2
8575,3
857E,E
8591,2
8595,3
85X5,2
85E7,3
860E,2
8621,5
8625,2
862E,2
8637,X
8641,X
8645,2
864E,2
8655,3
865E,15
8667,3
866E,2
8677,3
867E,5
8691,2
86X5,2
86E1,2
86E7,2
86EE,E
870E,2
8717,2
872E,2
8731,2
873E,7
8747,3
874E,2
8755,3
8777,2
8781,7
878E,2
8797,2
879E,17
87X5,2
87E5,3
8807,3
8831,2
8835,3
8847,3
8865,2
8871,2
8881,5
8885,2
888E,2
8897,2
88X5,2
88XE,2
8901,E
890E,2
8915,3
8917,2
8925,2
8935,3
8945,2
8957,2
8961,5
8967,6
8981,X
898E,2
8995,3
89X1,E
89E7,2
89EE,5
8X05,2
8X07,E
8X11,6
8X1E,5
8X21,E
8X2E,2
8X37,3
8X41,5
8X47,3
8X55,3
8X57,2
8X71,2
8X7E,E
8X81,7
8X91,2
8X95,3
8X9E,5
8XX7,10
8XE5,6
8E05,2
8E17,2
8E27,3
8E2E,2
8E37,3
8E45,2
8E4E,5
8E55,3
8E71,5
8E75,3
8E87,3
8E9E,5
8EE1,6
8EEE,7
9007,3
9015,3
9025,2
9027,5
9041,1E
9047,3
9057,7
9065,2
9075,3
9077,5
907E,5
9081,E
9091,2
9097,2
909E,11
90X7,E
90XE,2
9127,3
912E,2
9131,6
9135,3
9137,2
9145,2
9155,3
915E,5
9165,2
9177,2
917E,25
9185,2
918E,2
9195,3
91X1,5
91X7,3
9217,2
9231,5
9235,3
923E,5
9241,19
9251,X
9257,2
9261,5
9267,6
926E,2
9281,7
929E,E
92XE,2
92E1,7
9307,10
9315,3
931E,5
9341,5
9361,7
9365,10
9367,5
936E,2
9371,2
9375,3
9387,5
938E,6
9395,3
939E,5
93X7,7
93EE,5
940E,2
9411,6
9447,3
944E,2
9451,2
9455,5
9475,3
947E,5
9485,2
9487,3
94X1,15
94X5,2
94E7,3
9501,7
9525,2
953E,7
9551,2
9557,2
9565,2
9575,3
9577,2
9581,7
9591,2
95E7,3
9601,X
9605,2
960E,2
9615,3
9627,3
962E,7
9631,2
9651,2
9655,6
965E,5
9665,2
9687,3
9695,3
96XE,2
96E5,3
9701,7
9707,3
9711,2
9737,2
973E,5
974E,2
975E,17
9761,13
9775,3
9777,2
9781,5
9785,X
9795,3
97XE,6
97E1,2
97E7,3
97EE,5
9821,11
9831,6
9837,2
9847,3
984E,2
986E,2
988E,7
989E,5
98X5,2
98X7,6
98E7,2
991E,15
9927,3
992E,2
9935,3
9945,2
9947,3
9961,15
9967,6
996E,2
9975,3
997E,5
9997,2
99XE,2
99E1,2
99E7,3
9X01,X
9X17,2
9X25,2
9X2E,2
9X31,X
9X35,3
9X41,7
9X47,3
9X51,2
9X71,2
9X85,2
9X8E,2
9X97,3
9XX5,3
9XXE,2
9E01,5
9E1E,7
9E27,3
9E3E,5
9E45,2
9E47,3
9E57,2
9E5E,5
9E61,12
9E7E,11
9E87,6
9EX1,5
X00E,6
X011,7
X017,2
X031,2
X035,3
X03E,5
X045,2
X051,6
X05E,E
X067,3
X081,7
X087,5
X08E,2
X091,2
X095,3
X0X1,E
X0E5,3
X0E7,3
X107,3
X117,2
X121,12
X137,3
X13E,E
X145,2
X14E,2
X155,3
X157,3
X161,5
X171,2
X17E,11
X197,3
X1X7,3
X201,E
X205,2
X20E,2
X211,X
X225,2
X227,6
X235,3
X247,3
X24E,2
X275,3
X277,3
X285,2
X295,3
X297,5
X2E7,3
X301,7
X315,3
X321,7
X32E,2
X331,2
X341,17
X35E,5
X365,2
X367,3
X37E,5
X397,2
X3X5,2
X3X7,6
X3E7,2
X407,6
X421,7
X42E,2
X43E,5
X445,2
X447,3
X455,3
X457,2
X461,E
X46E,2
X485,2
X487,6
X497,3
X4X1,5
X4X5,2
X4XE,5
X4E1,2
X511,2
X535,3
X537,2
X53E,5
X541,11
X54E,2
X551,6
X565,2
X575,3
X581,5
X59E,15
X5X1,1E
X5X7,3
X5XE,7
X5E1,5
X5EE,5
X605,2
X621,E
X631,2
X63E,25
X647,E
X657,7
X661,7
X667,3
X671,2
X675,3
X68E,2
X691,5
X695,5
X6X5,2
X6EE,5
X701,11
X711,6
X717,E
X71E,11
X721,X
X735,3
X745,3
X755,3
X767,3
X76E,E
X777,3
X791,6
X795,3
X7X5,2
X7E7,2
X801,5
X807,3
X80E,2
X817,3
X821,5
X825,2
X841,11
X851,2
X85E,5
X871,6
X875,3
X877,3
X88E,6
X891,6
X8X1,5
X907,3
X90E,2
X915,3
X935,3
X951,2
X971,X
X97E,7
X987,6
X997,3
X9X5,2
X9E5,3
X9EE,7
XX0E,2
XX1E,5
XX25,2
XX31,2
XX45,2
XX57,2
XX61,5
XX65,3
XX6E,5
XX9E,7
XXE7,2
XE05,2
XE2E,2
XE3E,12
XE41,7
XE45,2
XE47,3
XE6E,2
XE7E,11
XE91,2
XE97,2
XEE5,3
E001,1E
E005,2
E01E,E
E025,2
E037,2
E051,2
E055,3
E05E,7
E061,15
E067,17
E095,6
E0XE,2
E0E1,2
E105,2
E10E,2
E125,2
E127,3
E147,5
E14E,6
E151,5
E157,2
E167,6
E171,2
E181,7
E18E,2
E197,3
E1X1,5
E1E5,3
E205,2
E211,6
E21E,E
E231,2
E265,2
E26E,2
E271,7
E277,2
E27E,E
E28E,2
E2X1,5
E2X5,3
E2X7,3
E2XE,2
E2E1,6
E2E5,3
E301,11
E307,3
E315,3
E31E,5
E325,2
E327,E
E331,6
E337,2
E341,17
E351,2
E357,2
E377,11
E385,2
E387,3
E395,3
E39E,11
E3XE,2
E3E5,3
E3EE,5
E411,2
E417,2
E421,11
E465,2
E481,E
E487,5
E495,3
E497,7
E4X5,2
E4E1,2
E4EE,5
E50E,2
E51E,7
E521,5
E527,3
E52E,2
E541,E
E555,3
E561,11
E571,2
E577,3
E595,3
E597,17
E5X5,2
E5E1,E
E5E7,2
E615,3
E617,2
E635,3
E63E,7
E647,6
E655,3
E665,2
E675,6
E677,2
E685,2
E68E,2
E69E,E
E6X1,X
E6X5,2
E6E7,10
E705,3
E707,3
E711,2
E727,3
E72E,2
E73E,5
E747,3
E761,7
E771,6
E777,2
E781,X
E785,2
E78E,2
E795,3
E7X7,5
E7XE,6
E7E1,2
E801,11
E811,2
E815,3
E81E,5
E835,6
E84E,2
E85E,25
E861,5
E875,3
E885,2
E891,2
E8X7,5
E8E5,3
E917,2
E91E,5
E925,3
E931,2
E937,3
E941,5
E945,2
E947,E
E955,3
E971,6
E975,3
E97E,7
E987,5
E98E,6
E9X7,3
E9E5,3
E9E7,2
EX25,2
EX27,3
EX2E,5
EX4E,2
EX51,2
EX61,E
EX71,2
EX7E,5
EX85,2
EX87,3
EX97,3
EE01,5
EE07,3
EE17,2
EE2E,2
EE3E,E
EE41,7
EE5E,5
EE75,3
EE85,2
EE97,5
EEX5,2
EEX7,3
EEE7,2
