[1, 3, 1]
[2, 2, 1]
[3, 2, 1]
[4, 2, 1]
[5, 2, 1]
[6, 2, 1]
[7, 2, 1]
[8, 2, 1]
[9, 2, 1]
[10, 2, 1]
[11, 5, 1]
[12, 2, 1]
[13, 2, 1]
[14, 2, 1]
[15, 2, 1]
[16, 2, 1]
[17, 2, 1]
[18, 3, 2]
[19, 2, 1]
[20, 3, 2]
[21, 3, 1]
[22, 2, 1]
[23, 5, 3]
[24, 2, 1]
[25, 4, 3]
[26, 2, 1]
[27, 2, 1]
[28, 3, 2]
[29, 3, 2]
[30, 2, 1]
[31, 2, 1]
[32, 2, 1]
[33, 2, 1]
[34, 2, 1]
[35, 4, 3]
[36, 3, 1]
[37, 5, 2]
[38, 2, 1]
[39, 3, 2]
[40, 2, 1]
[41, 7, 6]
[42, 2, 1]
[43, 5, 4]
[44, 3, 2]
[45, 3, 2]
[46, 2, 1]
[47, 5, 1][47, 5, 3]
[48, 3, 2]
[49, 2, 1]
[50, 6, 1]
[51, 4, 3]
[52, 8, 3]
[53, 3, 2]
[54, 3, 2]
[55, 7, 1][55, 7, 3]
[56, 2, 1]
[57, 5, 1][57, 5, 3]
[58, 5, 4]
[59, 3, 2]
[60, 3, 1]
[61, 2, 1]
[62, 2, 1]
[63, 3, 1]
[64, 9, 8]
[65, 2, 1]
[66, 9, 1][66, 9, 2]
[67, 5, 2]
[68, 3, 2]
[69, 2, 1]
[70, 3, 1][70, 3, 2]
[71, 3, 1]
[72, 3, 1]
[73, 11, 1]
[74, 4, 3]
[75, 15, 4][75, 15, 7][75, 15, 11]
[76, 3, 2]
[77, 2, 1]
[78, 2, 1]
[79, 5, 2]
[80, 2, 1]
[81, 4, 3]
[82, 7, 4]
[83, 6, 5]
[84, 7, 1][84, 7, 5]
[85, 2, 1]
[86, 2, 1]
[87, 7, 5]
[88, 5, 1]
[89, 2, 1]
[90, 2, 1]
[91, 4, 3]
[92, 4, 1][92, 4, 3]
[93, 2, 1]
[94, 5, 2]
[95, 19, 8][95, 19, 10]
[96, 4, 1][96, 4, 3]
[97, 12, 1]
[98, 2, 1]
[99, 10, 7]
[100, 11, 10]
[101, 3, 2]
[102, 6, 5]
[103, 3, 1]
[104, 4, 1]
[105, 7, 1][105, 7, 4]
[106, 7, 6]
[107, 2, 1]
[108, 3, 1]
[109, 7, 3]
[110, 5, 1]
[111, 11, 4][111, 11, 8]
[112, 5, 3]
[113, 7, 5]
[114, 9, 2]
[115, 4, 3]
[116, 5, 1][116, 5, 3]
[117, 5, 3]
[118, 6, 1]
[119, 10, 9]
[120, 2, 1]
[121, 11, 7]
[122, 2, 1]
[123, 12, 1]
[124, 6, 1]
[125, 3, 2]
[126, 2, 1]
[127, 2, 1]
[128, 11, 8]
[129, 2, 1]
[130, 3, 1]
[131, 7, 1][131, 7, 3]
[132, 3, 1]
[133, 2, 1]
[134, 5, 1]
[135, 17, 9]
[136, 11, 4]
[137, 13, 1]
[138, 3, 2]
[139, 8, 7]
[140, 4, 1]
[141, 5, 1]
[142, 11, 4]
[143, 3, 1]
[144, 6, 1]
[145, 2, 1]
[146, 7, 2]
[147, 7, 6]
[148, 4, 1]
[149, 5, 1]
[150, 2, 1]
[151, 14, 5]
[152, 9, 1][152, 9, 8]
[153, 10, 9]
[154, 3, 1]
[155, 18, 13][155, 18, 17]
[156, 4, 1][156, 4, 3]
[157, 13, 4]
[158, 2, 1]
[159, 4, 3]
[160, 5, 4]
[161, 3, 1]
[162, 20, 17]
[163, 11, 6]
[164, 3, 2]
[165, 2, 1]
[166, 3, 2]
[167, 13, 7]
[168, 6, 5]
[169, 17, 6]
[170, 2, 1]
[171, 13, 4]
[172, 5, 3]
[173, 9, 5]
[174, 2, 1]
[175, 11, 9]
[176, 12, 11]
[177, 7, 3]
[178, 16, 1][178, 16, 13]
[179, 25, 21]
[180, 14, 11]
[181, 5, 1]
[182, 5, 3]
[183, 4, 3]
[184, 2, 1]
[185, 17, 7]
[186, 7, 5]
[187, 13, 7]
[188, 12, 7]
[189, 6, 5]
[190, 13, 4]
[191, 5, 4]
[192, 2, 1]
[193, 15, 14]
[194, 17, 16]
[195, 2, 1]
[196, 10, 1][196, 10, 3]
[197, 13, 5]
[198, 5, 1]
[199, 24, 7]
[200, 9, 8]
[201, 15, 11]
[202, 2, 1]
[203, 12, 5]
[204, 15, 11]
[205, 5, 3]
[206, 5, 1]
[207, 16, 7]
[208, 2, 1]
[209, 11, 9]
[210, 11, 6]
[211, 13, 9]
[212, 3, 2]
[213, 3, 2]
[214, 6, 1]
[215, 17, 2][215, 17, 8]
[216, 4, 3]
[217, 14, 11]
[218, 5, 3]
[219, 19, 3]
[220, 7, 6]
[221, 9, 7][221, 9, 8]
[222, 7, 2]
[223, 5, 3][223, 5, 4]
[224, 3, 2]
[225, 9, 2]
[226, 16, 7]
[227, 27, 17]
[228, 14, 9]
[229, 11, 5]
[230, 3, 2]
[231, 13, 5]
[232, 7, 2]
[233, 32, 3]
[234, 2, 1]
[235, 7, 5]
[236, 3, 1]
[237, 10, 3]
[238, 5, 3]
[239, 13, 11]
[240, 5, 3]
[241, 16, 7]
[242, 9, 7]
[243, 4, 3]
[244, 5, 3]
[245, 11, 10]
[246, 7, 3]
[247, 7, 6]
[248, 5, 1]
[249, 7, 4]
[250, 20, 3]
[251, 13, 10]
[252, 9, 4]
[253, 5, 4]
[254, 2, 1]
[255, 3, 1]
[256, 27, 20]
[257, 28, 27]
[258, 10, 7]
[259, 26, 19]
[260, 11, 10]
[261, 2, 1]
[262, 11, 8]
[263, 11, 5]
[264, 3, 2]
[265, 14, 1]
[266, 9, 5]
[267, 3, 2]
[268, 7, 3]
[269, 11, 6]
[270, 5, 2]
[271, 6, 1]
[272, 17, 10]
[273, 7, 2]
[274, 5, 4]
[275, 17, 1][275, 17, 6][275, 17, 15]
[276, 3, 1]
[277, 3, 2]
[278, 10, 3]
[279, 3, 1]
[280, 2, 1]
[281, 5, 3]
[282, 10, 7]
[283, 4, 3]
[284, 5, 4]
[285, 17, 6][285, 17, 15]
[286, 14, 1]
[287, 3, 1]
[288, 5, 1][288, 5, 2][288, 5, 3]
[289, 13, 7]
[290, 11, 2]
[291, 4, 3]
[292, 19, 7][292, 19, 13]
[293, 12, 11]
[294, 11, 2][294, 11, 3]
[295, 8, 5]
[296, 2, 1]
[297, 13, 6][297, 13, 9]
[298, 3, 2]
[299, 21, 2]
[300, 4, 1]
[301, 11, 2]
[302, 13, 10]
[303, 8, 1]
[304, 3, 1]
[305, 15, 1][305, 15, 2]
[306, 8, 5]
[307, 5, 2]
[308, 5, 3]
[309, 7, 2]
[310, 7, 4]
[311, 4, 3]
[312, 2, 1]
[313, 13, 8]
[314, 15, 4]
[315, 19, 3]
[316, 8, 5]
[317, 10, 1]
[318, 8, 1]
[319, 11, 10]
[320, 3, 2]
[321, 5, 4]
[322, 2, 1]
[323, 28, 11]
[324, 11, 9]
[325, 7, 2]
[326, 8, 3]
[327, 9, 2]
[328, 7, 3]
[329, 17, 7]
[330, 3, 2]
[331, 5, 2]
[332, 7, 1]
[333, 4, 3]
[334, 2, 1]
[335, 20, 3][335, 20, 11]
[336, 7, 2]
[337, 15, 2]
[338, 11, 4]
[339, 11, 7]
[340, 9, 1]
[341, 13, 1]
[342, 19, 13]
[343, 9, 8]
[344, 6, 5]
[345, 2, 1]
[346, 4, 3]
[347, 26, 1]
[348, 12, 5]
[349, 5, 4]
[350, 8, 7]
[351, 4, 3]
[352, 7, 1]
[353, 12, 1]
[354, 6, 1]
[355, 3, 2]
[356, 4, 1]
[357, 5, 1]
[358, 11, 1]
[359, 22, 1]
[360, 5, 2]
[361, 13, 5]
[362, 11, 5]
[363, 5, 2]
[364, 3, 1]
[365, 9, 8]
[366, 2, 1]
[367, 11, 3]
[368, 9, 8]
[369, 23, 21]
[370, 3, 2]
[371, 11, 7]
[372, 13, 1]
[373, 19, 5]
[374, 2, 1]
[375, 7, 2]
[376, 11, 8]
[377, 7, 2]
[378, 11, 8]
[379, 37, 17]
[380, 9, 1]
[381, 14, 9]
[382, 2, 1]
[383, 4, 3]
[384, 5, 1]
[385, 4, 3]
[386, 12, 1]
[387, 7, 6]
[388, 7, 5]
[389, 11, 3]
[390, 5, 4]
[391, 25, 12]
[392, 5, 4]
[393, 23, 22]
[394, 9, 7]
[395, 7, 4]
[396, 9, 5]
[397, 7, 5]
[398, 2, 1]
[399, 3, 2]
[400, 14, 1]
[401, 9, 8]
[402, 10, 7]
[403, 11, 1]
[404, 13, 3]
[405, 8, 7]
[406, 9, 4]
[407, 36, 31]
[408, 4, 1]
[409, 13, 9]
[410, 2, 1]
[411, 6, 1]
[412, 9, 4]
[413, 13, 12]
[414, 2, 1]
[415, 12, 11]
[416, 14, 11]
[417, 13, 9]
[418, 7, 6]
[419, 17, 1]
[420, 5, 1]
[421, 6, 5]
[422, 4, 3]
[423, 33, 19]
[424, 9, 4]
[425, 2, 1]
[426, 19, 5]
[427, 27, 14]
[428, 8, 3]
[429, 23, 22]
[430, 3, 1][430, 3, 2]
[431, 7, 2]
[432, 17, 8]
[433, 35, 11]
[434, 15, 13]
[435, 7, 2]
[436, 3, 2]
[437, 9, 8]
[438, 14, 9]
[439, 25, 8]
[440, 14, 5]
[441, 9, 5]
[442, 4, 3]
[443, 31, 14]
[444, 13, 8]
[445, 13, 8]
[446, 3, 2]
[447, 2, 1]
[448, 14, 1]
[449, 30, 23]
[450, 7, 5]
[451, 17, 3]
[452, 5, 4]
[453, 19, 2]
[454, 4, 3]
[455, 11, 6]
[456, 7, 1]
[457, 13, 10]
[458, 5, 1]
[459, 13, 7]
[460, 17, 4][460, 17, 9]
[461, 14, 13]
[462, 8, 1]
[463, 21, 4]
[464, 3, 1]
[465, 32, 21]
[466, 18, 5]
[467, 16, 3]
[468, 11, 6]
[469, 19, 4]
[470, 7, 5]
[471, 2, 1]
[472, 15, 4]
[473, 26, 15]
[474, 18, 11]
[475, 11, 3]
[476, 7, 3]
[477, 4, 3]
[478, 15, 4]
[479, 17, 10]
[480, 5, 4]
[481, 13, 12]
[482, 19, 9]
[483, 13, 1]
[484, 5, 4]
[485, 6, 5]
[486, 15, 1]
[487, 15, 1]
[488, 31, 16]
[489, 19, 5]
[490, 9, 8]
[491, 13, 8]
[492, 9, 1]
[493, 27, 23]
[494, 12, 5]
[495, 11, 9]
[496, 10, 3]
[497, 5, 2]
[498, 10, 7]
[499, 4, 3]
[500, 5, 1]
[501, 22, 21]
[502, 14, 3]
[503, 21, 17]
[504, 3, 2]
[505, 10, 7]
[506, 13, 9]
[507, 2, 1]
[508, 26, 9]
[509, 6, 1]
[510, 13, 6]
[511, 12, 1]
[512, 14, 5][512, 14, 9]
[513, 3, 1]
[514, 29, 5][514, 29, 16]
[515, 17, 1]
[516, 11, 10]
[517, 31, 29]
[518, 7, 5]
[519, 7, 3]
[520, 23, 9][520, 23, 19]
[521, 2, 1]
[522, 33, 8]
[523, 12, 7]
[524, 11, 3]
[525, 17, 4][525, 17, 5]
[526, 28, 5][526, 28, 9][526, 28, 23]
[527, 5, 4]
[528, 3, 1]
[529, 21, 16]
[530, 5, 1]
[531, 7, 1]
[532, 18, 13]
[533, 17, 11]
[534, 6, 5]
[535, 11, 3]
[536, 5, 1]
[537, 27, 7]
[538, 8, 7]
[539, 12, 7]
[540, 9, 1]
[541, 3, 1]
[542, 7, 5]
[543, 37, 1]
[544, 8, 7]
[545, 10, 3]
[546, 3, 2]
[547, 27, 20]
[548, 5, 2]
[549, 32, 11]
[550, 2, 1]
[551, 15, 1][551, 15, 2]
[552, 9, 4]
[553, 15, 11]
[554, 9, 5]
[555, 7, 5]
[556, 13, 11]
[557, 32, 29]
[558, 6, 1]
[559, 35, 31]
[560, 8, 7]
[561, 8, 1]
[562, 3, 1]
[563, 5, 4]
[564, 13, 4][564, 13, 7]
[565, 19, 1]
[566, 9, 2]
[567, 2, 1]
[568, 5, 4]
[569, 17, 8]
[570, 3, 2]
[571, 17, 16]
[572, 7, 3]
[573, 11, 4]
[574, 20, 1][574, 20, 11]
[575, 6, 1]
[576, 13, 12]
[577, 7, 5]
[578, 8, 5]
[579, 2, 1]
[580, 16, 11][580, 16, 15]
[581, 7, 1]
[582, 9, 5]
[583, 9, 8]
[584, 13, 5]
[585, 23, 17]
[586, 10, 1]
[587, 22, 17]
[588, 19, 10]
[589, 12, 7]
[590, 2, 1]
[591, 23, 22]
[592, 25, 16]
[593, 11, 7]
[594, 13, 1][594, 13, 8]
[595, 28, 3]
[596, 4, 1]
[597, 10, 1]
[598, 27, 2][598, 27, 20]
[599, 4, 3]
[600, 2, 1]
[601, 56, 27]
[602, 4, 3]
[603, 6, 5]
[604, 17, 5][604, 17, 14]
[605, 14, 3]
[606, 13, 7][606, 13, 8]
[607, 2, 1]
[608, 36, 5]
[609, 9, 8]
[610, 23, 3]
[611, 5, 2][611, 5, 3]
[612, 4, 1]
[613, 16, 11]
[614, 9, 8]
[615, 16, 3]
[616, 11, 7]
[617, 10, 7]
[618, 17, 15]
[619, 5, 1]
[620, 5, 1][620, 5, 3]
[621, 4, 3]
[622, 14, 13]
[623, 20, 17]
[624, 9, 1]
[625, 29, 13]
[626, 2, 1]
[627, 14, 5]
[628, 8, 3]
[629, 17, 13]
[630, 31, 1]
[631, 19, 2]
[632, 9, 8]
[633, 3, 2]
[634, 16, 1]
[635, 8, 3]
[636, 12, 1]
[637, 34, 13]
[638, 3, 2]
[639, 22, 3]
[640, 11, 2]
[641, 19, 8]
[642, 13, 7]
[643, 13, 12]
[644, 16, 13]
[645, 7, 4]
[646, 25, 18]
[647, 3, 2]
[648, 27, 20]
[649, 7, 3]
[650, 7, 1]
[651, 18, 7]
[652, 9, 7]
[653, 20, 7]
[654, 7, 1]
[655, 7, 5]
[656, 6, 5]
[657, 7, 3]
[658, 5, 3]
[659, 13, 5]
[660, 13, 2]
[661, 22, 5]
[662, 23, 1]
[663, 6, 1]
[664, 5, 3]
[665, 3, 1]
[666, 17, 1]
[667, 14, 11]
[668, 3, 2]
[669, 4, 3]
[670, 3, 2]
[671, 20, 17]
[672, 3, 1]
[673, 14, 5]
[674, 19, 8]
[675, 12, 1]
[676, 18, 7]
[677, 31, 24]
[678, 10, 7]
[679, 11, 8]
[680, 3, 1]
[681, 28, 13]
[682, 41, 6]
[683, 53, 34]
[684, 7, 3]
[685, 3, 2]
[686, 7, 5]
[687, 3, 2]
[688, 33, 25]
[689, 17, 8]
[690, 2, 1]
[691, 25, 6]
[692, 4, 1]
[693, 7, 5]
[694, 2, 1]
[695, 6, 5]
[696, 5, 3]
[697, 11, 5]
[698, 25, 3]
[699, 21, 19]
[700, 10, 3]
[701, 12, 1]
[702, 5, 2]
[703, 4, 3]
[704, 5, 2]
[705, 17, 4]
[706, 8, 7]
[707, 3, 1]
[708, 15, 4]
[709, 5, 4]
[710, 21, 5]
[711, 31, 22]
[712, 2, 1]
[713, 29, 14]
[714, 7, 2][714, 7, 3]
[715, 31, 5]
[716, 15, 13]
[717, 28, 3]
[718, 3, 1]
[719, 17, 10]
[720, 9, 1][720, 9, 4]
[721, 25, 3]
[722, 5, 4]
[723, 13, 7]
[724, 17, 1]
[725, 11, 7]
[726, 19, 10]
[727, 21, 16]
[728, 11, 10]
[729, 18, 13]
[730, 7, 1]
[731, 8, 7]
[732, 4, 1]
[733, 13, 7]
[734, 24, 11]
[735, 8, 3]
[736, 10, 3]
[737, 13, 1]
[738, 10, 1][738, 10, 3]
[739, 11, 5]
[740, 7, 1][740, 7, 3]
[741, 19, 7]
[742, 53, 20]
[743, 5, 4]
[744, 9, 8]
[745, 2, 1]
[746, 16, 5]
[747, 3, 1]
[748, 27, 13]
[749, 70, 67]
[750, 20, 17]
[751, 17, 9]
[752, 21, 5]
[753, 27, 23]
[754, 15, 4]
[755, 33, 31]
[756, 4, 1]
[757, 11, 7]
[758, 18, 11]
[759, 7, 1]
[760, 3, 1]
[761, 68, 19]
[762, 9, 1]
[763, 18, 7]
[764, 6, 1]
[765, 29, 15]
[766, 8, 7]
[767, 8, 5]
[768, 5, 2]
[769, 19, 4]
[770, 15, 13]
[771, 11, 4]
[772, 31, 13]
[773, 28, 27]
[774, 17, 14]
[775, 31, 13]
[776, 35, 3]
[777, 16, 15]
[778, 22, 9]
[779, 22, 7]
[780, 13, 12]
[781, 11, 2]
[782, 3, 1]
[783, 25, 24]
[784, 28, 17]
[785, 19, 16]
[786, 19, 16]
[787, 44, 29]
[788, 19, 13]
[789, 25, 2]
[790, 17, 7][790, 17, 12]
[791, 11, 5]
[792, 8, 7]
[793, 8, 3]
[794, 6, 5]
[795, 2, 1]
[796, 13, 9]
[797, 34, 33]
[798, 5, 1]
[799, 29, 3]
[800, 4, 1]
[801, 7, 6]
[802, 7, 2]
[803, 12, 5]
[804, 15, 14]
[805, 21, 13]
[806, 12, 7]
[807, 18, 11]
[808, 13, 10]
[809, 41, 19]
[810, 8, 3]
[811, 13, 10]
[812, 3, 2]
[813, 13, 9]
[814, 6, 1]
[815, 17, 1][815, 17, 5]
[816, 2, 1]
[817, 57, 2]
[818, 6, 5]
[819, 39, 11]
[820, 7, 5]
[821, 44, 37]
[822, 11, 10]
[823, 22, 3]
[824, 3, 2]
[825, 6, 1]
[826, 15, 8]
[827, 11, 4]
[828, 3, 1]
[829, 56, 15]
[830, 23, 14]
[831, 7, 2]
[832, 11, 9]
[833, 57, 28]
[834, 24, 1]
[835, 17, 15]
[836, 25, 3]
[837, 16, 7]
[838, 7, 2]
[839, 9, 5]
[840, 5, 2]
[841, 13, 3]
[842, 11, 5][842, 11, 10]
[843, 15, 4]
[844, 29, 1]
[845, 17, 10]
[846, 6, 5]
[847, 17, 14]
[848, 3, 2]
[849, 41, 15]
[850, 7, 2]
[851, 10, 7]
[852, 36, 23]
[853, 30, 29]
[854, 9, 8]
[855, 11, 1]
[856, 19, 7]
[857, 22, 1]
[858, 14, 5]
[859, 31, 10]
[860, 15, 11]
[861, 14, 3]
[862, 25, 6]
[863, 7, 3]
[864, 5, 4]
[865, 17, 10]
[866, 13, 8]
[867, 38, 37]
[868, 11, 5]
[869, 45, 11]
[870, 6, 5]
[871, 19, 3]
[872, 3, 2]
[873, 27, 16]
[874, 6, 1]
[875, 3, 1]
[876, 33, 2]
[877, 11, 8]
[878, 11, 1]
[879, 9, 5]
[880, 42, 17]
[881, 22, 17]
[882, 7, 2]
[883, 13, 1]
[884, 3, 2]
[885, 21, 20]
[886, 11, 4]
[887, 17, 4]
[888, 13, 5][888, 13, 6]
[889, 35, 4]
[890, 14, 5]
[891, 25, 14]
[892, 3, 1]
[893, 31, 16]
[894, 8, 7]
[895, 3, 2]
[896, 7, 5]
[897, 2, 1]
[898, 19, 5]
[899, 7, 6]
[900, 13, 11]
[901, 21, 16]
[902, 16, 5]
[903, 19, 3]
[904, 29, 8]
[905, 29, 8]
[906, 5, 2][906, 5, 3]
[907, 11, 1]
[908, 11, 8]
[909, 2, 1]
[910, 9, 4]
[911, 33, 5]
[912, 4, 3]
[913, 31, 8]
[914, 7, 2]
[915, 8, 7]
[916, 9, 4]
[917, 21, 17]
[918, 11, 5]
[919, 29, 22]
[920, 5, 4]
[921, 7, 6]
[922, 31, 1][922, 31, 19]
[923, 13, 8]
[924, 15, 7]
[925, 15, 11]
[926, 27, 20]
[927, 15, 11]
[928, 11, 9]
[929, 5, 1]
[930, 7, 3]
[931, 16, 5]
[932, 5, 2]
[933, 37, 4]
[934, 25, 12]
[935, 15, 11]
[936, 19, 16]
[937, 54, 11]
[938, 34, 7]
[939, 40, 27]
[940, 33, 1][940, 33, 19]
[941, 39, 31]
[942, 5, 3]
[943, 7, 3]
[944, 22, 5]
[945, 10, 1]
[946, 15, 8]
[947, 19, 13]
[948, 43, 15]
[949, 19, 17]
[950, 11, 9][950, 11, 10]
[951, 6, 5]
[952, 4, 1]
[953, 64, 43]
[954, 2, 1]
[955, 8, 3]
[956, 7, 3]
[957, 16, 5]
[958, 14, 9]
[959, 11, 5]
[960, 3, 2]
[961, 8, 3]
[962, 27, 17]
[963, 26, 3]
[964, 19, 15]
[965, 57, 13]
[966, 8, 3]
[967, 15, 7]
[968, 9, 2]
[969, 9, 5]
[970, 38, 11]
[971, 9, 5]
[972, 13, 5]
[973, 22, 5]
[974, 3, 1]
[975, 18, 1]
[976, 19, 12]
[977, 18, 5]
[978, 13, 9]
[979, 41, 15]
[980, 15, 13]
[981, 5, 1]
[982, 28, 1]
[983, 17, 10]
[984, 3, 1]
[985, 26, 3]
[986, 31, 7]
[987, 3, 1]
[988, 7, 6]
[989, 19, 2]
[990, 2, 1]
[991, 13, 1]
[992, 5, 1]
[993, 42, 13]
[994, 14, 3]
[995, 22, 19]
[996, 4, 1]
[997, 43, 39]
[998, 29, 27]
[999, 40, 7]
[1000, 8, 3]
[1001, 33, 14]
[1002, 7, 3]
[1003, 19, 5]
[1004, 4, 1]
[1005, 7, 5]
[1006, 13, 2]
[1007, 37, 29]
[1008, 30, 7]
[1009, 43, 2]
[1010, 8, 7]
[1011, 7, 3]
[1012, 22, 7]
[1013, 70, 1]
[1014, 7, 3]
[1015, 7, 6]
[1016, 11, 4]
[1017, 24, 17]
[1018, 5, 3]
[1019, 37, 14]
[1020, 14, 3]
[1021, 8, 5]
[1022, 23, 11]
[1023, 41, 29]
[1024, 13, 2]
[1025, 3, 2]
[1026, 7, 1][1026, 7, 2]
[1027, 42, 23]
[1028, 6, 1]
[1029, 15, 1]
[1030, 11, 6]
[1031, 10, 1]
[1032, 14, 3]
[1033, 63, 40]
[1034, 45, 29]
[1035, 5, 3]
[1036, 3, 2]
[1037, 3, 1]
[1038, 8, 7]
[1039, 6, 5]
[1040, 26, 25]
[1041, 24, 7]
[1042, 16, 11]
[1043, 36, 13]
[1044, 37, 3]
[1045, 7, 3]
[1046, 11, 3]
[1047, 7, 1]
[1048, 11, 2]
[1049, 6, 1]
[1050, 6, 1]
[1051, 12, 7]
[1052, 7, 3]
[1053, 12, 11]
[1054, 14, 3]
[1055, 24, 5]
[1056, 12, 11]
[1057, 17, 11]
[1058, 3, 1]
[1059, 32, 29]
[1060, 18, 17]
[1061, 3, 2]
[1062, 15, 8]
[1063, 54, 29]
[1064, 5, 1]
[1065, 7, 1]
[1066, 9, 1]
[1067, 19, 1][1067, 19, 14]
[1068, 11, 8]
[1069, 29, 3]
[1070, 3, 1]
[1071, 15, 11]
[1072, 44, 5][1072, 44, 29]
[1073, 3, 1]
[1074, 16, 13]
[1075, 26, 17]
[1076, 8, 3]
[1077, 11, 6]
[1078, 17, 2]
[1079, 14, 11]
[1080, 3, 1]
[1081, 53, 35]
[1082, 23, 17]
[1083, 28, 13]
[1084, 22, 13]
[1085, 19, 14]
[1086, 14, 3]
[1087, 19, 11]
[1088, 3, 2]
[1089, 29, 17]
[1090, 12, 1]
[1091, 3, 1]
[1092, 8, 5]
[1093, 19, 6]
[1094, 7, 5]
[1095, 19, 5]
[1096, 9, 8]
[1097, 15, 4]
[1098, 6, 5]
[1099, 7, 2]
[1100, 17, 13]
[1101, 47, 27]
[1102, 6, 1]
[1103, 95, 49]
[1104, 3, 2]
[1105, 14, 9]
[1106, 2, 1]
[1107, 11, 8]
[1108, 25, 14]
[1109, 13, 11]
[1110, 22, 9]
[1111, 3, 2]
[1112, 29, 12]
[1113, 6, 1]
[1114, 11, 1]
[1115, 11, 9]
[1116, 13, 3]
[1117, 26, 15]
[1118, 17, 6]
[1119, 32, 27]
[1120, 11, 10]
[1121, 43, 34]
[1122, 33, 17]
[1123, 15, 8]
[1124, 11, 9]
[1125, 7, 4]
[1126, 13, 4]
[1127, 21, 13]
[1128, 11, 2]
[1129, 11, 10]
[1130, 16, 13]
[1131, 6, 1]
[1132, 32, 15]
[1133, 53, 3]
[1134, 5, 1]
[1135, 17, 4]
[1136, 22, 1]
[1137, 39, 32]
[1138, 39, 5]
[1139, 20, 1]
[1140, 16, 13]
[1141, 30, 23]
[1142, 13, 10]
[1143, 26, 23]
[1144, 31, 21]
[1145, 33, 1]
[1146, 10, 9]
[1147, 42, 25]
[1148, 35, 9]
[1149, 24, 5]
[1150, 21, 20]
[1151, 25, 3]
[1152, 13, 11]
[1153, 22, 9]
[1154, 3, 1]
[1155, 7, 2]
[1156, 9, 7]
[1157, 12, 11]
[1158, 6, 1]
[1159, 46, 27]
[1160, 7, 3]
[1161, 17, 6]
[1162, 13, 8]
[1163, 17, 13]
[1164, 11, 9]
[1165, 15, 14]
[1166, 23, 14]
[1167, 7, 4]
[1168, 16, 5]
[1169, 9, 2]
[1170, 3, 2]
[1171, 49, 13]
[1172, 10, 1]
[1173, 13, 8]
[1174, 13, 8]
[1175, 53, 48]
[1176, 11, 6]
[1177, 20, 19]
[1178, 29, 7]
[1179, 14, 9]
[1180, 59, 23]
[1181, 34, 33]
[1182, 17, 11]
[1183, 41, 4][1183, 41, 8]
[1184, 5, 4]
[1185, 22, 19]
[1186, 43, 3]
[1187, 16, 7][1187, 16, 11]
[1188, 5, 2]
[1189, 23, 1][1189, 23, 12]
[1190, 33, 13][1190, 33, 23]
[1191, 45, 23]
[1192, 2, 1]
[1193, 4, 3]
[1194, 8, 3]
[1195, 13, 8]
[1196, 11, 8]
[1197, 17, 11]
[1198, 3, 2]
[1199, 3, 2]
[1200, 3, 2]
[1201, 23, 12]
[1202, 45, 7]
[1203, 19, 8]
[1204, 28, 17]
[1205, 44, 9]
[1206, 7, 2]
[1207, 36, 35]
[1208, 11, 9]
[1209, 29, 3][1209, 29, 4]
[1210, 7, 2]
[1211, 13, 4]
[1212, 29, 12]
[1213, 33, 2][1213, 33, 14][1213, 33, 19]
[1214, 25, 16]
[1215, 5, 2]
[1216, 29, 2]
[1217, 33, 17]
[1218, 7, 3]
[1219, 39, 2]
[1220, 11, 1]
[1221, 29, 16]
[1222, 13, 1]
[1223, 81, 11]
[1224, 2, 1]
[1225, 39, 28]
[1226, 18, 5]
[1227, 28, 23]
[1228, 4, 1]
[1229, 17, 9]
[1230, 2, 1]
[1231, 33, 13]
[1232, 9, 8]
[1233, 3, 2]
[1234, 35, 1]
[1235, 19, 10]
[1236, 13, 10]
[1237, 41, 33]
[1238, 4, 3]
[1239, 17, 5]
[1240, 31, 26]
[1241, 13, 2]
[1242, 7, 5]
[1243, 15, 13]
[1244, 7, 3]
[1245, 30, 13]
[1246, 15, 2]
[1247, 29, 5][1247, 29, 14]
[1248, 3, 1]
[1249, 38, 11]
[1250, 7, 6]
[1251, 37, 29]
[1252, 17, 9]
[1253, 22, 9]
[1254, 3, 2]
[1255, 40, 23]
[1256, 17, 7]
[1257, 3, 2]
[1258, 23, 22]
[1259, 12, 5]
[1260, 23, 22]
[1261, 9, 8]
[1262, 19, 1]
[1263, 18, 5]
[1264, 40, 13]
[1265, 12, 5]
[1266, 16, 1]
[1267, 10, 9]
[1268, 4, 1]
[1269, 29, 26]
[1270, 18, 11]
[1271, 19, 12]
[1272, 11, 1]
[1273, 33, 8]
[1274, 9, 8]
[1275, 12, 5]
[1276, 33, 20]
[1277, 40, 1]
[1278, 23, 17]
[1279, 2, 1]
[1280, 26, 25]
[1281, 35, 23]
[1282, 10, 1]
[1283, 47, 16]
[1284, 16, 3]
[1285, 21, 20]
[1286, 6, 5]
[1287, 23, 9]
[1288, 17, 12]
[1289, 29, 22]
[1290, 16, 13]
[1291, 35, 19]
[1292, 16, 3]
[1293, 11, 3]
[1294, 3, 2]
[1295, 16, 3]
[1296, 17, 15]
[1297, 29, 15]
[1298, 9, 4]
[1299, 27, 26]
[1300, 19, 11]
[1301, 5, 2]
[1302, 7, 2]
[1303, 31, 29]
[1304, 7, 4]
[1305, 8, 3]
[1306, 59, 11][1306, 59, 56]
[1307, 32, 3]
[1308, 14, 5]
[1309, 41, 13]
[1310, 30, 19]
[1311, 16, 3]
[1312, 17, 16]
[1313, 21, 11]
[1314, 11, 2]
[1315, 40, 11]
[1316, 29, 8][1316, 29, 20]
[1317, 19, 11]
[1318, 32, 15]
[1319, 26, 9]
[1320, 9, 1]
[1321, 27, 2]
[1322, 5, 3]
[1323, 11, 3]
[1324, 18, 7]
[1325, 16, 11]
[1326, 21, 17]
[1327, 7, 6]
[1328, 17, 5]
[1329, 33, 2]
[1330, 25, 22]
[1331, 33, 8]
[1332, 27, 26]
[1333, 21, 11]
[1334, 7, 3]
[1335, 13, 4]
[1336, 43, 10]
[1337, 67, 55]
[1338, 19, 15]
[1339, 33, 5]
[1340, 3, 2]
[1341, 17, 8]
[1342, 10, 7]
[1343, 16, 11]
[1344, 35, 18]
[1345, 22, 1]
[1346, 16, 3]
[1347, 32, 5]
[1348, 47, 28]
[1349, 29, 19]
[1350, 19, 5]
[1351, 24, 19]
[1352, 23, 15]
[1353, 41, 30]
[1354, 31, 3]
[1355, 52, 15]
[1356, 7, 3]
[1357, 37, 14]
[1358, 13, 11]
[1359, 38, 23]
[1360, 31, 20]
[1361, 25, 21]
[1362, 15, 14]
[1363, 14, 1]
[1364, 39, 23]
[1365, 27, 14]
[1366, 30, 11]
[1367, 3, 1]
[1368, 9, 5]
[1369, 46, 5]
[1370, 11, 4]
[1371, 32, 19]
[1372, 24, 19]
[1373, 7, 2]
[1374, 7, 3]
[1375, 29, 18]
[1376, 6, 1]
[1377, 13, 7]
[1378, 13, 10]
[1379, 11, 8]
[1380, 19, 16]
[1381, 11, 6]
[1382, 15, 11]
[1383, 17, 10]
[1384, 2, 1]
[1385, 23, 20]
[1386, 2, 1]
[1387, 12, 7]
[1388, 11, 5]
[1389, 8, 1]
[1390, 9, 4][1390, 9, 8]
[1391, 18, 13]
[1392, 13, 4]
[1393, 19, 11]
[1394, 12, 5]
[1395, 53, 22]
[1396, 39, 4]
[1397, 45, 7]
[1398, 49, 25]
[1399, 7, 6]
[1400, 36, 11]
[1401, 23, 11]
[1402, 2, 1]
[1403, 23, 16]
[1404, 10, 1]
[1405, 27, 23]
[1406, 5, 2]
[1407, 38, 27]
[1408, 22, 1]
[1409, 51, 47]
[1410, 8, 3]
[1411, 23, 11]
[1412, 13, 11]
[1413, 15, 14]
[1414, 22, 3]
[1415, 19, 7]
[1416, 27, 20]
[1417, 28, 19]
[1418, 5, 3]
[1419, 25, 22]
[1420, 13, 7]
[1421, 31, 18]
[1422, 20, 17]
[1423, 23, 16]
[1424, 21, 11]
[1425, 9, 7]
[1426, 3, 1]
[1427, 32, 31]
[1428, 9, 1]
[1429, 27, 13]
[1430, 12, 5]
[1431, 11, 1]
[1432, 6, 5]
[1433, 56, 3]
[1434, 13, 12]
[1435, 23, 13]
[1436, 24, 5]
[1437, 9, 2]
[1438, 20, 9]
[1439, 26, 3]
[1440, 3, 1][1440, 3, 2]
[1441, 53, 8]
[1442, 17, 13]
[1443, 9, 5]
[1444, 15, 1]
[1445, 27, 20]
[1446, 34, 7]
[1447, 24, 7]
[1448, 29, 27]
[1449, 8, 5]
[1450, 27, 20]
[1451, 83, 24]
[1452, 7, 3]
[1453, 38, 33]
[1454, 48, 13]
[1455, 26, 11]
[1456, 13, 5]
[1457, 21, 13]
[1458, 5, 2]
[1459, 78, 53]
[1460, 5, 3][1460, 5, 4]
[1461, 11, 3]
[1462, 3, 1]
[1463, 33, 28]
[1464, 2, 1]
[1465, 11, 9]
[1466, 8, 3]
[1467, 11, 3]
[1468, 6, 1]
[1469, 19, 10]
[1470, 7, 6]
[1471, 27, 14][1471, 27, 19]
[1472, 8, 7]
[1473, 43, 10][1473, 43, 24]
[1474, 20, 1]
[1475, 23, 22]
[1476, 19, 2][1476, 19, 9]
[1477, 34, 19]
[1478, 41, 31]
[1479, 25, 7]
[1480, 7, 2]
[1481, 53, 14]
[1482, 23, 9]
[1483, 58, 25]
[1484, 17, 8]
[1485, 13, 5]
[1486, 7, 6]
[1487, 20, 1]
[1488, 11, 5][1488, 11, 6]
[1489, 32, 5]
[1490, 13, 3]
[1491, 7, 4]
[1492, 15, 7]
[1493, 11, 6]
[1494, 14, 11]
[1495, 9, 7]
[1496, 49, 27]
[1497, 25, 2]
[1498, 19, 17]
[1499, 90, 83]
[1500, 14, 11]
[1501, 43, 28]
[1502, 29, 8]
[1503, 11, 5]
[1504, 25, 3]
[1505, 29, 20]
[1506, 17, 9]
[1507, 50, 31]
[1508, 17, 13]
[1509, 61, 5]
[1510, 62, 25]
[1511, 6, 5]
[1512, 2, 1]
[1513, 18, 1]
[1514, 13, 5]
[1515, 33, 14]
[1516, 24, 1]
[1517, 31, 2]
[1518, 17, 10]
[1519, 17, 5]
[1520, 14, 1]
[1521, 10, 1]
[1522, 13, 5]
[1523, 16, 15]
[1524, 3, 1]
[1525, 22, 1]
[1526, 21, 8]
[1527, 24, 5]
[1528, 8, 5]
[1529, 30, 19]
[1530, 13, 9]
[1531, 42, 13]
[1532, 15, 1]
[1533, 15, 14]
[1534, 18, 7]
[1535, 6, 1]
[1536, 8, 7]
[1537, 20, 17]
[1538, 23, 6]
[1539, 16, 15]
[1540, 5, 3]
[1541, 52, 7]
[1542, 22, 5]
[1543, 23, 9]
[1544, 27, 13]
[1545, 17, 16]
[1546, 9, 1]
[1547, 33, 23]
[1548, 12, 5]
[1549, 21, 17]
[1550, 33, 16]
[1551, 28, 17]
[1552, 6, 5]
[1553, 21, 16]
[1554, 2, 1]
[1555, 15, 13]
[1556, 11, 6]
[1557, 49, 45]
[1558, 32, 29]
[1559, 105, 26]
[1560, 7, 6]
[1561, 5, 2]
[1562, 2, 1]
[1563, 37, 14]
[1564, 8, 5]
[1565, 9, 8]
[1566, 16, 15]
[1567, 53, 29]
[1568, 7, 2][1568, 7, 3]
[1569, 39, 7]
[1570, 24, 17]
[1571, 25, 19]
[1572, 22, 1]
[1573, 55, 49]
[1574, 25, 22]
[1575, 35, 33]
[1576, 5, 4]
[1577, 47, 16]
[1578, 10, 9]
[1579, 16, 15]
[1580, 10, 3]
[1581, 25, 14]
[1582, 7, 5]
[1583, 41, 5]
[1584, 17, 8]
[1585, 29, 3]
[1586, 15, 8]
[1587, 4, 3]
[1588, 33, 2]
[1589, 22, 7]
[1590, 16, 7][1590, 16, 11]
[1591, 23, 8]
[1592, 7, 4]
[1593, 52, 17]
[1594, 17, 2]
[1595, 13, 12]
[1596, 7, 4]
[1597, 55, 6]
[1598, 3, 1]
[1599, 11, 7]
[1600, 2, 1]
[1601, 53, 30]
[1602, 27, 10]
[1603, 16, 7]
[1604, 23, 6]
[1605, 28, 9]
[1606, 19, 17]
[1607, 19, 18]
[1608, 16, 5]
[1609, 38, 37]
[1610, 10, 3]
[1611, 31, 17]
[1612, 8, 5]
[1613, 16, 11]
[1614, 11, 1]
[1615, 13, 1]
[1616, 20, 3]
[1617, 20, 11]
[1618, 31, 8]
[1619, 19, 6]
[1620, 7, 4]
[1621, 32, 5]
[1622, 6, 1]
[1623, 3, 1]
[1624, 7, 4]
[1625, 62, 5]
[1626, 22, 17]
[1627, 3, 1]
[1628, 7, 6]
[1629, 41, 10]
[1630, 13, 5][1630, 13, 8]
[1631, 52, 37]
[1632, 23, 1]
[1633, 44, 43]
[1634, 25, 2]
[1635, 39, 14]
[1636, 17, 7]
[1637, 63, 34]
[1638, 11, 4]
[1639, 17, 15]
[1640, 21, 20]
[1641, 42, 25]
[1642, 28, 25]
[1643, 34, 1]
[1644, 17, 10]
[1645, 19, 18]
[1646, 16, 5]
[1647, 31, 2][1647, 31, 30]
[1648, 24, 13]
[1649, 59, 27]
[1650, 29, 1]
[1651, 43, 1]
[1652, 46, 1]
[1653, 18, 17]
[1654, 27, 23]
[1655, 41, 23]
[1656, 25, 2]
[1657, 13, 8]
[1658, 8, 7]
[1659, 14, 1]
[1660, 7, 1]
[1661, 43, 35]
[1662, 11, 5]
[1663, 5, 4]
[1664, 19, 2]
[1665, 9, 2]
[1666, 68, 15][1666, 68, 67]
[1667, 29, 6]
[1668, 19, 9]
[1669, 15, 7]
[1670, 2, 1]
[1671, 30, 11]
[1672, 29, 3]
[1673, 26, 3]
[1674, 7, 3]
[1675, 13, 10]
[1676, 11, 2]
[1677, 21, 19]
[1678, 41, 19][1678, 41, 35]
[1679, 53, 49]
[1680, 15, 8]
[1681, 23, 13]
[1682, 17, 10]
[1683, 2, 1]
[1684, 13, 10]
[1685, 12, 7]
[1686, 17, 15]
[1687, 13, 11]
[1688, 8, 3]
[1689, 8, 3]
[1690, 4, 3]
[1691, 26, 25]
[1692, 51, 23]
[1693, 16, 15]
[1694, 15, 2]
[1695, 43, 7]
[1696, 11, 1]
[1697, 55, 26]
[1698, 33, 23]
[1699, 7, 1]
[1700, 11, 2]
[1701, 13, 5]
[1702, 9, 7]
[1703, 41, 35]
[1704, 19, 8][1704, 19, 14]
[1705, 25, 23]
[1706, 13, 8]
[1707, 50, 1]
[1708, 19, 13]
[1709, 13, 10]
[1710, 16, 11]
[1711, 13, 12]
[1712, 51, 16]
[1713, 32, 31]
[1714, 26, 1]
[1715, 26, 23]
[1716, 27, 1]
[1717, 25, 21]
[1718, 19, 10]
[1719, 25, 3]
[1720, 33, 28]
[1721, 36, 7]
[1722, 27, 11]
[1723, 20, 3]
[1724, 29, 18]
[1725, 9, 7]
[1726, 19, 2]
[1727, 2, 1]
[1728, 8, 3]
[1729, 26, 9]
[1730, 7, 3]
[1731, 8, 7]
[1732, 44, 5]
[1733, 35, 19]
[1734, 13, 11]
[1735, 23, 20]
[1736, 38, 17]
[1737, 47, 17]
[1738, 13, 8]
[1739, 42, 23]
[1740, 27, 14]
[1741, 30, 29]
[1742, 18, 7]
[1743, 17, 9]
[1744, 23, 8]
[1745, 31, 21]
[1746, 8, 1]
[1747, 16, 3]
[1748, 15, 1]
[1749, 68, 25][1749, 68, 53]
[1750, 17, 13]
[1751, 16, 15]
[1752, 10, 1]
[1753, 23, 10]
[1754, 8, 7]
[1755, 61, 54]
[1756, 28, 15]
[1757, 44, 41]
[1758, 39, 35]
[1759, 41, 1][1759, 41, 39]
[1760, 19, 13]
[1761, 11, 4]
[1762, 31, 7]
[1763, 34, 29]
[1764, 37, 6][1764, 37, 19]
[1765, 27, 19]
[1766, 5, 4]
[1767, 15, 8]
[1768, 17, 4]
[1769, 71, 55]
[1770, 25, 9]
[1771, 35, 24]
[1772, 15, 7]
[1773, 53, 29]
[1774, 49, 9]
[1775, 33, 4]
[1776, 37, 29]
[1777, 37, 9]
[1778, 48, 41]
[1779, 15, 2]
[1780, 13, 3]
[1781, 2, 1]
[1782, 6, 1]
[1783, 14, 9]
[1784, 7, 5]
[1785, 19, 9]
[1786, 23, 8]
[1787, 19, 2]
[1788, 5, 3]
[1789, 19, 7]
[1790, 42, 31]
[1791, 19, 16]
[1792, 27, 20]
[1793, 5, 2]
[1794, 8, 1]
[1795, 43, 28]
[1796, 35, 2]
[1797, 21, 11]
[1798, 47, 18]
[1799, 53, 21]
[1800, 19, 10]
[1801, 7, 2]
[1802, 19, 5]
[1803, 37, 35]
[1804, 34, 9]
[1805, 29, 27]
[1806, 35, 27]
[1807, 5, 1]
[1808, 11, 6]
[1809, 10, 3]
[1810, 19, 6]
[1811, 51, 14]
[1812, 10, 1]
[1813, 41, 13]
[1814, 17, 2][1814, 17, 14]
[1815, 4, 3]
[1816, 11, 7]
[1817, 20, 13]
[1818, 15, 8]
[1819, 69, 25][1819, 69, 35]
[1820, 3, 2]
[1821, 20, 11]
[1822, 39, 11]
[1823, 56, 19]
[1824, 23, 13]
[1825, 22, 3]
[1826, 8, 7]
[1827, 18, 17]
[1828, 15, 4]
[1829, 35, 2]
[1830, 19, 12]
[1831, 26, 11]
[1832, 3, 2]
[1833, 18, 11]
[1834, 2, 1]
[1835, 19, 15]
[1836, 10, 1]
[1837, 27, 19]
[1838, 13, 1]
[1839, 45, 23]
[1840, 19, 14]
[1841, 18, 11]
[1842, 16, 5]
[1843, 25, 7]
[1844, 10, 1]
[1845, 29, 14]
[1846, 37, 3]
[1847, 71, 11]
[1848, 41, 6][1848, 41, 11]
[1849, 21, 19]
[1850, 37, 7]
[1851, 43, 22]
[1852, 29, 10]
[1853, 31, 9]
[1854, 37, 23]
[1855, 40, 9][1855, 40, 37]
[1856, 43, 30]
[1857, 17, 10]
[1858, 27, 26]
[1859, 43, 36]
[1860, 15, 13]
[1861, 49, 13]
[1862, 10, 1]
[1863, 3, 1]
[1864, 23, 19]
[1865, 26, 19]
[1866, 41, 3]
[1867, 59, 4]
[1868, 17, 4]
[1869, 86, 29]
[1870, 35, 22]
[1871, 81, 2]
[1872, 19, 12]
[1873, 19, 18]
[1874, 26, 19]
[1875, 28, 27]
[1876, 15, 4]
[1877, 31, 17]
[1878, 20, 13]
[1879, 37, 10]
[1880, 19, 8]
[1881, 37, 18]
[1882, 18, 1]
[1883, 8, 7]
[1884, 43, 38]
[1885, 12, 7]
[1886, 13, 2]
[1887, 19, 13]
[1888, 22, 3]
[1889, 24, 7]
[1890, 22, 5]
[1891, 20, 3]
[1892, 53, 8][1892, 53, 29]
[1893, 4, 3]
[1894, 29, 7]
[1895, 11, 8]
[1896, 35, 8]
[1897, 26, 15]
[1898, 16, 1]
[1899, 26, 15]
[1900, 11, 4]
[1901, 33, 7]
[1902, 9, 7]
[1903, 47, 44]
[1904, 2, 1]
[1905, 21, 4]
[1906, 12, 7]
[1907, 11, 1]
[1908, 19, 7]
[1909, 55, 16]
[1910, 47, 36]
[1911, 7, 4]
[1912, 16, 1]
[1913, 32, 3]
[1914, 12, 5]
[1915, 89, 59]
[1916, 47, 27]
[1917, 13, 4]
[1918, 25, 12]
[1919, 11, 5]
[1920, 15, 4]
[1921, 5, 2]
[1922, 17, 12]
[1923, 5, 4]
[1924, 6, 1]
[1925, 14, 1]
[1926, 31, 14]
[1927, 49, 31]
[1928, 13, 12]
[1929, 19, 10]
[1930, 43, 23]
[1931, 56, 39]
[1932, 23, 21]
[1933, 41, 5]
[1934, 17, 1]
[1935, 44, 35]
[1936, 28, 19]
[1937, 33, 20]
[1938, 13, 6]
[1939, 25, 24]
[1940, 7, 4]
[1941, 8, 7]
[1942, 21, 5]
[1943, 11, 6]
[1944, 25, 1]
[1945, 20, 13]
[1946, 4, 3]
[1947, 32, 11]
[1948, 11, 8]
[1949, 22, 15]
[1950, 25, 9]
[1951, 37, 23]
[1952, 49, 22]
[1953, 22, 21]
[1954, 4, 3]
[1955, 30, 23]
[1956, 16, 5]
[1957, 24, 19]
[1958, 35, 2]
[1959, 7, 1]
[1960, 13, 7]
[1961, 53, 42]
[1962, 15, 13]
[1963, 6, 5]
[1964, 19, 14]
[1965, 31, 9]
[1966, 39, 31]
[1967, 29, 21]
[1968, 36, 29]
[1969, 29, 25]
[1970, 32, 7]
[1971, 12, 1]
[1972, 16, 1]
[1973, 61, 22]
[1974, 23, 9]
[1975, 38, 27]
[1976, 14, 11]
[1977, 35, 9][1977, 35, 22]
[1978, 81, 46]
[1979, 13, 9]
[1980, 14, 5]
[1981, 67, 49]
[1982, 37, 19]
[1983, 27, 14]
[1984, 29, 7]
[1985, 3, 1]
[1986, 15, 1]
[1987, 46, 35]
[1988, 22, 1]
[1989, 21, 4]
[1990, 2, 1]
[1991, 20, 13]
[1992, 2, 1]
[1993, 4, 3]
[1994, 24, 11]
[1995, 33, 26]
[1996, 47, 32]
[1997, 41, 38]
[1998, 12, 5]
[1999, 31, 4]
[2000, 7, 3]
[2001, 29, 21]
[2002, 48, 19]
[2003, 37, 20]
[2004, 13, 7]
[2005, 29, 18]
[2006, 13, 3]
[2007, 29, 26]
[2008, 2, 1]
[2009, 52, 15]
[2010, 19, 9]
[2011, 18, 7]
[2012, 51, 50]
[2013, 11, 8]
[2014, 28, 23]
[2015, 23, 17]
[2016, 11, 4]
[2017, 39, 37]
[2018, 9, 1]
[2019, 43, 16]
[2020, 31, 6]
[2021, 13, 4]
[2022, 24, 1]
[2023, 31, 25]
[2024, 37, 29]
[2025, 31, 16]
[2026, 92, 79]
[2027, 7, 6]
[2028, 37, 2]
[2029, 11, 1]
[2030, 33, 5]
[2031, 43, 3]
[2032, 13, 1]
[2033, 59, 48]
[2034, 25, 13]
[2035, 18, 13]
[2036, 48, 41]
[2037, 2, 1]
[2038, 31, 10]
[2039, 88, 19]
[2040, 8, 1]
[2041, 13, 7]
[2042, 39, 25]
[2043, 8, 3]
[2044, 17, 9]
[2045, 42, 41]
[2046, 11, 7]
[2047, 52, 5]
[2048, 47, 26]
[2049, 49, 48]
[2050, 8, 7]
[2051, 27, 22]
[2052, 23, 8][2052, 23, 19]
[2053, 35, 3]
[2054, 27, 2]
[2055, 20, 17]
[2056, 17, 8][2056, 17, 13]
[2057, 3, 2]
[2058, 5, 3]
[2059, 11, 6]
[2060, 24, 1]
[2061, 20, 7]
[2062, 28, 1]
[2063, 34, 19]
[2064, 23, 3]
[2065, 25, 2]
[2066, 20, 9]
[2067, 7, 1]
[2068, 53, 38]
[2069, 25, 7]
[2070, 5, 4]
[2071, 53, 24]
[2072, 15, 11]
[2073, 19, 3]
[2074, 46, 13]
[2075, 10, 3]
[2076, 21, 10]
[2077, 27, 2]
[2078, 19, 6]
[2079, 19, 8]
[2080, 19, 12]
[2081, 61, 51]
[2082, 59, 15]
[2083, 5, 3]
[2084, 24, 5]
[2085, 11, 3]
[2086, 35, 16]
[2087, 22, 9]
[2088, 12, 1]
[2089, 43, 12]
[2090, 23, 9]
[2091, 6, 5]
[2092, 73, 9]
[2093, 15, 1]
[2094, 5, 1]
[2095, 41, 20][2095, 41, 24]
[2096, 6, 1]
[2097, 54, 23]
[2098, 53, 19]
[2099, 13, 11]
[2100, 31, 30]
[2101, 25, 13]
[2102, 19, 2]
[2103, 9, 5]
[2104, 4, 3]
[2105, 39, 2]
[2106, 11, 7]
[2107, 49, 44]
[2108, 35, 34]
[2109, 19, 13]
[2110, 49, 38]
[2111, 32, 15]
[2112, 17, 10]
[2113, 37, 3]
[2114, 14, 11]
[2115, 16, 13]
[2116, 11, 6]
[2117, 13, 8]
[2118, 13, 12]
[2119, 26, 19]
[2120, 22, 21]
[2121, 11, 10]
[2122, 19, 15]
[2123, 22, 9]
[2124, 34, 29]
[2125, 68, 3]
[2126, 33, 14]
[2127, 15, 8]
[2128, 40, 19]
[2129, 31, 8]
[2130, 23, 8]
[2131, 37, 26]
[2132, 3, 1]
[2133, 33, 31]
[2134, 10, 1]
[2135, 65, 61]
[2136, 8, 7]
[2137, 9, 2]
[2138, 23, 5]
[2139, 23, 17]
[2140, 26, 9]
[2141, 69, 34]
[2142, 22, 1]
[2143, 38, 25]
[2144, 49, 39]
[2145, 29, 8][2145, 29, 17]
[2146, 13, 1]
[2147, 26, 23]
[2148, 5, 4]
[2149, 36, 29]
[2150, 10, 7]
[2151, 16, 11]
[2152, 39, 4]
[2153, 43, 35]
[2154, 20, 3][2154, 20, 9]
[2155, 13, 8]
[2156, 23, 12]
[2157, 10, 9]
[2158, 15, 2]
[2159, 9, 2]
[2160, 17, 15]
[2161, 81, 13]
[2162, 4, 3]
[2163, 41, 18]
[2164, 20, 7]
[2165, 41, 20]
[2166, 13, 3]
[2167, 9, 7]
[2168, 17, 8]
[2169, 16, 11]
[2170, 8, 3]
[2171, 33, 1]
[2172, 41, 14]
[2173, 15, 8]
[2174, 33, 25]
[2175, 23, 7]
[2176, 6, 1]
[2177, 19, 11]
[2178, 3, 2]
[2179, 11, 3]
[2180, 23, 1]
[2181, 5, 4]
[2182, 10, 9]
[2183, 24, 5]
[2184, 25, 14]
[2185, 28, 13]
[2186, 37, 13]
[2187, 15, 2]
[2188, 3, 1]
[2189, 5, 2]
[2190, 3, 2]
[2191, 17, 12]
[2192, 28, 3]
[2193, 38, 3][2193, 38, 37]
[2194, 10, 3]
[2195, 10, 9]
[2196, 3, 1]
[2197, 44, 35]
[2198, 28, 19]
[2199, 12, 7]
[2200, 16, 5][2200, 16, 15]
[2201, 37, 3]
[2202, 15, 1]
[2203, 2, 1]
[2204, 30, 1]
[2205, 58, 11]
[2206, 51, 40]
[2207, 33, 28]
[2208, 5, 3]
[2209, 49, 30]
[2210, 5, 2]
[2211, 25, 3]
[2212, 28, 19]
[2213, 61, 55]
[2214, 19, 3]
[2215, 23, 18]
[2216, 19, 18]
[2217, 38, 1]
[2218, 25, 6]
[2219, 61, 37]
[2220, 13, 8]
[2221, 41, 5]
[2222, 8, 7]
[2223, 43, 20]
[2224, 29, 7]
[2225, 19, 9]
[2226, 8, 5]
[2227, 46, 15]
[2228, 48, 17]
[2229, 27, 11]
[2230, 13, 5]
[2231, 6, 5]
[2232, 10, 1]
[2233, 19, 17]
[2234, 23, 6]
[2235, 32, 13]
[2236, 31, 10]
[2237, 35, 11]
[2238, 13, 8]
[2239, 35, 32]
[2240, 4, 1]
[2241, 41, 1]
[2242, 32, 29]
[2243, 11, 7]
[2244, 13, 3]
[2245, 38, 1]
[2246, 70, 39]
[2247, 15, 13]
[2248, 14, 5]
[2249, 5, 4]
[2250, 23, 16]
[2251, 37, 12][2251, 37, 13]
[2252, 43, 10][2252, 43, 25]
[2253, 44, 13]
[2254, 37, 33]
[2255, 8, 3]
[2256, 16, 3]
[2257, 15, 14]
[2258, 23, 9]
[2259, 17, 9]
[2260, 7, 1]
[2261, 23, 5]
[2262, 33, 14]
[2263, 11, 8]
[2264, 10, 1]
[2265, 27, 25]
[2266, 18, 17]
[2267, 35, 26]
[2268, 23, 18]
[2269, 17, 12]
[2270, 7, 5]
[2271, 3, 2]
[2272, 18, 1]
[2273, 19, 10]
[2274, 17, 8]
[2275, 12, 11]
[2276, 14, 13]
[2277, 24, 19]
[2278, 46, 29]
[2279, 22, 21]
[2280, 29, 2]
[2281, 2, 1]
[2282, 11, 7][2282, 11, 10]
[2283, 33, 2]
[2284, 14, 11]
[2285, 17, 13]
[2286, 22, 9]
[2287, 37, 13]
[2288, 11, 1]
[2289, 27, 16]
[2290, 23, 18]
[2291, 37, 2]
[2292, 43, 18]
[2293, 33, 26]
[2294, 4, 3]
[2295, 7, 6]
[2296, 33, 4]
[2297, 43, 21]
[2298, 2, 1]
[2299, 48, 43]
[2300, 35, 2]
[2301, 12, 5]
[2302, 13, 1]
[2303, 37, 33]
[2304, 33, 32]
[2305, 46, 43]
[2306, 23, 3][2306, 23, 10]
[2307, 49, 44]
[2308, 5, 4]
[2309, 41, 12]
[2310, 31, 24]
[2311, 44, 29]
[2312, 34, 27]
[2313, 50, 7]
[2314, 25, 11]
[2315, 11, 5]
[2316, 24, 13]
[2317, 17, 9]
[2318, 38, 15]
[2319, 19, 5]
[2320, 11, 5]
[2321, 51, 2]
[2322, 31, 21]
[2323, 7, 6]
[2324, 6, 5]
[2325, 35, 1]
[2326, 7, 2]
[2327, 89, 47]
[2328, 9, 5]
[2329, 12, 5]
[2330, 11, 10]
[2331, 59, 40]
[2332, 14, 1]
[2333, 37, 17]
[2334, 6, 5]
[2335, 51, 43]
[2336, 21, 13]
[2337, 62, 41]
[2338, 37, 13]
[2339, 63, 19]
[2340, 3, 1]
[2341, 40, 27]
[2342, 13, 2][2342, 13, 8]
[2343, 21, 1]
[2344, 29, 9]
[2345, 55, 12]
[2346, 7, 3]
[2347, 33, 19]
[2348, 7, 5]
[2349, 38, 35]
[2350, 46, 27]
[2351, 34, 7]
[2352, 17, 2]
[2353, 2, 1]
[2354, 5, 4]
[2355, 54, 11]
[2356, 19, 1]
[2357, 26, 9]
[2358, 20, 9]
[2359, 21, 17]
[2360, 13, 4]
[2361, 51, 20]
[2362, 25, 12]
[2363, 42, 11]
[2364, 15, 13]
[2365, 57, 8]
[2366, 27, 5]
[2367, 29, 13]
[2368, 9, 2]
[2369, 5, 1]
[2370, 31, 4]
[2371, 51, 2]
[2372, 46, 15]
[2373, 55, 1]
[2374, 49, 2]
[2375, 64, 33]
[2376, 14, 9]
[2377, 47, 26]
[2378, 16, 9]
[2379, 45, 41]
[2380, 7, 1]
[2381, 3, 2]
[2382, 19, 9]
[2383, 11, 7]
[2384, 26, 19]
[2385, 17, 2]
[2386, 40, 21]
[2387, 7, 2]
[2388, 27, 4]
[2389, 56, 1]
[2390, 7, 3]
[2391, 17, 1]
[2392, 62, 41]
[2393, 38, 3]
[2394, 11, 8]
[2395, 23, 14]
[2396, 23, 20]
[2397, 19, 7]
[2398, 25, 17]
[2399, 65, 4]
[2400, 43, 10]
[2401, 40, 1]
[2402, 47, 16]
[2403, 35, 9]
[2404, 20, 9]
[2405, 55, 31]
[2406, 2, 1]
[2407, 33, 8]
[2408, 48, 7]
[2409, 4, 3]
[2410, 46, 43]
[2411, 41, 2]
[2412, 32, 7]
[2413, 41, 22]
[2414, 8, 3]
[2415, 17, 12]
[2416, 25, 14]
[2417, 57, 2]
[2418, 8, 1]
[2419, 53, 50]
[2420, 35, 2]
[2421, 11, 2]
[2422, 47, 9]
[2423, 11, 8]
[2424, 23, 16]
[2425, 39, 20]
[2426, 22, 13]
[2427, 55, 51]
[2428, 5, 4]
[2429, 51, 23]
[2430, 31, 24]
[2431, 44, 13]
[2432, 37, 29]
[2433, 5, 2]
[2434, 13, 9]
[2435, 64, 19]
[2436, 28, 25]
[2437, 38, 23]
[2438, 37, 24]
[2439, 13, 3]
[2440, 48, 17]
[2441, 33, 2]
[2442, 23, 22]
[2443, 28, 3]
[2444, 17, 12]
[2445, 21, 13]
[2446, 61, 33]
[2447, 19, 12]
[2448, 12, 5]
[2449, 41, 33]
[2450, 22, 21]
[2451, 9, 5]
[2452, 29, 21]
[2453, 24, 13]
[2454, 29, 19]
[2455, 46, 45]
[2456, 2, 1]
[2457, 49, 12]
[2458, 14, 1]
[2459, 13, 12]
[2460, 3, 1]
[2461, 7, 5]
[2462, 5, 3]
[2463, 35, 24]
[2464, 6, 1]
[2465, 56, 33]
[2466, 29, 19][2466, 29, 26]
[2467, 47, 2]
[2468, 34, 1]
[2469, 5, 2]
[2470, 40, 9]
[2471, 16, 15]
[2472, 25, 21]
[2473, 28, 25]
[2474, 4, 3]
[2475, 49, 3]
[2476, 50, 27]
[2477, 17, 10]
[2478, 23, 19]
[2479, 72, 59]
[2480, 22, 9]
[2481, 17, 10]
[2482, 12, 1]
[2483, 5, 4]
[2484, 7, 4][2484, 7, 5]
[2485, 29, 3]
[2486, 37, 28]
[2487, 30, 23]
[2488, 20, 11]
[2489, 12, 11]
[2490, 32, 1]
[2491, 23, 22]
[2492, 36, 7]
[2493, 52, 19][2493, 52, 23]
[2494, 7, 6]
[2495, 15, 13]
[2496, 17, 13]
[2497, 51, 5]
[2498, 25, 1]
[2499, 2, 1]
[2500, 18, 17]
[2501, 55, 37]
[2502, 39, 25]
[2503, 32, 23]
[2504, 29, 18]
[2505, 41, 3]
[2506, 4, 3]
[2507, 45, 29]
[2508, 3, 1]
[2509, 25, 2]
[2510, 24, 17]
[2511, 23, 11]
[2512, 56, 3][2512, 56, 11]
[2513, 80, 51]
[2514, 27, 22]
[2515, 77, 53]
[2516, 5, 1]
[2517, 42, 25]
[2518, 10, 7]
[2519, 45, 17]
[2520, 25, 17]
[2521, 37, 8]
[2522, 16, 5]
[2523, 51, 19][2523, 51, 47]
[2524, 23, 18]
[2525, 87, 8]
[2526, 27, 5][2526, 27, 14]
[2527, 37, 18]
[2528, 23, 11]
[2529, 65, 59]
[2530, 13, 1][2530, 13, 11]
[2531, 9, 8]
[2532, 4, 1]
[2533, 71, 62]
[2534, 3, 2]
[2535, 11, 1]
[2536, 2, 1]
[2537, 6, 5]
[2538, 17, 5]
[2539, 46, 43]
[2540, 23, 5]
[2541, 24, 19]
[2542, 43, 19]
[2543, 53, 20]
[2544, 61, 43]
[2545, 27, 25]
[2546, 43, 1][2546, 43, 36]
[2547, 12, 7]
[2548, 9, 4]
[2549, 54, 53]
[2550, 7, 2]
[2551, 41, 9]
[2552, 31, 22]
[2553, 27, 10]
[2554, 40, 13]
[2555, 25, 14]
[2556, 29, 21]
[2557, 35, 34]
[2558, 30, 11]
[2559, 11, 2]
[2560, 7, 5]
[2561, 17, 11][2561, 17, 15]
[2562, 16, 15]
[2563, 43, 20]
[2564, 20, 3]
[2565, 27, 11]
[2566, 21, 13]
[2567, 51, 29]
[2568, 13, 8]
[2569, 47, 9]
[2570, 43, 30]
[2571, 33, 31]
[2572, 55, 16]
[2573, 79, 42]
[2574, 3, 2]
[2575, 23, 4][2575, 23, 11]
[2576, 8, 3]
[2577, 11, 1]
[2578, 61, 55]
[2579, 15, 1]
[2580, 21, 10]
[2581, 47, 11]
[2582, 37, 8]
[2583, 55, 31]
[2584, 29, 22]
[2585, 83, 60]
[2586, 21, 10]
[2587, 22, 5]
[2588, 31, 20]
[2589, 19, 7]
[2590, 14, 9]
[2591, 17, 2]
[2592, 13, 2]
[2593, 17, 10]
[2594, 35, 29]
[2595, 20, 7]
[2596, 3, 2]
[2597, 46, 35]
[2598, 36, 19]
[2599, 8, 3]
[2600, 26, 7]
[2601, 50, 47]
[2602, 58, 37]
[2603, 5, 4]
[2604, 20, 9]
[2605, 37, 16]
[2606, 21, 4]
[2607, 53, 10]
[2608, 7, 3]
[2609, 34, 19]
[2610, 27, 23]
[2611, 29, 11]
[2612, 26, 23]
[2613, 30, 29]
[2614, 24, 23]
[2615, 82, 59]
[2616, 7, 5]
[2617, 49, 17]
[2618, 41, 33]
[2619, 33, 5]
[2620, 36, 25]
[2621, 19, 12]
[2622, 22, 5][2622, 22, 7]
[2623, 27, 5]
[2624, 45, 19]
[2625, 27, 4]
[2626, 3, 1]
[2627, 34, 23]
[2628, 16, 9]
[2629, 7, 5]
[2630, 9, 4]
[2631, 17, 15]
[2632, 23, 17]
[2633, 37, 28]
[2634, 20, 7]
[2635, 46, 29]
[2636, 43, 27]
[2637, 33, 29]
[2638, 17, 14]
[2639, 63, 16]
[2640, 3, 1]
[2641, 20, 13]
[2642, 29, 20][2642, 29, 21]
[2643, 18, 1]
[2644, 21, 2]
[2645, 37, 10]
[2646, 11, 2]
[2647, 32, 15]
[2648, 50, 41]
[2649, 5, 1]
[2650, 26, 5]
[2651, 55, 21]
[2652, 22, 19]
[2653, 17, 9]
[2654, 44, 37]
[2655, 44, 7]
[2656, 7, 2]
[2657, 14, 3]
[2658, 17, 13]
[2659, 41, 38]
[2660, 37, 3]
[2661, 33, 4]
[2662, 28, 19]
[2663, 65, 19]
[2664, 14, 3]
[2665, 7, 1]
[2666, 58, 51]
[2667, 10, 1]
[2668, 13, 9]
[2669, 43, 28][2669, 43, 40]
[2670, 7, 3]
[2671, 4, 3]
[2672, 7, 5]
[2673, 9, 2]
[2674, 22, 19]
[2675, 33, 1]
[2676, 55, 8]
[2677, 28, 5]
[2678, 15, 7]
[2679, 27, 8]
[2680, 3, 2]
[2681, 49, 17]
[2682, 25, 16]
[2683, 66, 35]
[2684, 17, 13]
[2685, 24, 19]
[2686, 53, 8]
[2687, 14, 1]
[2688, 39, 19]
[2689, 37, 33]
[2690, 11, 7]
[2691, 21, 10]
[2692, 45, 17]
[2693, 29, 24]
[2694, 31, 26]
[2695, 42, 37]
[2696, 23, 16]
[2697, 64, 19]
[2698, 43, 9]
[2699, 79, 63]
[2700, 17, 3]
[2701, 89, 79]
[2702, 29, 20]
[2703, 34, 33]
[2704, 46, 17]
[2705, 53, 19]
[2706, 23, 3]
[2707, 27, 2]
[2708, 28, 13]
[2709, 32, 17]
[2710, 29, 14]
[2711, 19, 3]
[2712, 39, 29]
[2713, 38, 11]
[2714, 4, 3]
[2715, 34, 7]
[2716, 11, 8]
[2717, 32, 3]
[2718, 23, 5]
[2719, 29, 14]
[2720, 7, 3]
[2721, 45, 34]
[2722, 45, 16]
[2723, 28, 1]
[2724, 9, 1]
[2725, 35, 26]
[2726, 17, 12]
[2727, 35, 13]
[2728, 25, 1][2728, 25, 4][2728, 25, 17]
[2729, 55, 32]
[2730, 3, 2]
[2731, 17, 6]
[2732, 11, 7]
[2733, 17, 11]
[2734, 32, 19]
[2735, 68, 25]
[2736, 60, 13]
[2737, 25, 11]
[2738, 35, 11]
[2739, 3, 1]
[2740, 27, 23]
[2741, 94, 93]
[2742, 21, 1][2742, 21, 20]
[2743, 26, 15]
[2744, 50, 27]
[2745, 15, 11]
[2746, 3, 2]
[2747, 40, 23]
[2748, 41, 1]
[2749, 16, 7]
[2750, 38, 11]
[2751, 53, 44]
[2752, 5, 3]
[2753, 98, 43]
[2754, 17, 6]
[2755, 58, 31]
[2756, 35, 31]
[2757, 46, 41]
[2758, 20, 11]
[2759, 54, 19]
[2760, 29, 24]
[2761, 58, 43]
[2762, 5, 4]
[2763, 50, 21]
[2764, 19, 10]
[2765, 26, 17]
[2766, 18, 11]
[2767, 68, 1]
[2768, 12, 5]
[2769, 14, 3]
[2770, 16, 1]
[2771, 29, 20]
[2772, 11, 3]
[2773, 47, 42]
[2774, 21, 19]
[2775, 36, 13]
[2776, 41, 7]
[2777, 27, 25]
[2778, 23, 21]
[2779, 23, 12]
[2780, 3, 2]
[2781, 15, 1]
[2782, 39, 11]
[2783, 69, 65]
[2784, 9, 2]
[2785, 40, 1]
[2786, 19, 4]
[2787, 29, 26]
[2788, 37, 34]
[2789, 11, 9]
[2790, 8, 1]
[2791, 31, 17]
[2792, 40, 19]
[2793, 9, 5]
[2794, 15, 7]
[2795, 7, 4]
[2796, 7, 5]
[2797, 22, 5]
[2798, 10, 7]
[2799, 44, 15]
[2800, 11, 9]
[2801, 42, 13]
[2802, 25, 22]
[2803, 86, 45]
[2804, 9, 1]
[2805, 28, 11]
[2806, 29, 4]
[2807, 29, 11]
[2808, 13, 3]
[2809, 45, 44]
[2810, 15, 4]
[2811, 11, 8]
[2812, 19, 6]
[2813, 43, 31]
[2814, 23, 21]
[2815, 13, 10]
[2816, 6, 1]
[2817, 29, 4]
[2818, 22, 21]
[2819, 54, 35]
[2820, 18, 7]
[2821, 31, 30]
[2822, 3, 2]
[2823, 29, 28]
[2824, 10, 3]
[2825, 58, 5]
[2826, 9, 7]
[2827, 49, 30]
[2828, 19, 11]
[2829, 41, 35]
[2830, 5, 2]
[2831, 5, 2]
[2832, 55, 24]
[2833, 3, 2]
[2834, 13, 2]
[2835, 46, 35]
[2836, 33, 29]
[2837, 17, 16]
[2838, 2, 1]
[2839, 10, 7]
[2840, 23, 7]
[2841, 37, 28]
[2842, 52, 9]
[2843, 19, 5]
[2844, 34, 23]
[2845, 49, 10]
[2846, 50, 13]
[2847, 16, 7]
[2848, 17, 14]
[2849, 19, 14]
[2850, 25, 13]
[2851, 118, 81]
[2852, 37, 4]
[2853, 17, 4]
[2854, 43, 15]
[2855, 31, 13]
[2856, 3, 1]
[2857, 15, 4]
[2858, 14, 3]
[2859, 34, 5]
[2860, 19, 4]
[2861, 19, 7]
[2862, 28, 13]
[2863, 49, 44]
[2864, 23, 19]
[2865, 17, 9]
[2866, 33, 23]
[2867, 51, 13]
[2868, 4, 3]
[2869, 23, 8]
[2870, 17, 2]
[2871, 46, 1]
[2872, 37, 16]
[2873, 37, 31]
[2874, 47, 10]
[2875, 31, 19]
[2876, 17, 10]
[2877, 48, 35]
[2878, 16, 15]
[2879, 7, 4]
[2880, 13, 10]
[2881, 61, 27]
[2882, 17, 5]
[2883, 23, 8]
[2884, 39, 11]
[2885, 30, 29]
[2886, 33, 17]
[2887, 17, 15]
[2888, 11, 7]
[2889, 22, 3]
[2890, 7, 1]
[2891, 38, 1]
[2892, 11, 8]
[2893, 12, 1]
[2894, 25, 17]
[2895, 29, 28]
[2896, 47, 23]
[2897, 7, 2]
[2898, 9, 5]
[2899, 9, 2]
[2900, 37, 15]
[2901, 39, 31]
[2902, 43, 26]
[2903, 121, 21]
[2904, 17, 1]
[2905, 58, 33]
[2906, 44, 19]
[2907, 31, 1]
[2908, 100, 81]
[2909, 41, 31]
[2910, 17, 16]
[2911, 47, 17]
[2912, 13, 3]
[2913, 29, 9]
[2914, 11, 3]
[2915, 38, 37]
[2916, 37, 29]
[2917, 7, 3]
[2918, 17, 16]
[2919, 52, 35]
[2920, 9, 1]
[2921, 55, 28]
[2922, 27, 13]
[2923, 65, 64]
[2924, 39, 1]
[2925, 46, 37]
[2926, 22, 17]
[2927, 61, 7]
[2928, 29, 5]
[2929, 25, 11]
[2930, 43, 40]
[2931, 39, 2]
[2932, 16, 11]
[2933, 13, 3]
[2934, 21, 11]
[2935, 29, 23]
[2936, 25, 2]
[2937, 15, 7]
[2938, 23, 22]
[2939, 85, 54]
[2940, 11, 10]
[2941, 11, 9]
[2942, 44, 31]
[2943, 34, 1]
[2944, 7, 2]
[2945, 40, 21]
[2946, 18, 1]
[2947, 69, 10]
[2948, 31, 10]
[2949, 17, 3]
[2950, 28, 19]
[2951, 75, 28]
[2952, 39, 10]
[2953, 22, 7]
[2954, 7, 2]
[2955, 23, 22]
[2956, 67, 40]
[2957, 7, 4]
[2958, 13, 1]
[2959, 41, 25]
[2960, 7, 5]
[2961, 64, 61]
[2962, 49, 1]
[2963, 57, 23]
[2964, 29, 18]
[2965, 8, 3]
[2966, 10, 9]
[2967, 55, 37]
[2968, 51, 20]
[2969, 58, 35]
[2970, 25, 22]
[2971, 20, 3]
[2972, 45, 28]
[2973, 23, 3]
[2974, 19, 15]
[2975, 36, 11]
[2976, 15, 13]
[2977, 31, 11]
[2978, 23, 11]
[2979, 18, 11]
[2980, 46, 21]
[2981, 48, 25]
[2982, 9, 8]
[2983, 29, 16]
[2984, 31, 28]
[2985, 61, 30]
[2986, 12, 7]
[2987, 10, 7]
[2988, 5, 1]
[2989, 49, 22]
[2990, 21, 13]
[2991, 47, 18]
[2992, 19, 6]
[2993, 110, 69]
[2994, 13, 9]
[2995, 53, 43]
[2996, 33, 4]
[2997, 57, 14]
[2998, 21, 11]
[2999, 14, 5]
[3000, 23, 21]
[3001, 51, 11]
[3002, 15, 14]
[3003, 37, 2]
[3004, 28, 27]
[3005, 17, 5]
[3006, 2, 1]
[3007, 74, 33]
[3008, 7, 5]
[3009, 9, 5]
[3010, 11, 3]
[3011, 49, 23]
[3012, 17, 11]
[3013, 6, 1]
[3014, 42, 17]
[3015, 17, 16]
[3016, 21, 16]
[3017, 65, 36][3017, 65, 59]
[3018, 23, 18]
[3019, 26, 21]
[3020, 43, 33]
[3021, 47, 36]
[3022, 7, 2]
[3023, 48, 19]
[3024, 25, 21]
[3025, 28, 5]
[3026, 38, 3]
[3027, 61, 4]
[3028, 41, 18]
[3029, 11, 10]
[3030, 13, 1]
[3031, 21, 1]
[3032, 41, 29]
[3033, 19, 1]
[3034, 4, 3]
[3035, 31, 13]
[3036, 31, 5][3036, 31, 30]
[3037, 16, 7]
[3038, 29, 25]
[3039, 67, 55]
[3040, 22, 19]
