1,9
2,3X9
3,X1
4,245
5,551
6,161
7,21
8,9
9,77
X,9
E,E1
10,77
11,71
12,13
13,E87
14,13
15,9
16,21
17,9
18,19
19,165
1X,19
1E,121
20,21
21,161
22,9
23,X1
24,9
25,13
26,41
27,13
28,21
29,395
2X,29
2E,9
30,2E
31,9
32,33
33,E1
34,33
35,19
36,317
37,19
38,9
39,341
3X,9
3E,55
40,41
41,21
42,41
43,21
44,43
45,9
46,47
47,9
48,47
49,21
4X,49
4E,13
50,341
51,13
52,9
53,381
54,9
55,29
56,55
57,29
58,21
59,2E
5X,59
5E,9
60,71
61,9
62,13
63,77
64,13
65,33
66,65
67,33
68,9
69,77
6X,9
6E,19
70,71
71,19
72,71
73,187
74,73
75,9
76,77
77,9
78,77
79,21
7X,79
7E,1117
80,7E
81,41
82,9
83,21
84,9
85,21
86,E1
87,43
88,13
89,317
8X,13
8E,9
90,77
91,9
92,93
93,47
94,55
95,49
96,97
97,49
98,9
99,41
9X,9
9E,13
X0,77
X1,13
X2,55
X3,71
X4,21
X5,9
X6,21
X7,9
X8,41
X9,41
XX,X1
XE,29
E0,21
E1,29
E2,9
E3,211
E4,9
E5,59
E6,55
E7,2E
E8,E9
E9,2E
EX,E9
EE,9
100,55
101,9
102,19
103,121
104,19
105,13
106,121
107,13
108,9
109,65
10X,9
10E,33
110,10E
111,21
112,113
113,187
114,77
115,9
116,101
117,9
118,13
119,41
11X,13
11E,19
120,21
121,19
122,9
123,71
124,9
125,73
126,21
127,73
128,21
129,41
12X,41
12E,9
130,317
131,9
132,21
133,71
134,133
135,79
136,71
137,55
138,9
139,7E
13X,9
13E,77
140,77
141,21
142,13
143,41
144,13
145,9
146,77
147,9
148,149
149,21
14X,89
14E,43
150,77
151,43
152,9
153,21
154,9
155,13
156,155
157,13
158,159
159,55
15X,41
15E,9
160,15E
161,9
162,21
163,47
164,77
165,47
166,165
167,89
168,9
169,245
16X,9
16E,41
170,135
171,49
172,19
173,97
174,19
175,9
176,177
177,9
178,E1
179,9E
17X,179
17E,13
180,1001
181,13
182,9
183,21
184,9
185,X1
186,2E
187,X3
188,187
189,21
18X,189
18E,9
190,55
191,9
192,13
193,E1
194,13
195,21
196,121
197,55
198,9
199,55
19X,9
19E,29
1X0,41
1X1,29
1X2,1X1
1X3,E1
1X4,21
1X5,9
1X6,341
1X7,9
1X8,19
1X9,101
1XX,19
1XE,41
1E0,21
1E1,59
1E2,9
1E3,2E
1E4,9
1E5,2E
1E6,21
1E7,77
1E8,13
1E9,77
1EX,13
1EE,9
200,1X1
201,9
202,77
203,101
204,203
205,19
206,207
207,19
208,9
209,E1
20X,9
20E,13
210,20E
211,13
212,71
213,187
214,213
215,9
216,215
217,9
218,219
219,65
21X,219
21E,33
220,41
221,33
222,9
223,121
224,9
225,55
226,21
227,113
228,227
229,115
22X,187
22E,9
230,21
231,9
232,21
233,71
234,89
235,13
236,E1
237,13
238,9
239,55
23X,9
23E,19
240,X1
241,19
242,243
243,55
244,243
245,9
246,41
247,9
248,13
249,211
24X,13
24E,73
250,77
251,21
252,9
253,21
254,9
255,71
256,77
257,77
258,19
259,21
25X,19
25E,9
260,X1
261,9
262,29
263,77
264,29
265,77
266,X1
267,133
268,9
269,E1
26X,9
26E,79
270,55
271,41
272,13
273,137
274,13
275,9
276,71
277,9
278,77
279,77
27X,21
27E,4X1
280,2E
281,1117
282,9
283,71
284,9
285,13
286,X1
287,13
288,249
289,21
28X,289
28E,9
290,197
291,9
292,19
293,21
294,19
295,21
296,77
297,X1
298,9
299,14E
29X,9
29E,21
2X0,55
2X1,43
2X2,41
2X3,41
2X4,71
2X5,9
2X6,2X5
2X7,9
2X8,2X7
2X9,77
2XX,21
2XE,13
2E0,201
2E1,13
2E2,9
2E3,41
2E4,9
2E5,159
2E6,21
2E7,121
2E8,29
2E9,E1
2EX,29
2EE,9
300,21
301,9
302,13
303,161
304,13
305,55
306,71
307,47
308,9
309,47
30X,9
30E,21
310,X1
311,77
312,77
313,55
314,313
315,9
316,317
317,9
318,101
319,4X7
31X,2E
31E,49
320,2E
321,21
322,9
323,41
324,9
325,19
326,671
327,19
328,13
329,77
32X,13
32E,9
330,21
331,9
332,161
333,41
334,41
335,55
336,21
337,9E
338,9
339,77
33X,9
33E,13
340,245
341,13
342,19
343,X1
344,19
345,9
346,345
347,9
348,121
349,2E
34X,297
34E,2E
350,245
351,21
352,9
353,161
354,9
355,71
356,245
357,21
358,245
359,21
35X,55
35E,9
360,245
361,9
362,33
363,21
364,33
365,13
366,211
367,13
368,9
369,201
36X,9
36E,X9
370,281
371,77
372,21
373,55
374,41
375,9
376,211
377,9
378,13
379,245
37X,13
37E,29
380,55
381,29
382,9
383,E1
384,9
385,89
386,55
387,1X3
388,77
389,77
38X,41
38E,9
390,41
391,9
392,151
393,21
394,E1
395,19
396,395
397,19
398,9
399,21
39X,9
39E,21
3X0,39E
3X1,59
3X2,13
3X3,77
3X4,13
3X5,9
3X6,41
3X7,9
3X8,29
3X9,2E
3XX,29
3XE,77
3E0,3E1
3E1,X1
3E2,9
3E3,55
3E4,9
3E5,13
3E6,41
3E7,13
3E8,3E9
3E9,EE
3EX,21
3EE,9
400,21
401,9
402,X1
403,71
404,1X9
405,101
406,21
407,151
408,9
409,245
40X,9
40E,19
410,411
411,19
412,E1
413,135
414,101
415,9
416,2E
417,9
418,2E
419,101
41X,135
41E,13
420,341
421,13
422,9
423,55
424,9
425,213
426,41
427,21
428,19
429,215
42X,19
42E,9
430,245
431,9
432,13
433,65
434,13
435,65
436,21
437,41
438,9
439,77
43X,9
43E,33
440,21
441,33
442,21
443,77
444,29
445,9
446,445
447,9
448,21
449,71
44X,E1
44E,E1
450,41
451,113
452,9
453,101
454,9
455,229
456,55
457,21
458,13
459,X1
45X,13
45E,9
460,281
461,9
462,19
463,21
464,19
465,77
466,77
467,41
468,9
469,21
46X,9
46E,13
470,261
471,13
472,33
473,3E1
474,2E
475,9
476,2E
477,9
478,21
479,23E
47X,2E7
47E,19
480,135
481,19
482,9
483,77
484,9
485,E1
486,245
487,71
488,47E
489,71
48X,21
48E,9
490,165
491,9
492,X1
493,41
494,151
495,13
496,77
497,13
498,9
499,21
49X,9
49E,73
4X0,71
4X1,55
4X2,121
4X3,21
4X4,4X3
4X5,9
4X6,4X7
4X7,9
4X8,13
4X9,41
4XX,13
4XE,21
4E0,101
4E1,129
4E2,9
4E3,77
4E4,9
4E5,19
4E6,47
4E7,19
4E8,41
4E9,41
4EX,21
4EE,9
500,501
501,9
502,89
503,55
504,21
505,29
506,21
507,29
508,9
509,55
50X,9
50E,133
510,21
511,55
512,13
513,X1
514,13
515,9
516,77
517,9
518,33
519,135
51X,33
51E,21
520,77
521,77
522,9
523,137
524,9
525,13
526,77
527,13
528,71
529,41
52X,41
52E,9
530,121
531,9
532,29
533,7E
534,29
535,7E
536,55
537,279
538,9
539,41
53X,9
53E,E1
540,21
541,2E
542,4X7
543,2E
544,55
545,9
546,21
547,9
548,19
549,891
54X,19
54E,13
550,2E7
551,13
552,9
553,41
554,9
555,41
556,E1
557,E1
558,55
559,28E
55X,77
55E,9
560,201
561,9
562,13
563,317
564,13
565,19
566,55
567,19
568,9
569,21
56X,9
56E,41
570,2E
571,149
572,2E
573,21
574,135
575,9
576,77
577,9
578,71
579,14E
57X,41
57E,41
580,187
581,43
582,9
583,151
584,9
585,151
586,121
587,121
588,13
589,E1
58X,13
58E,9
590,77
591,9
592,317
593,55
594,21
595,245
596,41
597,77
598,9
599,55
59X,9
59E,13
5X0,4X7
5X1,13
5X2,161
5X3,21
5X4,55
5X5,9
5X6,55
5X7,9
5X8,65
5X9,21
5XX,X1
5XE,21
5E0,41
5E1,55
5E2,9
5E3,2E7
5E4,9
5E5,21
5E6,101
5E7,29
5E8,19
5E9,15E
5EX,19
5EE,9
600,41
601,9
602,43
603,E1
604,21
605,13
606,245
607,13
608,9
609,E1
60X,9
60E,163
610,21
611,163
612,197
613,47
614,613
615,9
616,21
617,9
618,13
619,165
61X,13
61E,93
620,71
621,93
622,9
623,311
624,9
625,21
626,77
627,313
628,33
629,71
62X,33
62E,9
630,41
631,9
632,19
633,245
634,19
635,165
636,551
637,21
638,9
639,2E
63X,9
63E,2E
640,41
641,41
642,13
643,121
644,13
645,9
646,21
647,9
648,77
649,97
64X,71
64E,19
650,21
651,19
652,9
653,77
654,9
655,13
656,41
657,13
658,21
659,977
65X,47
65E,9
660,47
661,9
662,245
663,77
664,367
665,X1
666,E1
667,21
668,9
669,245
66X,9
66E,179
670,71
671,21
672,41
673,21
674,151
675,9
676,341
677,9
678,29
679,21
67X,29
67E,13
680,67E
681,13
682,9
683,77
684,9
685,19
686,685
687,19
688,21
689,X1
68X,43
68E,9
690,77
691,9
692,13
693,331
694,13
695,X1
696,4X7
697,2E
698,9
699,2E
69X,9
69E,55
6X0,77
6X1,77
6X2,19
6X3,165
6X4,19
6X5,9
6X6,2E7
6X7,9
6X8,77
6X9,21
6XX,245
6XE,X1
6E0,581
6E1,189
6E2,9
6E3,21
6E4,9
6E5,21
6E6,65
6E7,101
6E8,13
6E9,487
6EX,13
6EE,9
700,X1
701,9
702,41
703,41
704,703
705,33
706,2E
707,33
708,9
709,77
70X,9
70E,13
710,4X7
711,13
712,29
713,77
714,21
715,9
716,21
717,9
718,19
719,261
71X,19
71E,X9
720,21
721,71
722,9
723,197
724,9
725,89
726,211
727,55
728,47E
729,55
72X,89
72E,9
730,47
731,9
732,47
733,41
734,41
735,13
736,561
737,13
738,9
739,E1
73X,9
73E,29
740,187
741,21
742,55
743,41
744,41
745,9
746,X1
747,9
748,13
749,E1
74X,13
74E,71
750,21
751,1X3
752,9
753,387
754,9
755,331
756,21
757,77
758,21
759,41
75X,681
75E,9
760,77
761,9
762,21
763,77
764,2E
765,393
766,2E
767,55
768,9
769,71
76X,9
76E,19
770,71
771,19
772,13
773,E1
774,13
775,9
776,X1
777,9
778,1X9
779,21
77X,77
77E,59
780,55
781,59
782,9
783,21
784,9
785,13
786,161
787,13
788,19
789,55
78X,19
78E,9
790,X1
791,9
792,21
793,2E
794,245
795,29
796,E1
797,29
798,9
799,211
79X,9
79E,E9
7X0,41
7X1,X1
7X2,33
7X3,3E1
7X4,21
7X5,9
7X6,7X5
7X7,9
7X8,197
7X9,197
7XX,3X9
7XE,13
7E0,607
7E1,13
7E2,9
7E3,21
7E4,9
7E5,41
7E6,41
7E7,89
7E8,101
7E9,21
7EX,47E
7EE,9
800,55
801,9
802,13
803,201
804,13
805,21
806,41
807,101
808,9
809,77
80X,9
80E,89
810,121
811,203
812,77
813,77
814,21
815,9
816,X1
817,9
818,43
819,77
81X,21
81E,19
820,21
821,19
822,9
823,187
824,9
825,207
826,21
827,X1
828,13
829,E1
82X,13
82E,9
830,55
831,9
832,341
833,2E
834,77
835,21
836,41
837,41
838,9
839,20E
83X,9
83E,13
840,77
841,13
842,121
843,71
844,843
845,9
846,41
847,9
848,33
849,47
84X,33
84E,47
850,77
851,X1
852,9
853,341
854,9
855,19
856,21
857,19
858,29
859,55
85X,29
85E,9
860,21
861,9
862,21
863,55
864,71
865,13
866,275
867,13
868,9
869,65
86X,9
86E,161
870,55
871,71
872,19
873,10E
874,19
875,9
876,1X1
877,9
878,13
879,77
87X,13
87E,33
880,211
881,21
882,9
883,21
884,9
885,29
886,885
887,29
888,41
889,21
88X,77
88E,9
890,891
891,9
892,71
893,121
894,47
895,77
896,47
897,245
898,9
899,44E
89X,9
89E,113
8X0,E1
8X1,41
8X2,13
8X3,41
8X4,13
8X5,9
8X6,977
8X7,9
8X8,19
8X9,317
8XX,19
8XE,77
8E0,77
8E1,229
8E2,9
8E3,115
8E4,9
8E5,13
8E6,77
8E7,13
8E8,41
8E9,21
8EX,2E
8EE,9
900,2E
901,9
902,749
903,21
904,E1
905,19
906,1X1
907,19
908,9
909,41
90X,9
90E,21
910,55
911,233
912,49
913,151
914,49
915,9
916,55
917,9
918,317
919,101
91X,21
91E,13
920,2455
921,13
922,9
923,187
924,9
925,33
926,21
927,33
928,X1
929,2E
92X,X1
92E,9
930,21
931,9
932,13
933,201
934,13
935,317
936,135
937,211
938,9
939,41
93X,9
93E,19
940,71
941,19
942,341
943,55
944,77
945,9
946,945
947,9
948,29
949,41
94X,29
94E,77
950,77
951,21
952,9
953,71
954,9
955,71
956,151
957,135
958,13
959,245
95X,13
95E,9
960,21
961,9
962,161
963,41
964,749
965,41
966,21
967,77
968,9
969,77
96X,9
96E,13
970,201
971,13
972,21
973,55
974,671
975,9
976,265
977,9
978,E1
979,49E
97X,41
97E,41
980,215
981,21
982,9
983,187
984,9
985,4X3
986,71
987,21
988,297
989,21
98X,41
98E,9
990,215
991,9
992,19
993,21
994,19
995,13
996,245
997,13
998,9
999,187
99X,9
99E,129
9X0,55
9X1,129
9X2,21
9X3,257
9X4,29
9X5,9
9X6,41
9X7,9
9X8,13
9X9,X1
9XX,13
9XE,19
9E0,245
9E1,19
9E2,9
9E3,47
9E4,9
9E5,E1
9E6,2E
9E7,341
9E8,2E
9E9,135
9EX,55
9EE,9
X00,41
X01,9
X02,33
X03,21
X04,33
X05,261
X06,71
X07,77
X08,9
X09,21
X0X,9
X0E,21
X10,41
X11,29
X12,13
X13,77
X14,13
X15,9
X16,71
X17,9
X18,317
X19,71
X1X,65
X1E,133
X20,65
X21,77
X22,9
X23,101
X24,9
X25,13
X26,187
X27,13
X28,77
X29,77
X2X,21
X2E,9
X30,21
X31,9
X32,43
X33,X1
X34,43
X35,33
X36,21
X37,33
X38,9
X39,77
X3X,9
X3E,55
X40,41
X41,41
X42,19
X43,341
X44,19
X45,9
X46,55
X47,9
X48,55
X49,137
X4X,121
X4E,13
X50,41
X51,13
X52,9
X53,55
X54,9
X55,529
X56,2E
X57,21
X58,151
X59,55
X5X,201
X5E,9
X60,261
X61,9
X62,13
X63,245
X64,13
X65,29
X66,21
X67,29
X68,9
X69,7E
X6X,9
X6E,135
X70,21
X71,77
X72,21
X73,E1
X74,281
X75,9
X76,77
X77,9
X78,19
X79,X1
X7X,19
X7E,77
X80,101
X81,41
X82,9
X83,2E
X84,9
X85,2E
X86,55
X87,21
X88,13
X89,161
X8X,13
X8E,9
X90,77
X91,9
X92,29
X93,21
X94,29
X95,19
X96,245
X97,19
X98,9
X99,21
X9X,9
X9E,13
XX0,261
XX1,13
XX2,89
XX3,77
XX4,77
XX5,9
XX6,E1
XX7,9
XX8,21
XX9,41
XXX,X1
XXE,261
XE0,X1
XE1,289
XE2,9
XE3,561
XE4,9
XE5,71
XE6,55
XE7,201
XE8,43
XE9,197
XEX,21
XEE,9
E00,E1
E01,9
E02,41
E03,41
E04,59
E05,13
E06,341
E07,13
E08,9
E09,21
E0X,9
E0E,19
E10,47
E11,19
E12,33
E13,21
E14,33
E15,9
E16,71
E17,9
E18,13
E19,341
E1X,13
E1E,21
E20,E1
E21,2E
E22,9
E23,2E
E24,9
E25,X1
E26,71
E27,317
E28,19
E29,55
E2X,19
E2E,9
E30,121
E31,9
E32,77
E33,E1
E34,21
E35,14E
E36,21
E37,E1
E38,9
E39,77
E3X,9
E3E,43
E40,21
E41,43
E42,13
E43,41
E44,13
E45,9
E46,47E
E47,9
E48,211
E49,151
E4X,187
E4E,21
E50,2E
E51,2X3
E52,9
E53,41
E54,9
E55,13
E56,77
E57,13
E58,49
E59,71
E5X,49
E5E,9
E60,4X7
E61,9
E62,19
E63,201
E64,19
E65,187
E66,71
E67,317
E68,9
E69,41
E6X,9
E6E,41
E70,21
E71,161
E72,211
E73,E1
E74,55
E75,9
E76,21
E77,9
E78,21
E79,317
E7X,33
E7E,13
E80,317
E81,13
E82,9
E83,3X1
E84,9
E85,41
E86,4X7
E87,71
E88,89
E89,55
E8X,E1
E8E,9
E90,197
E91,9
E92,13
E93,65
E94,13
E95,41
E96,55
E97,21
E98,9
E99,21
E9X,9
E9E,X1
EX0,47
EX1,159
EX2,47
EX3,21
EX4,55
EX5,9
EX6,161
EX7,9
EX8,77
EX9,71
EXX,2E
EXE,29
EE0,2E
EE1,29
EE2,9
EE3,77
EE4,9
EE5,19
EE6,807
EE7,19
EE8,13
EE9,4X1
EEX,13
EEE,9
1000,77
1001,9
1002,77
1003,341
1004,21
1005,41
1006,41
1007,43
1008,9
1009,55
100X,9
100E,13
1010,E1
1011,13
1012,19
1013,21
1014,19
1015,9
1016,41
1017,9
1018,29
1019,21
101X,29
101E,21
1020,101
1021,163
1022,9
1023,4X7
1024,9
1025,21
1026,77
1027,47
1028,E1
1029,47
102X,161
102E,9
1030,151
1031,9
1032,49
1033,77
1034,21
1035,13
1036,65
1037,13
1038,9
1039,55
103X,9
103E,93
1040,21
1041,89
1042,1043
1043,121
1044,4X7
1045,9
1046,21
1047,9
1048,13
1049,187
104X,13
104E,E1
1050,X1
1051,121
1052,9
1053,77
1054,9
1055,21
1056,41
1057,33
1058,1001
1059,161
105X,71
105E,9
1060,89E
1061,9
1062,55
1063,77
1064,77
1065,19
1066,55
1067,19
1068,9
1069,201
106X,9
106E,77
1070,41
1071,151
1072,13
1073,165
1074,13
1075,9
1076,21
1077,9
1078,317
1079,2E
107X,4X7
107E,49
1080,21
1081,49
1082,9
1083,341
1084,9
1085,13
1086,77
1087,13
1088,21
1089,261
108X,33
108E,9
1090,77
1091,9
1092,55
1093,97
1094,121
1095,97
1096,77
1097,21
1098,9
1099,551
109X,9
109E,19
10X0,10X1
10X1,19
10X2,E1
10X3,21
10X4,265
10X5,9
10X6,2E
10X7,9
10X8,2E
10X9,21
10XX,77
10XE,13
10E0,EE
10E1,13
10E2,9
10E3,41
10E4,9
10E5,201
10E6,4X7
10E7,55
10E8,19
10E9,47
10EX,19
10EE,9
1100,4X1
1101,9
1102,13
1103,331
1104,13
1105,55
1106,121
1107,177
1108,9
1109,41
110X,9
110E,71
1110,55
1111,161
1112,43
1113,245
1114,43
1115,9
1116,89E
1117,9
1118,41
1119,21
111X,77
111E,77
1120,X1
1121,101
1122,9
1123,21
1124,9
1125,21
1126,77
1127,55
1128,13
1129,9E
112X,13
112E,9
1130,71
1131,9
1132,19
1133,317
1134,19
1135,29
1136,197
1137,29
1138,9
1139,71
113X,9
113E,13
1140,77
1141,13
1142,3X9
1143,77
1144,21
1145,9
1146,21
1147,9
1148,77
1149,41
114X,41
114E,19
1150,21
1151,19
1152,9
1153,X1
1154,9
1155,43
1156,1X1
1157,43
1158,77
1159,41
115X,41
115E,9
1160,101
1161,9
1162,29
1163,161
1164,29
1165,13
1166,197
1167,13
1168,9
1169,561
116X,9
116E,275
1170,71
1171,21
1172,55
1173,2E
1174,341
1175,9
1176,197
1177,9
1178,13
1179,E1
117X,13
117E,X3
1180,21
1181,X3
1182,9
1183,71
1184,9
1185,19
1186,21
1187,19
1188,21
1189,151
118X,41
118E,9
1190,77
1191,9
1192,21
1193,E1
1194,E1
1195,77
1196,77
1197,89
1198,9
1199,161
119X,9
119E,41
11X0,77
11X1,21
11X2,13
11X3,671
11X4,13
11X5,9
11X6,265
11X7,9
11X8,59
11X9,21
11XX,59
11XE,65
11E0,341
11E1,121
11E2,9
11E3,21
11E4,9
11E5,13
11E6,41
11E7,13
11E8,29
11E9,101
11EX,29
11EE,9
1200,55
1201,9
1202,21
1203,77
1204,161
1205,161
1206,9E
1207,55
1208,9
1209,E1
120X,9
120E,33
1210,41
1211,2E
1212,X1
1213,2E
1214,21
1215,9
1216,47
1217,9
1218,19
1219,1X1
121X,19
121E,13
1220,41
1221,13
1222,9
1223,21
1224,9
1225,29
1226,311
1227,29
1228,X1
1229,21
122X,121
122E,9
1230,367
1231,9
1232,13
1233,77
1234,13
1235,19
1236,X1
1237,19
1238,9
1239,201
123X,9
123E,X9
1240,2E
1241,X9
1242,2E
1243,261
1244,21
1245,9
1246,E1
1247,9
1248,55
1249,197
124X,21
124E,245
1250,21
1251,41
1252,9
1253,55
1254,9
1255,55
1256,21
1257,77
1258,13
1259,561
125X,13
125E,9
1260,41
1261,9
1262,43
1263,47
1264,43
1265,21
1266,55
1267,341
1268,9
1269,X1
126X,9
126E,13
1270,245
1271,13
1272,77
1273,77
1274,261
1275,9
1276,41
1277,9
1278,41
1279,71
127X,49
127E,29
1280,71
1281,29
1282,9
1283,77
1284,9
1285,E1
1286,21
1287,1X1
1288,19
1289,1X1
128X,19
128E,9
1290,21
1291,9
1292,21
1293,55
1294,317
1295,13
1296,4X7
1297,13
1298,9
1299,201
129X,9
129E,187
12X0,2E
12X1,41
12X2,41
12X3,E1
12X4,59
12X5,9
12X6,87E
12X7,9
12X8,13
12X9,161
12XX,13
12XE,389
12E0,187
12E1,21
12E2,9
12E3,21
12E4,9
12E5,55
12E6,187
12E7,41
12E8,4X7
12E9,21
12EX,E1
12EE,9
1300,341
1301,9
1302,19
1303,55
1304,19
1305,49
1306,245
1307,49
1308,9
1309,2E
130X,9
130E,2E
1310,71
1311,197
1312,13
1313,41
1314,13
1315,9
1316,121
1317,9
1318,3X9
1319,X1
131X,21
131E,19
1320,7E
1321,19
1322,9
1323,41
1324,9
1325,13
1326,4X7
1327,13
1328,43
1329,21
132X,43
132E,9
1330,55
1331,9
1332,121
1333,21
1334,77
1335,21
1336,55
1337,E1
1338,9
1339,X1
133X,9
133E,21
1340,781
1341,55
1342,29
1343,55
1344,29
1345,9
1346,445
1347,9
1348,121
1349,265
134X,21
134E,13
1350,121
1351,13
1352,9
1353,41
1354,9
1355,19
1356,21
1357,19
1358,55
1359,4X7
135X,E1
135E,9
1360,21
1361,9
1362,13
1363,41
1364,13
1365,77
1366,161
1367,2E
1368,9
1369,2E
136X,9
136E,21
1370,961
1371,29
1372,19
1373,201
1374,19
1375,9
1376,E1
1377,9
1378,3X9
1379,41
137X,47
137E,41
1380,47
1381,21
1382,9
1383,77
1384,9
1385,33
1386,9E
1387,33
1388,13
1389,77
138X,13
138E,9
1390,21
1391,9
1392,2E7
1393,245
1394,41
1395,41
1396,21
1397,7X9
1398,9
1399,121
139X,9
139E,13
13X0,341
13X1,13
13X2,21
13X3,55
13X4,41
13X5,9
13X6,121
13X7,9
13X8,19
13X9,55
13XX,19
13XE,77
13E0,77
13E1,21
13E2,9
13E3,1EE
13E4,9
13E5,77
13E6,X1
13E7,21
13E8,33
13E9,21
13EX,33
13EE,9
1400,41
1401,9
1402,459
1403,21
1404,71
1405,13
1406,187
1407,13
1408,9
1409,77
140X,9
140E,3X1
1410,211
1411,245
1412,21
1413,E1
1414,161
1415,9
1416,41
1417,9
1418,13
1419,E1
141X,13
141E,203
1420,77
1421,203
1422,9
1423,1X1
1424,9
1425,41
1426,41
1427,813
1428,49
1429,77
142X,49
142E,9
1430,245
1431,9
1432,29
1433,21
1434,29
1435,43
1436,2E
1437,43
1438,9
1439,21
143X,9
143E,19
1440,201
1441,19
1442,13
1443,E1
1444,13
1445,9
1446,55
1447,9
1448,317
1449,161
144X,135
144E,E1
1450,47
1451,77
1452,9
1453,71
1454,9
1455,13
1456,41
1457,13
1458,19
1459,977
145X,19
145E,9
1460,21
1461,9
1462,33
1463,2E
1464,33
1465,2E
1466,21
1467,41
1468,9
1469,121
146X,9
146E,55
1470,65
1471,121
1472,381
1473,55
1474,1117
1475,9
1476,1117
1477,9
1478,43
1479,55
147X,43
147E,13
1480,41
1481,13
1482,9
1483,245
1484,9
1485,E1
1486,55
1487,21
1488,29
1489,211
148X,29
148E,9
1490,161
1491,9
1492,13
1493,341
1494,13
1495,33
1496,21
1497,33
1498,9
1499,47
149X,9
149E,55
14X0,21
14X1,E1
14X2,21
14X3,71
14X4,77
14X5,9
14X6,EE
14X7,9
14X8,21
14X9,E1
14XX,245
14XE,19
14E0,121
14E1,19
14E2,9
14E3,1X1
14E4,9
14E5,29
14E6,331
14E7,21
14E8,13
14E9,77
14EX,13
14EE,9
1500,77
1501,9
1502,49
1503,21
1504,49
1505,101
1506,161
1507,121
1508,9
1509,21
150X,9
150E,13
1510,X1
1511,13
1512,55
1513,65
1514,71
1515,9
1516,71
1517,9
1518,21
1519,41
151X,201
151E,55
1520,245
1521,77
1522,9
1523,381
1524,9
1525,19
1526,55
1527,19
1528,41
1529,41
152X,21
152E,9
1530,2E
1531,9
1532,2E
1533,211
1534,55
1535,13
1536,197
1537,13
1538,9
1539,21
153X,9
153E,33
1540,E1
1541,33
1542,19
1543,21
1544,19
1545,9
1546,317
1547,9
1548,13
1549,297
154X,13
154E,21
1550,331
1551,29
1552,9
1553,317
1554,9
1555,121
1556,X1
1557,E1
1558,E1
1559,41
155X,21
155E,9
1560,4X7
1561,9
1562,73
1563,891
1564,21
1565,3X9
1566,21
1567,55
1568,9
1569,41
156X,9
156E,47
1570,21
1571,89
1572,13
1573,47E
1574,13
1575,9
1576,77
1577,9
1578,19
1579,151
157X,19
157E,21
1580,X1
1581,113
1582,9
1583,41
1584,9
1585,13
1586,X1
1587,13
1588,59
1589,55
158X,2E
158E,9
1590,2E
1591,9
1592,77
1593,341
1594,77
1595,19
1596,4X7
1597,19
1598,9
1599,77
159X,9
159E,41
15X0,21
15X1,229
15X2,77
15X3,245
15X4,161
15X5,9
15X6,21
15X7,9
15X8,21
15X9,77
15XX,41
15XE,13
15E0,4X7
15E1,13
15E2,9
15E3,22E
15E4,9
15E5,E1
15E6,47
15E7,317
15E8,71
15E9,2E
15EX,1237
15EE,9
1600,55
1601,9
1602,13
1603,261
1604,13
1605,71
1606,41
1607,21
1608,9
1609,21
160X,9
160E,19
1610,491
1611,19
1612,29
1613,21
1614,29
1615,9
1616,77
1617,9
1618,33
1619,E17
161X,33
161E,41
1620,41
1621,65
1622,9
1623,65
1624,9
1625,49
1626,71
1627,49
1628,13
1629,385
162X,13
162E,9
1630,41
1631,9
1632,77
1633,165
1634,21
1635,89
1636,71
1637,X1
1638,9
1639,2E7
163X,9
163E,13
1640,77
1641,13
1642,187
1643,21
1644,97
1645,9
1646,97
1647,9
1648,71
1649,21
164X,245
164E,21
1650,281
1651,33
1652,9
1653,77
1654,9
1655,21
1656,135
1657,2E
1658,5X1
1659,2E
165X,3X1
165E,9
1660,41
1661,9
1662,19
1663,245
1664,19
1665,13
1666,341
1667,13
1668,9
1669,55
166X,9
166E,341
1670,21
1671,41
1672,49
1673,55
1674,49
1675,9
1676,21
1677,9
1678,13
1679,121
167X,13
167E,19
1680,601
1681,19
1682,9
1683,E1
1684,9
1685,21
1686,2E
1687,943
1688,2E
1689,151
168X,73
168E,9
1690,197
1691,9
1692,43
1693,121
1694,43
1695,29
1696,1001
1697,21
1698,9
1699,275
169X,9
169E,197
16X0,55
16X1,41
16X2,13
16X3,341
16X4,13
16X5,9
16X6,21
16X7,9
16X8,77
16X9,71
16XX,55
16XE,121
16E0,21
16E1,41
16E2,9
16E3,121
16E4,9
16E5,13
16E6,1925
16E7,13
16E8,21
16E9,71
16EX,297
16EE,9
1700,71
1701,9
1702,29
1703,77
1704,29
1705,3X1
1706,77
1707,21
1708,9
1709,41
170X,9
170E,77
1710,55
1711,21
1712,19
1713,21
1714,19
1715,9
1716,7E
1717,9
1718,7E
1719,21
171X,71
171E,13
1720,161
1721,13
1722,9
1723,41
1724,9
1725,317
1726,2E
1727,71
1728,21
1729,601
172X,33
172E,9
1730,101
1731,9
1732,13
1733,41
1734,13
1735,55
1736,317
1737,49E
1738,9
1739,55
173X,9
173E,73
1740,X1
1741,73
1742,X1
1743,55
1744,211
1745,9
1746,5X1
1747,9
1748,19
1749,21
174X,19
174E,161
1750,55
1751,151
1752,9
1753,21
1754,9
1755,21
1756,E07
1757,55
1758,13
1759,77
175X,13
175E,9
1760,1515
1761,9
1762,X1
1763,41
1764,41
1765,19
1766,101
1767,19
1768,9
1769,215
176X,9
176E,13
1770,77
1771,13
1772,77
1773,41
1774,21
1775,9
1776,21
1777,9
1778,59
1779,361
177X,59
177E,77
1780,21
1781,77
1782,9
1783,551
1784,9
1785,29
1786,77
1787,29
1788,381
1789,41
178X,55
178E,9
1790,211
1791,9
1792,33
1793,161
1794,33
1795,13
1796,65
1797,13
1798,9
1799,161
179X,9
179E,19
17X0,4X7
17X1,19
17X2,411
17X3,47
17X4,41
17X5,9
17X6,E1
17X7,9
17X8,13
17X9,551
17XX,13
17XE,245
17E0,21
17E1,2E
17E2,9
17E3,2E
17E4,9
17E5,41
17E6,21
17E7,211
17E8,19
17E9,71
17EX,19
17EE,9
1800,211
1801,9
1802,21
1803,77
1804,79
1805,33
1806,317
1807,33
1808,9
1809,71
180X,9
180E,71
1810,41
1811,21
1812,13
1813,77
1814,13
1815,9
1816,875
1817,9
1818,77
1819,21
181X,77
181E,29
1820,2E
1821,29
1822,9
1823,21
1824,9
1825,13
1826,41
1827,13
1828,101
1829,77
182X,47
182E,9
1830,47
1831,9
1832,19
1833,265
1834,19
1835,41
1836,41
1837,3E1
1838,9
1839,65
183X,9
183E,65
1840,71
1841,77
1842,201
1843,X1
1844,21
1845,9
1846,77
1847,9
1848,29
1849,71
184X,29
184E,13
1850,X01
1851,13
1852,9
1853,21
1854,9
1855,3X9
1856,7E
1857,265
1858,89
1859,21
185X,77
185E,9
1860,187
1861,9
1862,13
1863,201
1864,13
1865,21
1866,41
1867,41
1868,9
1869,135
186X,9
186E,33
1870,1871
1871,33
1872,59
1873,26E
1874,21
1875,9
1876,41
1877,9
1878,55
1879,3X7
187X,21
187E,79
1880,21
1881,79
1882,9
1883,381
1884,9
1885,19
1886,21
1887,19
1888,13
1889,X1
188X,13
188E,9
1890,41
1891,9
1892,41
1893,55
1894,311
1895,21
1896,77
1897,E1
1898,9
1899,381
189X,9
189E,13
18X0,201
18X1,13
18X2,19
18X3,135
18X4,19
18X5,9
18X6,161
18X7,9
18X8,41
18X9,2E
18XX,43
18XE,2E
18E0,77
18E1,71
18E2,9
18E3,77
18E4,9
18E5,275
18E6,21
18E7,41
18E8,41
18E9,201
18EX,49
18EE,9
1900,21
1901,9
1902,21
1903,781
1904,X1
1905,13
1906,317
1907,13
1908,9
1909,101
190X,9
190E,29
1910,1247
1911,29
1912,317
1913,41
1914,245
1915,9
1916,487
1917,9
1918,13
1919,201
191X,13
191E,55
1920,E1
1921,21
1922,9
1923,21
1924,9
1925,89
1926,55
1927,4X7
1928,41
1929,21
192X,89
192E,9
1930,E1
1931,9
1932,101
1933,55
1934,121
1935,19
1936,1117
1937,19
1938,9
1939,41
193X,9
193E,E1
1940,77
1941,55
1942,13
1943,X81
1944,13
1945,9
1946,77
1947,9
1948,33
1949,2E
194X,21
194E,249
1950,77
1951,77
1952,9
1953,4X7
1954,9
1955,13
1956,E1
1957,13
1958,281
1959,21
195X,459
195E,9
1960,4X7
1961,9
1962,71
1963,21
1964,341
1965,21
1966,55
1967,29
1968,9
1969,41
196X,9
196E,19
1970,187
1971,19
1972,43
1973,77
1974,43
1975,9
1976,2E
1977,9
1978,2E
1979,41
197X,21
197E,13
1980,317
1981,13
1982,9
1983,77
1984,9
1985,2E7
1986,21
1987,249
1988,19
1989,71
198X,19
198E,9
1990,21
1991,9
1992,13
1993,41
1994,13
1995,41
1996,55
1997,201
1998,9
1999,121
199X,9
199E,21
19X0,71
19X1,X1
19X2,71
19X3,77
19X4,151
19X5,9
19X6,261
19X7,9
19X8,249
19X9,E1
19XX,41
19XE,41
19E0,65
19E1,21
19E2,9
19E3,28E
19E4,9
19E5,43
19E6,E1
19E7,43
19E8,13
19E9,E1
19EX,13
19EE,9
1X00,21
1X01,9
1X02,19
1X03,55
1X04,19
1X05,59
1X06,21
1X07,59
1X08,9
1X09,55
1X0X,9
1X0E,13
1X10,E1
1X11,13
1X12,21
1X13,71
1X14,2E
1X15,9
1X16,2E
1X17,9
1X18,121
1X19,47
1X1X,341
1X1E,19
1X20,71
1X21,19
1X22,9
1X23,77
1X24,9
1X25,33
1X26,4X7
1X27,21
1X28,29
1X29,21
1X2X,29
1X2E,9
1X30,41
1X31,9
1X32,47E
1X33,21
1X34,197
1X35,13
1X36,121
1X37,13
1X38,9
1X39,135
1X3X,9
1X3E,41
1X40,41
1X41,71
1X42,21
1X43,2E
1X44,73
1X45,9
1X46,E1
1X47,9
1X48,13
1X49,297
1X4X,13
1X4E,X1
1X50,245
1X51,71
1X52,9
1X53,71
1X54,9
1X55,19
1X56,121
1X57,19
1X58,33
1X59,381
1X5X,33
1X5E,9
1X60,X1
1X61,9
1X62,55
1X63,21
1X64,47
1X65,197
1X66,47
1X67,77
1X68,9
1X69,21
1X6X,9
1X6E,21
1X70,41
1X71,41
1X72,13
1X73,29E
1X74,13
1X75,9
1X76,55
1X77,9
1X78,77
1X79,E1
1X7X,135
1X7E,43
1X80,41
1X81,41
1X82,9
1X83,77
1X84,9
1X85,13
1X86,X1
1X87,13
1X88,4X7
1X89,1001
1X8X,21
1X8E,9
1X90,21
1X91,9
1X92,9X1
1X93,151
1X94,161
1X95,121
1X96,21
1X97,215
1X98,9
1X99,77
1X9X,9
1X9E,135
1XX0,77
1XX1,2E
1XX2,EE
1XX3,2E
1XX4,77
1XX5,9
1XX6,X1
1XX7,9
1XX8,19
1XX9,55
1XXX,19
1XXE,13
1XE0,121
1XE1,13
1XE2,9
1XE3,261
1XE4,9
1XE5,49
1XE6,781
1XE7,21
1XE8,1001
1XE9,671
1XEX,65
1XEE,9
1E00,65
1E01,9
1E02,13
1E03,537
1E04,13
1E05,19
1E06,21
1E07,19
1E08,9
1E09,281
1E0X,9
1E0E,55
1E10,21
1E11,245
1E12,21
1E13,311
1E14,71
1E15,9
1E16,X61
1E17,9
1E18,21
1E19,41
1E1X,29
1E1E,2X9
1E20,97
1E21,E1
1E22,9
1E23,597
1E24,9
1E25,2E7
1E26,297
1E27,21
1E28,13
1E29,77
1E2X,13
1E2E,9
1E30,X1
1E31,9
1E32,41
1E33,21
1E34,89
1E35,33
1E36,47
1E37,33
1E38,9
1E39,21
1E3X,9
1E3E,13
1E40,977
1E41,13
1E42,41
1E43,41
1E44,49
1E45,9
1E46,55
1E47,9
1E48,21
1E49,381
1E4X,187
1E4E,187
1E50,55
1E51,89
1E52,9
1E53,341
1E54,9
1E55,77
1E56,317
1E57,55
1E58,19
1E59,55
1E5X,19
1E5E,9
1E60,71
1E61,9
1E62,459
1E63,65
1E64,55
1E65,13
1E66,187
1E67,13
1E68,9
1E69,21
1E6X,9
1E6E,4X7
1E70,2E
1E71,X1
1E72,29
1E73,21
1E74,29
1E75,9
1E76,121
1E77,9
1E78,13
1E79,77
1E7X,13
1E7E,21
1E80,781
1E81,47
1E82,9
1E83,41
1E84,9
1E85,71
1E86,245
1E87,X1
1E88,43
1E89,2E7
1E8X,21
1E8E,9
1E90,77
1E91,9
1E92,19
1E93,671
1E94,19
1E95,47E
1E96,21
1E97,55
1E98,9
1E99,2E
1E9X,9
1E9E,29
1EX0,21
1EX1,29
1EX2,13
1EX3,297
1EX4,13
1EX5,9
1EX6,71
1EX7,9
1EX8,79
1EX9,77
1EXX,77
1EXE,19
1EE0,55
1EE1,19
1EE2,9
1EE3,71
1EE4,9
1EE5,13
1EE6,9E
1EE7,13
1EE8,89
1EE9,55
1EEX,607
1EEE,9
2000,245
2001,9
2002,265
2003,55
2004,41
2005,41
2006,491
2007,55
2008,9
2009,E55
200X,9
200E,43
2010,21
2011,43
2012,33
2013,161
2014,33
2015,9
2016,21
2017,9
2018,21
2019,197
201X,41
201E,13
2020,41
2021,13
2022,9
2023,261
2024,9
2025,19
2026,71
2027,19
2028,E1
2029,E1
202X,2E7
202E,9
2030,55
2031,9
2032,13
2033,245
2034,13
2035,29
2036,41
2037,21
2038,9
2039,21
203X,9
203E,163
2040,161
2041,163
2042,19
2043,21
2044,19
2045,9
2046,41
2047,9
2048,X1
2049,367
204X,7E
204E,165
2050,7E
2051,151
2052,9
2053,47
2054,9
2055,47
2056,E1
2057,71
2058,13
2059,197
205X,13
205E,9
2060,55
2061,9
2062,29
2063,4X7
2064,21
2065,49
2066,2E
2067,49
2068,9
2069,77
206X,9
206E,13
2070,77
2071,13
2072,261
2073,21
2074,341
2075,9
2076,41
2077,9
2078,19
2079,21
207X,19
207E,21
2080,E1
2081,93
2082,9
2083,4X7
2084,9
2085,21
2086,41
2087,41
2088,E1
2089,55
208X,89
208E,9
2090,97
2091,9
2092,73
2093,55
2094,21
2095,13
2096,561
2097,13
2098,9
2099,245
209X,9
209E,313
20X0,21
20X1,313
20X2,41
20X3,E1
20X4,E1
20X5,9
20X6,21
20X7,9
20X8,13
20X9,2E7
20XX,13
20XE,33
20E0,215
20E1,33
20E2,9
20E3,781
20E4,9
20E5,21
20E6,245
20E7,41
20E8,29
20E9,297
20EX,29
20EE,9
2100,245
2101,9
2102,77
2103,X1
2104,2E
2105,3X9
2106,2E
2107,21
2108,9
2109,7E
210X,9
210E,19
2110,245
2111,19
2112,13
2113,341
2114,13
2115,9
2116,21
2117,9
2118,43
2119,X1
211X,43
211E,77
2120,21
2121,41
2122,9
2123,41
2124,9
2125,13
2126,77
2127,13
2128,19
2129,X1
212X,19
212E,9
2130,187
2131,9
2132,121
2133,2E
2134,381
2135,2E
2136,71
2137,21
2138,9
2139,41
213X,9
213E,49
2140,55
2141,21
2142,77
2143,21
2144,77
2145,9
2146,55
2147,9
2148,41
2149,21
214X,55
214E,13
2150,E1
2151,13
2152,9
2153,161
2154,9
2155,33
2156,E1
2157,33
2158,21
2159,77
215X,X1
215E,9
2160,261
2161,9
2162,13
2163,381
2164,13
2165,265
2166,77
2167,97
2168,9
2169,97
216X,9
216E,89
2170,47
2171,E1
2172,47
2173,55
2174,89
2175,9
2176,9E
2177,9
2178,201
2179,21
217X,41
217E,19
2180,121
2181,19
2182,9
2183,21
2184,9
2185,21
2186,71
2187,1015
2188,13
2189,41
218X,13
218E,9
2190,281
2191,9
2192,165
2193,2E
2194,E1
2195,55
2196,77
2197,77
2198,9
2199,EE
219X,9
219E,13
21X0,2E7
21X1,13
21X2,43
21X3,41
21X4,21
21X5,9
21X6,21
21X7,9
21X8,29
21X9,341
21XX,29
21XE,381
21E0,21
21E1,1X1
21E2,9
21E3,E1
21E4,9
21E5,19
21E6,5X1
21E7,19
21E8,73
21E9,47
21EX,41
21EE,9
2200,2E
2201,9
2202,2E
2203,77
2204,77
2205,13
2206,X1
2207,13
2208,9
2209,71
220X,9
220E,41
2210,55
2211,21
2212,19
2213,177
2214,19
2215,9
2216,55
2217,9
2218,13
2219,4X7
221X,13
221E,89
2220,21
2221,55
2222,9
2223,55
2224,9
2225,43
2226,21
2227,43
2228,21
2229,211
222X,55
222E,9
2230,187
2231,9
2232,21
2233,211
2234,33
2235,197
2236,4X7
2237,71
2238,9
2239,331
223X,9
223E,41
2240,41
2241,21
2242,13
2243,201
2244,13
2245,9
2246,121
2247,9
2248,19
2249,21
224X,19
224E,41
2250,41
2251,77
2252,9
2253,21
2254,9
2255,13
2256,77
2257,13
2258,71
2259,77
225X,2E
225E,9
2260,2E
2261,9
2262,21
2263,297
2264,49
2265,19
2266,151
2267,19
2268,9
2269,1227
226X,9
226E,29
2270,361
2271,29
2272,E1
2273,77
2274,21
2275,9
2276,55
2277,9
2278,55
2279,197
227X,71
227E,13
2280,41
2281,13
2282,9
2283,21
2284,9
2285,X1
2286,E1
2287,341
2288,245
2289,21
228X,411
228E,9
2290,41
2291,9
2292,13
2293,261
2294,13
2295,21
2296,E1
2297,4X7
2298,9
2299,685
229X,9
229E,19
22X0,121
22X1,19
22X2,459
22X3,201
22X4,21
22X5,9
22X6,41
22X7,9
22X8,41
22X9,X1
22XX,21
22XE,43
22E0,21
22E1,43
22E2,9
22E3,317
22E4,9
22E5,X1
22E6,21
22E7,187
22E8,13
22E9,317
22EX,13
22EE,9
2300,E1
2301,9
2302,41
2303,77
2304,55
2305,21
2306,71
2307,29
2308,9
2309,71
230X,9
230E,13
2310,161
2311,13
2312,41
2313,77
2314,47
2315,9
2316,47
2317,9
2318,55
2319,71
231X,121
231E,71
2320,77
2321,349
2322,9
2323,E1
2324,9
2325,261
2326,21
2327,2E
2328,1117
2329,2E
232X,77
232E,9
2330,21
2331,9
2332,19
2333,101
2334,19
2335,13
2336,77
2337,13
2338,9
2339,197
233X,9
233E,77
2340,201
2341,X3
2342,33
2343,41
2344,33
2345,9
2346,77
2347,9
2348,13
2349,341
234X,13
234E,19
2350,71
2351,19
2352,9
2353,21
2354,9
2355,X1
2356,2E
2357,6X5
2358,2E
2359,21
235X,197
235E,9
2360,E1
2361,9
2362,3X9
2363,E1
2364,55
2365,445
2366,55
2367,121
2368,9
2369,245
236X,9
236E,201
2370,155
2371,55
2372,13
2373,77
2374,13
2375,9
2376,E1
2377,9
2378,4X1
2379,201
237X,21
237E,55
2380,X1
2381,189
2382,9
2383,41
2384,9
2385,13
2386,X1
2387,13
2388,29
2389,21
238X,29
238E,9
2390,71
2391,9
2392,79
2393,21
2394,41
2395,21
2396,X1
2397,59
2398,9
2399,65
239X,9
239E,21
23X0,71
23X1,359
23X2,19
23X3,71
23X4,19
23X5,9
23X6,47
23X7,9
23X8,33
23X9,41
23XX,21
23XE,13
23E0,77
23E1,13
23E2,9
23E3,197
23E4,9
23E5,29
23E6,21
23E7,29
23E8,43
23E9,55
23EX,43
23EE,9
2400,21
2401,9
2402,13
2403,411
2404,13
2405,41
2406,55
2407,187
2408,9
2409,341
240X,9
240E,21
2410,55
2411,9E
2412,49
2413,9E
2414,41
2415,9
2416,4X1
2417,9
2418,19
2419,3E1
241X,19
241E,33
2420,161
2421,21
2422,9
2423,2E
2424,9
2425,2E
2426,161
2427,245
2428,13
2429,E1
242X,13
242E,9
2430,21
2431,9
2432,59
2433,47
2434,59
2435,19
2436,21
2437,19
2438,9
2439,55
243X,9
243E,13
2440,65
2441,13
2442,21
2443,77
2444,7E
2445,9
2446,41
2447,9
2448,73
2449,265
244X,73
244E,29
2450,E1
2451,21
2452,9
2453,4X7
2454,9
2455,41
2456,41
2457,21
2458,4X7
2459,21
245X,381
245E,9
2460,77
2461,9
2462,93
2463,21
2464,89
2465,13
2466,1221
2467,13
2468,9
2469,55
246X,9
246E,19
2470,561
2471,19
2472,21
2473,101
2474,977
2475,9
2476,E1
2477,9
2478,13
2479,607
247X,13
247E,71
2480,311
2481,2E
2482,9
2483,2E
2484,9
2485,33
2486,41
2487,33
2488,19
2489,215
248X,19
248E,9
2490,4X7
2491,9
2492,55
2493,21
2494,459
2495,121
2496,41
2497,41
2498,9
2499,21
249X,9
249E,21
24X0,55
24X1,E1
24X2,13
24X3,121
24X4,13
24X5,9
24X6,341
24X7,9
24X8,49
24X9,55
24XX,49
24XE,717
24E0,2E
24E1,729
24E2,9
24E3,341
24E4,9
24E5,13
24E6,77
24E7,13
24E8,33
24E9,151
24EX,21
24EE,9
2500,21
2501,9
2502,19
2503,47
2504,19
2505,43
2506,21
2507,41
2508,9
2509,77
250X,9
250E,77
2510,101
2511,245
2512,29
2513,161
2514,29
2515,9
2516,551
2517,9
2518,41
2519,4X7
251X,77
251E,13
2520,165
2521,13
2522,9
2523,71
2524,9
2525,261
2526,101
2527,21
2528,59
2529,4X7
252X,59
252E,9
2530,71
2531,9
2532,13
2533,41
2534,13
2535,49
2536,21
2537,49
2538,9
2539,297
253X,9
253E,29
2540,21
2541,29
2542,21
2543,4X7
2544,341
2545,9
2546,561
2547,9
2548,21
2549,41
254X,2E
254E,671
2550,2E
2551,71
2552,9
2553,55
2554,9
2555,19
2556,297
2557,19
2558,13
2559,41
255X,13
255E,9
2560,77
2561,9
2562,33
2563,21
2564,33
2565,1293
2566,97
2567,77
2568,9
2569,21
256X,9
256E,13
2570,77
2571,13
2572,19
2573,71
2574,19
2575,9
2576,71
2577,9
2578,21
2579,2E
257X,201
257E,2E
2580,55
2581,151
2582,9
2583,X1
2584,9
2585,59
2586,77
2587,59
2588,245
2589,41
258X,21
258E,9
2590,341
2591,9
2592,77
2593,77
2594,71
2595,13
2596,3X1
2597,13
2598,9
2599,21
259X,9
259E,E1
25X0,4X7
25X1,71
25X2,55
25X3,21
25X4,137
25X5,9
25X6,137
25X7,9
25X8,13
25X9,121
25XX,13
25XE,21
25E0,55
25E1,317
25E2,9
25E3,41
25E4,9
25E5,41
25E6,E1
25E7,77
25E8,X1
25E9,165
25EX,21
25EE,9
2600,E1
2601,9
2602,29
2603,135
2604,21
2605,19
2606,21
2607,19
2608,9
2609,X1
260X,9
260E,41
2610,21
2611,49
2612,13
2613,341
2614,13
2615,9
2616,101
2617,9
2618,4X7
2619,2E
261X,41
261E,21
2620,47
2621,297
2622,9
2623,55
2624,9
2625,13
2626,E1
2627,13
2628,77
2629,X1
262X,55
262E,9
2630,55
2631,9
2632,77
2633,77
2634,41
2635,395
2636,41
2637,55
2638,9
2639,X1
263X,9
263E,19
2640,21
2641,19
2642,79
2643,7E
2644,79
2645,9
2646,21
2647,9
2648,21
2649,77
264X,77
264E,13
2650,41
2651,13
2652,9
2653,X1
2654,9
2655,43
2656,151
2657,43
2658,19
2659,341
265X,19
265E,9
2660,41
2661,9
2662,13
2663,121
2664,13
2665,77
2666,X85
2667,21
2668,9
2669,21
266X,9
266E,215
2670,71
2671,2E7
2672,33
2673,21
2674,33
2675,9
2676,201
2677,9
2678,55
2679,121
267X,14E7
267E,59
2680,E1
2681,59
2682,9
2683,55
2684,9
2685,29
2686,1X1
2687,29
2688,13
2689,275
268X,13
268E,9
2690,41
2691,9
2692,19
2693,261
2694,19
2695,71
2696,55
2697,211
2698,9
2699,77
269X,9
269E,13
26X0,41
26X1,13
26X2,77
26X3,21
26X4,2E
26X5,9
26X6,2E
26X7,9
26X8,261
26X9,21
26XX,77
26XE,19
26E0,47E
26E1,19
26E2,9
26E3,961
26E4,9
26E5,21
26E6,41
26E7,261
26E8,41
26E9,345
26EX,245
26EE,9
2700,7E
2701,9
2702,7E
2703,55
2704,21
2705,13
2706,317
2707,13
2708,9
2709,317
270X,9
270E,77
2710,21
2711,41
2712,41
2713,2E
2714,X1
2715,9
2716,21
2717,9
2718,13
2719,795
271X,13
271E,29
2720,77
2721,29
2722,9
2723,E1
2724,9
2725,19
2726,101
2727,19
2728,101
2729,77
272X,281
272E,9
2730,341
2731,9
2732,49
2733,55
2734,49
2735,47E
2736,71
2737,21
2738,9
2739,41
273X,9
273E,47
2740,77
2741,E9
2742,13
2743,187
2744,13
2745,9
2746,21
2747,9
2748,29
2749,71
274X,29
274E,33
2750,21
2751,33
2752,9
2753,41
2754,9
2755,13
2756,245
2757,13
2758,21
2759,77
275X,77
275E,9
2760,55
2761,9
2762,41
2763,41
2764,43
2765,77
2766,55
2767,21
2768,9
2769,341
276X,9
276E,317
2770,47E
2771,21
2772,93
2773,21
2774,71
2775,9
2776,101
2777,9
2778,19
2779,21
277X,19
277E,13
2780,77
2781,13
2782,9
2783,161
2784,9
2785,341
2786,47
2787,77
2788,21
2789,317
278X,429
278E,9
2790,77
2791,9
2792,13
2793,41
2794,13
2795,19
2796,47E
2797,19
2798,9
2799,101
279X,9
279E,151
27X0,2E
27X1,121
27X2,29
27X3,41
27X4,29
27X5,9
27X6,187
27X7,9
27X8,245
27X9,21
27XX,165
27XE,X1
27E0,245
27E1,55
27E2,9
27E3,21
27E4,9
27E5,21
27E6,317
27E7,33
27E8,13
27E9,41
27EX,13
27EE,9
2800,281
2801,9
2802,73
2803,245
2804,73
2805,4X7
2806,55
2807,245
2808,9
2809,245
280X,9
280E,13
2810,165
2811,13
2812,59
2813,55
2814,21
2815,9
2816,21
2817,9
2818,71
2819,55
281X,5X1
281E,77
2820,21
2821,55
2822,9
2823,197
2824,9
2825,41
2826,X1
2827,101
2828,19
2829,101
282X,19
282E,9
2830,E1
2831,9
2832,459
2833,215
2834,245
2835,13
2836,77
2837,13
2838,9
2839,77
283X,9
283E,203
2840,2E
2841,21
2842,77
2843,71
2844,3X1
2845,9
2846,55
2847,9
2848,13
2849,261
284X,13
284E,E1
2850,21
2851,551
2852,9
2853,265
2854,9
2855,41
2856,21
2857,49
2858,21
2859,245
285X,345
285E,9
2860,211
2861,9
2862,19
2863,151
2864,19
2865,29
2866,41
2867,29
2868,9
2869,2E
286X,9
286E,2E
2870,X1
2871,21
2872,13
2873,9X1
2874,13
2875,9
2876,55
2877,9
2878,4X7
2879,21
287X,7E5
287E,19
2880,245
2881,19
2882,9
2883,21
2884,9
2885,13
2886,77
2887,13
2888,89
2889,71
288X,97
288E,9
2890,77
2891,9
2892,21
2893,E1
2894,29
2895,207
2896,41
2897,41
2898,9
2899,1441
289X,9
289E,55
28X0,X1
28X1,47
28X2,49
28X3,47
28X4,21
28X5,9
28X6,41
28X7,9
28X8,211
28X9,55
28XX,89
28XE,13
28E0,317
28E1,13
28E2,9
28E3,21
28E4,9
28E5,19
28E6,55
28E7,19
28E8,77
28E9,21
28EX,341
28EE,9
2900,41
2901,9
2902,13
2903,121
2904,13
2905,21
2906,E1
2907,2E
2908,9
2909,2E
290X,9
290E,55
2910,281
2911,341
2912,19
2913,135
2914,19
2915,9
2916,77
2917,9
2918,41
2919,65
291X,21
291E,65
2920,21
2921,E1
2922,9
2923,201
2924,9
2925,187
2926,21
2927,41
2928,13
2929,77
292X,13
292E,9
2930,151
2931,9
2932,245
2933,671
2934,55
2935,21
2936,2E
2937,43
2938,9
2939,101
293X,9
293E,13
2940,X1
2941,13
2942,55
2943,41
2944,10E
2945,9
2946,77
2947,9
2948,19
2949,55
294X,19
294E,55
2950,121
2951,77
2952,9
2953,E1
2954,9
2955,29
2956,21
2957,29
2958,41
2959,41
295X,77
295E,9
2960,21
2961,9
2962,21
2963,E1
2964,55
2965,13
2966,561
2967,13
2968,9
2969,41
296X,9
296E,33
2970,977
2971,33
2972,89
2973,47
2974,77
2975,9
2976,161
2977,9
2978,13
2979,77
297X,13
297E,151
2980,197
2981,21
2982,9
2983,21
2984,9
2985,135
2986,317
2987,341
2988,317
2989,21
298X,71
298E,9
2990,211
2991,9
2992,1247
2993,E1
2994,2E
2995,187
2996,2E
2997,55
2998,9
2999,41
299X,9
299E,19
29X0,187
29X1,19
29X2,13
29X3,201
29X4,13
29X5,9
29X6,9E
29X7,9
29X8,9E
29X9,41
29XX,21
29XE,29
29E0,187
29E1,29
29E2,9
29E3,42E
29E4,9
29E5,13
29E6,E1
29E7,13
29E8,19
29E9,21
29EX,19
29EE,9
2X00,47
2X01,9
2X02,59
2X03,21
2X04,59
2X05,21
2X06,77
2X07,49
2X08,9
2X09,77
2X0X,9
2X0E,21
2X10,211
2X11,E1
2X12,E1
2X13,341
2X14,201
2X15,9
2X16,71
2X17,9
2X18,29
2X19,71
2X1X,21
2X1E,13
2X20,E1
2X21,13
2X22,9
2X23,77
2X24,9
2X25,245
2X26,21
2X27,65
2X28,79
2X29,65
2X2X,41
2X2E,9
2X30,21
2X31,9
2X32,13
2X33,341
2X34,13
2X35,245
2X36,261
2X37,55
2X38,9
2X39,55
2X3X,9
2X3E,21
2X40,97
2X41,219
2X42,43
2X43,101
2X44,41
2X45,9
2X46,41
2X47,9
2X48,33
2X49,201
2X4X,33
2X4E,19
2X50,245
2X51,19
2X52,9
2X53,10E
2X54,9
2X55,10E
2X56,X1
2X57,671
2X58,13
2X59,161
2X5X,13
2X5E,9
2X60,21
2X61,9
2X62,X1
2X63,2E
2X64,341
2X65,281
2X66,21
2X67,47E
2X68,9
2X69,71
2X6X,9
2X6E,13
2X70,41
2X71,13
2X72,21
2X73,77
2X74,29
2X75,9
2X76,261
2X77,9
2X78,77
2X79,77
2X7X,E1
2X7E,33
2X80,115
2X81,21
2X82,9
2X83,77
2X84,9
2X85,19
2X86,317
2X87,19
2X88,121
2X89,21
2X8X,71
2X8E,9
2X90,2E
2X91,9
2X92,2E
2X93,21
2X94,187
2X95,13
2X96,671
2X97,13
2X98,9
2X99,55
2X9X,9
2X9E,29
2XX0,41
2XX1,29
2XX2,19
2XX3,55
2XX4,19
2XX5,9
2XX6,77
2XX7,9
2XX8,13
2XX9,211
2XXX,13
2XXE,77
2XE0,41
2XE1,41
2XE2,9
2XE3,71
2XE4,9
2XE5,317
2XE6,77
2XE7,381
2XE8,59
2XE9,211
2XEX,59
2XEE,9
2E00,4X1
2E01,9
2E02,X1
2E03,21
2E04,X3
2E05,73
2E06,41
2E07,73
2E08,9
2E09,21
2E0X,9
2E0E,21
2E10,55
2E11,71
2E12,13
2E13,X1
2E14,13
2E15,9
2E16,77
2E17,9
2E18,19
2E19,47
2E1X,19
2E1E,101
2E20,215
2E21,41
2E22,9
2E23,77
2E24,9
2E25,13
2E26,197
2E27,13
2E28,49
2E29,X1
2E2X,21
2E2E,9
2E30,21
2E31,9
2E32,41
2E33,77
2E34,77
2E35,19
2E36,21
2E37,19
2E38,9
2E39,X1
2E3X,9
2E3E,71
2E40,55
2E41,113
2E42,47E
2E43,X1
2E44,101
2E45,9
2E46,317
2E47,9
2E48,459
2E49,41
2E4X,341
2E4E,13
2E50,187
2E51,13
2E52,9
2E53,227
2E54,9
2E55,59
2E56,77
2E57,21
2E58,33
2E59,2E
2E5X,33
2E5E,9
2E60,77
2E61,9
2E62,13
2E63,41
2E64,13
2E65,55
2E66,21
2E67,187
2E68,9
2E69,55
2E6X,9
2E6E,19
2E70,21
2E71,19
2E72,21
2E73,41
2E74,249
2E75,9
2E76,165
2E77,9
2E78,21
2E79,4X7
2E7X,55
2E7E,229
2E80,55
2E81,89
2E82,9
2E83,4X7
2E84,9
2E85,161
2E86,487
2E87,21
2E88,13
2E89,245
2E8X,13
2E8E,9
2E90,E1
2E91,9
2E92,43
2E93,21
2E94,43
2E95,55
2E96,X85
2E97,4X7
2E98,9
2E99,21
2E9X,9
2E9E,13
2EX0,65
2EX1,13
2EX2,201
2EX3,41
2EX4,41
2EX5,9
2EX6,341
2EX7,9
2EX8,21
2EX9,47
2EXX,77
2EXE,47
2EE0,71
2EE1,8E9
2EE2,9
2EE3,41
2EE4,9
2EE5,77
2EE6,77
2EE7,2E
2EE8,29
2EE9,2E
2EEX,21
2EEE,9
3000,71
3001,9
3002,19
3003,X01
3004,19
3005,13
3006,341
3007,13
3008,9
3009,21
300X,9
300E,41
3010,77
3011,77
3012,71
3013,21
3014,X1
3015,9
3016,X1
3017,9
3018,13
3019,4X7
301X,13
301E,19
3020,55
3021,19
3022,9
3023,317
3024,9
3025,29
3026,2E
3027,29
3028,2E
3029,E1
302X,21
302E,9
3030,121
3031,9
3032,249
3033,71
3034,21
3035,33
3036,21
3037,33
3038,9
3039,4X7
303X,9
303E,233
3040,21
3041,161
3042,13
3043,65
3044,13
3045,9
3046,121
3047,9
3048,77
3049,245
304X,41
304E,21
3050,41
3051,49
3052,9
3053,55
3054,9
3055,13
3056,4X7
3057,13
3058,43
3059,197
305X,43
305E,9
3060,77
3061,9
3062,89
3063,281
3064,2E7
3065,41
3066,41
3067,89
3068,9
3069,235
306X,9
306E,201
3070,21
3071,71
3072,19
3073,71
3074,19
3075,9
3076,21
3077,9
3078,21
3079,77
307X,245
307E,13
3080,197
3081,13
3082,9
3083,55
3084,9
3085,317
3086,2E
3087,77
3088,77
3089,97
308X,77
308E,9
3090,EE
3091,9
3092,13
3093,77
3094,13
3095,X1
3096,151
3097,21
3098,9
3099,21
309X,9
309E,33
30X0,1691
30X1,33
30X2,73
30X3,21
30X4,71
30X5,9
30X6,41
30X7,9
30X8,19
30X9,345
30XX,19
30XE,X1
30E0,55
30E1,71
30E2,9
30E3,2E
30E4,9
30E5,2E
30E6,41
30E7,41
30E8,13
30E9,X1
30EX,13
30EE,9
3100,121
3101,9
3102,245
3103,55
3104,21
3105,19
3106,47
3107,19
3108,9
3109,351
310X,9
310E,13
3110,41
3111,13
3112,33
3113,21
3114,33
3115,9
3116,187
3117,9
3118,55
3119,21
311X,E1
311E,21
3120,77
3121,77
3122,9
3123,341
3124,9
3125,21
3126,161
3127,41
3128,41
3129,23E
312X,151
312E,9
3130,X1
3131,9
3132,101
3133,2E7
3134,21
3135,13
3136,77
3137,13
3138,9
3139,3X1
313X,9
313E,19
3140,21
3141,19
3142,29
3143,77
3144,29
3145,9
3146,21
3147,9
3148,13
3149,77
314X,13
314E,55
3150,341
3151,2E
3152,9
3153,2E
3154,9
3155,21
3156,55
3157,73
3158,19
3159,561
315X,19
315E,9
3160,161
3161,9
3162,71
3163,55
3164,97
3165,43
3166,97
3167,21
3168,9
3169,41
316X,9
316E,29
3170,197
3171,29
3172,13
3173,2E7
3174,13
3175,9
3176,21
3177,9
3178,33
3179,41
317X,33
317E,E1
3180,21
3181,243
3182,9
3183,71
3184,9
3185,13
3186,121
3187,13
3188,21
3189,EE
318X,459
318E,9
3190,X1
3191,9
3192,19
3193,71
3194,19
3195,71
3196,55
3197,21
3198,9
3199,341
319X,9
319E,89
31X0,77
31X1,21
31X2,59
31X3,21
31X4,55
31X5,9
31X6,X1
31X7,9
31X8,43
31X9,21
31XX,41
31XE,13
31E0,245
31E1,13
31E2,9
31E3,311
31E4,9
31E5,E1
31E6,65
31E7,381
31E8,21
31E9,41
31EX,41
31EE,9
3200,77
3201,9
3202,13
3203,9E
3204,13
3205,29
3206,55
3207,29
3208,9
3209,491
320X,9
320E,E1
3210,E1
3211,X1
3212,79
3213,41
3214,79
3215,9
3216,187
3217,9
3218,E1
3219,21
321X,2E
321E,3X9
3220,2E
3221,121
3222,9
3223,21
3224,9
3225,19
3226,187
3227,19
3228,13
3229,341
322X,13
322E,9
3230,777
3231,9
3232,29
3233,55
3234,29
3235,77
3236,135
3237,937
3238,9
3239,55
323X,9
323E,13
3240,245
3241,13
3242,19
3243,555
3244,19
3245,9
3246,21
3247,9
3248,49
3249,2E
324X,49
324E,2E
3250,21
3251,55
3252,9
3253,77
3254,9
3255,33
3256,41
3257,33
3258,197
3259,71
325X,77
325E,9
3260,341
3261,9
3262,X9
3263,E1
3264,X9
3265,13
3266,77
3267,13
3268,9
3269,211
326X,9
326E,41
3270,41
3271,21
3272,43
3273,E1
3274,43
3275,9
3276,215
3277,9
3278,13
3279,X1
327X,13
327E,41
3280,21
3281,73
3282,9
3283,47E
3284,9
3285,77
3286,21
3287,X1
3288,21
3289,197
328X,29
328E,9
3290,77
3291,9
3292,21
3293,211
3294,211
3295,19
3296,135
3297,19
3298,9
3299,55
329X,9
329E,55
32X0,9E
32X1,21
32X2,13
32X3,245
32X4,13
32X5,9
32X6,55
32X7,9
32X8,121
32X9,21
32XX,3X9
32XE,4X7
32E0,41
32E1,41
32E2,9
32E3,21
32E4,9
32E5,13
32E6,161
32E7,13
32E8,187
32E9,77
32EX,351
32EE,9
3300,41
3301,9
3302,21
3303,1X1
3304,65
3305,4X7
3306,65
3307,71
3308,9
3309,77
330X,9
330E,19
3310,165
3311,19
3312,77
3313,281
3314,21
3315,9
3316,2E
3317,9
3318,2E
3319,55
331X,101
331E,13
3320,211
3321,13
3322,9
3323,21
3324,9
3325,3X9
3326,201
3327,55
3328,19
3329,21
332X,19
332E,9
3330,77
3331,9
3332,13
3333,E1
3334,13
3335,21
3336,77
3337,59
3338,9
3339,E1
333X,9
333E,55
3340,47
3341,41
3342,41
3343,101
3344,21
3345,9
3346,201
3347,9
3348,79
3349,55
334X,21
334E,29
3350,21
3351,29
3352,9
3353,71
3354,9
3355,245
3356,21
3357,41
3358,13
3359,41
335X,13
335E,9
3360,X1
3361,9
3362,19
3363,4X7
3364,19
3365,21
3366,71
3367,33
3368,9
3369,65
336X,9
336E,13
3370,245
3371,13
3372,41
3373,41
3374,2E
3375,9
3376,2E
3377,9
3378,29
3379,161
337X,29
337E,19
3380,55
3381,19
3382,9
3383,41
3384,9
3385,77
3386,21
3387,47
3388,E1
3389,47
338X,261
338E,9
3390,21
3391,9
3392,21
3393,X1
3394,55
3395,13
3396,E1
3397,13
3398,9
3399,71
339X,9
339E,2E7
33X0,10E
33X1,187
33X2,55
33X3,2E
33X4,201
33X5,9
33X6,71
33X7,9
33X8,13
33X9,77
33XX,13
33XE,121
33E0,261
33E1,21
33E2,9
33E3,21
33E4,9
33E5,19
33E6,275
33E7,19
33E8,49
33E9,21
33EX,49
33EE,9
3400,297
3401,9
3402,43
3403,41
3404,41
3405,79
3406,265
3407,55
3408,9
3409,121
340X,9
340E,33
3410,151
3411,33
3412,13
3413,261
3414,13
3415,9
3416,135
3417,9
3418,X3
3419,41
341X,21
341E,41
3420,55
3421,317
3422,9
3423,281
3424,9
3425,13
3426,385
3427,13
3428,161
3429,21
342X,7E
342E,9
3430,71
3431,9
3432,137
3433,21
3434,41
3435,21
3436,77
3437,55
3438,9
3439,X1
343X,9
343E,21
3440,77
3441,29
3442,33
3443,2E
3444,33
3445,9
3446,77
3447,9
3448,19
3449,X1
344X,19
344E,13
3450,191
3451,13
3452,9
3453,77
3454,9
3455,77
3456,21
3457,71
3458,73
3459,47
345X,41
345E,9
3460,21
3461,9
3462,13
3463,X1
3464,13
3465,19
3466,261
3467,19
3468,9
3469,77
346X,9
346E,21
3470,2E
3471,121
3472,2E
3473,197
3474,X1
3475,9
3476,41
3477,9
3478,71
3479,65
347X,211
347E,133
3480,197
3481,21
3482,9
3483,101
3484,9
3485,41
3486,41
3487,E1
3488,13
3489,161
348X,13
348E,9
3490,21
3491,9
3492,49
3493,1551
3494,49
3495,29
3496,21
3497,29
3498,9
3499,77
349X,9
349E,13
34X0,4X7
34X1,13
34X2,21
34X3,E1
34X4,47
34X5,9
34X6,47
34X7,9
34X8,33
34X9,7E
34XX,33
34XE,7E
34E0,121
34E1,21
34E2,9
34E3,161
34E4,9
34E5,55
34E6,41
34E7,21
34E8,19
34E9,21
34EX,19
34EE,9
3500,2E7
3501,9
3502,29
3503,21
3504,29
3505,13
3506,41
3507,13
3508,9
3509,151
350X,9
350E,43
3510,2E
3511,43
3512,21
3513,135
3514,X1
3515,9
3516,245
3517,9
3518,13
3519,77
351X,13
351E,33
3520,41
3521,33
3522,9
3523,77
3524,9
3525,55
3526,71
3527,59
3528,245
3529,71
352X,X1
352E,9
3530,187
3531,9
3532,19
3533,21
3534,19
3535,787
3536,E1
3537,41
3538,9
3539,21
353X,9
353E,21
3540,487
3541,77
3542,13
3543,E1
3544,13
3545,9
3546,E1
3547,9
3548,41
3549,4X7
354X,55
354E,19
3550,311
3551,19
3552,9
3553,215
3554,9
3555,13
3556,317
3557,13
3558,29
3559,E1
355X,21
355E,9
3560,21
3561,9
3562,411
3563,41
3564,3X1
3565,55
3566,21
3567,137
3568,9
3569,121
356X,9
356E,245
3570,55
3571,77
3572,77
3573,4X7
3574,345
3575,9
3576,47
3577,9
3578,41
3579,41
357X,55
357E,13
3580,331
3581,13
3582,9
3583,187
3584,9
3585,19
3586,E55
3587,19
3588,41
3589,41
358X,X1
358E,9
3590,E1
3591,9
3592,13
3593,77
3594,13
3595,43
3596,21
3597,2E
3598,9
3599,2E
359X,9
359E,77
35X0,21
35X1,341
35X2,19
35X3,55
35X4,19
35X5,9
35X6,197
35X7,9
35X8,21
35X9,275
35XX,71
35XE,77
35E0,71
35E1,55
35E2,9
35E3,341
35E4,9
35E5,49
35E6,341
35E7,21
35E8,13
35E9,41
35EX,13
35EE,9
3600,71
3601,9
3602,161
3603,21
3604,2E7
3605,55
3606,2E
3607,87E
3608,9
3609,21
360X,9
360E,13
3610,E1
3611,13
3612,X9
3613,55
3614,X9
3615,9
3616,1117
3617,9
3618,19
3619,135
361X,19
361E,29
3620,187
3621,29
3622,9
3623,41
3624,9
3625,41
3626,101
3627,7E
3628,77
3629,77
362X,21
362E,9
3630,65
3631,9
3632,317
3633,77
3634,77
3635,13
3636,X1
3637,13
3638,9
3639,21
363X,9
363E,41
3640,55
3641,279
3642,49
3643,21
3644,49
3645,9
3646,55
3647,9
3648,13
3649,537
364X,13
364E,21
3650,161
3651,55
3652,9
3653,55
3654,9
3655,77
3656,77
3657,197
3658,197
3659,E1
365X,21
365E,9
3660,47E
3661,9
3662,33
3663,551
3664,21
3665,317
3666,21
3667,607
3668,9
3669,E1
366X,9
366E,19
3670,21
3671,19
3672,13
3673,77
3674,13
3675,9
3676,22E
3677,9
3678,59
3679,135
367X,59
367E,21
3680,41
3681,E1
3682,9
3683,2E7
3684,9
3685,13
3686,77
3687,13
3688,19
3689,341
368X,19
368E,9
3690,41
3691,9
3692,71
3693,2E
3694,1117
3695,2E
3696,X1
3697,33
3698,9
3699,261
369X,9
369E,55
36X0,21
36X1,3X9
36X2,29
36X3,77
36X4,29
36X5,9
36X6,21
36X7,9
36X8,21
36X9,1117
36XX,73
36XE,13
36E0,X1
36E1,13
36E2,9
36E3,55
36E4,9
36E5,211
36E6,211
36E7,77
36E8,249
36E9,55
36EX,317
36EE,9
3700,41
3701,9
3702,13
3703,317
3704,13
3705,77
3706,77
3707,21
3708,9
3709,21
370X,9
370E,29
3710,41
3711,29
3712,71
3713,21
3714,89
3715,9
3716,77
3717,9
3718,49
3719,367
371X,47
371E,19
3720,47
3721,19
3722,9
3723,47E
3724,9
3725,43
3726,41
3727,43
3728,13
3729,161
372X,13
372E,9
3730,3X7
3731,9
3732,79
3733,2E
3734,21
3735,215
3736,101
3737,165
3738,9
3739,297
373X,9
373E,13
3740,E1
3741,13
3742,41
3743,21
3744,187
3745,9
3746,4X7
3747,9
3748,55
3749,21
374X,77
374E,21
3750,71
3751,41
3752,9
3753,287
3754,9
3755,19
3756,55
3757,19
3758,331
3759,161
375X,77
375E,9
3760,2E
3761,9
3762,2E
3763,77
3764,21
3765,13
3766,77
3767,13
3768,9
3769,41
376X,9
376E,121
3770,21
3771,71
3772,19
3773,265
3774,19
3775,9
3776,21
3777,9
3778,13
3779,211
377X,13
377E,55
3780,77
3781,71
3782,9
3783,41
3784,9
3785,21
3786,101
3787,77
3788,77
3789,55
378X,317
378E,9
3790,4X7
3791,9
3792,29
3793,41
3794,29
3795,3X9
3796,55
3797,21
3798,9
3799,E1
379X,9
379E,3X9
37X0,561
37X1,55
37X2,13
37X3,65
37X4,13
37X5,9
37X6,21
37X7,9
37X8,19
37X9,101
37XX,19
37XE,43
37E0,21
37E1,43
37E2,9
37E3,345
37E4,9
37E5,13
37E6,297
37E7,13
37E8,21
37E9,121
37EX,2E
37EE,9
3800,2E
3801,9
3802,197
3803,41
3804,41
3805,19
3806,121
3807,19
3808,9
3809,E1
380X,9
380E,59
3810,77
3811,21
3812,73
3813,21
3814,41
3815,9
3816,77
3817,9
3818,33
3819,21
381X,33
381E,13
3820,77
3821,13
3822,9
3823,101
3824,9
3825,197
3826,7E
3827,3X9
3828,21
3829,2E
382X,29
382E,9
3830,E1
3831,9
3832,13
3833,197
3834,13
3835,3X9
3836,55
3837,47
3838,9
3839,47
383X,9
383E,19
3840,55
3841,19
3842,77
3843,77
3844,41
3845,9
3846,65
3847,9
3848,65
3849,21
384X,245
384E,33
3850,E1
3851,33
3852,9
3853,21
3854,9
3855,21
3856,197
3857,29
3858,13
3859,4X1
385X,13
385E,9
3860,77
3861,9
3862,X1
3863,E1
3864,X1
3865,71
3866,X1
3867,E1
3868,9
3869,55
386X,9
386E,13
3870,41
3871,13
3872,71
3873,77
3874,21
3875,9
3876,21
3877,9
3878,151
3879,261
387X,165
387E,149
3880,21
3881,149
3882,9
3883,E55
3884,9
3885,41
3886,41
3887,2E
3888,49
3889,2E
388X,49
388E,9
3890,71
3891,9
3892,19
3893,71
3894,19
3895,13
3896,41
3897,13
3898,9
3899,55
389X,9
389E,317
38X0,165
38X1,21
38X2,5X1
38X3,71
38X4,77
38X5,9
38X6,77
38X7,9
38X8,13
38X9,341
38XX,13
38XE,19
38E0,21
38E1,19
38E2,9
38E3,77
38E4,9
38E5,33
38E6,21
38E7,33
38E8,21
38E9,77
38EX,43
38EE,9
3900,155
3901,9
3902,21
3903,77
3904,161
3905,59
3906,41
3907,41
3908,9
3909,47
390X,9
390E,47
3910,55
3911,21
3912,13
3913,14E
3914,13
3915,9
3916,41
3917,9
3918,29
3919,21
391X,29
391E,317
3920,161
3921,E1
3922,9
3923,21
3924,9
3925,13
3926,187
3927,13
3928,33
3929,101
392X,33
392E,9
3930,41
3931,9
3932,21
3933,57E
3934,X3
3935,121
3936,341
3937,77
3938,9
3939,X1
393X,9
393E,43
3940,E1
3941,43
3942,19
3943,X1
3944,19
3945,9
3946,3X1
3947,9
3948,41
3949,X1
394X,215
394E,13
3950,77
3951,13
3952,9
3953,21
3954,9
3955,4X7
3956,2E
3957,41
3958,41
3959,21
395X,93
395E,9
3960,261
3961,9
3962,13
3963,E47
3964,13
3965,21
3966,71
3967,151
3968,9
3969,71
396X,9
396E,341
3970,55
3971,41
3972,29
3973,41
3974,21
3975,9
3976,317
3977,9
3978,19
3979,55
397X,19
397E,E1
3980,21
3981,EE
3982,9
3983,2E
3984,9
3985,2E
3986,21
3987,55
3988,13
3989,41
398X,13
398E,9
3990,281
3991,9
3992,33
3993,317
3994,33
3995,19
3996,187
3997,19
3998,9
3999,41
399X,9
399E,13
39X0,115
39X1,13
39X2,79
39X3,331
39X4,79
39X5,9
39X6,977
39X7,9
39X8,X85
39X9,165
39XX,121
39XE,49
39E0,55
39E1,49
39E2,9
39E3,X1
39E4,9
39E5,71
39E6,21
39E7,E1
39E8,E1
39E9,65
39EX,55
39EE,9
3X00,21
3X01,9
3X02,21
3X03,77
3X04,89
3X05,13
3X06,245
3X07,13
3X08,9
3X09,41
3X0X,9
3X0E,19
3X10,245
3X11,19
3X12,55
3X13,E1
3X14,297
3X15,9
3X16,77
3X17,9
3X18,13
3X19,41
3X1X,13
3X1E,593
3X20,55
3X21,21
3X22,9
3X23,21
3X24,9
3X25,77
3X26,47
3X27,77
3X28,19
3X29,21
3X2X,19
3X2E,9
3X30,77
3X31,9
3X32,E1
3X33,41
3X34,X1
3X35,29
3X36,10E
3X37,29
3X38,9
3X39,97
3X3X,9
3X3E,97
3X40,77
3X41,2X9
3X42,13
3X43,551
3X44,13
3X45,9
3X46,635
3X47,9
3X48,43
3X49,55
3X4X,21
3X4E,41
3X50,2E
3X51,201
3X52,9
3X53,55
3X54,9
3X55,13
3X56,121
3X57,13
3X58,59
3X59,21
3X5X,41
3X5E,9
3X60,55
3X61,9
3X62,19
3X63,21
3X64,19
3X65,21
3X66,71
3X67,55
3X68,9
3X69,77
3X6X,9
3X6E,21
3X70,E1
3X71,33
3X72,1001
3X73,47
3X74,41
3X75,9
3X76,41
3X77,9
3X78,71
3X79,77
3X7X,21
3X7E,13
3X80,EE
3X81,13
3X82,9
3X83,245
3X84,9
3X85,49
3X86,21
3X87,49
3X88,71
3X89,101
3X8X,331
3X8E,9
3X90,21
3X91,9
3X92,13
3X93,77
3X94,13
3X95,121
3X96,121
3X97,3X1
3X98,9
3X99,121
3X9X,9
3X9E,21
3XX0,41
3XX1,351
3XX2,33
3XX3,381
3XX4,33
3XX5,9
3XX6,77
3XX7,9
3XX8,55
3XX9,71
3XXX,2E
3XXE,4X7
3XE0,2E
3XE1,21
3XE2,9
3XE3,55
3XE4,9
3XE5,19
3XE6,71
3XE7,19
3XE8,13
3XE9,341
3XEX,13
3XEE,9
3E00,21
3E01,9
3E02,93
3E03,E1
3E04,77
3E05,X1
3E06,21
3E07,65
3E08,9
3E09,65
3E0X,9
3E0E,13
3E10,41
3E11,13
3E12,19
3E13,121
3E14,19
3E15,9
3E16,97
3E17,9
3E18,79
3E19,2E
3E1X,79
3E1E,2E
3E20,41
3E21,21
3E22,9
3E23,E1
3E24,9
3E25,29
3E26,101
3E27,21
3E28,3X7
3E29,21
3E2X,135
3E2E,9
3E30,165
3E31,9
3E32,891
3E33,21
3E34,77
3E35,13
3E36,41
3E37,13
3E38,9
3E39,71
3E3X,9
3E3E,77
3E40,71
3E41,55
3E42,21
3E43,47
3E44,1001
3E45,9
3E46,E1
3E47,9
3E48,13
3E49,X85
3E4X,13
3E4E,101
3E50,187
3E51,41
3E52,9
3E53,211
3E54,9
3E55,43
3E56,77
3E57,43
3E58,X9
3E59,77
3E5X,71
3E5E,9
3E60,121
3E61,9
3E62,41
3E63,21
3E64,135
3E65,19
3E66,135
3E67,19
3E68,9
3E69,21
3E6X,9
3E6E,21
3E70,65
3E71,249
3E72,13
3E73,197
3E74,13
3E75,9
3E76,E1
3E77,9
3E78,187
3E79,2E
3E7X,787
3E7E,29
3E80,977
3E81,29
3E82,9
3E83,1X1
3E84,9
3E85,13
3E86,X1
3E87,13
3E88,55
3E89,3X7
3E8X,21
3E8E,9
3E90,21
3E91,9
3E92,41
3E93,41
3E94,2E7
3E95,79
3E96,21
3E97,79
3E98,9
3E99,E1
3E9X,9
3E9E,19
3EX0,X1
3EX1,19
3EX2,41
3EX3,41
3EX4,197
3EX5,9
3EX6,2E
3EX7,9
3EX8,29
3EX9,151
3EXX,29
3EXE,13
3EE0,77
3EE1,13
3EE2,9
3EE3,9E
3EE4,9
3EE5,E1
3EE6,77
3EE7,21
3EE8,19
3EE9,4X7
3EEX,19
3EEE,9
4000,161
