1,
2, 4, 14, 15, 22, 8,
3, 9, 69, 99, 116, 32, 11, 2, 4, 14, 15, 22, 8,
4, 14, 15, 22, 8,
5,
6, 30, 9, 69, 99, 116, 32, 11, 2, 4, 14, 15, 22, 8,
7, 41, 15, 22, 8,
8,
9, 69, 99, 116, 32, 11, 2, 4, 14, 15, 22, 8,
X, 84, 68,
E, X1, 85, 75, 62, 34, 21, 5,
10, 1,
11, 2, 4, 14, 15, 22, 8,
12, 5,
13, X, 84, 68,
14, 15, 22, 8,
15, 22, 8,
16, 31, X, 84, 68,
17, 42, 18,
18,
19, 6X, E4, E5, 102, 5,
1X, 85, 75, 62, 34, 21, 5,
1E, X2, 88, X8, 118, 56, 51, 22, 8,
20, 4, 14, 15, 22, 8,
21, 5,
22, 8,
23, 11, 2, 4, 14, 15, 22, 8,
24, 18,
25,
26, 34, 21, 5,
27, 45, 35, 2X, 88, X8, 118, 56, 51, 22, 8,
28, 58, 75, 62, 34, 21, 5,
29, 71, 42, 18,
2X, 88, X8, 118, 56, 51, 22, 8,
2E, X5,
30, 9, 69, 99, 116, 32, 11, 2, 4, 14, 15, 22, 8,
31, X, 84, 68,
32, 11, 2, 4, 14, 15, 22, 8,
33, 16, 31, X, 84, 68,
34, 21, 5,
35, 2X, 88, X8, 118, 56, 51, 22, 8,
36, 39, 76, 71, 42, 18,
37, 4X, 98, 101, 2, 4, 14, 15, 22, 8,
38, 61, 31, X, 84, 68,
39, 76, 71, 42, 18,
3X, 91, 6X, E4, E5, 102, 5,
3E, XX, 148, 69, 99, 116, 32, 11, 2, 4, 14, 15, 22, 8,
40, 14, 15, 22, 8,
41, 15, 22, 8,
42, 18,
43, 21, 5,
44, 28, 58, 75, 62, 34, 21, 5,
45, 35, 2X, 88, X8, 118, 56, 51, 22, 8,
46, 44, 28, 58, 75, 62, 34, 21, 5,
47, 55, 42, 18,
48, 68,
49, 81, 55, 42, 18,
4X, 98, 101, 2, 4, 14, 15, 22, 8,
4E, E5, 102, 5,
50, 21, 5,
51, 22, 8,
52, 25,
53, 2X, 88, X8, 118, 56, 51, 22, 8,
54, 35, 2X, 88, X8, 118, 56, 51, 22, 8,
55, 42, 18,
56, 51, 22, 8,
57, 62, 34, 21, 5,
58, 75, 62, 34, 21, 5,
59, 8X, 118, 56, 51, 22, 8,
5X, X5,
5E, 102, 5,
60, 30, 9, 69, 99, 116, 32, 11, 2, 4, 14, 15, 22, 8,
61, 31, X, 84, 68,
62, 34, 21, 5,
63, 39, 76, 71, 42, 18,
64, 44, 28, 58, 75, 62, 34, 21, 5,
65, 51, 22, 8,
66, 60, 30, 9, 69, 99, 116, 32, 11, 2, 4, 14, 15, 22, 8,
67, 71, 42, 18,
68,
69, 99, 116, 32, 11, 2, 4, 14, 15, 22, 8,
6X, E4, E5, 102, 5,
6E, 111, 3, 9, 69, 99, 116, 32, 11, 2, 4, 14, 15, 22, 8,
70, 41, 15, 22, 8,
71, 42, 18,
72, 45, 35, 2X, 88, X8, 118, 56, 51, 22, 8,
73, 4X, 98, 101, 2, 4, 14, 15, 22, 8,
74, 55, 42, 18,
75, 62, 34, 21, 5,
76, 71, 42, 18,
77, 82, 58, 75, 62, 34, 21, 5,
78, 95, 8X, 118, 56, 51, 22, 8,
79, XX, 148, 69, 99, 116, 32, 11, 2, 4, 14, 15, 22, 8,
7X, 105, 22, 8,
7E, 122, 9, 69, 99, 116, 32, 11, 2, 4, 14, 15, 22, 8,
80, 54, 35, 2X, 88, X8, 118, 56, 51, 22, 8,
81, 55, 42, 18,
82, 58, 75, 62, 34, 21, 5,
83, 61, 31, X, 84, 68,
84, 68,
85, 75, 62, 34, 21, 5,
86, 84, 68,
87, 95, 8X, 118, 56, 51, 22, 8,
88, X8, 118, 56, 51, 22, 8,
89, 101, 2, 4, 14, 15, 22, 8,
8X, 118, 56, 51, 22, 8,
8E, 135, 2E, X5,
90, 69, 99, 116, 32, 11, 2, 4, 14, 15, 22, 8,
91, 6X, E4, E5, 102, 5,
92, 71, 42, 18,
93, 76, 71, 42, 18,
94, 81, 55, 42, 18,
95, 8X, 118, 56, 51, 22, 8,
96, 99, 116, 32, 11, 2, 4, 14, 15, 22, 8,
97, XX, 148, 69, 99, 116, 32, 11, 2, 4, 14, 15, 22, 8,
98, 101, 2, 4, 14, 15, 22, 8,
99, 116, 32, 11, 2, 4, 14, 15, 22, 8,
9X, 131, E, X1, 85, 75, 62, 34, 21, 5,
9E, 14X, 99, 116, 32, 11, 2, 4, 14, 15, 22, 8,
X0, 84, 68,
X1, 85, 75, 62, 34, 21, 5,
X2, 88, X8, 118, 56, 51, 22, 8,
X3, 91, 6X, E4, E5, 102, 5,
X4, 98, 101, 2, 4, 14, 15, 22, 8,
X5,
X6, E4, E5, 102, 5,
X7, 105, 22, 8,
X8, 118, 56, 51, 22, 8,
X9, 131, E, X1, 85, 75, 62, 34, 21, 5,
XX, 148, 69, 99, 116, 32, 11, 2, 4, 14, 15, 22, 8,
XE, 165, 52, 25,
E0, X1, 85, 75, 62, 34, 21, 5,
E1, X2, 88, X8, 118, 56, 51, 22, 8,
E2, X5,
E3, XX, 148, 69, 99, 116, 32, 11, 2, 4, 14, 15, 22, 8,
E4, E5, 102, 5,
E5, 102, 5,
E6, 111, 3, 9, 69, 99, 116, 32, 11, 2, 4, 14, 15, 22, 8,
E7, 122, 9, 69, 99, 116, 32, 11, 2, 4, 14, 15, 22, 8,
E8, 135, 2E, X5,
E9, 14X, 99, 116, 32, 11, 2, 4, 14, 15, 22, 8,
EX, 165, 52, 25,
EE, 182, 59, 8X, 118, 56, 51, 22, 8,
100, 1,
101, 2, 4, 14, 15, 22, 8,
102, 5,
103, X, 84, 68,
104, 15, 22, 8,
105, 22, 8,
106, 31, X, 84, 68,
107, 42, 18,
108, 55, 42, 18,
109, 6X, E4, E5, 102, 5,
10X, 85, 75, 62, 34, 21, 5,
10E, X2, 88, X8, 118, 56, 51, 22, 8,
110, 2, 4, 14, 15, 22, 8,
111, 3, 9, 69, 99, 116, 32, 11, 2, 4, 14, 15, 22, 8,
112, 6, 30, 9, 69, 99, 116, 32, 11, 2, 4, 14, 15, 22, 8,
113, E, X1, 85, 75, 62, 34, 21, 5,
114, 16, 31, X, 84, 68,
115, 23, 11, 2, 4, 14, 15, 22, 8,
116, 32, 11, 2, 4, 14, 15, 22, 8,
117, 43, 21, 5,
118, 56, 51, 22, 8,
119, 6E, 111, 3, 9, 69, 99, 116, 32, 11, 2, 4, 14, 15, 22, 8,
11X, 86, 84, 68,
11E, X3, 91, 6X, E4, E5, 102, 5,
120, 5,
121, 6, 30, 9, 69, 99, 116, 32, 11, 2, 4, 14, 15, 22, 8,
122, 9, 69, 99, 116, 32, 11, 2, 4, 14, 15, 22, 8,
123, 12, 5,
124, 19, 6X, E4, E5, 102, 5,
125, 26, 34, 21, 5,
126, 35, 2X, 88, X8, 118, 56, 51, 22, 8,
127, 46, 44, 28, 58, 75, 62, 34, 21, 5,
128, 59, 8X, 118, 56, 51, 22, 8,
129, 72, 45, 35, 2X, 88, X8, 118, 56, 51, 22, 8,
12X, 89, 101, 2, 4, 14, 15, 22, 8,
12E, X6, E4, E5, 102, 5,
130, X, 84, 68,
131, E, X1, 85, 75, 62, 34, 21, 5,
132, 12, 5,
133, 17, 42, 18,
134, 22, 8,
135, 2E, X5,
136, 3X, 91, 6X, E4, E5, 102, 5,
137, 4E, E5, 102, 5,
138, 62, 34, 21, 5,
139, 77, 82, 58, 75, 62, 34, 21, 5,
13X, 92, 71, 42, 18,
13E, XE, 165, 52, 25,
140, 15, 22, 8,
141, 16, 31, X, 84, 68,
142, 19, 6X, E4, E5, 102, 5,
143, 22, 8,
144, 29, 71, 42, 18,
145, 36, 39, 76, 71, 42, 18,
146, 45, 35, 2X, 88, X8, 118, 56, 51, 22, 8,
147, 56, 51, 22, 8,
148, 69, 99, 116, 32, 11, 2, 4, 14, 15, 22, 8,
149, 82, 58, 75, 62, 34, 21, 5,
14X, 99, 116, 32, 11, 2, 4, 14, 15, 22, 8,
14E, E6, 111, 3, 9, 69, 99, 116, 32, 11, 2, 4, 14, 15, 22, 8,
150, 22, 8,
151, 23, 11, 2, 4, 14, 15, 22, 8,
152, 26, 34, 21, 5,
153, 2E, X5,
154, 36, 39, 76, 71, 42, 18,
155, 43, 21, 5,
156, 52, 25,
157, 63, 39, 76, 71, 42, 18,
158, 76, 71, 42, 18,
159, 8E, 135, 2E, X5,
15X, X6, E4, E5, 102, 5,
15E, 103, X, 84, 68,
160, 31, X, 84, 68,
161, 32, 11, 2, 4, 14, 15, 22, 8,
162, 35, 2X, 88, X8, 118, 56, 51, 22, 8,
163, 3X, 91, 6X, E4, E5, 102, 5,
164, 45, 35, 2X, 88, X8, 118, 56, 51, 22, 8,
165, 52, 25,
166, 61, 31, X, 84, 68,
167, 72, 45, 35, 2X, 88, X8, 118, 56, 51, 22, 8,
168, 85, 75, 62, 34, 21, 5,
169, 9X, 131, E, X1, 85, 75, 62, 34, 21, 5,
16X, E5, 102, 5,
16E, 112, 6, 30, 9, 69, 99, 116, 32, 11, 2, 4, 14, 15, 22, 8,
170, 42, 18,
171, 43, 21, 5,
172, 46, 44, 28, 58, 75, 62, 34, 21, 5,
173, 4E, E5, 102, 5,
174, 56, 51, 22, 8,
175, 63, 39, 76, 71, 42, 18,
176, 72, 45, 35, 2X, 88, X8, 118, 56, 51, 22, 8,
177, 83, 61, 31, X, 84, 68,
178, 96, 99, 116, 32, 11, 2, 4, 14, 15, 22, 8,
179, XE, 165, 52, 25,
17X, 106, 31, X, 84, 68,
17E, 123, 12, 5,
180, 55, 42, 18,
181, 56, 51, 22, 8,
182, 59, 8X, 118, 56, 51, 22, 8,
183, 62, 34, 21, 5,
184, 69, 99, 116, 32, 11, 2, 4, 14, 15, 22, 8,
185, 76, 71, 42, 18,
186, 85, 75, 62, 34, 21, 5,
187, 96, 99, 116, 32, 11, 2, 4, 14, 15, 22, 8,
188, X9, 131, E, X1, 85, 75, 62, 34, 21, 5,
189, 102, 5,
18X, 119, 6E, 111, 3, 9, 69, 99, 116, 32, 11, 2, 4, 14, 15, 22, 8,
18E, 136, 3X, 91, 6X, E4, E5, 102, 5,
190, 6X, E4, E5, 102, 5,
191, 6E, 111, 3, 9, 69, 99, 116, 32, 11, 2, 4, 14, 15, 22, 8,
192, 72, 45, 35, 2X, 88, X8, 118, 56, 51, 22, 8,
193, 77, 82, 58, 75, 62, 34, 21, 5,
194, 82, 58, 75, 62, 34, 21, 5,
195, 8E, 135, 2E, X5,
196, 9X, 131, E, X1, 85, 75, 62, 34, 21, 5,
197, XE, 165, 52, 25,
198, 102, 5,
199, 117, 43, 21, 5,
19X, 132, 12, 5,
19E, 14E, E6, 111, 3, 9, 69, 99, 116, 32, 11, 2, 4, 14, 15, 22, 8,
1X0, 85, 75, 62, 34, 21, 5,
1X1, 86, 84, 68,
1X2, 89, 101, 2, 4, 14, 15, 22, 8,
1X3, 92, 71, 42, 18,
1X4, 99, 116, 32, 11, 2, 4, 14, 15, 22, 8,
1X5, X6, E4, E5, 102, 5,
1X6, E5, 102, 5,
1X7, 106, 31, X, 84, 68,
1X8, 119, 6E, 111, 3, 9, 69, 99, 116, 32, 11, 2, 4, 14, 15, 22, 8,
1X9, 132, 12, 5,
1XX, 149, 82, 58, 75, 62, 34, 21, 5,
1XE, 166, 61, 31, X, 84, 68,
1E0, X2, 88, X8, 118, 56, 51, 22, 8,
1E1, X3, 91, 6X, E4, E5, 102, 5,
1E2, X6, E4, E5, 102, 5,
1E3, XE, 165, 52, 25,
1E4, E6, 111, 3, 9, 69, 99, 116, 32, 11, 2, 4, 14, 15, 22, 8,
1E5, 103, X, 84, 68,
1E6, 112, 6, 30, 9, 69, 99, 116, 32, 11, 2, 4, 14, 15, 22, 8,
1E7, 123, 12, 5,
1E8, 136, 3X, 91, 6X, E4, E5, 102, 5,
1E9, 14E, E6, 111, 3, 9, 69, 99, 116, 32, 11, 2, 4, 14, 15, 22, 8,
1EX, 166, 61, 31, X, 84, 68,
1EE, 183, 62, 34, 21, 5,
200, 4, 14, 15, 22, 8,
201, 5,
202, 8,
203, 11, 2, 4, 14, 15, 22, 8,
204, 18,
205, 25,
206, 34, 21, 5,
207, 45, 35, 2X, 88, X8, 118, 56, 51, 22, 8,
208, 58, 75, 62, 34, 21, 5,
209, 71, 42, 18,
20X, 88, X8, 118, 56, 51, 22, 8,
20E, X5,
210, 5,
211, 6, 30, 9, 69, 99, 116, 32, 11, 2, 4, 14, 15, 22, 8,
212, 9, 69, 99, 116, 32, 11, 2, 4, 14, 15, 22, 8,
213, 12, 5,
214, 19, 6X, E4, E5, 102, 5,
215, 26, 34, 21, 5,
216, 35, 2X, 88, X8, 118, 56, 51, 22, 8,
217, 46, 44, 28, 58, 75, 62, 34, 21, 5,
218, 59, 8X, 118, 56, 51, 22, 8,
219, 72, 45, 35, 2X, 88, X8, 118, 56, 51, 22, 8,
21X, 89, 101, 2, 4, 14, 15, 22, 8,
21E, X6, E4, E5, 102, 5,
220, 8,
221, 9, 69, 99, 116, 32, 11, 2, 4, 14, 15, 22, 8,
222, 10, 1,
223, 15, 22, 8,
224, 20, 4, 14, 15, 22, 8,
225, 29, 71, 42, 18,
226, 38, 61, 31, X, 84, 68,
227, 49, 81, 55, 42, 18,
228, 60, 30, 9, 69, 99, 116, 32, 11, 2, 4, 14, 15, 22, 8,
229, 75, 62, 34, 21, 5,
22X, 90, 69, 99, 116, 32, 11, 2, 4, 14, 15, 22, 8,
22E, X9, 131, E, X1, 85, 75, 62, 34, 21, 5,
230, 11, 2, 4, 14, 15, 22, 8,
231, 12, 5,
232, 15, 22, 8,
233, 1X, 85, 75, 62, 34, 21, 5,
234, 25,
235, 32, 11, 2, 4, 14, 15, 22, 8,
236, 41, 15, 22, 8,
237, 52, 25,
238, 65, 51, 22, 8,
239, 7X, 105, 22, 8,
23X, 95, 8X, 118, 56, 51, 22, 8,
23E, E2, X5,
240, 18,
241, 19, 6X, E4, E5, 102, 5,
242, 20, 4, 14, 15, 22, 8,
243, 25,
244, 30, 9, 69, 99, 116, 32, 11, 2, 4, 14, 15, 22, 8,
245, 39, 76, 71, 42, 18,
246, 48, 68,
247, 59, 8X, 118, 56, 51, 22, 8,
248, 70, 41, 15, 22, 8,
249, 85, 75, 62, 34, 21, 5,
24X, X0, 84, 68,
24E, E9, 14X, 99, 116, 32, 11, 2, 4, 14, 15, 22, 8,
250, 25,
251, 26, 34, 21, 5,
252, 29, 71, 42, 18,
253, 32, 11, 2, 4, 14, 15, 22, 8,
254, 39, 76, 71, 42, 18,
255, 46, 44, 28, 58, 75, 62, 34, 21, 5,
256, 55, 42, 18,
257, 66, 60, 30, 9, 69, 99, 116, 32, 11, 2, 4, 14, 15, 22, 8,
258, 79, XX, 148, 69, 99, 116, 32, 11, 2, 4, 14, 15, 22, 8,
259, 92, 71, 42, 18,
25X, X9, 131, E, X1, 85, 75, 62, 34, 21, 5,
25E, 106, 31, X, 84, 68,
260, 34, 21, 5,
261, 35, 2X, 88, X8, 118, 56, 51, 22, 8,
262, 38, 61, 31, X, 84, 68,
263, 41, 15, 22, 8,
264, 48, 68,
265, 55, 42, 18,
266, 64, 44, 28, 58, 75, 62, 34, 21, 5,
267, 75, 62, 34, 21, 5,
268, 88, X8, 118, 56, 51, 22, 8,
269, X1, 85, 75, 62, 34, 21, 5,
26X, E8, 135, 2E, X5,
26E, 115, 23, 11, 2, 4, 14, 15, 22, 8,
270, 45, 35, 2X, 88, X8, 118, 56, 51, 22, 8,
271, 46, 44, 28, 58, 75, 62, 34, 21, 5,
272, 49, 81, 55, 42, 18,
273, 52, 25,
274, 59, 8X, 118, 56, 51, 22, 8,
275, 66, 60, 30, 9, 69, 99, 116, 32, 11, 2, 4, 14, 15, 22, 8,
276, 75, 62, 34, 21, 5,
277, 86, 84, 68,
278, 99, 116, 32, 11, 2, 4, 14, 15, 22, 8,
279, E2, X5,
27X, 109, 6X, E4, E5, 102, 5,
27E, 126, 35, 2X, 88, X8, 118, 56, 51, 22, 8,
280, 58, 75, 62, 34, 21, 5,
281, 59, 8X, 118, 56, 51, 22, 8,
282, 60, 30, 9, 69, 99, 116, 32, 11, 2, 4, 14, 15, 22, 8,
283, 65, 51, 22, 8,
284, 70, 41, 15, 22, 8,
285, 79, XX, 148, 69, 99, 116, 32, 11, 2, 4, 14, 15, 22, 8,
286, 88, X8, 118, 56, 51, 22, 8,
287, 99, 116, 32, 11, 2, 4, 14, 15, 22, 8,
288, E0, X1, 85, 75, 62, 34, 21, 5,
289, 105, 22, 8,
28X, 120, 5,
28E, 139, 77, 82, 58, 75, 62, 34, 21, 5,
290, 71, 42, 18,
291, 72, 45, 35, 2X, 88, X8, 118, 56, 51, 22, 8,
292, 75, 62, 34, 21, 5,
293, 7X, 105, 22, 8,
294, 85, 75, 62, 34, 21, 5,
295, 92, 71, 42, 18,
296, X1, 85, 75, 62, 34, 21, 5,
297, E2, X5,
298, 105, 22, 8,
299, 11X, 86, 84, 68,
29X, 135, 2E, X5,
29E, 152, 26, 34, 21, 5,
2X0, 88, X8, 118, 56, 51, 22, 8,
2X1, 89, 101, 2, 4, 14, 15, 22, 8,
2X2, 90, 69, 99, 116, 32, 11, 2, 4, 14, 15, 22, 8,
2X3, 95, 8X, 118, 56, 51, 22, 8,
2X4, X0, 84, 68,
2X5, X9, 131, E, X1, 85, 75, 62, 34, 21, 5,
2X6, E8, 135, 2E, X5,
2X7, 109, 6X, E4, E5, 102, 5,
2X8, 120, 5,
2X9, 135, 2E, X5,
2XX, 150, 22, 8,
2XE, 169, 9X, 131, E, X1, 85, 75, 62, 34, 21, 5,
2E0, X5,
2E1, X6, E4, E5, 102, 5,
2E2, X9, 131, E, X1, 85, 75, 62, 34, 21, 5,
2E3, E2, X5,
2E4, E9, 14X, 99, 116, 32, 11, 2, 4, 14, 15, 22, 8,
2E5, 106, 31, X, 84, 68,
2E6, 115, 23, 11, 2, 4, 14, 15, 22, 8,
2E7, 126, 35, 2X, 88, X8, 118, 56, 51, 22, 8,
2E8, 139, 77, 82, 58, 75, 62, 34, 21, 5,
2E9, 152, 26, 34, 21, 5,
2EX, 169, 9X, 131, E, X1, 85, 75, 62, 34, 21, 5,
2EE, 186, 85, 75, 62, 34, 21, 5,
300, 9, 69, 99, 116, 32, 11, 2, 4, 14, 15, 22, 8,
301, X, 84, 68,
302, 11, 2, 4, 14, 15, 22, 8,
303, 16, 31, X, 84, 68,
304, 21, 5,
305, 2X, 88, X8, 118, 56, 51, 22, 8,
306, 39, 76, 71, 42, 18,
307, 4X, 98, 101, 2, 4, 14, 15, 22, 8,
308, 61, 31, X, 84, 68,
309, 76, 71, 42, 18,
30X, 91, 6X, E4, E5, 102, 5,
30E, XX, 148, 69, 99, 116, 32, 11, 2, 4, 14, 15, 22, 8,
310, X, 84, 68,
311, E, X1, 85, 75, 62, 34, 21, 5,
312, 12, 5,
313, 17, 42, 18,
314, 22, 8,
315, 2E, X5,
316, 3X, 91, 6X, E4, E5, 102, 5,
317, 4E, E5, 102, 5,
318, 62, 34, 21, 5,
319, 77, 82, 58, 75, 62, 34, 21, 5,
31X, 92, 71, 42, 18,
31E, XE, 165, 52, 25,
320, 11, 2, 4, 14, 15, 22, 8,
321, 12, 5,
322, 15, 22, 8,
323, 1X, 85, 75, 62, 34, 21, 5,
324, 25,
325, 32, 11, 2, 4, 14, 15, 22, 8,
326, 41, 15, 22, 8,
327, 52, 25,
328, 65, 51, 22, 8,
329, 7X, 105, 22, 8,
32X, 95, 8X, 118, 56, 51, 22, 8,
32E, E2, X5,
330, 16, 31, X, 84, 68,
331, 17, 42, 18,
332, 1X, 85, 75, 62, 34, 21, 5,
333, 23, 11, 2, 4, 14, 15, 22, 8,
334, 2X, 88, X8, 118, 56, 51, 22, 8,
335, 37, 4X, 98, 101, 2, 4, 14, 15, 22, 8,
336, 46, 44, 28, 58, 75, 62, 34, 21, 5,
337, 57, 62, 34, 21, 5,
338, 6X, E4, E5, 102, 5,
339, 83, 61, 31, X, 84, 68,
33X, 9X, 131, E, X1, 85, 75, 62, 34, 21, 5,
33E, E7, 122, 9, 69, 99, 116, 32, 11, 2, 4, 14, 15, 22, 8,
340, 21, 5,
341, 22, 8,
342, 25,
343, 2X, 88, X8, 118, 56, 51, 22, 8,
344, 35, 2X, 88, X8, 118, 56, 51, 22, 8,
345, 42, 18,
346, 51, 22, 8,
347, 62, 34, 21, 5,
348, 75, 62, 34, 21, 5,
349, 8X, 118, 56, 51, 22, 8,
34X, X5,
34E, 102, 5,
350, 2X, 88, X8, 118, 56, 51, 22, 8,
351, 2E, X5,
352, 32, 11, 2, 4, 14, 15, 22, 8,
353, 37, 4X, 98, 101, 2, 4, 14, 15, 22, 8,
354, 42, 18,
355, 4E, E5, 102, 5,
356, 5X, X5,
357, 6E, 111, 3, 9, 69, 99, 116, 32, 11, 2, 4, 14, 15, 22, 8,
358, 82, 58, 75, 62, 34, 21, 5,
359, 97, XX, 148, 69, 99, 116, 32, 11, 2, 4, 14, 15, 22, 8,
35X, E2, X5,
35E, 10E, X2, 88, X8, 118, 56, 51, 22, 8,
360, 39, 76, 71, 42, 18,
361, 3X, 91, 6X, E4, E5, 102, 5,
362, 41, 15, 22, 8,
363, 46, 44, 28, 58, 75, 62, 34, 21, 5,
364, 51, 22, 8,
365, 5X, X5,
366, 69, 99, 116, 32, 11, 2, 4, 14, 15, 22, 8,
367, 7X, 105, 22, 8,
368, 91, 6X, E4, E5, 102, 5,
369, X6, E4, E5, 102, 5,
36X, 101, 2, 4, 14, 15, 22, 8,
36E, 11X, 86, 84, 68,
370, 4X, 98, 101, 2, 4, 14, 15, 22, 8,
371, 4E, E5, 102, 5,
372, 52, 25,
373, 57, 62, 34, 21, 5,
374, 62, 34, 21, 5,
375, 6E, 111, 3, 9, 69, 99, 116, 32, 11, 2, 4, 14, 15, 22, 8,
376, 7X, 105, 22, 8,
377, 8E, 135, 2E, X5,
378, X2, 88, X8, 118, 56, 51, 22, 8,
379, E7, 122, 9, 69, 99, 116, 32, 11, 2, 4, 14, 15, 22, 8,
37X, 112, 6, 30, 9, 69, 99, 116, 32, 11, 2, 4, 14, 15, 22, 8,
37E, 12E, X6, E4, E5, 102, 5,
380, 61, 31, X, 84, 68,
381, 62, 34, 21, 5,
382, 65, 51, 22, 8,
383, 6X, E4, E5, 102, 5,
384, 75, 62, 34, 21, 5,
385, 82, 58, 75, 62, 34, 21, 5,
386, 91, 6X, E4, E5, 102, 5,
387, X2, 88, X8, 118, 56, 51, 22, 8,
388, E5, 102, 5,
389, 10X, 85, 75, 62, 34, 21, 5,
38X, 125, 26, 34, 21, 5,
38E, 142, 19, 6X, E4, E5, 102, 5,
390, 76, 71, 42, 18,
391, 77, 82, 58, 75, 62, 34, 21, 5,
392, 7X, 105, 22, 8,
393, 83, 61, 31, X, 84, 68,
394, 8X, 118, 56, 51, 22, 8,
395, 97, XX, 148, 69, 99, 116, 32, 11, 2, 4, 14, 15, 22, 8,
396, X6, E4, E5, 102, 5,
397, E7, 122, 9, 69, 99, 116, 32, 11, 2, 4, 14, 15, 22, 8,
398, 10X, 85, 75, 62, 34, 21, 5,
399, 123, 12, 5,
39X, 13X, 92, 71, 42, 18,
39E, 157, 63, 39, 76, 71, 42, 18,
3X0, 91, 6X, E4, E5, 102, 5,
3X1, 92, 71, 42, 18,
3X2, 95, 8X, 118, 56, 51, 22, 8,
3X3, 9X, 131, E, X1, 85, 75, 62, 34, 21, 5,
3X4, X5,
3X5, E2, X5,
3X6, 101, 2, 4, 14, 15, 22, 8,
3X7, 112, 6, 30, 9, 69, 99, 116, 32, 11, 2, 4, 14, 15, 22, 8,
3X8, 125, 26, 34, 21, 5,
3X9, 13X, 92, 71, 42, 18,
3XX, 155, 43, 21, 5,
3XE, 172, 46, 44, 28, 58, 75, 62, 34, 21, 5,
3E0, XX, 148, 69, 99, 116, 32, 11, 2, 4, 14, 15, 22, 8,
3E1, XE, 165, 52, 25,
3E2, E2, X5,
3E3, E7, 122, 9, 69, 99, 116, 32, 11, 2, 4, 14, 15, 22, 8,
3E4, 102, 5,
3E5, 10E, X2, 88, X8, 118, 56, 51, 22, 8,
3E6, 11X, 86, 84, 68,
3E7, 12E, X6, E4, E5, 102, 5,
3E8, 142, 19, 6X, E4, E5, 102, 5,
3E9, 157, 63, 39, 76, 71, 42, 18,
3EX, 172, 46, 44, 28, 58, 75, 62, 34, 21, 5,
3EE, 18E, 136, 3X, 91, 6X, E4, E5, 102, 5,
400, 14, 15, 22, 8,
401, 15, 22, 8,
402, 18,
403, 21, 5,
404, 28, 58, 75, 62, 34, 21, 5,
405, 35, 2X, 88, X8, 118, 56, 51, 22, 8,
406, 44, 28, 58, 75, 62, 34, 21, 5,
407, 55, 42, 18,
408, 68,
409, 81, 55, 42, 18,
40X, 98, 101, 2, 4, 14, 15, 22, 8,
40E, E5, 102, 5,
410, 15, 22, 8,
411, 16, 31, X, 84, 68,
412, 19, 6X, E4, E5, 102, 5,
413, 22, 8,
414, 29, 71, 42, 18,
415, 36, 39, 76, 71, 42, 18,
416, 45, 35, 2X, 88, X8, 118, 56, 51, 22, 8,
417, 56, 51, 22, 8,
418, 69, 99, 116, 32, 11, 2, 4, 14, 15, 22, 8,
419, 82, 58, 75, 62, 34, 21, 5,
41X, 99, 116, 32, 11, 2, 4, 14, 15, 22, 8,
41E, E6, 111, 3, 9, 69, 99, 116, 32, 11, 2, 4, 14, 15, 22, 8,
420, 18,
421, 19, 6X, E4, E5, 102, 5,
422, 20, 4, 14, 15, 22, 8,
423, 25,
424, 30, 9, 69, 99, 116, 32, 11, 2, 4, 14, 15, 22, 8,
425, 39, 76, 71, 42, 18,
426, 48, 68,
427, 59, 8X, 118, 56, 51, 22, 8,
428, 70, 41, 15, 22, 8,
429, 85, 75, 62, 34, 21, 5,
42X, X0, 84, 68,
42E, E9, 14X, 99, 116, 32, 11, 2, 4, 14, 15, 22, 8,
430, 21, 5,
431, 22, 8,
432, 25,
433, 2X, 88, X8, 118, 56, 51, 22, 8,
434, 35, 2X, 88, X8, 118, 56, 51, 22, 8,
435, 42, 18,
436, 51, 22, 8,
437, 62, 34, 21, 5,
438, 75, 62, 34, 21, 5,
439, 8X, 118, 56, 51, 22, 8,
43X, X5,
43E, 102, 5,
440, 28, 58, 75, 62, 34, 21, 5,
441, 29, 71, 42, 18,
442, 30, 9, 69, 99, 116, 32, 11, 2, 4, 14, 15, 22, 8,
443, 35, 2X, 88, X8, 118, 56, 51, 22, 8,
444, 40, 14, 15, 22, 8,
445, 49, 81, 55, 42, 18,
446, 58, 75, 62, 34, 21, 5,
447, 69, 99, 116, 32, 11, 2, 4, 14, 15, 22, 8,
448, 80, 54, 35, 2X, 88, X8, 118, 56, 51, 22, 8,
449, 95, 8X, 118, 56, 51, 22, 8,
44X, E0, X1, 85, 75, 62, 34, 21, 5,
44E, 109, 6X, E4, E5, 102, 5,
450, 35, 2X, 88, X8, 118, 56, 51, 22, 8,
451, 36, 39, 76, 71, 42, 18,
452, 39, 76, 71, 42, 18,
453, 42, 18,
454, 49, 81, 55, 42, 18,
455, 56, 51, 22, 8,
456, 65, 51, 22, 8,
457, 76, 71, 42, 18,
458, 89, 101, 2, 4, 14, 15, 22, 8,
459, X2, 88, X8, 118, 56, 51, 22, 8,
45X, E9, 14X, 99, 116, 32, 11, 2, 4, 14, 15, 22, 8,
45E, 116, 32, 11, 2, 4, 14, 15, 22, 8,
460, 44, 28, 58, 75, 62, 34, 21, 5,
461, 45, 35, 2X, 88, X8, 118, 56, 51, 22, 8,
462, 48, 68,
463, 51, 22, 8,
464, 58, 75, 62, 34, 21, 5,
465, 65, 51, 22, 8,
466, 74, 55, 42, 18,
467, 85, 75, 62, 34, 21, 5,
468, 98, 101, 2, 4, 14, 15, 22, 8,
469, E1, X2, 88, X8, 118, 56, 51, 22, 8,
46X, 108, 55, 42, 18,
46E, 125, 26, 34, 21, 5,
470, 55, 42, 18,
471, 56, 51, 22, 8,
472, 59, 8X, 118, 56, 51, 22, 8,
473, 62, 34, 21, 5,
474, 69, 99, 116, 32, 11, 2, 4, 14, 15, 22, 8,
475, 76, 71, 42, 18,
476, 85, 75, 62, 34, 21, 5,
477, 96, 99, 116, 32, 11, 2, 4, 14, 15, 22, 8,
478, X9, 131, E, X1, 85, 75, 62, 34, 21, 5,
479, 102, 5,
47X, 119, 6E, 111, 3, 9, 69, 99, 116, 32, 11, 2, 4, 14, 15, 22, 8,
47E, 136, 3X, 91, 6X, E4, E5, 102, 5,
480, 68,
481, 69, 99, 116, 32, 11, 2, 4, 14, 15, 22, 8,
482, 70, 41, 15, 22, 8,
483, 75, 62, 34, 21, 5,
484, 80, 54, 35, 2X, 88, X8, 118, 56, 51, 22, 8,
485, 89, 101, 2, 4, 14, 15, 22, 8,
486, 98, 101, 2, 4, 14, 15, 22, 8,
487, X9, 131, E, X1, 85, 75, 62, 34, 21, 5,
488, 100, 1,
489, 115, 23, 11, 2, 4, 14, 15, 22, 8,
48X, 130, X, 84, 68,
48E, 149, 82, 58, 75, 62, 34, 21, 5,
490, 81, 55, 42, 18,
491, 82, 58, 75, 62, 34, 21, 5,
492, 85, 75, 62, 34, 21, 5,
493, 8X, 118, 56, 51, 22, 8,
494, 95, 8X, 118, 56, 51, 22, 8,
495, X2, 88, X8, 118, 56, 51, 22, 8,
496, E1, X2, 88, X8, 118, 56, 51, 22, 8,
497, 102, 5,
498, 115, 23, 11, 2, 4, 14, 15, 22, 8,
499, 12X, 89, 101, 2, 4, 14, 15, 22, 8,
49X, 145, 36, 39, 76, 71, 42, 18,
49E, 162, 35, 2X, 88, X8, 118, 56, 51, 22, 8,
4X0, 98, 101, 2, 4, 14, 15, 22, 8,
4X1, 99, 116, 32, 11, 2, 4, 14, 15, 22, 8,
4X2, X0, 84, 68,
4X3, X5,
4X4, E0, X1, 85, 75, 62, 34, 21, 5,
4X5, E9, 14X, 99, 116, 32, 11, 2, 4, 14, 15, 22, 8,
4X6, 108, 55, 42, 18,
4X7, 119, 6E, 111, 3, 9, 69, 99, 116, 32, 11, 2, 4, 14, 15, 22, 8,
4X8, 130, X, 84, 68,
4X9, 145, 36, 39, 76, 71, 42, 18,
4XX, 160, 31, X, 84, 68,
4XE, 179, XE, 165, 52, 25,
4E0, E5, 102, 5,
4E1, E6, 111, 3, 9, 69, 99, 116, 32, 11, 2, 4, 14, 15, 22, 8,
4E2, E9, 14X, 99, 116, 32, 11, 2, 4, 14, 15, 22, 8,
4E3, 102, 5,
4E4, 109, 6X, E4, E5, 102, 5,
4E5, 116, 32, 11, 2, 4, 14, 15, 22, 8,
4E6, 125, 26, 34, 21, 5,
4E7, 136, 3X, 91, 6X, E4, E5, 102, 5,
4E8, 149, 82, 58, 75, 62, 34, 21, 5,
4E9, 162, 35, 2X, 88, X8, 118, 56, 51, 22, 8,
4EX, 179, XE, 165, 52, 25,
4EE, 196, 9X, 131, E, X1, 85, 75, 62, 34, 21, 5,
500, 21, 5,
501, 22, 8,
502, 25,
503, 2X, 88, X8, 118, 56, 51, 22, 8,
504, 35, 2X, 88, X8, 118, 56, 51, 22, 8,
505, 42, 18,
506, 51, 22, 8,
507, 62, 34, 21, 5,
508, 75, 62, 34, 21, 5,
509, 8X, 118, 56, 51, 22, 8,
50X, X5,
50E, 102, 5,
510, 22, 8,
511, 23, 11, 2, 4, 14, 15, 22, 8,
512, 26, 34, 21, 5,
513, 2E, X5,
514, 36, 39, 76, 71, 42, 18,
515, 43, 21, 5,
516, 52, 25,
517, 63, 39, 76, 71, 42, 18,
518, 76, 71, 42, 18,
519, 8E, 135, 2E, X5,
51X, X6, E4, E5, 102, 5,
51E, 103, X, 84, 68,
520, 25,
521, 26, 34, 21, 5,
522, 29, 71, 42, 18,
523, 32, 11, 2, 4, 14, 15, 22, 8,
524, 39, 76, 71, 42, 18,
525, 46, 44, 28, 58, 75, 62, 34, 21, 5,
526, 55, 42, 18,
527, 66, 60, 30, 9, 69, 99, 116, 32, 11, 2, 4, 14, 15, 22, 8,
528, 79, XX, 148, 69, 99, 116, 32, 11, 2, 4, 14, 15, 22, 8,
529, 92, 71, 42, 18,
52X, X9, 131, E, X1, 85, 75, 62, 34, 21, 5,
52E, 106, 31, X, 84, 68,
530, 2X, 88, X8, 118, 56, 51, 22, 8,
531, 2E, X5,
532, 32, 11, 2, 4, 14, 15, 22, 8,
533, 37, 4X, 98, 101, 2, 4, 14, 15, 22, 8,
534, 42, 18,
535, 4E, E5, 102, 5,
536, 5X, X5,
537, 6E, 111, 3, 9, 69, 99, 116, 32, 11, 2, 4, 14, 15, 22, 8,
538, 82, 58, 75, 62, 34, 21, 5,
539, 97, XX, 148, 69, 99, 116, 32, 11, 2, 4, 14, 15, 22, 8,
53X, E2, X5,
53E, 10E, X2, 88, X8, 118, 56, 51, 22, 8,
540, 35, 2X, 88, X8, 118, 56, 51, 22, 8,
541, 36, 39, 76, 71, 42, 18,
542, 39, 76, 71, 42, 18,
543, 42, 18,
544, 49, 81, 55, 42, 18,
545, 56, 51, 22, 8,
546, 65, 51, 22, 8,
547, 76, 71, 42, 18,
548, 89, 101, 2, 4, 14, 15, 22, 8,
549, X2, 88, X8, 118, 56, 51, 22, 8,
54X, E9, 14X, 99, 116, 32, 11, 2, 4, 14, 15, 22, 8,
54E, 116, 32, 11, 2, 4, 14, 15, 22, 8,
550, 42, 18,
551, 43, 21, 5,
552, 46, 44, 28, 58, 75, 62, 34, 21, 5,
553, 4E, E5, 102, 5,
554, 56, 51, 22, 8,
555, 63, 39, 76, 71, 42, 18,
556, 72, 45, 35, 2X, 88, X8, 118, 56, 51, 22, 8,
557, 83, 61, 31, X, 84, 68,
558, 96, 99, 116, 32, 11, 2, 4, 14, 15, 22, 8,
559, XE, 165, 52, 25,
55X, 106, 31, X, 84, 68,
55E, 123, 12, 5,
560, 51, 22, 8,
561, 52, 25,
562, 55, 42, 18,
563, 5X, X5,
564, 65, 51, 22, 8,
565, 72, 45, 35, 2X, 88, X8, 118, 56, 51, 22, 8,
566, 81, 55, 42, 18,
567, 92, 71, 42, 18,
568, X5,
569, EX, 165, 52, 25,
56X, 115, 23, 11, 2, 4, 14, 15, 22, 8,
56E, 132, 12, 5,
570, 62, 34, 21, 5,
571, 63, 39, 76, 71, 42, 18,
572, 66, 60, 30, 9, 69, 99, 116, 32, 11, 2, 4, 14, 15, 22, 8,
573, 6E, 111, 3, 9, 69, 99, 116, 32, 11, 2, 4, 14, 15, 22, 8,
574, 76, 71, 42, 18,
575, 83, 61, 31, X, 84, 68,
576, 92, 71, 42, 18,
577, X3, 91, 6X, E4, E5, 102, 5,
578, E6, 111, 3, 9, 69, 99, 116, 32, 11, 2, 4, 14, 15, 22, 8,
579, 10E, X2, 88, X8, 118, 56, 51, 22, 8,
57X, 126, 35, 2X, 88, X8, 118, 56, 51, 22, 8,
57E, 143, 22, 8,
580, 75, 62, 34, 21, 5,
581, 76, 71, 42, 18,
582, 79, XX, 148, 69, 99, 116, 32, 11, 2, 4, 14, 15, 22, 8,
583, 82, 58, 75, 62, 34, 21, 5,
584, 89, 101, 2, 4, 14, 15, 22, 8,
585, 96, 99, 116, 32, 11, 2, 4, 14, 15, 22, 8,
586, X5,
587, E6, 111, 3, 9, 69, 99, 116, 32, 11, 2, 4, 14, 15, 22, 8,
588, 109, 6X, E4, E5, 102, 5,
589, 122, 9, 69, 99, 116, 32, 11, 2, 4, 14, 15, 22, 8,
58X, 139, 77, 82, 58, 75, 62, 34, 21, 5,
58E, 156, 52, 25,
590, 8X, 118, 56, 51, 22, 8,
591, 8E, 135, 2E, X5,
592, 92, 71, 42, 18,
593, 97, XX, 148, 69, 99, 116, 32, 11, 2, 4, 14, 15, 22, 8,
594, X2, 88, X8, 118, 56, 51, 22, 8,
595, XE, 165, 52, 25,
596, EX, 165, 52, 25,
597, 10E, X2, 88, X8, 118, 56, 51, 22, 8,
598, 122, 9, 69, 99, 116, 32, 11, 2, 4, 14, 15, 22, 8,
599, 137, 4E, E5, 102, 5,
59X, 152, 26, 34, 21, 5,
59E, 16E, 112, 6, 30, 9, 69, 99, 116, 32, 11, 2, 4, 14, 15, 22, 8,
5X0, X5,
5X1, X6, E4, E5, 102, 5,
5X2, X9, 131, E, X1, 85, 75, 62, 34, 21, 5,
5X3, E2, X5,
5X4, E9, 14X, 99, 116, 32, 11, 2, 4, 14, 15, 22, 8,
5X5, 106, 31, X, 84, 68,
5X6, 115, 23, 11, 2, 4, 14, 15, 22, 8,
5X7, 126, 35, 2X, 88, X8, 118, 56, 51, 22, 8,
5X8, 139, 77, 82, 58, 75, 62, 34, 21, 5,
5X9, 152, 26, 34, 21, 5,
5XX, 169, 9X, 131, E, X1, 85, 75, 62, 34, 21, 5,
5XE, 186, 85, 75, 62, 34, 21, 5,
5E0, 102, 5,
5E1, 103, X, 84, 68,
5E2, 106, 31, X, 84, 68,
5E3, 10E, X2, 88, X8, 118, 56, 51, 22, 8,
5E4, 116, 32, 11, 2, 4, 14, 15, 22, 8,
5E5, 123, 12, 5,
5E6, 132, 12, 5,
5E7, 143, 22, 8,
5E8, 156, 52, 25,
5E9, 16E, 112, 6, 30, 9, 69, 99, 116, 32, 11, 2, 4, 14, 15, 22, 8,
5EX, 186, 85, 75, 62, 34, 21, 5,
5EE, 1X3, 92, 71, 42, 18,
600, 30, 9, 69, 99, 116, 32, 11, 2, 4, 14, 15, 22, 8,
601, 31, X, 84, 68,
602, 34, 21, 5,
603, 39, 76, 71, 42, 18,
604, 44, 28, 58, 75, 62, 34, 21, 5,
605, 51, 22, 8,
606, 60, 30, 9, 69, 99, 116, 32, 11, 2, 4, 14, 15, 22, 8,
607, 71, 42, 18,
608, 84, 68,
609, 99, 116, 32, 11, 2, 4, 14, 15, 22, 8,
60X, E4, E5, 102, 5,
60E, 111, 3, 9, 69, 99, 116, 32, 11, 2, 4, 14, 15, 22, 8,
610, 31, X, 84, 68,
611, 32, 11, 2, 4, 14, 15, 22, 8,
612, 35, 2X, 88, X8, 118, 56, 51, 22, 8,
613, 3X, 91, 6X, E4, E5, 102, 5,
614, 45, 35, 2X, 88, X8, 118, 56, 51, 22, 8,
615, 52, 25,
616, 61, 31, X, 84, 68,
617, 72, 45, 35, 2X, 88, X8, 118, 56, 51, 22, 8,
618, 85, 75, 62, 34, 21, 5,
619, 9X, 131, E, X1, 85, 75, 62, 34, 21, 5,
61X, E5, 102, 5,
61E, 112, 6, 30, 9, 69, 99, 116, 32, 11, 2, 4, 14, 15, 22, 8,
620, 34, 21, 5,
621, 35, 2X, 88, X8, 118, 56, 51, 22, 8,
622, 38, 61, 31, X, 84, 68,
623, 41, 15, 22, 8,
624, 48, 68,
625, 55, 42, 18,
626, 64, 44, 28, 58, 75, 62, 34, 21, 5,
627, 75, 62, 34, 21, 5,
628, 88, X8, 118, 56, 51, 22, 8,
629, X1, 85, 75, 62, 34, 21, 5,
62X, E8, 135, 2E, X5,
62E, 115, 23, 11, 2, 4, 14, 15, 22, 8,
630, 39, 76, 71, 42, 18,
631, 3X, 91, 6X, E4, E5, 102, 5,
632, 41, 15, 22, 8,
633, 46, 44, 28, 58, 75, 62, 34, 21, 5,
634, 51, 22, 8,
635, 5X, X5,
636, 69, 99, 116, 32, 11, 2, 4, 14, 15, 22, 8,
637, 7X, 105, 22, 8,
638, 91, 6X, E4, E5, 102, 5,
639, X6, E4, E5, 102, 5,
63X, 101, 2, 4, 14, 15, 22, 8,
63E, 11X, 86, 84, 68,
640, 44, 28, 58, 75, 62, 34, 21, 5,
641, 45, 35, 2X, 88, X8, 118, 56, 51, 22, 8,
642, 48, 68,
643, 51, 22, 8,
644, 58, 75, 62, 34, 21, 5,
645, 65, 51, 22, 8,
646, 74, 55, 42, 18,
647, 85, 75, 62, 34, 21, 5,
648, 98, 101, 2, 4, 14, 15, 22, 8,
649, E1, X2, 88, X8, 118, 56, 51, 22, 8,
64X, 108, 55, 42, 18,
64E, 125, 26, 34, 21, 5,
650, 51, 22, 8,
651, 52, 25,
652, 55, 42, 18,
653, 5X, X5,
654, 65, 51, 22, 8,
655, 72, 45, 35, 2X, 88, X8, 118, 56, 51, 22, 8,
656, 81, 55, 42, 18,
657, 92, 71, 42, 18,
658, X5,
659, EX, 165, 52, 25,
65X, 115, 23, 11, 2, 4, 14, 15, 22, 8,
65E, 132, 12, 5,
660, 60, 30, 9, 69, 99, 116, 32, 11, 2, 4, 14, 15, 22, 8,
661, 61, 31, X, 84, 68,
662, 64, 44, 28, 58, 75, 62, 34, 21, 5,
663, 69, 99, 116, 32, 11, 2, 4, 14, 15, 22, 8,
664, 74, 55, 42, 18,
665, 81, 55, 42, 18,
666, 90, 69, 99, 116, 32, 11, 2, 4, 14, 15, 22, 8,
667, X1, 85, 75, 62, 34, 21, 5,
668, E4, E5, 102, 5,
669, 109, 6X, E4, E5, 102, 5,
66X, 124, 19, 6X, E4, E5, 102, 5,
66E, 141, 16, 31, X, 84, 68,
670, 71, 42, 18,
671, 72, 45, 35, 2X, 88, X8, 118, 56, 51, 22, 8,
672, 75, 62, 34, 21, 5,
673, 7X, 105, 22, 8,
674, 85, 75, 62, 34, 21, 5,
675, 92, 71, 42, 18,
676, X1, 85, 75, 62, 34, 21, 5,
677, E2, X5,
678, 105, 22, 8,
679, 11X, 86, 84, 68,
67X, 135, 2E, X5,
67E, 152, 26, 34, 21, 5,
680, 84, 68,
681, 85, 75, 62, 34, 21, 5,
682, 88, X8, 118, 56, 51, 22, 8,
683, 91, 6X, E4, E5, 102, 5,
684, 98, 101, 2, 4, 14, 15, 22, 8,
685, X5,
686, E4, E5, 102, 5,
687, 105, 22, 8,
688, 118, 56, 51, 22, 8,
689, 131, E, X1, 85, 75, 62, 34, 21, 5,
68X, 148, 69, 99, 116, 32, 11, 2, 4, 14, 15, 22, 8,
68E, 165, 52, 25,
690, 99, 116, 32, 11, 2, 4, 14, 15, 22, 8,
691, 9X, 131, E, X1, 85, 75, 62, 34, 21, 5,
692, X1, 85, 75, 62, 34, 21, 5,
693, X6, E4, E5, 102, 5,
694, E1, X2, 88, X8, 118, 56, 51, 22, 8,
695, EX, 165, 52, 25,
696, 109, 6X, E4, E5, 102, 5,
697, 11X, 86, 84, 68,
698, 131, E, X1, 85, 75, 62, 34, 21, 5,
699, 146, 45, 35, 2X, 88, X8, 118, 56, 51, 22, 8,
69X, 161, 32, 11, 2, 4, 14, 15, 22, 8,
69E, 17X, 106, 31, X, 84, 68,
6X0, E4, E5, 102, 5,
6X1, E5, 102, 5,
6X2, E8, 135, 2E, X5,
6X3, 101, 2, 4, 14, 15, 22, 8,
6X4, 108, 55, 42, 18,
6X5, 115, 23, 11, 2, 4, 14, 15, 22, 8,
6X6, 124, 19, 6X, E4, E5, 102, 5,
6X7, 135, 2E, X5,
6X8, 148, 69, 99, 116, 32, 11, 2, 4, 14, 15, 22, 8,
6X9, 161, 32, 11, 2, 4, 14, 15, 22, 8,
6XX, 178, 96, 99, 116, 32, 11, 2, 4, 14, 15, 22, 8,
6XE, 195, 8E, 135, 2E, X5,
6E0, 111, 3, 9, 69, 99, 116, 32, 11, 2, 4, 14, 15, 22, 8,
6E1, 112, 6, 30, 9, 69, 99, 116, 32, 11, 2, 4, 14, 15, 22, 8,
6E2, 115, 23, 11, 2, 4, 14, 15, 22, 8,
6E3, 11X, 86, 84, 68,
6E4, 125, 26, 34, 21, 5,
6E5, 132, 12, 5,
6E6, 141, 16, 31, X, 84, 68,
6E7, 152, 26, 34, 21, 5,
6E8, 165, 52, 25,
6E9, 17X, 106, 31, X, 84, 68,
6EX, 195, 8E, 135, 2E, X5,
6EE, 1E2, X6, E4, E5, 102, 5,
700, 41, 15, 22, 8,
701, 42, 18,
702, 45, 35, 2X, 88, X8, 118, 56, 51, 22, 8,
703, 4X, 98, 101, 2, 4, 14, 15, 22, 8,
704, 55, 42, 18,
705, 62, 34, 21, 5,
706, 71, 42, 18,
707, 82, 58, 75, 62, 34, 21, 5,
708, 95, 8X, 118, 56, 51, 22, 8,
709, XX, 148, 69, 99, 116, 32, 11, 2, 4, 14, 15, 22, 8,
70X, 105, 22, 8,
70E, 122, 9, 69, 99, 116, 32, 11, 2, 4, 14, 15, 22, 8,
710, 42, 18,
711, 43, 21, 5,
712, 46, 44, 28, 58, 75, 62, 34, 21, 5,
713, 4E, E5, 102, 5,
714, 56, 51, 22, 8,
715, 63, 39, 76, 71, 42, 18,
716, 72, 45, 35, 2X, 88, X8, 118, 56, 51, 22, 8,
717, 83, 61, 31, X, 84, 68,
718, 96, 99, 116, 32, 11, 2, 4, 14, 15, 22, 8,
719, XE, 165, 52, 25,
71X, 106, 31, X, 84, 68,
71E, 123, 12, 5,
720, 45, 35, 2X, 88, X8, 118, 56, 51, 22, 8,
721, 46, 44, 28, 58, 75, 62, 34, 21, 5,
722, 49, 81, 55, 42, 18,
723, 52, 25,
724, 59, 8X, 118, 56, 51, 22, 8,
725, 66, 60, 30, 9, 69, 99, 116, 32, 11, 2, 4, 14, 15, 22, 8,
726, 75, 62, 34, 21, 5,
727, 86, 84, 68,
728, 99, 116, 32, 11, 2, 4, 14, 15, 22, 8,
729, E2, X5,
72X, 109, 6X, E4, E5, 102, 5,
72E, 126, 35, 2X, 88, X8, 118, 56, 51, 22, 8,
730, 4X, 98, 101, 2, 4, 14, 15, 22, 8,
731, 4E, E5, 102, 5,
732, 52, 25,
733, 57, 62, 34, 21, 5,
734, 62, 34, 21, 5,
735, 6E, 111, 3, 9, 69, 99, 116, 32, 11, 2, 4, 14, 15, 22, 8,
736, 7X, 105, 22, 8,
737, 8E, 135, 2E, X5,
738, X2, 88, X8, 118, 56, 51, 22, 8,
739, E7, 122, 9, 69, 99, 116, 32, 11, 2, 4, 14, 15, 22, 8,
73X, 112, 6, 30, 9, 69, 99, 116, 32, 11, 2, 4, 14, 15, 22, 8,
73E, 12E, X6, E4, E5, 102, 5,
740, 55, 42, 18,
741, 56, 51, 22, 8,
742, 59, 8X, 118, 56, 51, 22, 8,
743, 62, 34, 21, 5,
744, 69, 99, 116, 32, 11, 2, 4, 14, 15, 22, 8,
745, 76, 71, 42, 18,
746, 85, 75, 62, 34, 21, 5,
747, 96, 99, 116, 32, 11, 2, 4, 14, 15, 22, 8,
748, X9, 131, E, X1, 85, 75, 62, 34, 21, 5,
749, 102, 5,
74X, 119, 6E, 111, 3, 9, 69, 99, 116, 32, 11, 2, 4, 14, 15, 22, 8,
74E, 136, 3X, 91, 6X, E4, E5, 102, 5,
750, 62, 34, 21, 5,
751, 63, 39, 76, 71, 42, 18,
752, 66, 60, 30, 9, 69, 99, 116, 32, 11, 2, 4, 14, 15, 22, 8,
753, 6E, 111, 3, 9, 69, 99, 116, 32, 11, 2, 4, 14, 15, 22, 8,
754, 76, 71, 42, 18,
755, 83, 61, 31, X, 84, 68,
756, 92, 71, 42, 18,
757, X3, 91, 6X, E4, E5, 102, 5,
758, E6, 111, 3, 9, 69, 99, 116, 32, 11, 2, 4, 14, 15, 22, 8,
759, 10E, X2, 88, X8, 118, 56, 51, 22, 8,
75X, 126, 35, 2X, 88, X8, 118, 56, 51, 22, 8,
75E, 143, 22, 8,
760, 71, 42, 18,
761, 72, 45, 35, 2X, 88, X8, 118, 56, 51, 22, 8,
762, 75, 62, 34, 21, 5,
763, 7X, 105, 22, 8,
764, 85, 75, 62, 34, 21, 5,
765, 92, 71, 42, 18,
766, X1, 85, 75, 62, 34, 21, 5,
767, E2, X5,
768, 105, 22, 8,
769, 11X, 86, 84, 68,
76X, 135, 2E, X5,
76E, 152, 26, 34, 21, 5,
770, 82, 58, 75, 62, 34, 21, 5,
771, 83, 61, 31, X, 84, 68,
772, 86, 84, 68,
773, 8E, 135, 2E, X5,
774, 96, 99, 116, 32, 11, 2, 4, 14, 15, 22, 8,
775, X3, 91, 6X, E4, E5, 102, 5,
776, E2, X5,
777, 103, X, 84, 68,
778, 116, 32, 11, 2, 4, 14, 15, 22, 8,
779, 12E, X6, E4, E5, 102, 5,
77X, 146, 45, 35, 2X, 88, X8, 118, 56, 51, 22, 8,
77E, 163, 3X, 91, 6X, E4, E5, 102, 5,
780, 95, 8X, 118, 56, 51, 22, 8,
781, 96, 99, 116, 32, 11, 2, 4, 14, 15, 22, 8,
782, 99, 116, 32, 11, 2, 4, 14, 15, 22, 8,
783, X2, 88, X8, 118, 56, 51, 22, 8,
784, X9, 131, E, X1, 85, 75, 62, 34, 21, 5,
785, E6, 111, 3, 9, 69, 99, 116, 32, 11, 2, 4, 14, 15, 22, 8,
786, 105, 22, 8,
787, 116, 32, 11, 2, 4, 14, 15, 22, 8,
788, 129, 72, 45, 35, 2X, 88, X8, 118, 56, 51, 22, 8,
789, 142, 19, 6X, E4, E5, 102, 5,
78X, 159, 8E, 135, 2E, X5,
78E, 176, 72, 45, 35, 2X, 88, X8, 118, 56, 51, 22, 8,
790, XX, 148, 69, 99, 116, 32, 11, 2, 4, 14, 15, 22, 8,
791, XE, 165, 52, 25,
792, E2, X5,
793, E7, 122, 9, 69, 99, 116, 32, 11, 2, 4, 14, 15, 22, 8,
794, 102, 5,
795, 10E, X2, 88, X8, 118, 56, 51, 22, 8,
796, 11X, 86, 84, 68,
797, 12E, X6, E4, E5, 102, 5,
798, 142, 19, 6X, E4, E5, 102, 5,
799, 157, 63, 39, 76, 71, 42, 18,
79X, 172, 46, 44, 28, 58, 75, 62, 34, 21, 5,
79E, 18E, 136, 3X, 91, 6X, E4, E5, 102, 5,
7X0, 105, 22, 8,
7X1, 106, 31, X, 84, 68,
7X2, 109, 6X, E4, E5, 102, 5,
7X3, 112, 6, 30, 9, 69, 99, 116, 32, 11, 2, 4, 14, 15, 22, 8,
7X4, 119, 6E, 111, 3, 9, 69, 99, 116, 32, 11, 2, 4, 14, 15, 22, 8,
7X5, 126, 35, 2X, 88, X8, 118, 56, 51, 22, 8,
7X6, 135, 2E, X5,
7X7, 146, 45, 35, 2X, 88, X8, 118, 56, 51, 22, 8,
7X8, 159, 8E, 135, 2E, X5,
7X9, 172, 46, 44, 28, 58, 75, 62, 34, 21, 5,
7XX, 189, 102, 5,
7XE, 1X6, E5, 102, 5,
7E0, 122, 9, 69, 99, 116, 32, 11, 2, 4, 14, 15, 22, 8,
7E1, 123, 12, 5,
7E2, 126, 35, 2X, 88, X8, 118, 56, 51, 22, 8,
7E3, 12E, X6, E4, E5, 102, 5,
7E4, 136, 3X, 91, 6X, E4, E5, 102, 5,
7E5, 143, 22, 8,
7E6, 152, 26, 34, 21, 5,
7E7, 163, 3X, 91, 6X, E4, E5, 102, 5,
7E8, 176, 72, 45, 35, 2X, 88, X8, 118, 56, 51, 22, 8,
7E9, 18E, 136, 3X, 91, 6X, E4, E5, 102, 5,
7EX, 1X6, E5, 102, 5,
7EE, 203, 11, 2, 4, 14, 15, 22, 8,
800, 54, 35, 2X, 88, X8, 118, 56, 51, 22, 8,
801, 55, 42, 18,
802, 58, 75, 62, 34, 21, 5,
803, 61, 31, X, 84, 68,
804, 68,
805, 75, 62, 34, 21, 5,
806, 84, 68,
807, 95, 8X, 118, 56, 51, 22, 8,
808, X8, 118, 56, 51, 22, 8,
809, 101, 2, 4, 14, 15, 22, 8,
80X, 118, 56, 51, 22, 8,
80E, 135, 2E, X5,
810, 55, 42, 18,
811, 56, 51, 22, 8,
812, 59, 8X, 118, 56, 51, 22, 8,
813, 62, 34, 21, 5,
814, 69, 99, 116, 32, 11, 2, 4, 14, 15, 22, 8,
815, 76, 71, 42, 18,
816, 85, 75, 62, 34, 21, 5,
817, 96, 99, 116, 32, 11, 2, 4, 14, 15, 22, 8,
818, X9, 131, E, X1, 85, 75, 62, 34, 21, 5,
819, 102, 5,
81X, 119, 6E, 111, 3, 9, 69, 99, 116, 32, 11, 2, 4, 14, 15, 22, 8,
81E, 136, 3X, 91, 6X, E4, E5, 102, 5,
820, 58, 75, 62, 34, 21, 5,
821, 59, 8X, 118, 56, 51, 22, 8,
822, 60, 30, 9, 69, 99, 116, 32, 11, 2, 4, 14, 15, 22, 8,
823, 65, 51, 22, 8,
824, 70, 41, 15, 22, 8,
825, 79, XX, 148, 69, 99, 116, 32, 11, 2, 4, 14, 15, 22, 8,
826, 88, X8, 118, 56, 51, 22, 8,
827, 99, 116, 32, 11, 2, 4, 14, 15, 22, 8,
828, E0, X1, 85, 75, 62, 34, 21, 5,
829, 105, 22, 8,
82X, 120, 5,
82E, 139, 77, 82, 58, 75, 62, 34, 21, 5,
830, 61, 31, X, 84, 68,
831, 62, 34, 21, 5,
832, 65, 51, 22, 8,
833, 6X, E4, E5, 102, 5,
834, 75, 62, 34, 21, 5,
835, 82, 58, 75, 62, 34, 21, 5,
836, 91, 6X, E4, E5, 102, 5,
837, X2, 88, X8, 118, 56, 51, 22, 8,
838, E5, 102, 5,
839, 10X, 85, 75, 62, 34, 21, 5,
83X, 125, 26, 34, 21, 5,
83E, 142, 19, 6X, E4, E5, 102, 5,
840, 68,
841, 69, 99, 116, 32, 11, 2, 4, 14, 15, 22, 8,
842, 70, 41, 15, 22, 8,
843, 75, 62, 34, 21, 5,
844, 80, 54, 35, 2X, 88, X8, 118, 56, 51, 22, 8,
845, 89, 101, 2, 4, 14, 15, 22, 8,
846, 98, 101, 2, 4, 14, 15, 22, 8,
847, X9, 131, E, X1, 85, 75, 62, 34, 21, 5,
848, 100, 1,
849, 115, 23, 11, 2, 4, 14, 15, 22, 8,
84X, 130, X, 84, 68,
84E, 149, 82, 58, 75, 62, 34, 21, 5,
850, 75, 62, 34, 21, 5,
851, 76, 71, 42, 18,
852, 79, XX, 148, 69, 99, 116, 32, 11, 2, 4, 14, 15, 22, 8,
853, 82, 58, 75, 62, 34, 21, 5,
854, 89, 101, 2, 4, 14, 15, 22, 8,
855, 96, 99, 116, 32, 11, 2, 4, 14, 15, 22, 8,
856, X5,
857, E6, 111, 3, 9, 69, 99, 116, 32, 11, 2, 4, 14, 15, 22, 8,
858, 109, 6X, E4, E5, 102, 5,
859, 122, 9, 69, 99, 116, 32, 11, 2, 4, 14, 15, 22, 8,
85X, 139, 77, 82, 58, 75, 62, 34, 21, 5,
85E, 156, 52, 25,
860, 84, 68,
861, 85, 75, 62, 34, 21, 5,
862, 88, X8, 118, 56, 51, 22, 8,
863, 91, 6X, E4, E5, 102, 5,
864, 98, 101, 2, 4, 14, 15, 22, 8,
865, X5,
866, E4, E5, 102, 5,
867, 105, 22, 8,
868, 118, 56, 51, 22, 8,
869, 131, E, X1, 85, 75, 62, 34, 21, 5,
86X, 148, 69, 99, 116, 32, 11, 2, 4, 14, 15, 22, 8,
86E, 165, 52, 25,
870, 95, 8X, 118, 56, 51, 22, 8,
871, 96, 99, 116, 32, 11, 2, 4, 14, 15, 22, 8,
872, 99, 116, 32, 11, 2, 4, 14, 15, 22, 8,
873, X2, 88, X8, 118, 56, 51, 22, 8,
874, X9, 131, E, X1, 85, 75, 62, 34, 21, 5,
875, E6, 111, 3, 9, 69, 99, 116, 32, 11, 2, 4, 14, 15, 22, 8,
876, 105, 22, 8,
877, 116, 32, 11, 2, 4, 14, 15, 22, 8,
878, 129, 72, 45, 35, 2X, 88, X8, 118, 56, 51, 22, 8,
879, 142, 19, 6X, E4, E5, 102, 5,
87X, 159, 8E, 135, 2E, X5,
87E, 176, 72, 45, 35, 2X, 88, X8, 118, 56, 51, 22, 8,
880, X8, 118, 56, 51, 22, 8,
881, X9, 131, E, X1, 85, 75, 62, 34, 21, 5,
882, E0, X1, 85, 75, 62, 34, 21, 5,
883, E5, 102, 5,
884, 100, 1,
885, 109, 6X, E4, E5, 102, 5,
886, 118, 56, 51, 22, 8,
887, 129, 72, 45, 35, 2X, 88, X8, 118, 56, 51, 22, 8,
888, 140, 15, 22, 8,
889, 155, 43, 21, 5,
88X, 170, 42, 18,
88E, 189, 102, 5,
890, 101, 2, 4, 14, 15, 22, 8,
891, 102, 5,
892, 105, 22, 8,
893, 10X, 85, 75, 62, 34, 21, 5,
894, 115, 23, 11, 2, 4, 14, 15, 22, 8,
895, 122, 9, 69, 99, 116, 32, 11, 2, 4, 14, 15, 22, 8,
896, 131, E, X1, 85, 75, 62, 34, 21, 5,
897, 142, 19, 6X, E4, E5, 102, 5,
898, 155, 43, 21, 5,
899, 16X, E5, 102, 5,
89X, 185, 76, 71, 42, 18,
89E, 1X2, 89, 101, 2, 4, 14, 15, 22, 8,
8X0, 118, 56, 51, 22, 8,
8X1, 119, 6E, 111, 3, 9, 69, 99, 116, 32, 11, 2, 4, 14, 15, 22, 8,
8X2, 120, 5,
8X3, 125, 26, 34, 21, 5,
8X4, 130, X, 84, 68,
8X5, 139, 77, 82, 58, 75, 62, 34, 21, 5,
8X6, 148, 69, 99, 116, 32, 11, 2, 4, 14, 15, 22, 8,
8X7, 159, 8E, 135, 2E, X5,
8X8, 170, 42, 18,
8X9, 185, 76, 71, 42, 18,
8XX, 1X0, 85, 75, 62, 34, 21, 5,
8XE, 1E9, 14E, E6, 111, 3, 9, 69, 99, 116, 32, 11, 2, 4, 14, 15, 22, 8,
8E0, 135, 2E, X5,
8E1, 136, 3X, 91, 6X, E4, E5, 102, 5,
8E2, 139, 77, 82, 58, 75, 62, 34, 21, 5,
8E3, 142, 19, 6X, E4, E5, 102, 5,
8E4, 149, 82, 58, 75, 62, 34, 21, 5,
8E5, 156, 52, 25,
8E6, 165, 52, 25,
8E7, 176, 72, 45, 35, 2X, 88, X8, 118, 56, 51, 22, 8,
8E8, 189, 102, 5,
8E9, 1X2, 89, 101, 2, 4, 14, 15, 22, 8,
8EX, 1E9, 14E, E6, 111, 3, 9, 69, 99, 116, 32, 11, 2, 4, 14, 15, 22, 8,
8EE, 216, 35, 2X, 88, X8, 118, 56, 51, 22, 8,
900, 69, 99, 116, 32, 11, 2, 4, 14, 15, 22, 8,
901, 6X, E4, E5, 102, 5,
902, 71, 42, 18,
903, 76, 71, 42, 18,
904, 81, 55, 42, 18,
905, 8X, 118, 56, 51, 22, 8,
906, 99, 116, 32, 11, 2, 4, 14, 15, 22, 8,
907, XX, 148, 69, 99, 116, 32, 11, 2, 4, 14, 15, 22, 8,
908, 101, 2, 4, 14, 15, 22, 8,
909, 116, 32, 11, 2, 4, 14, 15, 22, 8,
90X, 131, E, X1, 85, 75, 62, 34, 21, 5,
90E, 14X, 99, 116, 32, 11, 2, 4, 14, 15, 22, 8,
910, 6X, E4, E5, 102, 5,
911, 6E, 111, 3, 9, 69, 99, 116, 32, 11, 2, 4, 14, 15, 22, 8,
912, 72, 45, 35, 2X, 88, X8, 118, 56, 51, 22, 8,
913, 77, 82, 58, 75, 62, 34, 21, 5,
914, 82, 58, 75, 62, 34, 21, 5,
915, 8E, 135, 2E, X5,
916, 9X, 131, E, X1, 85, 75, 62, 34, 21, 5,
917, XE, 165, 52, 25,
918, 102, 5,
919, 117, 43, 21, 5,
91X, 132, 12, 5,
91E, 14E, E6, 111, 3, 9, 69, 99, 116, 32, 11, 2, 4, 14, 15, 22, 8,
920, 71, 42, 18,
921, 72, 45, 35, 2X, 88, X8, 118, 56, 51, 22, 8,
922, 75, 62, 34, 21, 5,
923, 7X, 105, 22, 8,
924, 85, 75, 62, 34, 21, 5,
925, 92, 71, 42, 18,
926, X1, 85, 75, 62, 34, 21, 5,
927, E2, X5,
928, 105, 22, 8,
929, 11X, 86, 84, 68,
92X, 135, 2E, X5,
92E, 152, 26, 34, 21, 5,
930, 76, 71, 42, 18,
931, 77, 82, 58, 75, 62, 34, 21, 5,
932, 7X, 105, 22, 8,
933, 83, 61, 31, X, 84, 68,
934, 8X, 118, 56, 51, 22, 8,
935, 97, XX, 148, 69, 99, 116, 32, 11, 2, 4, 14, 15, 22, 8,
936, X6, E4, E5, 102, 5,
937, E7, 122, 9, 69, 99, 116, 32, 11, 2, 4, 14, 15, 22, 8,
938, 10X, 85, 75, 62, 34, 21, 5,
939, 123, 12, 5,
93X, 13X, 92, 71, 42, 18,
93E, 157, 63, 39, 76, 71, 42, 18,
940, 81, 55, 42, 18,
941, 82, 58, 75, 62, 34, 21, 5,
942, 85, 75, 62, 34, 21, 5,
943, 8X, 118, 56, 51, 22, 8,
944, 95, 8X, 118, 56, 51, 22, 8,
945, X2, 88, X8, 118, 56, 51, 22, 8,
946, E1, X2, 88, X8, 118, 56, 51, 22, 8,
947, 102, 5,
948, 115, 23, 11, 2, 4, 14, 15, 22, 8,
949, 12X, 89, 101, 2, 4, 14, 15, 22, 8,
94X, 145, 36, 39, 76, 71, 42, 18,
94E, 162, 35, 2X, 88, X8, 118, 56, 51, 22, 8,
950, 8X, 118, 56, 51, 22, 8,
951, 8E, 135, 2E, X5,
952, 92, 71, 42, 18,
953, 97, XX, 148, 69, 99, 116, 32, 11, 2, 4, 14, 15, 22, 8,
954, X2, 88, X8, 118, 56, 51, 22, 8,
955, XE, 165, 52, 25,
956, EX, 165, 52, 25,
957, 10E, X2, 88, X8, 118, 56, 51, 22, 8,
958, 122, 9, 69, 99, 116, 32, 11, 2, 4, 14, 15, 22, 8,
959, 137, 4E, E5, 102, 5,
95X, 152, 26, 34, 21, 5,
95E, 16E, 112, 6, 30, 9, 69, 99, 116, 32, 11, 2, 4, 14, 15, 22, 8,
960, 99, 116, 32, 11, 2, 4, 14, 15, 22, 8,
961, 9X, 131, E, X1, 85, 75, 62, 34, 21, 5,
962, X1, 85, 75, 62, 34, 21, 5,
963, X6, E4, E5, 102, 5,
964, E1, X2, 88, X8, 118, 56, 51, 22, 8,
965, EX, 165, 52, 25,
966, 109, 6X, E4, E5, 102, 5,
967, 11X, 86, 84, 68,
968, 131, E, X1, 85, 75, 62, 34, 21, 5,
969, 146, 45, 35, 2X, 88, X8, 118, 56, 51, 22, 8,
96X, 161, 32, 11, 2, 4, 14, 15, 22, 8,
96E, 17X, 106, 31, X, 84, 68,
970, XX, 148, 69, 99, 116, 32, 11, 2, 4, 14, 15, 22, 8,
971, XE, 165, 52, 25,
972, E2, X5,
973, E7, 122, 9, 69, 99, 116, 32, 11, 2, 4, 14, 15, 22, 8,
974, 102, 5,
975, 10E, X2, 88, X8, 118, 56, 51, 22, 8,
976, 11X, 86, 84, 68,
977, 12E, X6, E4, E5, 102, 5,
978, 142, 19, 6X, E4, E5, 102, 5,
979, 157, 63, 39, 76, 71, 42, 18,
97X, 172, 46, 44, 28, 58, 75, 62, 34, 21, 5,
97E, 18E, 136, 3X, 91, 6X, E4, E5, 102, 5,
980, 101, 2, 4, 14, 15, 22, 8,
981, 102, 5,
982, 105, 22, 8,
983, 10X, 85, 75, 62, 34, 21, 5,
984, 115, 23, 11, 2, 4, 14, 15, 22, 8,
985, 122, 9, 69, 99, 116, 32, 11, 2, 4, 14, 15, 22, 8,
986, 131, E, X1, 85, 75, 62, 34, 21, 5,
987, 142, 19, 6X, E4, E5, 102, 5,
988, 155, 43, 21, 5,
989, 16X, E5, 102, 5,
98X, 185, 76, 71, 42, 18,
98E, 1X2, 89, 101, 2, 4, 14, 15, 22, 8,
990, 116, 32, 11, 2, 4, 14, 15, 22, 8,
991, 117, 43, 21, 5,
992, 11X, 86, 84, 68,
993, 123, 12, 5,
994, 12X, 89, 101, 2, 4, 14, 15, 22, 8,
995, 137, 4E, E5, 102, 5,
996, 146, 45, 35, 2X, 88, X8, 118, 56, 51, 22, 8,
997, 157, 63, 39, 76, 71, 42, 18,
998, 16X, E5, 102, 5,
999, 183, 62, 34, 21, 5,
99X, 19X, 132, 12, 5,
99E, 1E7, 123, 12, 5,
9X0, 131, E, X1, 85, 75, 62, 34, 21, 5,
9X1, 132, 12, 5,
9X2, 135, 2E, X5,
9X3, 13X, 92, 71, 42, 18,
9X4, 145, 36, 39, 76, 71, 42, 18,
9X5, 152, 26, 34, 21, 5,
9X6, 161, 32, 11, 2, 4, 14, 15, 22, 8,
9X7, 172, 46, 44, 28, 58, 75, 62, 34, 21, 5,
9X8, 185, 76, 71, 42, 18,
9X9, 19X, 132, 12, 5,
9XX, 1E5, 103, X, 84, 68,
9XE, 212, 9, 69, 99, 116, 32, 11, 2, 4, 14, 15, 22, 8,
9E0, 14X, 99, 116, 32, 11, 2, 4, 14, 15, 22, 8,
9E1, 14E, E6, 111, 3, 9, 69, 99, 116, 32, 11, 2, 4, 14, 15, 22, 8,
9E2, 152, 26, 34, 21, 5,
9E3, 157, 63, 39, 76, 71, 42, 18,
9E4, 162, 35, 2X, 88, X8, 118, 56, 51, 22, 8,
9E5, 16E, 112, 6, 30, 9, 69, 99, 116, 32, 11, 2, 4, 14, 15, 22, 8,
9E6, 17X, 106, 31, X, 84, 68,
9E7, 18E, 136, 3X, 91, 6X, E4, E5, 102, 5,
9E8, 1X2, 89, 101, 2, 4, 14, 15, 22, 8,
9E9, 1E7, 123, 12, 5,
9EX, 212, 9, 69, 99, 116, 32, 11, 2, 4, 14, 15, 22, 8,
9EE, 22E, X9, 131, E, X1, 85, 75, 62, 34, 21, 5,
X00, 84, 68,
X01, 85, 75, 62, 34, 21, 5,
X02, 88, X8, 118, 56, 51, 22, 8,
X03, 91, 6X, E4, E5, 102, 5,
X04, 98, 101, 2, 4, 14, 15, 22, 8,
X05, X5,
X06, E4, E5, 102, 5,
X07, 105, 22, 8,
X08, 118, 56, 51, 22, 8,
X09, 131, E, X1, 85, 75, 62, 34, 21, 5,
X0X, 148, 69, 99, 116, 32, 11, 2, 4, 14, 15, 22, 8,
X0E, 165, 52, 25,
X10, 85, 75, 62, 34, 21, 5,
X11, 86, 84, 68,
X12, 89, 101, 2, 4, 14, 15, 22, 8,
X13, 92, 71, 42, 18,
X14, 99, 116, 32, 11, 2, 4, 14, 15, 22, 8,
X15, X6, E4, E5, 102, 5,
X16, E5, 102, 5,
X17, 106, 31, X, 84, 68,
X18, 119, 6E, 111, 3, 9, 69, 99, 116, 32, 11, 2, 4, 14, 15, 22, 8,
X19, 132, 12, 5,
X1X, 149, 82, 58, 75, 62, 34, 21, 5,
X1E, 166, 61, 31, X, 84, 68,
X20, 88, X8, 118, 56, 51, 22, 8,
X21, 89, 101, 2, 4, 14, 15, 22, 8,
X22, 90, 69, 99, 116, 32, 11, 2, 4, 14, 15, 22, 8,
X23, 95, 8X, 118, 56, 51, 22, 8,
X24, X0, 84, 68,
X25, X9, 131, E, X1, 85, 75, 62, 34, 21, 5,
X26, E8, 135, 2E, X5,
X27, 109, 6X, E4, E5, 102, 5,
X28, 120, 5,
X29, 135, 2E, X5,
X2X, 150, 22, 8,
X2E, 169, 9X, 131, E, X1, 85, 75, 62, 34, 21, 5,
X30, 91, 6X, E4, E5, 102, 5,
X31, 92, 71, 42, 18,
X32, 95, 8X, 118, 56, 51, 22, 8,
X33, 9X, 131, E, X1, 85, 75, 62, 34, 21, 5,
X34, X5,
X35, E2, X5,
X36, 101, 2, 4, 14, 15, 22, 8,
X37, 112, 6, 30, 9, 69, 99, 116, 32, 11, 2, 4, 14, 15, 22, 8,
X38, 125, 26, 34, 21, 5,
X39, 13X, 92, 71, 42, 18,
X3X, 155, 43, 21, 5,
X3E, 172, 46, 44, 28, 58, 75, 62, 34, 21, 5,
X40, 98, 101, 2, 4, 14, 15, 22, 8,
X41, 99, 116, 32, 11, 2, 4, 14, 15, 22, 8,
X42, X0, 84, 68,
X43, X5,
X44, E0, X1, 85, 75, 62, 34, 21, 5,
X45, E9, 14X, 99, 116, 32, 11, 2, 4, 14, 15, 22, 8,
X46, 108, 55, 42, 18,
X47, 119, 6E, 111, 3, 9, 69, 99, 116, 32, 11, 2, 4, 14, 15, 22, 8,
X48, 130, X, 84, 68,
X49, 145, 36, 39, 76, 71, 42, 18,
X4X, 160, 31, X, 84, 68,
X4E, 179, XE, 165, 52, 25,
X50, X5,
X51, X6, E4, E5, 102, 5,
X52, X9, 131, E, X1, 85, 75, 62, 34, 21, 5,
X53, E2, X5,
X54, E9, 14X, 99, 116, 32, 11, 2, 4, 14, 15, 22, 8,
X55, 106, 31, X, 84, 68,
X56, 115, 23, 11, 2, 4, 14, 15, 22, 8,
X57, 126, 35, 2X, 88, X8, 118, 56, 51, 22, 8,
X58, 139, 77, 82, 58, 75, 62, 34, 21, 5,
X59, 152, 26, 34, 21, 5,
X5X, 169, 9X, 131, E, X1, 85, 75, 62, 34, 21, 5,
X5E, 186, 85, 75, 62, 34, 21, 5,
X60, E4, E5, 102, 5,
X61, E5, 102, 5,
X62, E8, 135, 2E, X5,
X63, 101, 2, 4, 14, 15, 22, 8,
X64, 108, 55, 42, 18,
X65, 115, 23, 11, 2, 4, 14, 15, 22, 8,
X66, 124, 19, 6X, E4, E5, 102, 5,
X67, 135, 2E, X5,
X68, 148, 69, 99, 116, 32, 11, 2, 4, 14, 15, 22, 8,
X69, 161, 32, 11, 2, 4, 14, 15, 22, 8,
X6X, 178, 96, 99, 116, 32, 11, 2, 4, 14, 15, 22, 8,
X6E, 195, 8E, 135, 2E, X5,
X70, 105, 22, 8,
X71, 106, 31, X, 84, 68,
X72, 109, 6X, E4, E5, 102, 5,
X73, 112, 6, 30, 9, 69, 99, 116, 32, 11, 2, 4, 14, 15, 22, 8,
X74, 119, 6E, 111, 3, 9, 69, 99, 116, 32, 11, 2, 4, 14, 15, 22, 8,
X75, 126, 35, 2X, 88, X8, 118, 56, 51, 22, 8,
X76, 135, 2E, X5,
X77, 146, 45, 35, 2X, 88, X8, 118, 56, 51, 22, 8,
X78, 159, 8E, 135, 2E, X5,
X79, 172, 46, 44, 28, 58, 75, 62, 34, 21, 5,
X7X, 189, 102, 5,
X7E, 1X6, E5, 102, 5,
X80, 118, 56, 51, 22, 8,
X81, 119, 6E, 111, 3, 9, 69, 99, 116, 32, 11, 2, 4, 14, 15, 22, 8,
X82, 120, 5,
X83, 125, 26, 34, 21, 5,
X84, 130, X, 84, 68,
X85, 139, 77, 82, 58, 75, 62, 34, 21, 5,
X86, 148, 69, 99, 116, 32, 11, 2, 4, 14, 15, 22, 8,
X87, 159, 8E, 135, 2E, X5,
X88, 170, 42, 18,
X89, 185, 76, 71, 42, 18,
X8X, 1X0, 85, 75, 62, 34, 21, 5,
X8E, 1E9, 14E, E6, 111, 3, 9, 69, 99, 116, 32, 11, 2, 4, 14, 15, 22, 8,
X90, 131, E, X1, 85, 75, 62, 34, 21, 5,
X91, 132, 12, 5,
X92, 135, 2E, X5,
X93, 13X, 92, 71, 42, 18,
X94, 145, 36, 39, 76, 71, 42, 18,
X95, 152, 26, 34, 21, 5,
X96, 161, 32, 11, 2, 4, 14, 15, 22, 8,
X97, 172, 46, 44, 28, 58, 75, 62, 34, 21, 5,
X98, 185, 76, 71, 42, 18,
X99, 19X, 132, 12, 5,
X9X, 1E5, 103, X, 84, 68,
X9E, 212, 9, 69, 99, 116, 32, 11, 2, 4, 14, 15, 22, 8,
XX0, 148, 69, 99, 116, 32, 11, 2, 4, 14, 15, 22, 8,
XX1, 149, 82, 58, 75, 62, 34, 21, 5,
XX2, 150, 22, 8,
XX3, 155, 43, 21, 5,
XX4, 160, 31, X, 84, 68,
XX5, 169, 9X, 131, E, X1, 85, 75, 62, 34, 21, 5,
XX6, 178, 96, 99, 116, 32, 11, 2, 4, 14, 15, 22, 8,
XX7, 189, 102, 5,
XX8, 1X0, 85, 75, 62, 34, 21, 5,
XX9, 1E5, 103, X, 84, 68,
XXX, 210, 5,
XXE, 229, 75, 62, 34, 21, 5,
XE0, 165, 52, 25,
XE1, 166, 61, 31, X, 84, 68,
XE2, 169, 9X, 131, E, X1, 85, 75, 62, 34, 21, 5,
XE3, 172, 46, 44, 28, 58, 75, 62, 34, 21, 5,
XE4, 179, XE, 165, 52, 25,
XE5, 186, 85, 75, 62, 34, 21, 5,
XE6, 195, 8E, 135, 2E, X5,
XE7, 1X6, E5, 102, 5,
XE8, 1E9, 14E, E6, 111, 3, 9, 69, 99, 116, 32, 11, 2, 4, 14, 15, 22, 8,
XE9, 212, 9, 69, 99, 116, 32, 11, 2, 4, 14, 15, 22, 8,
XEX, 229, 75, 62, 34, 21, 5,
XEE, 246, 48, 68,
E00, X1, 85, 75, 62, 34, 21, 5,
E01, X2, 88, X8, 118, 56, 51, 22, 8,
E02, X5,
E03, XX, 148, 69, 99, 116, 32, 11, 2, 4, 14, 15, 22, 8,
E04, E5, 102, 5,
E05, 102, 5,
E06, 111, 3, 9, 69, 99, 116, 32, 11, 2, 4, 14, 15, 22, 8,
E07, 122, 9, 69, 99, 116, 32, 11, 2, 4, 14, 15, 22, 8,
E08, 135, 2E, X5,
E09, 14X, 99, 116, 32, 11, 2, 4, 14, 15, 22, 8,
E0X, 165, 52, 25,
E0E, 182, 59, 8X, 118, 56, 51, 22, 8,
E10, X2, 88, X8, 118, 56, 51, 22, 8,
E11, X3, 91, 6X, E4, E5, 102, 5,
E12, X6, E4, E5, 102, 5,
E13, XE, 165, 52, 25,
E14, E6, 111, 3, 9, 69, 99, 116, 32, 11, 2, 4, 14, 15, 22, 8,
E15, 103, X, 84, 68,
E16, 112, 6, 30, 9, 69, 99, 116, 32, 11, 2, 4, 14, 15, 22, 8,
E17, 123, 12, 5,
E18, 136, 3X, 91, 6X, E4, E5, 102, 5,
E19, 14E, E6, 111, 3, 9, 69, 99, 116, 32, 11, 2, 4, 14, 15, 22, 8,
E1X, 166, 61, 31, X, 84, 68,
E1E, 183, 62, 34, 21, 5,
E20, X5,
E21, X6, E4, E5, 102, 5,
E22, X9, 131, E, X1, 85, 75, 62, 34, 21, 5,
E23, E2, X5,
E24, E9, 14X, 99, 116, 32, 11, 2, 4, 14, 15, 22, 8,
E25, 106, 31, X, 84, 68,
E26, 115, 23, 11, 2, 4, 14, 15, 22, 8,
E27, 126, 35, 2X, 88, X8, 118, 56, 51, 22, 8,
E28, 139, 77, 82, 58, 75, 62, 34, 21, 5,
E29, 152, 26, 34, 21, 5,
E2X, 169, 9X, 131, E, X1, 85, 75, 62, 34, 21, 5,
E2E, 186, 85, 75, 62, 34, 21, 5,
E30, XX, 148, 69, 99, 116, 32, 11, 2, 4, 14, 15, 22, 8,
E31, XE, 165, 52, 25,
E32, E2, X5,
E33, E7, 122, 9, 69, 99, 116, 32, 11, 2, 4, 14, 15, 22, 8,
E34, 102, 5,
E35, 10E, X2, 88, X8, 118, 56, 51, 22, 8,
E36, 11X, 86, 84, 68,
E37, 12E, X6, E4, E5, 102, 5,
E38, 142, 19, 6X, E4, E5, 102, 5,
E39, 157, 63, 39, 76, 71, 42, 18,
E3X, 172, 46, 44, 28, 58, 75, 62, 34, 21, 5,
E3E, 18E, 136, 3X, 91, 6X, E4, E5, 102, 5,
E40, E5, 102, 5,
E41, E6, 111, 3, 9, 69, 99, 116, 32, 11, 2, 4, 14, 15, 22, 8,
E42, E9, 14X, 99, 116, 32, 11, 2, 4, 14, 15, 22, 8,
E43, 102, 5,
E44, 109, 6X, E4, E5, 102, 5,
E45, 116, 32, 11, 2, 4, 14, 15, 22, 8,
E46, 125, 26, 34, 21, 5,
E47, 136, 3X, 91, 6X, E4, E5, 102, 5,
E48, 149, 82, 58, 75, 62, 34, 21, 5,
E49, 162, 35, 2X, 88, X8, 118, 56, 51, 22, 8,
E4X, 179, XE, 165, 52, 25,
E4E, 196, 9X, 131, E, X1, 85, 75, 62, 34, 21, 5,
E50, 102, 5,
E51, 103, X, 84, 68,
E52, 106, 31, X, 84, 68,
E53, 10E, X2, 88, X8, 118, 56, 51, 22, 8,
E54, 116, 32, 11, 2, 4, 14, 15, 22, 8,
E55, 123, 12, 5,
E56, 132, 12, 5,
E57, 143, 22, 8,
E58, 156, 52, 25,
E59, 16E, 112, 6, 30, 9, 69, 99, 116, 32, 11, 2, 4, 14, 15, 22, 8,
E5X, 186, 85, 75, 62, 34, 21, 5,
E5E, 1X3, 92, 71, 42, 18,
E60, 111, 3, 9, 69, 99, 116, 32, 11, 2, 4, 14, 15, 22, 8,
E61, 112, 6, 30, 9, 69, 99, 116, 32, 11, 2, 4, 14, 15, 22, 8,
E62, 115, 23, 11, 2, 4, 14, 15, 22, 8,
E63, 11X, 86, 84, 68,
E64, 125, 26, 34, 21, 5,
E65, 132, 12, 5,
E66, 141, 16, 31, X, 84, 68,
E67, 152, 26, 34, 21, 5,
E68, 165, 52, 25,
E69, 17X, 106, 31, X, 84, 68,
E6X, 195, 8E, 135, 2E, X5,
E6E, 1E2, X6, E4, E5, 102, 5,
E70, 122, 9, 69, 99, 116, 32, 11, 2, 4, 14, 15, 22, 8,
E71, 123, 12, 5,
E72, 126, 35, 2X, 88, X8, 118, 56, 51, 22, 8,
E73, 12E, X6, E4, E5, 102, 5,
E74, 136, 3X, 91, 6X, E4, E5, 102, 5,
E75, 143, 22, 8,
E76, 152, 26, 34, 21, 5,
E77, 163, 3X, 91, 6X, E4, E5, 102, 5,
E78, 176, 72, 45, 35, 2X, 88, X8, 118, 56, 51, 22, 8,
E79, 18E, 136, 3X, 91, 6X, E4, E5, 102, 5,
E7X, 1X6, E5, 102, 5,
E7E, 203, 11, 2, 4, 14, 15, 22, 8,
E80, 135, 2E, X5,
E81, 136, 3X, 91, 6X, E4, E5, 102, 5,
E82, 139, 77, 82, 58, 75, 62, 34, 21, 5,
E83, 142, 19, 6X, E4, E5, 102, 5,
E84, 149, 82, 58, 75, 62, 34, 21, 5,
E85, 156, 52, 25,
E86, 165, 52, 25,
E87, 176, 72, 45, 35, 2X, 88, X8, 118, 56, 51, 22, 8,
E88, 189, 102, 5,
E89, 1X2, 89, 101, 2, 4, 14, 15, 22, 8,
E8X, 1E9, 14E, E6, 111, 3, 9, 69, 99, 116, 32, 11, 2, 4, 14, 15, 22, 8,
E8E, 216, 35, 2X, 88, X8, 118, 56, 51, 22, 8,
E90, 14X, 99, 116, 32, 11, 2, 4, 14, 15, 22, 8,
E91, 14E, E6, 111, 3, 9, 69, 99, 116, 32, 11, 2, 4, 14, 15, 22, 8,
E92, 152, 26, 34, 21, 5,
E93, 157, 63, 39, 76, 71, 42, 18,
E94, 162, 35, 2X, 88, X8, 118, 56, 51, 22, 8,
E95, 16E, 112, 6, 30, 9, 69, 99, 116, 32, 11, 2, 4, 14, 15, 22, 8,
E96, 17X, 106, 31, X, 84, 68,
E97, 18E, 136, 3X, 91, 6X, E4, E5, 102, 5,
E98, 1X2, 89, 101, 2, 4, 14, 15, 22, 8,
E99, 1E7, 123, 12, 5,
E9X, 212, 9, 69, 99, 116, 32, 11, 2, 4, 14, 15, 22, 8,
E9E, 22E, X9, 131, E, X1, 85, 75, 62, 34, 21, 5,
EX0, 165, 52, 25,
EX1, 166, 61, 31, X, 84, 68,
EX2, 169, 9X, 131, E, X1, 85, 75, 62, 34, 21, 5,
EX3, 172, 46, 44, 28, 58, 75, 62, 34, 21, 5,
EX4, 179, XE, 165, 52, 25,
EX5, 186, 85, 75, 62, 34, 21, 5,
EX6, 195, 8E, 135, 2E, X5,
EX7, 1X6, E5, 102, 5,
EX8, 1E9, 14E, E6, 111, 3, 9, 69, 99, 116, 32, 11, 2, 4, 14, 15, 22, 8,
EX9, 212, 9, 69, 99, 116, 32, 11, 2, 4, 14, 15, 22, 8,
EXX, 229, 75, 62, 34, 21, 5,
EXE, 246, 48, 68,
EE0, 182, 59, 8X, 118, 56, 51, 22, 8,
EE1, 183, 62, 34, 21, 5,
EE2, 186, 85, 75, 62, 34, 21, 5,
EE3, 18E, 136, 3X, 91, 6X, E4, E5, 102, 5,
EE4, 196, 9X, 131, E, X1, 85, 75, 62, 34, 21, 5,
EE5, 1X3, 92, 71, 42, 18,
EE6, 1E2, X6, E4, E5, 102, 5,
EE7, 203, 11, 2, 4, 14, 15, 22, 8,
EE8, 216, 35, 2X, 88, X8, 118, 56, 51, 22, 8,
EE9, 22E, X9, 131, E, X1, 85, 75, 62, 34, 21, 5,
EEX, 246, 48, 68,
EEE, 263, 41, 15, 22, 8,
1000, 1,
