2: [1,1,1,1,1,1,1,1,1,1,1,1,1,1,1,1,1,1,1,1,1,1,1,1,1,1,1,1,1,1,1,1,1,1,1,1,1,1,1,1,1,1,1,1,1,1,1,1,1,1,1,1,1,1,1,1,1,1,1,1,1,1,1,1,1,1,1,1,1,1,1,1,1,1,1,1,1,1,1,1,1,1,1,1,1,1,1,1,1,1,1,1,1,1,1,1,1,1,1,1,1,1,1,1,1,1,1,1,1,1,1,1,1,1,1,1,1,1,1,1,1,1,1,1,1,1,1,1,1,1,1,1,1,1,1,1,1,1,1,1,1,1,1,1]
3: [1,1,1,1,1,1,1,1,1,1,1,1,1,1,1,1,1,1,1,1,1,1,1,1,1,1,1,1,1,1,1,1,1,1,1,1,1,1,1,1,1,1,1,1,1,1,1,1,1,1,1,1,1,1,1,1,1,1,1,1,1,1,1,1,1,1,1,1,1,1,1,1,1,1,1,1,1,1,1,1,1,1,1,1,1,1,1,1,1,1,1,1,1,1,1,1,1,1,1,1,1,1,1,1,1,1,1,1,1,1,1,1,1,1,1,1,1,1,1,1,1,1,1,1,1,1,1,1,1,1,1,1,1,1,1,1,1,1,1,1,1,1,1,1]
4: [1,3,3,3,3,3,3,3,3,3,3,3,3,3,3,3,3,3,3,3,3,3,3,3,3,3,3,3,3,3,3,3,3,3,3,3,3,3,3,3,3,3,3,3,3,3,3,3,3,3,3,3,3,3,3,3,3,3,3,3,3,3,3,3,3,3,3,3,3,3,3,3,3,3,3,3,3,3,3,3,3,3,3,3,3,3,3,3,3,3,3,3,3,3,3,3,3,3,3,3,3,3,3,3,3,3,3,3,3,3,3,3,3,3,3,3,3,3,3,3,3,3,3,3,3,3,3,3,3,3,3,3,3,3,3,3,3,3,3,3,3,3,3,3]
5: [1,1,1,1,1,1,1,1,1,1,1,1,1,1,1,1,1,1,1,1,1,1,1,1,1,1,1,1,1,1,1,1,1,1,1,1,1,1,1,1,1,1,1,1,1,1,1,1,1,1,1,1,1,1,1,1,1,1,1,1,1,1,1,1,1,1,1,1,1,1,1,1,1,1,1,1,1,1,1,1,1,1,1,1,1,1,1,1,1,1,1,1,1,1,1,1,1,1,1,1,1,1,1,1,1,1,1,1,1,1,1,1,1,1,1,1,1,1,1,1,1,1,1,1,1,1,1,1,1,1,1,1,1,1,1,1,1,1,1,1,1,1,1,1]
6: [2,5,5,5,5,5,5,5,5,5,5,5,5,5,5,5,5,5,5,5,5,5,5,5,5,5,5,5,5,5,5,5,5,5,5,5,5,5,5,5,5,5,5,5,5,5,5,5,5,5,5,5,5,5,5,5,5,5,5,5,5,5,5,5,5,5,5,5,5,5,5,5,5,5,5,5,5,5,5,5,5,5,5,5,5,5,5,5,5,5,5,5,5,5,5,5,5,5,5,5,5,5,5,5,5,5,5,5,5,5,5,5,5,5,5,5,5,5,5,5,5,5,5,5,5,5,5,5,5,5,5,5,5,5,5,5,5,5,5,5,5,4,3,4]
7: [1,1,1,1,1,1,1,1,1,1,1,1,1,1,1,1,1,1,1,1,1,1,1,1,1,1,1,1,1,1,1,1,1,1,1,1,1,1,1,1,1,1,1,1,1,1,1,1,1,1,1,1,1,1,1,1,1,1,1,1,1,1,1,1,1,1,1,1,1,1,1,1,1,1,1,1,1,1,1,1,1,1,1,1,1,1,1,1,1,1,1,1,1,1,1,1,1,1,1,1,1,1,1,1,1,1,1,1,1,1,1,1,1,1,1,1,1,1,1,1,1,1,1,1,1,1,1,1,1,1,1,1,1,1,1,1,1,1,1,1,1,1,1,1]
8: [2,5,2,5,2,5,2,5,2,5,2,5,2,5,2,5,2,5,2,5,2,5,2,5,2,5,2,5,2,5,2,5,2,5,2,5,2,5,2,5,2,5,2,5,2,5,2,5,2,5,2,5,2,5,2,5,2,5,2,5,2,5,2,5,2,5,2,5,2,5,2,5,2,5,2,5,2,5,2,5,2,5,2,5,2,5,2,5,2,5,2,5,2,5,2,5,2,5,2,5,2,5,2,5,2,5,2,5,2,5,2,5,2,5,2,5,2,5,2,5,2,5,2,5,2,5,2,5,2,5,2,5,2,5,2,5,2,5,2,5,2,5,2,5]
9: [2,2,2,2,2,2,2,2,2,2,2,2,2,2,2,2,2,2,2,2,2,2,2,2,2,2,2,2,2,2,2,2,2,2,2,2,2,2,2,2,2,2,2,2,2,2,2,2,2,2,2,2,2,2,2,2,2,2,2,2,2,2,2,2,2,2,2,2,2,2,2,2,2,2,2,2,2,2,2,2,2,2,2,2,2,2,2,2,2,2,2,2,2,2,2,2,2,2,2,2,2,2,2,2,2,2,2,2,2,2,2,2,2,2,2,2,2,2,2,2,2,2,2,2,2,2,2,2,2,2,2,2,2,2,2,2,2,2,2,2,2,2,2,2]
X: [2,4,9,9,9,9,9,9,9,9,9,9,9,9,9,9,9,9,9,9,9,9,9,9,9,9,9,9,9,9,9,9,9,9,9,9,9,9,9,9,9,9,9,9,9,9,9,9,9,9,9,9,9,9,9,9,9,9,9,9,9,9,9,9,9,9,9,9,9,9,9,9,9,9,9,9,9,9,9,9,9,9,9,9,9,9,9,9,9,9,9,9,9,9,9,9,9,9,9,9,9,9,9,9,9,9,9,9,9,9,9,9,9,9,9,9,9,9,9,9,9,9,9,9,9,9,9,9,9,9,9,9,9,9,9,9,9,9,9,9,9,9,6,6]
E: [1,1,1,1,1,1,1,1,1,1,1,1,1,1,1,1,1,1,1,1,1,1,1,1,1,1,1,1,1,1,1,1,1,1,1,1,1,1,1,1,1,1,1,1,1,1,1,1,1,1,1,1,1,1,1,1,1,1,1,1,1,1,1,1,1,1,1,1,1,1,1,1,1,1,1,1,1,1,1,1,1,1,1,1,1,1,1,1,1,1,1,1,1,1,1,1,1,1,1,1,1,1,1,1,1,1,1,1,1,1,1,1,1,1,1,1,1,1,1,1,1,1,1,1,1,1,1,1,1,1,1,1,1,1,1,1,1,1,1,1,1,1,1,1]
10: [5,E,E,E,E,E,E,E,E,E,E,E,E,E,E,E,E,E,E,E,E,E,E,E,E,E,E,E,E,E,E,E,E,E,E,E,E,E,E,E,E,E,E,E,E,E,E,E,E,E,E,E,E,E,E,E,E,E,E,E,E,E,E,E,E,E,E,E,E,E,E,E,E,E,E,E,E,E,E,E,E,E,E,E,E,E,E,E,E,E,E,E,E,E,E,E,E,E,E,E,E,E,E,E,E,E,E,E,E,E,E,E,E,E,E,E,E,E,E,E,E,E,E,E,E,E,E,E,E,E,E,E,E,E,E,E,E,E,E,E,E,E,4,6]
11: [1,1,1,1,1,1,1,1,1,1,1,1,1,1,1,1,1,1,1,1,1,1,1,1,1,1,1,1,1,1,1,1,1,1,1,1,1,1,1,1,1,1,1,1,1,1,1,1,1,1,1,1,1,1,1,1,1,1,1,1,1,1,1,1,1,1,1,1,1,1,1,1,1,1,1,1,1,1,1,1,1,1,1,1,1,1,1,1,1,1,1,1,1,1,1,1,1,1,1,1,1,1,1,1,1,1,1,1,1,1,1,1,1,1,1,1,1,1,1,1,1,1,1,1,1,1,1,1,1,1,1,1,1,1,1,1,1,1,1,1,1,1,1,1]
12: [2,4,9,4,9,4,9,4,9,4,9,4,9,4,9,4,9,4,9,4,9,4,9,4,9,4,9,4,9,4,9,4,9,4,9,4,9,4,9,4,9,4,9,4,9,4,9,4,9,4,9,4,9,4,9,4,9,4,9,4,9,4,9,4,9,4,9,4,9,4,9,4,9,4,9,4,9,4,9,4,9,4,9,4,9,4,9,4,9,4,9,4,9,4,9,4,9,4,9,4,9,4,9,4,9,4,9,4,9,4,9,4,9,4,9,4,9,4,9,4,9,4,9,4,9,4,9,4,9,4,9,4,9,4,9,4,9,4,9,4,9,4,7,X]
13: [3,E,3,E,3,E,3,E,3,E,3,E,3,E,3,E,3,E,3,E,3,E,3,E,3,E,3,E,3,E,3,E,3,E,3,E,3,E,3,E,3,E,3,E,3,E,3,E,3,E,3,E,3,E,3,E,3,E,3,E,3,E,3,E,3,E,3,E,3,E,3,E,3,E,3,E,3,E,3,E,3,E,3,E,3,E,3,E,3,E,3,E,3,E,3,E,3,E,3,E,3,E,3,E,3,E,3,E,3,E,3,E,3,E,3,E,3,E,3,E,3,E,3,E,3,E,3,E,3,E,3,E,3,E,3,E,3,E,3,E,3,E,0,E]
14: [3,13,13,13,13,13,13,13,13,13,13,13,13,13,13,13,13,13,13,13,13,13,13,13,13,13,13,13,13,13,13,13,13,13,13,13,13,13,13,13,13,13,13,13,13,13,13,13,13,13,13,13,13,13,13,13,13,13,13,13,13,13,13,13,13,13,13,13,13,13,13,13,13,13,13,13,13,13,13,13,13,13,13,13,13,13,13,13,13,13,13,13,13,13,13,13,13,13,13,13,13,13,13,13,13,13,13,13,13,13,13,13,13,13,13,13,13,13,13,13,13,13,13,13,13,13,13,13,13,13,13,13,13,13,13,13,13,13,13,13,13,13,13,13]
15: [1,1,1,1,1,1,1,1,1,1,1,1,1,1,1,1,1,1,1,1,1,1,1,1,1,1,1,1,1,1,1,1,1,1,1,1,1,1,1,1,1,1,1,1,1,1,1,1,1,1,1,1,1,1,1,1,1,1,1,1,1,1,1,1,1,1,1,1,1,1,1,1,1,1,1,1,1,1,1,1,1,1,1,1,1,1,1,1,1,1,1,1,1,1,1,1,1,1,1,1,1,1,1,1,1,1,1,1,1,1,1,1,1,1,1,1,1,1,1,1,1,1,1,1,1,1,1,1,1,1,1,1,1,1,1,1,1,1,1,1,1,1,1,1]
16: [4,8,15,15,15,15,15,15,15,15,15,15,15,15,15,15,15,15,15,15,15,15,15,15,15,15,15,15,15,15,15,15,15,15,15,15,15,15,15,15,15,15,15,15,15,15,15,15,15,15,15,15,15,15,15,15,15,15,15,15,15,15,15,15,15,15,15,15,15,15,15,15,15,15,15,15,15,15,15,15,15,15,15,15,15,15,15,15,15,15,15,15,15,15,15,15,15,15,15,15,15,15,15,15,15,15,15,15,15,15,15,15,15,15,15,15,15,15,15,15,15,15,15,15,15,15,15,15,15,15,15,15,15,15,15,15,15,15,15,15,15,15,14,E]
17: [1,1,1,1,1,1,1,1,1,1,1,1,1,1,1,1,1,1,1,1,1,1,1,1,1,1,1,1,1,1,1,1,1,1,1,1,1,1,1,1,1,1,1,1,1,1,1,1,1,1,1,1,1,1,1,1,1,1,1,1,1,1,1,1,1,1,1,1,1,1,1,1,1,1,1,1,1,1,1,1,1,1,1,1,1,1,1,1,1,1,1,1,1,1,1,1,1,1,1,1,1,1,1,1,1,1,1,1,1,1,1,1,1,1,1,1,1,1,1,1,1,1,1,1,1,1,1,1,1,1,1,1,1,1,1,1,1,1,1,1,1,1,1,1]
18: [4,17,17,17,17,17,17,17,17,17,17,17,17,17,17,17,17,17,17,17,17,17,17,17,17,17,17,17,17,17,17,17,17,17,17,17,17,17,17,17,17,17,17,17,17,17,17,17,17,17,17,17,17,17,17,17,17,17,17,17,17,17,17,17,17,17,17,17,17,17,17,17,17,17,17,17,17,17,17,17,17,17,17,17,17,17,17,17,17,17,17,17,17,17,17,17,17,17,17,17,17,17,17,17,17,17,17,17,17,17,17,17,17,17,17,17,17,17,17,17,17,17,17,17,17,17,17,17,17,17,17,17,17,17,17,17,17,17,17,17,17,17,14,17]
19: [3,X,X,X,X,X,X,X,X,X,X,X,X,X,X,X,X,X,X,X,X,X,X,X,X,X,X,X,X,X,X,X,X,X,X,X,X,X,X,X,X,X,X,X,X,X,X,X,X,X,X,X,X,X,X,X,X,X,X,X,X,X,X,X,X,X,X,X,X,X,X,X,X,X,X,X,X,X,X,X,X,X,X,X,X,X,X,X,X,X,X,X,X,X,X,X,X,X,X,X,X,X,X,X,X,X,X,X,X,X,X,X,X,X,X,X,X,X,X,X,X,X,X,X,X,X,X,X,X,X,X,X,X,X,X,X,X,X,X,X,X,X,8,11]
1X: [2,4,8,15,11,4,8,15,11,4,8,15,11,4,8,15,11,4,8,15,11,4,8,15,11,4,8,15,11,4,8,15,11,4,8,15,11,4,8,15,11,4,8,15,11,4,8,15,11,4,8,15,11,4,8,15,11,4,8,15,11,4,8,15,11,4,8,15,11,4,8,15,11,4,8,15,11,4,8,15,11,4,8,15,11,4,8,15,11,4,8,15,11,4,8,15,11,4,8,15,11,4,8,15,11,4,8,15,11,4,8,15,11,4,8,15,11,4,8,15,11,4,8,15,11,4,8,15,11,4,8,15,11,4,8,15,11,4,8,15,11,4,7,19]
1E: [1,1,1,1,1,1,1,1,1,1,1,1,1,1,1,1,1,1,1,1,1,1,1,1,1,1,1,1,1,1,1,1,1,1,1,1,1,1,1,1,1,1,1,1,1,1,1,1,1,1,1,1,1,1,1,1,1,1,1,1,1,1,1,1,1,1,1,1,1,1,1,1,1,1,1,1,1,1,1,1,1,1,1,1,1,1,1,1,1,1,1,1,1,1,1,1,1,1,1,1,1,1,1,1,1,1,1,1,1,1,1,1,1,1,1,1,1,1,1,1,1,1,1,1,1,1,1,1,1,1,1,1,1,1,1,1,1,1,1,1,1,1,1,1]
20: [7,1E,1E,1E,1E,1E,1E,1E,1E,1E,1E,1E,1E,1E,1E,1E,1E,1E,1E,1E,1E,1E,1E,1E,1E,1E,1E,1E,1E,1E,1E,1E,1E,1E,1E,1E,1E,1E,1E,1E,1E,1E,1E,1E,1E,1E,1E,1E,1E,1E,1E,1E,1E,1E,1E,1E,1E,1E,1E,1E,1E,1E,1E,1E,1E,1E,1E,1E,1E,1E,1E,1E,1E,1E,1E,1E,1E,1E,1E,1E,1E,1E,1E,1E,1E,1E,1E,1E,1E,1E,1E,1E,1E,1E,1E,1E,1E,1E,1E,1E,1E,1E,1E,1E,1E,1E,1E,1E,1E,1E,1E,1E,1E,1E,1E,1E,1E,1E,1E,1E,1E,1E,1E,1E,1E,1E,1E,1E,1E,1E,1E,1E,1E,1E,1E,1E,1E,1E,1E,1E,1E,1E,1X,8]
21: [3,3,3,3,3,3,3,3,3,3,3,3,3,3,3,3,3,3,3,3,3,3,3,3,3,3,3,3,3,3,3,3,3,3,3,3,3,3,3,3,3,3,3,3,3,3,3,3,3,3,3,3,3,3,3,3,3,3,3,3,3,3,3,3,3,3,3,3,3,3,3,3,3,3,3,3,3,3,3,3,3,3,3,3,3,3,3,3,3,3,3,3,3,3,3,3,3,3,3,3,3,3,3,3,3,3,3,3,3,3,3,3,3,3,3,3,3,3,3,3,3,3,3,3,3,3,3,3,3,3,3,3,3,3,3,3,3,3,3,3,3,3,3,3]
22: [2,4,8,15,8,15,8,15,8,15,8,15,8,15,8,15,8,15,8,15,8,15,8,15,8,15,8,15,8,15,8,15,8,15,8,15,8,15,8,15,8,15,8,15,8,15,8,15,8,15,8,15,8,15,8,15,8,15,8,15,8,15,8,15,8,15,8,15,8,15,8,15,8,15,8,15,8,15,8,15,8,15,8,15,8,15,8,15,8,15,8,15,8,15,8,15,8,15,8,15,8,15,8,15,8,15,8,15,8,15,8,15,8,15,8,15,8,15,8,15,8,15,8,15,8,15,8,15,8,15,8,15,8,15,8,15,8,15,8,15,8,15,7,20]
23: [4,11,11,11,11,11,11,11,11,11,11,11,11,11,11,11,11,11,11,11,11,11,11,11,11,11,11,11,11,11,11,11,11,11,11,11,11,11,11,11,11,11,11,11,11,11,11,11,11,11,11,11,11,11,11,11,11,11,11,11,11,11,11,11,11,11,11,11,11,11,11,11,11,11,11,11,11,11,11,11,11,11,11,11,11,11,11,11,11,11,11,11,11,11,11,11,11,11,11,11,11,11,11,11,11,11,11,11,11,11,11,11,11,11,11,11,11,11,11,11,11,11,11,11,11,11,11,11,11,11,11,11,11,11,11,11,11,11,11,11,11,11,11,11]
24: [4,16,16,16,16,16,16,16,16,16,16,16,16,16,16,16,16,16,16,16,16,16,16,16,16,16,16,16,16,16,16,16,16,16,16,16,16,16,16,16,16,16,16,16,16,16,16,16,16,16,16,16,16,16,16,16,16,16,16,16,16,16,16,16,16,16,16,16,16,16,16,16,16,16,16,16,16,16,16,16,16,16,16,16,16,16,16,16,16,16,16,16,16,16,16,16,16,16,16,16,16,16,16,16,16,16,16,16,16,16,16,16,16,16,16,16,16,16,16,16,16,16,16,16,16,16,16,16,16,16,16,16,16,16,16,16,16,16,16,16,16,16,14,19]
25: [1,1,1,1,1,1,1,1,1,1,1,1,1,1,1,1,1,1,1,1,1,1,1,1,1,1,1,1,1,1,1,1,1,1,1,1,1,1,1,1,1,1,1,1,1,1,1,1,1,1,1,1,1,1,1,1,1,1,1,1,1,1,1,1,1,1,1,1,1,1,1,1,1,1,1,1,1,1,1,1,1,1,1,1,1,1,1,1,1,1,1,1,1,1,1,1,1,1,1,1,1,1,1,1,1,1,1,1,1,1,1,1,1,1,1,1,1,1,1,1,1,1,1,1,1,1,1,1,1,1,1,1,1,1,1,1,1,1,1,1,1,1,1,1]
26: [7,12,25,25,25,25,25,25,25,25,25,25,25,25,25,25,25,25,25,25,25,25,25,25,25,25,25,25,25,25,25,25,25,25,25,25,25,25,25,25,25,25,25,25,25,25,25,25,25,25,25,25,25,25,25,25,25,25,25,25,25,25,25,25,25,25,25,25,25,25,25,25,25,25,25,25,25,25,25,25,25,25,25,25,25,25,25,25,25,25,25,25,25,25,25,25,25,25,25,25,25,25,25,25,25,25,25,25,25,25,25,25,25,25,25,25,25,25,25,25,25,25,25,25,25,25,25,25,25,25,25,25,25,25,25,25,25,25,25,25,25,25,22,24]
27: [1,1,1,1,1,1,1,1,1,1,1,1,1,1,1,1,1,1,1,1,1,1,1,1,1,1,1,1,1,1,1,1,1,1,1,1,1,1,1,1,1,1,1,1,1,1,1,1,1,1,1,1,1,1,1,1,1,1,1,1,1,1,1,1,1,1,1,1,1,1,1,1,1,1,1,1,1,1,1,1,1,1,1,1,1,1,1,1,1,1,1,1,1,1,1,1,1,1,1,1,1,1,1,1,1,1,1,1,1,1,1,1,1,1,1,1,1,1,1,1,1,1,1,1,1,1,1,1,1,1,1,1,1,1,1,1,1,1,1,1,1,1,1,1]
28: [6,10,21,17,6,10,21,17,6,10,21,17,6,10,21,17,6,10,21,17,6,10,21,17,6,10,21,17,6,10,21,17,6,10,21,17,6,10,21,17,6,10,21,17,6,10,21,17,6,10,21,17,6,10,21,17,6,10,21,17,6,10,21,17,6,10,21,17,6,10,21,17,6,10,21,17,6,10,21,17,6,10,21,17,6,10,21,17,6,10,21,17,6,10,21,17,6,10,21,17,6,10,21,17,6,10,21,17,6,10,21,17,6,10,21,17,6,10,21,17,6,10,21,17,6,10,21,17,6,10,21,17,6,10,21,17,6,10,21,17,6,10,21,17]
29: [3,9,25,1E,3,9,25,1E,3,9,25,1E,3,9,25,1E,3,9,25,1E,3,9,25,1E,3,9,25,1E,3,9,25,1E,3,9,25,1E,3,9,25,1E,3,9,25,1E,3,9,25,1E,3,9,25,1E,3,9,25,1E,3,9,25,1E,3,9,25,1E,3,9,25,1E,3,9,25,1E,3,9,25,1E,3,9,25,1E,3,9,25,1E,3,9,25,1E,3,9,25,1E,3,9,25,1E,3,9,25,1E,3,9,25,1E,3,9,25,1E,3,9,25,1E,3,9,25,1E,3,9,25,1E,3,9,25,1E,3,9,25,1E,3,9,25,1E,3,9,25,1E,3,9,25,1E,3,9,24,19]
2X: [2,4,8,14,29,29,29,29,29,29,29,29,29,29,29,29,29,29,29,29,29,29,29,29,29,29,29,29,29,29,29,29,29,29,29,29,29,29,29,29,29,29,29,29,29,29,29,29,29,29,29,29,29,29,29,29,29,29,29,29,29,29,29,29,29,29,29,29,29,29,29,29,29,29,29,29,29,29,29,29,29,29,29,29,29,29,29,29,29,29,29,29,29,29,29,29,29,29,29,29,29,29,29,29,29,29,29,29,29,29,29,29,29,29,29,29,29,29,29,29,29,29,29,29,29,29,29,29,29,29,29,29,29,29,29,29,29,29,29,29,29,29,29,12]
2E: [5,25,5,25,5,25,5,25,5,25,5,25,5,25,5,25,5,25,5,25,5,25,5,25,5,25,5,25,5,25,5,25,5,25,5,25,5,25,5,25,5,25,5,25,5,25,5,25,5,25,5,25,5,25,5,25,5,25,5,25,5,25,5,25,5,25,5,25,5,25,5,25,5,25,5,25,5,25,5,25,5,25,5,25,5,25,5,25,5,25,5,25,5,25,5,25,5,25,5,25,5,25,5,25,5,25,5,25,5,25,5,25,5,25,5,25,5,25,5,25,5,25,5,25,5,25,5,25,5,25,5,25,5,25,5,25,5,25,5,25,5,25,4,7]
30: [8,2E,2E,2E,2E,2E,2E,2E,2E,2E,2E,2E,2E,2E,2E,2E,2E,2E,2E,2E,2E,2E,2E,2E,2E,2E,2E,2E,2E,2E,2E,2E,2E,2E,2E,2E,2E,2E,2E,2E,2E,2E,2E,2E,2E,2E,2E,2E,2E,2E,2E,2E,2E,2E,2E,2E,2E,2E,2E,2E,2E,2E,2E,2E,2E,2E,2E,2E,2E,2E,2E,2E,2E,2E,2E,2E,2E,2E,2E,2E,2E,2E,2E,2E,2E,2E,2E,2E,2E,2E,2E,2E,2E,2E,2E,2E,2E,2E,2E,2E,2E,2E,2E,2E,2E,2E,2E,2E,2E,2E,2E,2E,2E,2E,2E,2E,2E,2E,2E,2E,2E,2E,2E,2E,2E,2E,2E,2E,2E,2E,2E,2E,2E,2E,2E,2E,2E,2E,2E,2E,2E,2E,2X,23]
31: [1,1,1,1,1,1,1,1,1,1,1,1,1,1,1,1,1,1,1,1,1,1,1,1,1,1,1,1,1,1,1,1,1,1,1,1,1,1,1,1,1,1,1,1,1,1,1,1,1,1,1,1,1,1,1,1,1,1,1,1,1,1,1,1,1,1,1,1,1,1,1,1,1,1,1,1,1,1,1,1,1,1,1,1,1,1,1,1,1,1,1,1,1,1,1,1,1,1,1,1,1,1,1,1,1,1,1,1,1,1,1,1,1,1,1,1,1,1,1,1,1,1,1,1,1,1,1,1,1,1,1,1,1,1,1,1,1,1,1,1,1,1,1,1]
32: [2,4,8,14,29,25,19,4,8,14,29,25,19,4,8,14,29,25,19,4,8,14,29,25,19,4,8,14,29,25,19,4,8,14,29,25,19,4,8,14,29,25,19,4,8,14,29,25,19,4,8,14,29,25,19,4,8,14,29,25,19,4,8,14,29,25,19,4,8,14,29,25,19,4,8,14,29,25,19,4,8,14,29,25,19,4,8,14,29,25,19,4,8,14,29,25,19,4,8,14,29,25,19,4,8,14,29,25,19,4,8,14,29,25,19,4,8,14,29,25,19,4,8,14,29,25,19,4,8,14,29,25,19,4,8,14,29,25,19,4,8,14,29,13]
33: [3,9,25,9,25,9,25,9,25,9,25,9,25,9,25,9,25,9,25,9,25,9,25,9,25,9,25,9,25,9,25,9,25,9,25,9,25,9,25,9,25,9,25,9,25,9,25,9,25,9,25,9,25,9,25,9,25,9,25,9,25,9,25,9,25,9,25,9,25,9,25,9,25,9,25,9,25,9,25,9,25,9,25,9,25,9,25,9,25,9,25,9,25,9,25,9,25,9,25,9,25,9,25,9,25,9,25,9,25,9,25,9,25,9,25,9,25,9,25,9,25,9,25,9,25,9,25,9,25,9,25,9,25,9,25,9,25,9,25,9,25,9,24,16]
34: [9,33,33,33,33,33,33,33,33,33,33,33,33,33,33,33,33,33,33,33,33,33,33,33,33,33,33,33,33,33,33,33,33,33,33,33,33,33,33,33,33,33,33,33,33,33,33,33,33,33,33,33,33,33,33,33,33,33,33,33,33,33,33,33,33,33,33,33,33,33,33,33,33,33,33,33,33,33,33,33,33,33,33,33,33,33,33,33,33,33,33,33,33,33,33,33,33,33,33,33,33,33,33,33,33,33,33,33,33,33,33,33,33,33,33,33,33,33,33,33,33,33,33,33,33,33,33,33,33,33,33,33,33,33,33,33,33,33,33,33,33,33,31,20]
35: [1,1,1,1,1,1,1,1,1,1,1,1,1,1,1,1,1,1,1,1,1,1,1,1,1,1,1,1,1,1,1,1,1,1,1,1,1,1,1,1,1,1,1,1,1,1,1,1,1,1,1,1,1,1,1,1,1,1,1,1,1,1,1,1,1,1,1,1,1,1,1,1,1,1,1,1,1,1,1,1,1,1,1,1,1,1,1,1,1,1,1,1,1,1,1,1,1,1,1,1,1,1,1,1,1,1,1,1,1,1,1,1,1,1,1,1,1,1,1,1,1,1,1,1,1,1,1,1,1,1,1,1,1,1,1,1,1,1,1,1,1,1,1,1]
36: [6,35,35,35,35,35,35,35,35,35,35,35,35,35,35,35,35,35,35,35,35,35,35,35,35,35,35,35,35,35,35,35,35,35,35,35,35,35,35,35,35,35,35,35,35,35,35,35,35,35,35,35,35,35,35,35,35,35,35,35,35,35,35,35,35,35,35,35,35,35,35,35,35,35,35,35,35,35,35,35,35,35,35,35,35,35,35,35,35,35,35,35,35,35,35,35,35,35,35,35,35,35,35,35,35,35,35,35,35,35,35,35,35,35,35,35,35,35,35,35,35,35,35,35,35,35,35,35,35,35,35,35,35,35,35,35,35,35,35,35,35,35,34,1E]
37: [1,1,1,1,1,1,1,1,1,1,1,1,1,1,1,1,1,1,1,1,1,1,1,1,1,1,1,1,1,1,1,1,1,1,1,1,1,1,1,1,1,1,1,1,1,1,1,1,1,1,1,1,1,1,1,1,1,1,1,1,1,1,1,1,1,1,1,1,1,1,1,1,1,1,1,1,1,1,1,1,1,1,1,1,1,1,1,1,1,1,1,1,1,1,1,1,1,1,1,1,1,1,1,1,1,1,1,1,1,1,1,1,1,1,1,1,1,1,1,1,1,1,1,1,1,1,1,1,1,1,1,1,1,1,1,1,1,1,1,1,1,1,1,1]
38: [4,15,22,15,22,15,22,15,22,15,22,15,22,15,22,15,22,15,22,15,22,15,22,15,22,15,22,15,22,15,22,15,22,15,22,15,22,15,22,15,22,15,22,15,22,15,22,15,22,15,22,15,22,15,22,15,22,15,22,15,22,15,22,15,22,15,22,15,22,15,22,15,22,15,22,15,22,15,22,15,22,15,22,15,22,15,22,15,22,15,22,15,22,15,22,15,22,15,22,15,22,15,22,15,22,15,22,15,22,15,22,15,22,15,22,15,22,15,22,15,22,15,22,15,22,15,22,15,22,15,22,15,22,15,22,15,22,15,22,15,22,15,21,18]
39: [E,E,E,E,E,E,E,E,E,E,E,E,E,E,E,E,E,E,E,E,E,E,E,E,E,E,E,E,E,E,E,E,E,E,E,E,E,E,E,E,E,E,E,E,E,E,E,E,E,E,E,E,E,E,E,E,E,E,E,E,E,E,E,E,E,E,E,E,E,E,E,E,E,E,E,E,E,E,E,E,E,E,E,E,E,E,E,E,E,E,E,E,E,E,E,E,E,E,E,E,E,E,E,E,E,E,E,E,E,E,E,E,E,E,E,E,E,E,E,E,E,E,E,E,E,E,E,E,E,E,E,E,E,E,E,E,E,E,E,E,E,E,9,2]
3X: [2,4,8,14,29,18,35,31,25,10,21,4,8,14,29,18,35,31,25,10,21,4,8,14,29,18,35,31,25,10,21,4,8,14,29,18,35,31,25,10,21,4,8,14,29,18,35,31,25,10,21,4,8,14,29,18,35,31,25,10,21,4,8,14,29,18,35,31,25,10,21,4,8,14,29,18,35,31,25,10,21,4,8,14,29,18,35,31,25,10,21,4,8,14,29,18,35,31,25,10,21,4,8,14,29,18,35,31,25,10,21,4,8,14,29,18,35,31,25,10,21,4,8,14,29,18,35,31,25,10,21,4,8,14,29,18,35,31,25,10,21,4,8,0]
3E: [1,1,1,1,1,1,1,1,1,1,1,1,1,1,1,1,1,1,1,1,1,1,1,1,1,1,1,1,1,1,1,1,1,1,1,1,1,1,1,1,1,1,1,1,1,1,1,1,1,1,1,1,1,1,1,1,1,1,1,1,1,1,1,1,1,1,1,1,1,1,1,1,1,1,1,1,1,1,1,1,1,1,1,1,1,1,1,1,1,1,1,1,1,1,1,1,1,1,1,1,1,1,1,1,1,1,1,1,1,1,1,1,1,1,1,1,1,1,1,1,1,1,1,1,1,1,1,1,1,1,1,1,1,1,1,1,1,1,1,1,1,1,1,1]
40: [E,3E,3E,3E,3E,3E,3E,3E,3E,3E,3E,3E,3E,3E,3E,3E,3E,3E,3E,3E,3E,3E,3E,3E,3E,3E,3E,3E,3E,3E,3E,3E,3E,3E,3E,3E,3E,3E,3E,3E,3E,3E,3E,3E,3E,3E,3E,3E,3E,3E,3E,3E,3E,3E,3E,3E,3E,3E,3E,3E,3E,3E,3E,3E,3E,3E,3E,3E,3E,3E,3E,3E,3E,3E,3E,3E,3E,3E,3E,3E,3E,3E,3E,3E,3E,3E,3E,3E,3E,3E,3E,3E,3E,3E,3E,3E,3E,3E,3E,3E,3E,3E,3E,3E,3E,3E,3E,3E,3E,3E,3E,3E,3E,3E,3E,3E,3E,3E,3E,3E,3E,3E,3E,3E,3E,3E,3E,3E,3E,3E,3E,3E,3E,3E,3E,3E,3E,3E,3E,3E,3E,3E,3E,16]
41: [4,4,4,4,4,4,4,4,4,4,4,4,4,4,4,4,4,4,4,4,4,4,4,4,4,4,4,4,4,4,4,4,4,4,4,4,4,4,4,4,4,4,4,4,4,4,4,4,4,4,4,4,4,4,4,4,4,4,4,4,4,4,4,4,4,4,4,4,4,4,4,4,4,4,4,4,4,4,4,4,4,4,4,4,4,4,4,4,4,4,4,4,4,4,4,4,4,4,4,4,4,4,4,4,4,4,4,4,4,4,4,4,4,4,4,4,4,4,4,4,4,4,4,4,4,4,4,4,4,4,4,4,4,4,4,4,4,4,4,4,4,4,4,4]
42: [6,10,20,41,41,41,41,41,41,41,41,41,41,41,41,41,41,41,41,41,41,41,41,41,41,41,41,41,41,41,41,41,41,41,41,41,41,41,41,41,41,41,41,41,41,41,41,41,41,41,41,41,41,41,41,41,41,41,41,41,41,41,41,41,41,41,41,41,41,41,41,41,41,41,41,41,41,41,41,41,41,41,41,41,41,41,41,41,41,41,41,41,41,41,41,41,41,41,41,41,41,41,41,41,41,41,41,41,41,41,41,41,41,41,41,41,41,41,41,41,41,41,41,41,41,41,41,41,41,41,41,41,41,41,41,41,41,41,41,41,41,41,41,29]
43: [3,9,24,2E,3,9,24,2E,3,9,24,2E,3,9,24,2E,3,9,24,2E,3,9,24,2E,3,9,24,2E,3,9,24,2E,3,9,24,2E,3,9,24,2E,3,9,24,2E,3,9,24,2E,3,9,24,2E,3,9,24,2E,3,9,24,2E,3,9,24,2E,3,9,24,2E,3,9,24,2E,3,9,24,2E,3,9,24,2E,3,9,24,2E,3,9,24,2E,3,9,24,2E,3,9,24,2E,3,9,24,2E,3,9,24,2E,3,9,24,2E,3,9,24,2E,3,9,24,2E,3,9,24,2E,3,9,24,2E,3,9,24,2E,3,9,24,2E,3,9,24,2E,3,9,24,2E,3,9,24,7]
44: [4,15,15,15,15,15,15,15,15,15,15,15,15,15,15,15,15,15,15,15,15,15,15,15,15,15,15,15,15,15,15,15,15,15,15,15,15,15,15,15,15,15,15,15,15,15,15,15,15,15,15,15,15,15,15,15,15,15,15,15,15,15,15,15,15,15,15,15,15,15,15,15,15,15,15,15,15,15,15,15,15,15,15,15,15,15,15,15,15,15,15,15,15,15,15,15,15,15,15,15,15,15,15,15,15,15,15,15,15,15,15,15,15,15,15,15,15,15,15,15,15,15,15,15,15,15,15,15,15,15,15,15,15,15,15,15,15,15,15,15,15,15,14,26]
45: [1,1,1,1,1,1,1,1,1,1,1,1,1,1,1,1,1,1,1,1,1,1,1,1,1,1,1,1,1,1,1,1,1,1,1,1,1,1,1,1,1,1,1,1,1,1,1,1,1,1,1,1,1,1,1,1,1,1,1,1,1,1,1,1,1,1,1,1,1,1,1,1,1,1,1,1,1,1,1,1,1,1,1,1,1,1,1,1,1,1,1,1,1,1,1,1,1,1,1,1,1,1,1,1,1,1,1,1,1,1,1,1,1,1,1,1,1,1,1,1,1,1,1,1,1,1,1,1,1,1,1,1,1,1,1,1,1,1,1,1,1,1,1,1]
46: [8,45,45,45,45,45,45,45,45,45,45,45,45,45,45,45,45,45,45,45,45,45,45,45,45,45,45,45,45,45,45,45,45,45,45,45,45,45,45,45,45,45,45,45,45,45,45,45,45,45,45,45,45,45,45,45,45,45,45,45,45,45,45,45,45,45,45,45,45,45,45,45,45,45,45,45,45,45,45,45,45,45,45,45,45,45,45,45,45,45,45,45,45,45,45,45,45,45,45,45,45,45,45,45,45,45,45,45,45,45,45,45,45,45,45,45,45,45,45,45,45,45,45,45,45,45,45,45,45,45,45,45,45,45,45,45,45,45,45,45,45,45,45,31]
47: [5,23,23,23,23,23,23,23,23,23,23,23,23,23,23,23,23,23,23,23,23,23,23,23,23,23,23,23,23,23,23,23,23,23,23,23,23,23,23,23,23,23,23,23,23,23,23,23,23,23,23,23,23,23,23,23,23,23,23,23,23,23,23,23,23,23,23,23,23,23,23,23,23,23,23,23,23,23,23,23,23,23,23,23,23,23,23,23,23,23,23,23,23,23,23,23,23,23,23,23,23,23,23,23,23,23,23,23,23,23,23,23,23,23,23,23,23,23,23,23,23,23,23,23,23,23,23,23,23,23,23,23,23,23,23,23,23,23,23,23,23,23,22,25]
48: [9,16,31,16,31,16,31,16,31,16,31,16,31,16,31,16,31,16,31,16,31,16,31,16,31,16,31,16,31,16,31,16,31,16,31,16,31,16,31,16,31,16,31,16,31,16,31,16,31,16,31,16,31,16,31,16,31,16,31,16,31,16,31,16,31,16,31,16,31,16,31,16,31,16,31,16,31,16,31,16,31,16,31,16,31,16,31,16,31,16,31,16,31,16,31,16,31,16,31,16,31,16,31,16,31,16,31,16,31,16,31,16,31,16,31,16,31,16,31,16,31,16,31,16,31,16,31,16,31,16,31,16,31,16,31,16,31,16,31,16,31,16,2E,46]
49: [3,9,24,24,24,24,24,24,24,24,24,24,24,24,24,24,24,24,24,24,24,24,24,24,24,24,24,24,24,24,24,24,24,24,24,24,24,24,24,24,24,24,24,24,24,24,24,24,24,24,24,24,24,24,24,24,24,24,24,24,24,24,24,24,24,24,24,24,24,24,24,24,24,24,24,24,24,24,24,24,24,24,24,24,24,24,24,24,24,24,24,24,24,24,24,24,24,24,24,24,24,24,24,24,24,24,24,24,24,24,24,24,24,24,24,24,24,24,24,24,24,24,24,24,24,24,24,24,24,24,24,24,24,24,24,24,24,24,24,24,24,24,24,2]
4X: [2,4,8,14,29,8,14,29,8,14,29,8,14,29,8,14,29,8,14,29,8,14,29,8,14,29,8,14,29,8,14,29,8,14,29,8,14,29,8,14,29,8,14,29,8,14,29,8,14,29,8,14,29,8,14,29,8,14,29,8,14,29,8,14,29,8,14,29,8,14,29,8,14,29,8,14,29,8,14,29,8,14,29,8,14,29,8,14,29,8,14,29,8,14,29,8,14,29,8,14,29,8,14,29,8,14,29,8,14,29,8,14,29,8,14,29,8,14,29,8,14,29,8,14,29,8,14,29,8,14,29,8,14,29,8,14,29,8,14,29,8,14,28,43]
4E: [1,1,1,1,1,1,1,1,1,1,1,1,1,1,1,1,1,1,1,1,1,1,1,1,1,1,1,1,1,1,1,1,1,1,1,1,1,1,1,1,1,1,1,1,1,1,1,1,1,1,1,1,1,1,1,1,1,1,1,1,1,1,1,1,1,1,1,1,1,1,1,1,1,1,1,1,1,1,1,1,1,1,1,1,1,1,1,1,1,1,1,1,1,1,1,1,1,1,1,1,1,1,1,1,1,1,1,1,1,1,1,1,1,1,1,1,1,1,1,1,1,1,1,1,1,1,1,1,1,1,1,1,1,1,1,1,1,1,1,1,1,1,1,1]
50: [12,4E,4E,4E,4E,4E,4E,4E,4E,4E,4E,4E,4E,4E,4E,4E,4E,4E,4E,4E,4E,4E,4E,4E,4E,4E,4E,4E,4E,4E,4E,4E,4E,4E,4E,4E,4E,4E,4E,4E,4E,4E,4E,4E,4E,4E,4E,4E,4E,4E,4E,4E,4E,4E,4E,4E,4E,4E,4E,4E,4E,4E,4E,4E,4E,4E,4E,4E,4E,4E,4E,4E,4E,4E,4E,4E,4E,4E,4E,4E,4E,4E,4E,4E,4E,4E,4E,4E,4E,4E,4E,4E,4E,4E,4E,4E,4E,4E,4E,4E,4E,4E,4E,4E,4E,4E,4E,4E,4E,4E,4E,4E,4E,4E,4E,4E,4E,4E,4E,4E,4E,4E,4E,4E,4E,4E,4E,4E,4E,4E,4E,4E,4E,4E,4E,4E,4E,4E,4E,4E,4E,4E,4X,13]
51: [1,1,1,1,1,1,1,1,1,1,1,1,1,1,1,1,1,1,1,1,1,1,1,1,1,1,1,1,1,1,1,1,1,1,1,1,1,1,1,1,1,1,1,1,1,1,1,1,1,1,1,1,1,1,1,1,1,1,1,1,1,1,1,1,1,1,1,1,1,1,1,1,1,1,1,1,1,1,1,1,1,1,1,1,1,1,1,1,1,1,1,1,1,1,1,1,1,1,1,1,1,1,1,1,1,1,1,1,1,1,1,1,1,1,1,1,1,1,1,1,1,1,1,1,1,1,1,1,1,1,1,1,1,1,1,1,1,1,1,1,1,1,1,1]
52: [2,4,8,14,29,4,8,14,29,4,8,14,29,4,8,14,29,4,8,14,29,4,8,14,29,4,8,14,29,4,8,14,29,4,8,14,29,4,8,14,29,4,8,14,29,4,8,14,29,4,8,14,29,4,8,14,29,4,8,14,29,4,8,14,29,4,8,14,29,4,8,14,29,4,8,14,29,4,8,14,29,4,8,14,29,4,8,14,29,4,8,14,29,4,8,14,29,4,8,14,29,4,8,14,29,4,8,14,29,4,8,14,29,4,8,14,29,4,8,14,29,4,8,14,29,4,8,14,29,4,8,14,29,4,8,14,29,4,8,14,29,4,8,1]
53: [X,27,27,27,27,27,27,27,27,27,27,27,27,27,27,27,27,27,27,27,27,27,27,27,27,27,27,27,27,27,27,27,27,27,27,27,27,27,27,27,27,27,27,27,27,27,27,27,27,27,27,27,27,27,27,27,27,27,27,27,27,27,27,27,27,27,27,27,27,27,27,27,27,27,27,27,27,27,27,27,27,27,27,27,27,27,27,27,27,27,27,27,27,27,27,27,27,27,27,27,27,27,27,27,27,27,27,27,27,27,27,27,27,27,27,27,27,27,27,27,27,27,27,27,27,27,27,27,27,27,27,27,27,27,27,27,27,27,27,27,27,27,26,13]
54: [X,36,36,36,36,36,36,36,36,36,36,36,36,36,36,36,36,36,36,36,36,36,36,36,36,36,36,36,36,36,36,36,36,36,36,36,36,36,36,36,36,36,36,36,36,36,36,36,36,36,36,36,36,36,36,36,36,36,36,36,36,36,36,36,36,36,36,36,36,36,36,36,36,36,36,36,36,36,36,36,36,36,36,36,36,36,36,36,36,36,36,36,36,36,36,36,36,36,36,36,36,36,36,36,36,36,36,36,36,36,36,36,36,36,36,36,36,36,36,36,36,36,36,36,36,36,36,36,36,36,36,36,36,36,36,36,36,36,36,36,36,36,36,36]
55: [5,23,5,23,5,23,5,23,5,23,5,23,5,23,5,23,5,23,5,23,5,23,5,23,5,23,5,23,5,23,5,23,5,23,5,23,5,23,5,23,5,23,5,23,5,23,5,23,5,23,5,23,5,23,5,23,5,23,5,23,5,23,5,23,5,23,5,23,5,23,5,23,5,23,5,23,5,23,5,23,5,23,5,23,5,23,5,23,5,23,5,23,5,23,5,23,5,23,5,23,5,23,5,23,5,23,5,23,5,23,5,23,5,23,5,23,5,23,5,23,5,23,5,23,5,23,5,23,5,23,5,23,5,23,5,23,5,23,5,23,5,23,4,3X]
56: [6,33,33,33,33,33,33,33,33,33,33,33,33,33,33,33,33,33,33,33,33,33,33,33,33,33,33,33,33,33,33,33,33,33,33,33,33,33,33,33,33,33,33,33,33,33,33,33,33,33,33,33,33,33,33,33,33,33,33,33,33,33,33,33,33,33,33,33,33,33,33,33,33,33,33,33,33,33,33,33,33,33,33,33,33,33,33,33,33,33,33,33,33,33,33,33,33,33,33,33,33,33,33,33,33,33,33,33,33,33,33,33,33,33,33,33,33,33,33,33,33,33,33,33,33,33,33,33,33,33,33,33,33,33,33,33,33,33,33,33,33,33,32,42]
57: [1,1,1,1,1,1,1,1,1,1,1,1,1,1,1,1,1,1,1,1,1,1,1,1,1,1,1,1,1,1,1,1,1,1,1,1,1,1,1,1,1,1,1,1,1,1,1,1,1,1,1,1,1,1,1,1,1,1,1,1,1,1,1,1,1,1,1,1,1,1,1,1,1,1,1,1,1,1,1,1,1,1,1,1,1,1,1,1,1,1,1,1,1,1,1,1,1,1,1,1,1,1,1,1,1,1,1,1,1,1,1,1,1,1,1,1,1,1,1,1,1,1,1,1,1,1,1,1,1,1,1,1,1,1,1,1,1,1,1,1,1,1,1,1]
58: [4,14,57,57,57,57,57,57,57,57,57,57,57,57,57,57,57,57,57,57,57,57,57,57,57,57,57,57,57,57,57,57,57,57,57,57,57,57,57,57,57,57,57,57,57,57,57,57,57,57,57,57,57,57,57,57,57,57,57,57,57,57,57,57,57,57,57,57,57,57,57,57,57,57,57,57,57,57,57,57,57,57,57,57,57,57,57,57,57,57,57,57,57,57,57,57,57,57,57,57,57,57,57,57,57,57,57,57,57,57,57,57,57,57,57,57,57,57,57,57,57,57,57,57,57,57,57,57,57,57,57,57,57,57,57,57,57,57,57,57,57,57,57,28]
59: [3,9,24,13,3E,3,9,24,13,3E,3,9,24,13,3E,3,9,24,13,3E,3,9,24,13,3E,3,9,24,13,3E,3,9,24,13,3E,3,9,24,13,3E,3,9,24,13,3E,3,9,24,13,3E,3,9,24,13,3E,3,9,24,13,3E,3,9,24,13,3E,3,9,24,13,3E,3,9,24,13,3E,3,9,24,13,3E,3,9,24,13,3E,3,9,24,13,3E,3,9,24,13,3E,3,9,24,13,3E,3,9,24,13,3E,3,9,24,13,3E,3,9,24,13,3E,3,9,24,13,3E,3,9,24,13,3E,3,9,24,13,3E,3,9,24,13,3E,3,9,24,13,3E,3,9,23,51]
5X: [E,3X,3X,3X,3X,3X,3X,3X,3X,3X,3X,3X,3X,3X,3X,3X,3X,3X,3X,3X,3X,3X,3X,3X,3X,3X,3X,3X,3X,3X,3X,3X,3X,3X,3X,3X,3X,3X,3X,3X,3X,3X,3X,3X,3X,3X,3X,3X,3X,3X,3X,3X,3X,3X,3X,3X,3X,3X,3X,3X,3X,3X,3X,3X,3X,3X,3X,3X,3X,3X,3X,3X,3X,3X,3X,3X,3X,3X,3X,3X,3X,3X,3X,3X,3X,3X,3X,3X,3X,3X,3X,3X,3X,3X,3X,3X,3X,3X,3X,3X,3X,3X,3X,3X,3X,3X,3X,3X,3X,3X,3X,3X,3X,3X,3X,3X,3X,3X,3X,3X,3X,3X,3X,3X,3X,3X,3X,3X,3X,3X,3X,3X,3X,3X,3X,3X,3X,3X,3X,3X,3X,3X,39,1E]
5E: [1,1,1,1,1,1,1,1,1,1,1,1,1,1,1,1,1,1,1,1,1,1,1,1,1,1,1,1,1,1,1,1,1,1,1,1,1,1,1,1,1,1,1,1,1,1,1,1,1,1,1,1,1,1,1,1,1,1,1,1,1,1,1,1,1,1,1,1,1,1,1,1,1,1,1,1,1,1,1,1,1,1,1,1,1,1,1,1,1,1,1,1,1,1,1,1,1,1,1,1,1,1,1,1,1,1,1,1,1,1,1,1,1,1,1,1,1,1,1,1,1,1,1,1,1,1,1,1,1,1,1,1,1,1,1,1,1,1,1,1,1,1,1,1]
60: [15,5E,5E,5E,5E,5E,5E,5E,5E,5E,5E,5E,5E,5E,5E,5E,5E,5E,5E,5E,5E,5E,5E,5E,5E,5E,5E,5E,5E,5E,5E,5E,5E,5E,5E,5E,5E,5E,5E,5E,5E,5E,5E,5E,5E,5E,5E,5E,5E,5E,5E,5E,5E,5E,5E,5E,5E,5E,5E,5E,5E,5E,5E,5E,5E,5E,5E,5E,5E,5E,5E,5E,5E,5E,5E,5E,5E,5E,5E,5E,5E,5E,5E,5E,5E,5E,5E,5E,5E,5E,5E,5E,5E,5E,5E,5E,5E,5E,5E,5E,5E,5E,5E,5E,5E,5E,5E,5E,5E,5E,5E,5E,5E,5E,5E,5E,5E,5E,5E,5E,5E,5E,5E,5E,5E,5E,5E,5E,5E,5E,5E,5E,5E,5E,5E,5E,5E,5E,5E,5E,5E,5E,5X,58]
61: [1,1,1,1,1,1,1,1,1,1,1,1,1,1,1,1,1,1,1,1,1,1,1,1,1,1,1,1,1,1,1,1,1,1,1,1,1,1,1,1,1,1,1,1,1,1,1,1,1,1,1,1,1,1,1,1,1,1,1,1,1,1,1,1,1,1,1,1,1,1,1,1,1,1,1,1,1,1,1,1,1,1,1,1,1,1,1,1,1,1,1,1,1,1,1,1,1,1,1,1,1,1,1,1,1,1,1,1,1,1,1,1,1,1,1,1,1,1,1,1,1,1,1,1,1,1,1,1,1,1,1,1,1,1,1,1,1,1,1,1,1,1,1,1]
62: [2,4,8,14,28,55,49,35,8,14,28,55,49,35,8,14,28,55,49,35,8,14,28,55,49,35,8,14,28,55,49,35,8,14,28,55,49,35,8,14,28,55,49,35,8,14,28,55,49,35,8,14,28,55,49,35,8,14,28,55,49,35,8,14,28,55,49,35,8,14,28,55,49,35,8,14,28,55,49,35,8,14,28,55,49,35,8,14,28,55,49,35,8,14,28,55,49,35,8,14,28,55,49,35,8,14,28,55,49,35,8,14,28,55,49,35,8,14,28,55,49,35,8,14,28,55,49,35,8,14,28,55,49,35,8,14,28,55,49,35,8,14,28,45]
63: [9,24,9,24,9,24,9,24,9,24,9,24,9,24,9,24,9,24,9,24,9,24,9,24,9,24,9,24,9,24,9,24,9,24,9,24,9,24,9,24,9,24,9,24,9,24,9,24,9,24,9,24,9,24,9,24,9,24,9,24,9,24,9,24,9,24,9,24,9,24,9,24,9,24,9,24,9,24,9,24,9,24,9,24,9,24,9,24,9,24,9,24,9,24,9,24,9,24,9,24,9,24,9,24,9,24,9,24,9,24,9,24,9,24,9,24,9,24,9,24,9,24,9,24,9,24,9,24,9,24,9,24,9,24,9,24,9,24,9,24,9,24,9,5]
64: [4,14,57,36,14,57,36,14,57,36,14,57,36,14,57,36,14,57,36,14,57,36,14,57,36,14,57,36,14,57,36,14,57,36,14,57,36,14,57,36,14,57,36,14,57,36,14,57,36,14,57,36,14,57,36,14,57,36,14,57,36,14,57,36,14,57,36,14,57,36,14,57,36,14,57,36,14,57,36,14,57,36,14,57,36,14,57,36,14,57,36,14,57,36,14,57,36,14,57,36,14,57,36,14,57,36,14,57,36,14,57,36,14,57,36,14,57,36,14,57,36,14,57,36,14,57,36,14,57,36,14,57,36,14,57,36,14,57,36,14,57,36,14,2E]
65: [7,45,59,1E,7,45,59,1E,7,45,59,1E,7,45,59,1E,7,45,59,1E,7,45,59,1E,7,45,59,1E,7,45,59,1E,7,45,59,1E,7,45,59,1E,7,45,59,1E,7,45,59,1E,7,45,59,1E,7,45,59,1E,7,45,59,1E,7,45,59,1E,7,45,59,1E,7,45,59,1E,7,45,59,1E,7,45,59,1E,7,45,59,1E,7,45,59,1E,7,45,59,1E,7,45,59,1E,7,45,59,1E,7,45,59,1E,7,45,59,1E,7,45,59,1E,7,45,59,1E,7,45,59,1E,7,45,59,1E,7,45,59,1E,7,45,59,1E,7,45,59,1E,7,45,59,1E,7,45,58,34]
66: [6,32,65,65,65,65,65,65,65,65,65,65,65,65,65,65,65,65,65,65,65,65,65,65,65,65,65,65,65,65,65,65,65,65,65,65,65,65,65,65,65,65,65,65,65,65,65,65,65,65,65,65,65,65,65,65,65,65,65,65,65,65,65,65,65,65,65,65,65,65,65,65,65,65,65,65,65,65,65,65,65,65,65,65,65,65,65,65,65,65,65,65,65,65,65,65,65,65,65,65,65,65,65,65,65,65,65,65,65,65,65,65,65,65,65,65,65,65,65,65,65,65,65,65,65,65,65,65,65,65,65,65,65,65,65,65,65,65,65,65,65,65,65,28]
67: [1,1,1,1,1,1,1,1,1,1,1,1,1,1,1,1,1,1,1,1,1,1,1,1,1,1,1,1,1,1,1,1,1,1,1,1,1,1,1,1,1,1,1,1,1,1,1,1,1,1,1,1,1,1,1,1,1,1,1,1,1,1,1,1,1,1,1,1,1,1,1,1,1,1,1,1,1,1,1,1,1,1,1,1,1,1,1,1,1,1,1,1,1,1,1,1,1,1,1,1,1,1,1,1,1,1,1,1,1,1,1,1,1,1,1,1,1,1,1,1,1,1,1,1,1,1,1,1,1,1,1,1,1,1,1,1,1,1,1,1,1,1,1,1]
68: [17,67,67,67,67,67,67,67,67,67,67,67,67,67,67,67,67,67,67,67,67,67,67,67,67,67,67,67,67,67,67,67,67,67,67,67,67,67,67,67,67,67,67,67,67,67,67,67,67,67,67,67,67,67,67,67,67,67,67,67,67,67,67,67,67,67,67,67,67,67,67,67,67,67,67,67,67,67,67,67,67,67,67,67,67,67,67,67,67,67,67,67,67,67,67,67,67,67,67,67,67,67,67,67,67,67,67,67,67,67,67,67,67,67,67,67,67,67,67,67,67,67,67,67,67,67,67,67,67,67,67,67,67,67,67,67,67,67,67,67,67,67,66,29]
69: [X,X,X,X,X,X,X,X,X,X,X,X,X,X,X,X,X,X,X,X,X,X,X,X,X,X,X,X,X,X,X,X,X,X,X,X,X,X,X,X,X,X,X,X,X,X,X,X,X,X,X,X,X,X,X,X,X,X,X,X,X,X,X,X,X,X,X,X,X,X,X,X,X,X,X,X,X,X,X,X,X,X,X,X,X,X,X,X,X,X,X,X,X,X,X,X,X,X,X,X,X,X,X,X,X,X,X,X,X,X,X,X,X,X,X,X,X,X,X,X,X,X,X,X,X,X,X,X,X,X,X,X,X,X,X,X,X,X,X,X,X,X,X,X]
6X: [2,4,8,14,28,55,41,14,28,55,41,14,28,55,41,14,28,55,41,14,28,55,41,14,28,55,41,14,28,55,41,14,28,55,41,14,28,55,41,14,28,55,41,14,28,55,41,14,28,55,41,14,28,55,41,14,28,55,41,14,28,55,41,14,28,55,41,14,28,55,41,14,28,55,41,14,28,55,41,14,28,55,41,14,28,55,41,14,28,55,41,14,28,55,41,14,28,55,41,14,28,55,41,14,28,55,41,14,28,55,41,14,28,55,41,14,28,55,41,14,28,55,41,14,28,55,41,14,28,55,41,14,28,55,41,14,28,55,41,14,28,55,41,3]
6E: [1,1,1,1,1,1,1,1,1,1,1,1,1,1,1,1,1,1,1,1,1,1,1,1,1,1,1,1,1,1,1,1,1,1,1,1,1,1,1,1,1,1,1,1,1,1,1,1,1,1,1,1,1,1,1,1,1,1,1,1,1,1,1,1,1,1,1,1,1,1,1,1,1,1,1,1,1,1,1,1,1,1,1,1,1,1,1,1,1,1,1,1,1,1,1,1,1,1,1,1,1,1,1,1,1,1,1,1,1,1,1,1,1,1,1,1,1,1,1,1,1,1,1,1,1,1,1,1,1,1,1,1,1,1,1,1,1,1,1,1,1,1,1,1]
70: [11,6E,6E,6E,6E,6E,6E,6E,6E,6E,6E,6E,6E,6E,6E,6E,6E,6E,6E,6E,6E,6E,6E,6E,6E,6E,6E,6E,6E,6E,6E,6E,6E,6E,6E,6E,6E,6E,6E,6E,6E,6E,6E,6E,6E,6E,6E,6E,6E,6E,6E,6E,6E,6E,6E,6E,6E,6E,6E,6E,6E,6E,6E,6E,6E,6E,6E,6E,6E,6E,6E,6E,6E,6E,6E,6E,6E,6E,6E,6E,6E,6E,6E,6E,6E,6E,6E,6E,6E,6E,6E,6E,6E,6E,6E,6E,6E,6E,6E,6E,6E,6E,6E,6E,6E,6E,6E,6E,6E,6E,6E,6E,6E,6E,6E,6E,6E,6E,6E,6E,6E,6E,6E,6E,6E,6E,6E,6E,6E,6E,6E,6E,6E,6E,6E,6E,6E,6E,6E,6E,6E,6E,6X,67]
71: [5,22,3E,59,5,22,3E,59,5,22,3E,59,5,22,3E,59,5,22,3E,59,5,22,3E,59,5,22,3E,59,5,22,3E,59,5,22,3E,59,5,22,3E,59,5,22,3E,59,5,22,3E,59,5,22,3E,59,5,22,3E,59,5,22,3E,59,5,22,3E,59,5,22,3E,59,5,22,3E,59,5,22,3E,59,5,22,3E,59,5,22,3E,59,5,22,3E,59,5,22,3E,59,5,22,3E,59,5,22,3E,59,5,22,3E,59,5,22,3E,59,5,22,3E,59,5,22,3E,59,5,22,3E,59,5,22,3E,59,5,22,3E,59,5,22,3E,59,5,22,3E,59,5,22,3E,59,5,22,3E,27]
72: [2,4,8,14,28,55,39,4,8,14,28,55,39,4,8,14,28,55,39,4,8,14,28,55,39,4,8,14,28,55,39,4,8,14,28,55,39,4,8,14,28,55,39,4,8,14,28,55,39,4,8,14,28,55,39,4,8,14,28,55,39,4,8,14,28,55,39,4,8,14,28,55,39,4,8,14,28,55,39,4,8,14,28,55,39,4,8,14,28,55,39,4,8,14,28,55,39,4,8,14,28,55,39,4,8,14,28,55,39,4,8,14,28,55,39,4,8,14,28,55,39,4,8,14,28,55,39,4,8,14,28,55,39,4,8,14,28,55,39,4,8,14,28,46]
73: [3,9,23,6E,65,4E,3,9,23,6E,65,4E,3,9,23,6E,65,4E,3,9,23,6E,65,4E,3,9,23,6E,65,4E,3,9,23,6E,65,4E,3,9,23,6E,65,4E,3,9,23,6E,65,4E,3,9,23,6E,65,4E,3,9,23,6E,65,4E,3,9,23,6E,65,4E,3,9,23,6E,65,4E,3,9,23,6E,65,4E,3,9,23,6E,65,4E,3,9,23,6E,65,4E,3,9,23,6E,65,4E,3,9,23,6E,65,4E,3,9,23,6E,65,4E,3,9,23,6E,65,4E,3,9,23,6E,65,4E,3,9,23,6E,65,4E,3,9,23,6E,65,4E,3,9,23,6E,65,4E,3,9,23,6E,65,28]
74: [8,5X,2E,15,44,5X,2E,15,44,5X,2E,15,44,5X,2E,15,44,5X,2E,15,44,5X,2E,15,44,5X,2E,15,44,5X,2E,15,44,5X,2E,15,44,5X,2E,15,44,5X,2E,15,44,5X,2E,15,44,5X,2E,15,44,5X,2E,15,44,5X,2E,15,44,5X,2E,15,44,5X,2E,15,44,5X,2E,15,44,5X,2E,15,44,5X,2E,15,44,5X,2E,15,44,5X,2E,15,44,5X,2E,15,44,5X,2E,15,44,5X,2E,15,44,5X,2E,15,44,5X,2E,15,44,5X,2E,15,44,5X,2E,15,44,5X,2E,15,44,5X,2E,15,44,5X,2E,15,44,5X,2E,15,44,5X,2E,15,44,5X,2E,15,44,5X,2X,3E]
75: [1,1,1,1,1,1,1,1,1,1,1,1,1,1,1,1,1,1,1,1,1,1,1,1,1,1,1,1,1,1,1,1,1,1,1,1,1,1,1,1,1,1,1,1,1,1,1,1,1,1,1,1,1,1,1,1,1,1,1,1,1,1,1,1,1,1,1,1,1,1,1,1,1,1,1,1,1,1,1,1,1,1,1,1,1,1,1,1,1,1,1,1,1,1,1,1,1,1,1,1,1,1,1,1,1,1,1,1,1,1,1,1,1,1,1,1,1,1,1,1,1,1,1,1,1,1,1,1,1,1,1,1,1,1,1,1,1,1,1,1,1,1,1,1]
76: [1X,38,75,75,75,75,75,75,75,75,75,75,75,75,75,75,75,75,75,75,75,75,75,75,75,75,75,75,75,75,75,75,75,75,75,75,75,75,75,75,75,75,75,75,75,75,75,75,75,75,75,75,75,75,75,75,75,75,75,75,75,75,75,75,75,75,75,75,75,75,75,75,75,75,75,75,75,75,75,75,75,75,75,75,75,75,75,75,75,75,75,75,75,75,75,75,75,75,75,75,75,75,75,75,75,75,75,75,75,75,75,75,75,75,75,75,75,75,75,75,75,75,75,75,75,75,75,75,75,75,75,75,75,75,75,75,75,75,75,75,75,75,74,3E]
77: [7,45,7,45,7,45,7,45,7,45,7,45,7,45,7,45,7,45,7,45,7,45,7,45,7,45,7,45,7,45,7,45,7,45,7,45,7,45,7,45,7,45,7,45,7,45,7,45,7,45,7,45,7,45,7,45,7,45,7,45,7,45,7,45,7,45,7,45,7,45,7,45,7,45,7,45,7,45,7,45,7,45,7,45,7,45,7,45,7,45,7,45,7,45,7,45,7,45,7,45,7,45,7,45,7,45,7,45,7,45,7,45,7,45,7,45,7,45,7,45,7,45,7,45,7,45,7,45,7,45,7,45,7,45,7,45,7,45,7,45,7,45,7,0]
78: [4,14,56,6E,4X,42,14,56,6E,4X,42,14,56,6E,4X,42,14,56,6E,4X,42,14,56,6E,4X,42,14,56,6E,4X,42,14,56,6E,4X,42,14,56,6E,4X,42,14,56,6E,4X,42,14,56,6E,4X,42,14,56,6E,4X,42,14,56,6E,4X,42,14,56,6E,4X,42,14,56,6E,4X,42,14,56,6E,4X,42,14,56,6E,4X,42,14,56,6E,4X,42,14,56,6E,4X,42,14,56,6E,4X,42,14,56,6E,4X,42,14,56,6E,4X,42,14,56,6E,4X,42,14,56,6E,4X,42,14,56,6E,4X,42,14,56,6E,4X,42,14,56,6E,4X,42,14,56,6E,4X,42,14,56,6E,4X,42,14,56,43]
79: [3,9,23,6E,55,9,23,6E,55,9,23,6E,55,9,23,6E,55,9,23,6E,55,9,23,6E,55,9,23,6E,55,9,23,6E,55,9,23,6E,55,9,23,6E,55,9,23,6E,55,9,23,6E,55,9,23,6E,55,9,23,6E,55,9,23,6E,55,9,23,6E,55,9,23,6E,55,9,23,6E,55,9,23,6E,55,9,23,6E,55,9,23,6E,55,9,23,6E,55,9,23,6E,55,9,23,6E,55,9,23,6E,55,9,23,6E,55,9,23,6E,55,9,23,6E,55,9,23,6E,55,9,23,6E,55,9,23,6E,55,9,23,6E,55,9,23,6E,55,9,23,6E,55,9,23,6E,55,9,23,50]
7X: [2,4,8,14,28,55,30,61,45,10,20,41,4,8,14,28,55,30,61,45,10,20,41,4,8,14,28,55,30,61,45,10,20,41,4,8,14,28,55,30,61,45,10,20,41,4,8,14,28,55,30,61,45,10,20,41,4,8,14,28,55,30,61,45,10,20,41,4,8,14,28,55,30,61,45,10,20,41,4,8,14,28,55,30,61,45,10,20,41,4,8,14,28,55,30,61,45,10,20,41,4,8,14,28,55,30,61,45,10,20,41,4,8,14,28,55,30,61,45,10,20,41,4,8,14,28,55,30,61,45,10,20,41,4,8,14,28,55,30,61,45,10,20,2X]
7E: [5,22,30,75,58,4X,5,22,30,75,58,4X,5,22,30,75,58,4X,5,22,30,75,58,4X,5,22,30,75,58,4X,5,22,30,75,58,4X,5,22,30,75,58,4X,5,22,30,75,58,4X,5,22,30,75,58,4X,5,22,30,75,58,4X,5,22,30,75,58,4X,5,22,30,75,58,4X,5,22,30,75,58,4X,5,22,30,75,58,4X,5,22,30,75,58,4X,5,22,30,75,58,4X,5,22,30,75,58,4X,5,22,30,75,58,4X,5,22,30,75,58,4X,5,22,30,75,58,4X,5,22,30,75,58,4X,5,22,30,75,58,4X,5,22,30,75,58,4X,5,22,30,75,58,16]
80: [17,17,17,17,17,17,17,17,17,17,17,17,17,17,17,17,17,17,17,17,17,17,17,17,17,17,17,17,17,17,17,17,17,17,17,17,17,17,17,17,17,17,17,17,17,17,17,17,17,17,17,17,17,17,17,17,17,17,17,17,17,17,17,17,17,17,17,17,17,17,17,17,17,17,17,17,17,17,17,17,17,17,17,17,17,17,17,17,17,17,17,17,17,17,17,17,17,17,17,17,17,17,17,17,17,17,17,17,17,17,17,17,17,17,17,17,17,17,17,17,17,17,17,17,17,17,17,17,17,17,17,17,17,17,17,17,17,17,17,17,17,17,16,77]
81: [1,1,1,1,1,1,1,1,1,1,1,1,1,1,1,1,1,1,1,1,1,1,1,1,1,1,1,1,1,1,1,1,1,1,1,1,1,1,1,1,1,1,1,1,1,1,1,1,1,1,1,1,1,1,1,1,1,1,1,1,1,1,1,1,1,1,1,1,1,1,1,1,1,1,1,1,1,1,1,1,1,1,1,1,1,1,1,1,1,1,1,1,1,1,1,1,1,1,1,1,1,1,1,1,1,1,1,1,1,1,1,1,1,1,1,1,1,1,1,1,1,1,1,1,1,1,1,1,1,1,1,1,1,1,1,1,1,1,1,1,1,1,1,1]
82: [8,14,28,55,28,55,28,55,28,55,28,55,28,55,28,55,28,55,28,55,28,55,28,55,28,55,28,55,28,55,28,55,28,55,28,55,28,55,28,55,28,55,28,55,28,55,28,55,28,55,28,55,28,55,28,55,28,55,28,55,28,55,28,55,28,55,28,55,28,55,28,55,28,55,28,55,28,55,28,55,28,55,28,55,28,55,28,55,28,55,28,55,28,55,28,55,28,55,28,55,28,55,28,55,28,55,28,55,28,55,28,55,28,55,28,55,28,55,28,55,28,55,28,55,28,55,28,55,28,55,28,55,28,55,28,55,28,55,28,55,28,55,28,46]
83: [9,75,9,75,9,75,9,75,9,75,9,75,9,75,9,75,9,75,9,75,9,75,9,75,9,75,9,75,9,75,9,75,9,75,9,75,9,75,9,75,9,75,9,75,9,75,9,75,9,75,9,75,9,75,9,75,9,75,9,75,9,75,9,75,9,75,9,75,9,75,9,75,9,75,9,75,9,75,9,75,9,75,9,75,9,75,9,75,9,75,9,75,9,75,9,75,9,75,9,75,9,75,9,75,9,75,9,75,9,75,9,75,9,75,9,75,9,75,9,75,9,75,9,75,9,75,9,75,9,75,9,75,9,75,9,75,9,75,9,75,9,75,9,16]
84: [10,41,83,83,83,83,83,83,83,83,83,83,83,83,83,83,83,83,83,83,83,83,83,83,83,83,83,83,83,83,83,83,83,83,83,83,83,83,83,83,83,83,83,83,83,83,83,83,83,83,83,83,83,83,83,83,83,83,83,83,83,83,83,83,83,83,83,83,83,83,83,83,83,83,83,83,83,83,83,83,83,83,83,83,83,83,83,83,83,83,83,83,83,83,83,83,83,83,83,83,83,83,83,83,83,83,83,83,83,83,83,83,83,83,83,83,83,83,83,83,83,83,83,83,83,83,83,83,83,83,83,83,83,83,83,83,83,83,83,83,83,83,83,59]
85: [1,1,1,1,1,1,1,1,1,1,1,1,1,1,1,1,1,1,1,1,1,1,1,1,1,1,1,1,1,1,1,1,1,1,1,1,1,1,1,1,1,1,1,1,1,1,1,1,1,1,1,1,1,1,1,1,1,1,1,1,1,1,1,1,1,1,1,1,1,1,1,1,1,1,1,1,1,1,1,1,1,1,1,1,1,1,1,1,1,1,1,1,1,1,1,1,1,1,1,1,1,1,1,1,1,1,1,1,1,1,1,1,1,1,1,1,1,1,1,1,1,1,1,1,1,1,1,1,1,1,1,1,1,1,1,1,1,1,1,1,1,1,1,1]
86: [6,32,21,42,85,85,85,85,85,85,85,85,85,85,85,85,85,85,85,85,85,85,85,85,85,85,85,85,85,85,85,85,85,85,85,85,85,85,85,85,85,85,85,85,85,85,85,85,85,85,85,85,85,85,85,85,85,85,85,85,85,85,85,85,85,85,85,85,85,85,85,85,85,85,85,85,85,85,85,85,85,85,85,85,85,85,85,85,85,85,85,85,85,85,85,85,85,85,85,85,85,85,85,85,85,85,85,85,85,85,85,85,85,85,85,85,85,85,85,85,85,85,85,85,85,85,85,85,85,85,85,85,85,85,85,85,85,85,85,85,85,85,85,4X]
87: [1,1,1,1,1,1,1,1,1,1,1,1,1,1,1,1,1,1,1,1,1,1,1,1,1,1,1,1,1,1,1,1,1,1,1,1,1,1,1,1,1,1,1,1,1,1,1,1,1,1,1,1,1,1,1,1,1,1,1,1,1,1,1,1,1,1,1,1,1,1,1,1,1,1,1,1,1,1,1,1,1,1,1,1,1,1,1,1,1,1,1,1,1,1,1,1,1,1,1,1,1,1,1,1,1,1,1,1,1,1,1,1,1,1,1,1,1,1,1,1,1,1,1,1,1,1,1,1,1,1,1,1,1,1,1,1,1,1,1,1,1,1,1,1]
88: [8,59,2X,59,2X,59,2X,59,2X,59,2X,59,2X,59,2X,59,2X,59,2X,59,2X,59,2X,59,2X,59,2X,59,2X,59,2X,59,2X,59,2X,59,2X,59,2X,59,2X,59,2X,59,2X,59,2X,59,2X,59,2X,59,2X,59,2X,59,2X,59,2X,59,2X,59,2X,59,2X,59,2X,59,2X,59,2X,59,2X,59,2X,59,2X,59,2X,59,2X,59,2X,59,2X,59,2X,59,2X,59,2X,59,2X,59,2X,59,2X,59,2X,59,2X,59,2X,59,2X,59,2X,59,2X,59,2X,59,2X,59,2X,59,2X,59,2X,59,2X,59,2X,59,2X,59,2X,59,2X,59,2X,59,2X,59,2X,59,2X,59,2X,59,2X,59,2X,E]
89: [15,44,44,44,44,44,44,44,44,44,44,44,44,44,44,44,44,44,44,44,44,44,44,44,44,44,44,44,44,44,44,44,44,44,44,44,44,44,44,44,44,44,44,44,44,44,44,44,44,44,44,44,44,44,44,44,44,44,44,44,44,44,44,44,44,44,44,44,44,44,44,44,44,44,44,44,44,44,44,44,44,44,44,44,44,44,44,44,44,44,44,44,44,44,44,44,44,44,44,44,44,44,44,44,44,44,44,44,44,44,44,44,44,44,44,44,44,44,44,44,44,44,44,44,44,44,44,44,44,44,44,44,44,44,44,44,44,44,44,44,44,44,43,53]
8X: [2,4,8,14,28,55,20,40,81,75,61,34,69,49,8,14,28,55,20,40,81,75,61,34,69,49,8,14,28,55,20,40,81,75,61,34,69,49,8,14,28,55,20,40,81,75,61,34,69,49,8,14,28,55,20,40,81,75,61,34,69,49,8,14,28,55,20,40,81,75,61,34,69,49,8,14,28,55,20,40,81,75,61,34,69,49,8,14,28,55,20,40,81,75,61,34,69,49,8,14,28,55,20,40,81,75,61,34,69,49,8,14,28,55,20,40,81,75,61,34,69,49,8,14,28,55,20,40,81,75,61,34,69,49,8,14,28,55,20,40,81,75,61,25]
8E: [1,1,1,1,1,1,1,1,1,1,1,1,1,1,1,1,1,1,1,1,1,1,1,1,1,1,1,1,1,1,1,1,1,1,1,1,1,1,1,1,1,1,1,1,1,1,1,1,1,1,1,1,1,1,1,1,1,1,1,1,1,1,1,1,1,1,1,1,1,1,1,1,1,1,1,1,1,1,1,1,1,1,1,1,1,1,1,1,1,1,1,1,1,1,1,1,1,1,1,1,1,1,1,1,1,1,1,1,1,1,1,1,1,1,1,1,1,1,1,1,1,1,1,1,1,1,1,1,1,1,1,1,1,1,1,1,1,1,1,1,1,1,1,1]
90: [15,8E,8E,8E,8E,8E,8E,8E,8E,8E,8E,8E,8E,8E,8E,8E,8E,8E,8E,8E,8E,8E,8E,8E,8E,8E,8E,8E,8E,8E,8E,8E,8E,8E,8E,8E,8E,8E,8E,8E,8E,8E,8E,8E,8E,8E,8E,8E,8E,8E,8E,8E,8E,8E,8E,8E,8E,8E,8E,8E,8E,8E,8E,8E,8E,8E,8E,8E,8E,8E,8E,8E,8E,8E,8E,8E,8E,8E,8E,8E,8E,8E,8E,8E,8E,8E,8E,8E,8E,8E,8E,8E,8E,8E,8E,8E,8E,8E,8E,8E,8E,8E,8E,8E,8E,8E,8E,8E,8E,8E,8E,8E,8E,8E,8E,8E,8E,8E,8E,8E,8E,8E,8E,8E,8E,8E,8E,8E,8E,8E,8E,8E,8E,8E,8E,8E,8E,8E,8E,8E,8E,8E,8E,66]
91: [1,1,1,1,1,1,1,1,1,1,1,1,1,1,1,1,1,1,1,1,1,1,1,1,1,1,1,1,1,1,1,1,1,1,1,1,1,1,1,1,1,1,1,1,1,1,1,1,1,1,1,1,1,1,1,1,1,1,1,1,1,1,1,1,1,1,1,1,1,1,1,1,1,1,1,1,1,1,1,1,1,1,1,1,1,1,1,1,1,1,1,1,1,1,1,1,1,1,1,1,1,1,1,1,1,1,1,1,1,1,1,1,1,1,1,1,1,1,1,1,1,1,1,1,1,1,1,1,1,1,1,1,1,1,1,1,1,1,1,1,1,1,1,1]
92: [X,91,91,91,91,91,91,91,91,91,91,91,91,91,91,91,91,91,91,91,91,91,91,91,91,91,91,91,91,91,91,91,91,91,91,91,91,91,91,91,91,91,91,91,91,91,91,91,91,91,91,91,91,91,91,91,91,91,91,91,91,91,91,91,91,91,91,91,91,91,91,91,91,91,91,91,91,91,91,91,91,91,91,91,91,91,91,91,91,91,91,91,91,91,91,91,91,91,91,91,91,91,91,91,91,91,91,91,91,91,91,91,91,91,91,91,91,91,91,91,91,91,91,91,91,91,91,91,91,91,91,91,91,91,91,91,91,91,91,91,91,91,91,35]
93: [3,9,23,6E,23,6E,23,6E,23,6E,23,6E,23,6E,23,6E,23,6E,23,6E,23,6E,23,6E,23,6E,23,6E,23,6E,23,6E,23,6E,23,6E,23,6E,23,6E,23,6E,23,6E,23,6E,23,6E,23,6E,23,6E,23,6E,23,6E,23,6E,23,6E,23,6E,23,6E,23,6E,23,6E,23,6E,23,6E,23,6E,23,6E,23,6E,23,6E,23,6E,23,6E,23,6E,23,6E,23,6E,23,6E,23,6E,23,6E,23,6E,23,6E,23,6E,23,6E,23,6E,23,6E,23,6E,23,6E,23,6E,23,6E,23,6E,23,6E,23,6E,23,6E,23,6E,23,6E,23,6E,23,6E,23,6E,23,6E,23,6E,23,6E,23,6E,23,53]
94: [16,62,62,62,62,62,62,62,62,62,62,62,62,62,62,62,62,62,62,62,62,62,62,62,62,62,62,62,62,62,62,62,62,62,62,62,62,62,62,62,62,62,62,62,62,62,62,62,62,62,62,62,62,62,62,62,62,62,62,62,62,62,62,62,62,62,62,62,62,62,62,62,62,62,62,62,62,62,62,62,62,62,62,62,62,62,62,62,62,62,62,62,62,62,62,62,62,62,62,62,62,62,62,62,62,62,62,62,62,62,62,62,62,62,62,62,62,62,62,62,62,62,62,62,62,62,62,62,62,62,62,62,62,62,62,62,62,62,62,62,62,62,61,73]
95: [1,1,1,1,1,1,1,1,1,1,1,1,1,1,1,1,1,1,1,1,1,1,1,1,1,1,1,1,1,1,1,1,1,1,1,1,1,1,1,1,1,1,1,1,1,1,1,1,1,1,1,1,1,1,1,1,1,1,1,1,1,1,1,1,1,1,1,1,1,1,1,1,1,1,1,1,1,1,1,1,1,1,1,1,1,1,1,1,1,1,1,1,1,1,1,1,1,1,1,1,1,1,1,1,1,1,1,1,1,1,1,1,1,1,1,1,1,1,1,1,1,1,1,1,1,1,1,1,1,1,1,1,1,1,1,1,1,1,1,1,1,1,1,1]
96: [6,31,95,95,95,95,95,95,95,95,95,95,95,95,95,95,95,95,95,95,95,95,95,95,95,95,95,95,95,95,95,95,95,95,95,95,95,95,95,95,95,95,95,95,95,95,95,95,95,95,95,95,95,95,95,95,95,95,95,95,95,95,95,95,95,95,95,95,95,95,95,95,95,95,95,95,95,95,95,95,95,95,95,95,95,95,95,95,95,95,95,95,95,95,95,95,95,95,95,95,95,95,95,95,95,95,95,95,95,95,95,95,95,95,95,95,95,95,95,95,95,95,95,95,95,95,95,95,95,95,95,95,95,95,95,95,95,95,95,95,95,95,95,5X]
97: [5,22,13,66,3E,5,22,13,66,3E,5,22,13,66,3E,5,22,13,66,3E,5,22,13,66,3E,5,22,13,66,3E,5,22,13,66,3E,5,22,13,66,3E,5,22,13,66,3E,5,22,13,66,3E,5,22,13,66,3E,5,22,13,66,3E,5,22,13,66,3E,5,22,13,66,3E,5,22,13,66,3E,5,22,13,66,3E,5,22,13,66,3E,5,22,13,66,3E,5,22,13,66,3E,5,22,13,66,3E,5,22,13,66,3E,5,22,13,66,3E,5,22,13,66,3E,5,22,13,66,3E,5,22,13,66,3E,5,22,13,66,3E,5,22,13,66,3E,5,22,13,66,3E,5,22,13,35]
98: [4,14,56,29,14,56,29,14,56,29,14,56,29,14,56,29,14,56,29,14,56,29,14,56,29,14,56,29,14,56,29,14,56,29,14,56,29,14,56,29,14,56,29,14,56,29,14,56,29,14,56,29,14,56,29,14,56,29,14,56,29,14,56,29,14,56,29,14,56,29,14,56,29,14,56,29,14,56,29,14,56,29,14,56,29,14,56,29,14,56,29,14,56,29,14,56,29,14,56,29,14,56,29,14,56,29,14,56,29,14,56,29,14,56,29,14,56,29,14,56,29,14,56,29,14,56,29,14,56,29,14,56,29,14,56,29,14,56,29,14,56,29,14,33]
99: [9,73,73,73,73,73,73,73,73,73,73,73,73,73,73,73,73,73,73,73,73,73,73,73,73,73,73,73,73,73,73,73,73,73,73,73,73,73,73,73,73,73,73,73,73,73,73,73,73,73,73,73,73,73,73,73,73,73,73,73,73,73,73,73,73,73,73,73,73,73,73,73,73,73,73,73,73,73,73,73,73,73,73,73,73,73,73,73,73,73,73,73,73,73,73,73,73,73,73,73,73,73,73,73,73,73,73,73,73,73,73,73,73,73,73,73,73,73,73,73,73,73,73,73,73,73,73,73,73,73,73,73,73,73,73,73,73,73,73,73,73,73,73,25]
9X: [2,4,8,14,28,55,10,20,40,81,65,30,61,24,48,95,91,85,71,44,89,79,59,18,34,69,38,75,51,4,8,14,28,55,10,20,40,81,65,30,61,24,48,95,91,85,71,44,89,79,59,18,34,69,38,75,51,4,8,14,28,55,10,20,40,81,65,30,61,24,48,95,91,85,71,44,89,79,59,18,34,69,38,75,51,4,8,14,28,55,10,20,40,81,65,30,61,24,48,95,91,85,71,44,89,79,59,18,34,69,38,75,51,4,8,14,28,55,10,20,40,81,65,30,61,24,48,95,91,85,71,44,89,79,59,18,34,69,38,75,51,4,8,5]
9E: [7,44,7,44,7,44,7,44,7,44,7,44,7,44,7,44,7,44,7,44,7,44,7,44,7,44,7,44,7,44,7,44,7,44,7,44,7,44,7,44,7,44,7,44,7,44,7,44,7,44,7,44,7,44,7,44,7,44,7,44,7,44,7,44,7,44,7,44,7,44,7,44,7,44,7,44,7,44,7,44,7,44,7,44,7,44,7,44,7,44,7,44,7,44,7,44,7,44,7,44,7,44,7,44,7,44,7,44,7,44,7,44,7,44,7,44,7,44,7,44,7,44,7,44,7,44,7,44,7,44,7,44,7,44,7,44,7,44,7,44,7,44,7,8]
X0: [25,9E,9E,9E,9E,9E,9E,9E,9E,9E,9E,9E,9E,9E,9E,9E,9E,9E,9E,9E,9E,9E,9E,9E,9E,9E,9E,9E,9E,9E,9E,9E,9E,9E,9E,9E,9E,9E,9E,9E,9E,9E,9E,9E,9E,9E,9E,9E,9E,9E,9E,9E,9E,9E,9E,9E,9E,9E,9E,9E,9E,9E,9E,9E,9E,9E,9E,9E,9E,9E,9E,9E,9E,9E,9E,9E,9E,9E,9E,9E,9E,9E,9E,9E,9E,9E,9E,9E,9E,9E,9E,9E,9E,9E,9E,9E,9E,9E,9E,9E,9E,9E,9E,9E,9E,9E,9E,9E,9E,9E,9E,9E,9E,9E,9E,9E,9E,9E,9E,9E,9E,9E,9E,9E,9E,9E,9E,9E,9E,9E,9E,9E,9E,9E,9E,9E,9E,9E,9E,9E,9E,9E,9X,81]
X1: [6,6,6,6,6,6,6,6,6,6,6,6,6,6,6,6,6,6,6,6,6,6,6,6,6,6,6,6,6,6,6,6,6,6,6,6,6,6,6,6,6,6,6,6,6,6,6,6,6,6,6,6,6,6,6,6,6,6,6,6,6,6,6,6,6,6,6,6,6,6,6,6,6,6,6,6,6,6,6,6,6,6,6,6,6,6,6,6,6,6,6,6,6,6,6,6,6,6,6,6,6,6,6,6,6,6,6,6,6,6,6,6,6,6,6,6,6,6,6,6,6,6,6,6,6,6,6,6,6,6,6,6,6,6,6,6,6,6,6,6,6,6,6,6]
X2: [2,4,8,14,28,55,8,14,28,55,8,14,28,55,8,14,28,55,8,14,28,55,8,14,28,55,8,14,28,55,8,14,28,55,8,14,28,55,8,14,28,55,8,14,28,55,8,14,28,55,8,14,28,55,8,14,28,55,8,14,28,55,8,14,28,55,8,14,28,55,8,14,28,55,8,14,28,55,8,14,28,55,8,14,28,55,8,14,28,55,8,14,28,55,8,14,28,55,8,14,28,55,8,14,28,55,8,14,28,55,8,14,28,55,8,14,28,55,8,14,28,55,8,14,28,55,8,14,28,55,8,14,28,55,8,14,28,55,8,14,28,55,8,4]
X3: [3,9,23,6E,3,9,23,6E,3,9,23,6E,3,9,23,6E,3,9,23,6E,3,9,23,6E,3,9,23,6E,3,9,23,6E,3,9,23,6E,3,9,23,6E,3,9,23,6E,3,9,23,6E,3,9,23,6E,3,9,23,6E,3,9,23,6E,3,9,23,6E,3,9,23,6E,3,9,23,6E,3,9,23,6E,3,9,23,6E,3,9,23,6E,3,9,23,6E,3,9,23,6E,3,9,23,6E,3,9,23,6E,3,9,23,6E,3,9,23,6E,3,9,23,6E,3,9,23,6E,3,9,23,6E,3,9,23,6E,3,9,23,6E,3,9,23,6E,3,9,23,6E,3,9,23,6E,3,9,23,53]
X4: [4,14,56,14,56,14,56,14,56,14,56,14,56,14,56,14,56,14,56,14,56,14,56,14,56,14,56,14,56,14,56,14,56,14,56,14,56,14,56,14,56,14,56,14,56,14,56,14,56,14,56,14,56,14,56,14,56,14,56,14,56,14,56,14,56,14,56,14,56,14,56,14,56,14,56,14,56,14,56,14,56,14,56,14,56,14,56,14,56,14,56,14,56,14,56,14,56,14,56,14,56,14,56,14,56,14,56,14,56,14,56,14,56,14,56,14,56,14,56,14,56,14,56,14,56,14,56,14,56,14,56,14,56,14,56,14,56,14,56,14,56,14,55,95]
X5: [X,44,X,44,X,44,X,44,X,44,X,44,X,44,X,44,X,44,X,44,X,44,X,44,X,44,X,44,X,44,X,44,X,44,X,44,X,44,X,44,X,44,X,44,X,44,X,44,X,44,X,44,X,44,X,44,X,44,X,44,X,44,X,44,X,44,X,44,X,44,X,44,X,44,X,44,X,44,X,44,X,44,X,44,X,44,X,44,X,44,X,44,X,44,X,44,X,44,X,44,X,44,X,44,X,44,X,44,X,44,X,44,X,44,X,44,X,44,X,44,X,44,X,44,X,44,X,44,X,44,X,44,X,44,X,44,X,44,X,44,X,44,X,44]
X6: [18,X5,X5,X5,X5,X5,X5,X5,X5,X5,X5,X5,X5,X5,X5,X5,X5,X5,X5,X5,X5,X5,X5,X5,X5,X5,X5,X5,X5,X5,X5,X5,X5,X5,X5,X5,X5,X5,X5,X5,X5,X5,X5,X5,X5,X5,X5,X5,X5,X5,X5,X5,X5,X5,X5,X5,X5,X5,X5,X5,X5,X5,X5,X5,X5,X5,X5,X5,X5,X5,X5,X5,X5,X5,X5,X5,X5,X5,X5,X5,X5,X5,X5,X5,X5,X5,X5,X5,X5,X5,X5,X5,X5,X5,X5,X5,X5,X5,X5,X5,X5,X5,X5,X5,X5,X5,X5,X5,X5,X5,X5,X5,X5,X5,X5,X5,X5,X5,X5,X5,X5,X5,X5,X5,X5,X5,X5,X5,X5,X5,X5,X5,X5,X5,X5,X5,X5,X5,X5,X5,X5,X5,X5,X]
X7: [1,1,1,1,1,1,1,1,1,1,1,1,1,1,1,1,1,1,1,1,1,1,1,1,1,1,1,1,1,1,1,1,1,1,1,1,1,1,1,1,1,1,1,1,1,1,1,1,1,1,1,1,1,1,1,1,1,1,1,1,1,1,1,1,1,1,1,1,1,1,1,1,1,1,1,1,1,1,1,1,1,1,1,1,1,1,1,1,1,1,1,1,1,1,1,1,1,1,1,1,1,1,1,1,1,1,1,1,1,1,1,1,1,1,1,1,1,1,1,1,1,1,1,1,1,1,1,1,1,1,1,1,1,1,1,1,1,1,1,1,1,1,1,1]
X8: [16,30,61,16,30,61,16,30,61,16,30,61,16,30,61,16,30,61,16,30,61,16,30,61,16,30,61,16,30,61,16,30,61,16,30,61,16,30,61,16,30,61,16,30,61,16,30,61,16,30,61,16,30,61,16,30,61,16,30,61,16,30,61,16,30,61,16,30,61,16,30,61,16,30,61,16,30,61,16,30,61,16,30,61,16,30,61,16,30,61,16,30,61,16,30,61,16,30,61,16,30,61,16,30,61,16,30,61,16,30,61,16,30,61,16,30,61,16,30,61,16,30,61,16,30,61,16,30,61,16,30,61,16,30,61,16,30,61,16,30,61,16,30,61]
X9: [3,9,23,6X,9E,85,3X,9,23,6X,9E,85,3X,9,23,6X,9E,85,3X,9,23,6X,9E,85,3X,9,23,6X,9E,85,3X,9,23,6X,9E,85,3X,9,23,6X,9E,85,3X,9,23,6X,9E,85,3X,9,23,6X,9E,85,3X,9,23,6X,9E,85,3X,9,23,6X,9E,85,3X,9,23,6X,9E,85,3X,9,23,6X,9E,85,3X,9,23,6X,9E,85,3X,9,23,6X,9E,85,3X,9,23,6X,9E,85,3X,9,23,6X,9E,85,3X,9,23,6X,9E,85,3X,9,23,6X,9E,85,3X,9,23,6X,9E,85,3X,9,23,6X,9E,85,3X,9,23,6X,9E,85,3X,9,23,6X,9E,85,3X,9,23,6X,9E,67]
XX: [X,90,37,37,37,37,37,37,37,37,37,37,37,37,37,37,37,37,37,37,37,37,37,37,37,37,37,37,37,37,37,37,37,37,37,37,37,37,37,37,37,37,37,37,37,37,37,37,37,37,37,37,37,37,37,37,37,37,37,37,37,37,37,37,37,37,37,37,37,37,37,37,37,37,37,37,37,37,37,37,37,37,37,37,37,37,37,37,37,37,37,37,37,37,37,37,37,37,37,37,37,37,37,37,37,37,37,37,37,37,37,37,37,37,37,37,37,37,37,37,37,37,37,37,37,37,37,37,37,37,37,37,37,37,37,37,37,37,37,37,37,37,36,94]
XE: [1,1,1,1,1,1,1,1,1,1,1,1,1,1,1,1,1,1,1,1,1,1,1,1,1,1,1,1,1,1,1,1,1,1,1,1,1,1,1,1,1,1,1,1,1,1,1,1,1,1,1,1,1,1,1,1,1,1,1,1,1,1,1,1,1,1,1,1,1,1,1,1,1,1,1,1,1,1,1,1,1,1,1,1,1,1,1,1,1,1,1,1,1,1,1,1,1,1,1,1,1,1,1,1,1,1,1,1,1,1,1,1,1,1,1,1,1,1,1,1,1,1,1,1,1,1,1,1,1,1,1,1,1,1,1,1,1,1,1,1,1,1,1,1]
E0: [11,22,44,89,67,22,44,89,67,22,44,89,67,22,44,89,67,22,44,89,67,22,44,89,67,22,44,89,67,22,44,89,67,22,44,89,67,22,44,89,67,22,44,89,67,22,44,89,67,22,44,89,67,22,44,89,67,22,44,89,67,22,44,89,67,22,44,89,67,22,44,89,67,22,44,89,67,22,44,89,67,22,44,89,67,22,44,89,67,22,44,89,67,22,44,89,67,22,44,89,67,22,44,89,67,22,44,89,67,22,44,89,67,22,44,89,67,22,44,89,67,22,44,89,67,22,44,89,67,22,44,89,67,22,44,89,67,22,44,89,67,22,44,38]
E1: [7,43,80,7,43,80,7,43,80,7,43,80,7,43,80,7,43,80,7,43,80,7,43,80,7,43,80,7,43,80,7,43,80,7,43,80,7,43,80,7,43,80,7,43,80,7,43,80,7,43,80,7,43,80,7,43,80,7,43,80,7,43,80,7,43,80,7,43,80,7,43,80,7,43,80,7,43,80,7,43,80,7,43,80,7,43,80,7,43,80,7,43,80,7,43,80,7,43,80,7,43,80,7,43,80,7,43,80,7,43,80,7,43,80,7,43,80,7,43,80,7,43,80,7,43,80,7,43,80,7,43,80,7,43,80,7,43,80,7,43,80,7,43,39]
E2: [2,4,8,14,28,54,X9,X5,99,85,59,4,8,14,28,54,X9,X5,99,85,59,4,8,14,28,54,X9,X5,99,85,59,4,8,14,28,54,X9,X5,99,85,59,4,8,14,28,54,X9,X5,99,85,59,4,8,14,28,54,X9,X5,99,85,59,4,8,14,28,54,X9,X5,99,85,59,4,8,14,28,54,X9,X5,99,85,59,4,8,14,28,54,X9,X5,99,85,59,4,8,14,28,54,X9,X5,99,85,59,4,8,14,28,54,X9,X5,99,85,59,4,8,14,28,54,X9,X5,99,85,59,4,8,14,28,54,X9,X5,99,85,59,4,8,14,28,54,X9,X5,99,85,59,4,8,4]
E3: [1X,57,57,57,57,57,57,57,57,57,57,57,57,57,57,57,57,57,57,57,57,57,57,57,57,57,57,57,57,57,57,57,57,57,57,57,57,57,57,57,57,57,57,57,57,57,57,57,57,57,57,57,57,57,57,57,57,57,57,57,57,57,57,57,57,57,57,57,57,57,57,57,57,57,57,57,57,57,57,57,57,57,57,57,57,57,57,57,57,57,57,57,57,57,57,57,57,57,57,57,57,57,57,57,57,57,57,57,57,57,57,57,57,57,57,57,57,57,57,57,57,57,57,57,57,57,57,57,57,57,57,57,57,57,57,57,57,57,57,57,57,57,57,28]
E4: [8,57,E3,E3,E3,E3,E3,E3,E3,E3,E3,E3,E3,E3,E3,E3,E3,E3,E3,E3,E3,E3,E3,E3,E3,E3,E3,E3,E3,E3,E3,E3,E3,E3,E3,E3,E3,E3,E3,E3,E3,E3,E3,E3,E3,E3,E3,E3,E3,E3,E3,E3,E3,E3,E3,E3,E3,E3,E3,E3,E3,E3,E3,E3,E3,E3,E3,E3,E3,E3,E3,E3,E3,E3,E3,E3,E3,E3,E3,E3,E3,E3,E3,E3,E3,E3,E3,E3,E3,E3,E3,E3,E3,E3,E3,E3,E3,E3,E3,E3,E3,E3,E3,E3,E3,E3,E3,E3,E3,E3,E3,E3,E3,E3,E3,E3,E3,E3,E3,E3,E3,E3,E3,E3,E3,E3,E3,E3,E3,E3,E3,E3,E3,E3,E3,E3,E3,E3,E3,E3,E3,E3,E3,73]
E5: [1,1,1,1,1,1,1,1,1,1,1,1,1,1,1,1,1,1,1,1,1,1,1,1,1,1,1,1,1,1,1,1,1,1,1,1,1,1,1,1,1,1,1,1,1,1,1,1,1,1,1,1,1,1,1,1,1,1,1,1,1,1,1,1,1,1,1,1,1,1,1,1,1,1,1,1,1,1,1,1,1,1,1,1,1,1,1,1,1,1,1,1,1,1,1,1,1,1,1,1,1,1,1,1,1,1,1,1,1,1,1,1,1,1,1,1,1,1,1,1,1,1,1,1,1,1,1,1,1,1,1,1,1,1,1,1,1,1,1,1,1,1,1,1]
E6: [6,31,73,94,X5,52,84,42,21,10,63,31,73,94,X5,52,84,42,21,10,63,31,73,94,X5,52,84,42,21,10,63,31,73,94,X5,52,84,42,21,10,63,31,73,94,X5,52,84,42,21,10,63,31,73,94,X5,52,84,42,21,10,63,31,73,94,X5,52,84,42,21,10,63,31,73,94,X5,52,84,42,21,10,63,31,73,94,X5,52,84,42,21,10,63,31,73,94,X5,52,84,42,21,10,63,31,73,94,X5,52,84,42,21,10,63,31,73,94,X5,52,84,42,21,10,63,31,73,94,X5,52,84,42,21,10,63,31,73,94,X5,52,84,42,21,10,63,31,73,61]
E7: [1,1,1,1,1,1,1,1,1,1,1,1,1,1,1,1,1,1,1,1,1,1,1,1,1,1,1,1,1,1,1,1,1,1,1,1,1,1,1,1,1,1,1,1,1,1,1,1,1,1,1,1,1,1,1,1,1,1,1,1,1,1,1,1,1,1,1,1,1,1,1,1,1,1,1,1,1,1,1,1,1,1,1,1,1,1,1,1,1,1,1,1,1,1,1,1,1,1,1,1,1,1,1,1,1,1,1,1,1,1,1,1,1,1,1,1,1,1,1,1,1,1,1,1,1,1,1,1,1,1,1,1,1,1,1,1,1,1,1,1,1,1,1,1]
E8: [1E,3X,79,3X,79,3X,79,3X,79,3X,79,3X,79,3X,79,3X,79,3X,79,3X,79,3X,79,3X,79,3X,79,3X,79,3X,79,3X,79,3X,79,3X,79,3X,79,3X,79,3X,79,3X,79,3X,79,3X,79,3X,79,3X,79,3X,79,3X,79,3X,79,3X,79,3X,79,3X,79,3X,79,3X,79,3X,79,3X,79,3X,79,3X,79,3X,79,3X,79,3X,79,3X,79,3X,79,3X,79,3X,79,3X,79,3X,79,3X,79,3X,79,3X,79,3X,79,3X,79,3X,79,3X,79,3X,79,3X,79,3X,79,3X,79,3X,79,3X,79,3X,79,3X,79,3X,79,3X,79,3X,79,3X,79,3X,79,3X,79,3X,79,3X,79,3X,78,73]
E9: [3,9,23,6X,8E,33,9E,64,74,X5,7E,3,9,23,6X,8E,33,9E,64,74,X5,7E,3,9,23,6X,8E,33,9E,64,74,X5,7E,3,9,23,6X,8E,33,9E,64,74,X5,7E,3,9,23,6X,8E,33,9E,64,74,X5,7E,3,9,23,6X,8E,33,9E,64,74,X5,7E,3,9,23,6X,8E,33,9E,64,74,X5,7E,3,9,23,6X,8E,33,9E,64,74,X5,7E,3,9,23,6X,8E,33,9E,64,74,X5,7E,3,9,23,6X,8E,33,9E,64,74,X5,7E,3,9,23,6X,8E,33,9E,64,74,X5,7E,3,9,23,6X,8E,33,9E,64,74,X5,7E,3,9,23,6X,8E,33,9E,64,74,X5,7X,X5]
EX: [2,4,8,14,28,54,X9,99,79,38,75,30,61,4,8,14,28,54,X9,99,79,38,75,30,61,4,8,14,28,54,X9,99,79,38,75,30,61,4,8,14,28,54,X9,99,79,38,75,30,61,4,8,14,28,54,X9,99,79,38,75,30,61,4,8,14,28,54,X9,99,79,38,75,30,61,4,8,14,28,54,X9,99,79,38,75,30,61,4,8,14,28,54,X9,99,79,38,75,30,61,4,8,14,28,54,X9,99,79,38,75,30,61,4,8,14,28,54,X9,99,79,38,75,30,61,4,8,14,28,54,X9,99,79,38,75,30,61,4,8,14,28,54,X9,99,79,38,75,20]
EE: [E,XE,E,XE,E,XE,E,XE,E,XE,E,XE,E,XE,E,XE,E,XE,E,XE,E,XE,E,XE,E,XE,E,XE,E,XE,E,XE,E,XE,E,XE,E,XE,E,XE,E,XE,E,XE,E,XE,E,XE,E,XE,E,XE,E,XE,E,XE,E,XE,E,XE,E,XE,E,XE,E,XE,E,XE,E,XE,E,XE,E,XE,E,XE,E,XE,E,XE,E,XE,E,XE,E,XE,E,XE,E,XE,E,XE,E,XE,E,XE,E,XE,E,XE,E,XE,E,XE,E,XE,E,XE,E,XE,E,XE,E,XE,E,XE,E,XE,E,XE,E,XE,E,XE,E,XE,E,XE,E,XE,E,XE,E,XE,E,XE,E,XE,E,XE,E,XE,E,51]
100: [2E,EE,EE,EE,EE,EE,EE,EE,EE,EE,EE,EE,EE,EE,EE,EE,EE,EE,EE,EE,EE,EE,EE,EE,EE,EE,EE,EE,EE,EE,EE,EE,EE,EE,EE,EE,EE,EE,EE,EE,EE,EE,EE,EE,EE,EE,EE,EE,EE,EE,EE,EE,EE,EE,EE,EE,EE,EE,EE,EE,EE,EE,EE,EE,EE,EE,EE,EE,EE,EE,EE,EE,EE,EE,EE,EE,EE,EE,EE,EE,EE,EE,EE,EE,EE,EE,EE,EE,EE,EE,EE,EE,EE,EE,EE,EE,EE,EE,EE,EE,EE,EE,EE,EE,EE,EE,EE,EE,EE,EE,EE,EE,EE,EE,EE,EE,EE,EE,EE,EE,EE,EE,EE,EE,EE,EE,EE,EE,EE,EE,EE,EE,EE,EE,EE,EE,EE,EE,EE,EE,EE,EE,EE,4X]
