2: 2, 3, 4, 5, 7, 8, 9, 10, 12, 13, 14, 15, 16, 17, 18*, 19, 20*, 21*, 22, 24, 26, 27, 30, 31, 32, 33, 34, 38, 40, 42, 46, 49, 54*, 56, 61, 62, 65, 69, 77, 78, 80, 85, 86, 89, 90, 93, 98, 107, 120, 122, 126, 127, 129, 133, 145, 147*, 150, 158, 165, 170, 174, 184, 192, 195, 202, 208, 234, 254, 261, 280, 296, 312, 322, 334, 342*, 345, 366, 374, 382, 398, 410, 414, 425, 447, 471, 507, 521, 550, 567, 579, 590, 600, 602*, 607, 626, 690, 694, 712, 745, 795, 816, 889*, 897, 909, 954, 990, 1106, 1192, 1224, 1230, 1279, 1384, 1386, 1402, 1464, 1512, 1554, 1562, 1600, 1670, 1683, 1727, 1781, 1834, 1904, 1990, 1992, 2008, 2037, 2203, 2281, 2298, 2353, 2406, 2456, 2499,
3: 1, 3, 4*, 6, 7, 8*, 9, 10, 12, 13, 14, 15, 20*, 21, 24, 26, 32*, 33, 36, 40, 46, 60, 63, 64*, 70, 71, 72, 86, 103, 108, 128*, 130, 132, 143, 145, 154, 161, 236, 255, 261, 276, 279, 287, 304, 364, 430, 464, 513, 528, 541, 562, 665, 672, 680, 707, 718, 747, 760, 782, 828, 875, 892, 974, 984, 987, 1037, 1058, 1070, 1073, 1080, 1091, 1154, 1248, 1367, 1426, 1440, 1462, 1524, 1598, 1623, 1627, 1863, 1985, 2132, 2188, 2196, 2340, 2460,
4: 1, 2, 3*, 4, 6, 8, 10*, 12, 16, 20, 28, 40, 60, 92, 96, 104, 140, 148, 156, 300, 356, 408, 596, 612, 692, 732, 756, 800, 952, 996, 1004, 1228, 1268, 2240,
5: 2*, 3, 4*, 6*, 7, 8*, 10, 11, 12, 13, 18*, 24, 28, 47, 48, 49, 56, 57, 88, 90, 92, 108, 110, 116, 120, 127, 134, 141, 149, 161, 171*, 181, 198, 202, 206, 236, 248, 288, 357, 384, 420, 458, 500, 530, 536, 619, 620, 694, 798, 897, 929, 981, 992, 1064, 1134, 1230, 1670, 1807, 2094, 2162*, 2369,
6: 1, 2, 3, 4, 5*, 6, 7, 8, 18, 21, 22, 24, 29, 30, 42, 50, 62, 71, 86, 90, 94, 118, 124, 127, 129*, 144, 154, 186*, 192, 214, 271, 354, 360, 411, 480, 509, 558, 575, 663, 764, 814, 825, 874, 1028, 1049, 1050, 1102, 1113, 1131, 1158, 1376, 1464, 1468, 1535, 1622, 1782, 1834, 1924, 2096, 2176, 2409, 2464,
7: 3*, 5, 6, 8*, 13, 18, 21, 28, 30, 34, 36, 46, 48, 50, 54, 55, 58, 63, 76, 84, 94, 105, 122, 131, 148, 149, 224, 280, 288, 296, 332, 352, 456, 528, 531, 581, 650, 654, 730, 740, 759, 1026, 1047, 1065, 1460, 1660, 1699, 1959, 2067, 2260, 2380,
8: 1, 3, 6*, 9, 18*, 30, 42, 78, 87, 114*, 138, 189, 303, 318, 330, 408, 462, 504, 561, 1002, 1389, 1746, 1794, 2040, 2418,
9: 2*, 4*, 6, 10*, 12, 16*, 18, 20, 30, 32*, 36, 54, 64*, 66, 118, 138, 152, 182, 232, 264, 336, 340, 380, 414, 446, 492, 540, 624, 720, 762, 1066, 1094, 1098, 1170, 1230, 1254, 1320, 1428, 1546, 2018,
10: 2, 3*, 4, 9*, 10, 12, 14, 19, 23, 24, 36, 38, 39, 48, 62, 93, 106, 120, 134, 150, 196, 294*, 317, 320, 385, 586, 597, 654, 738, 945, 1031, 1172, 1282, 1404, 1426, 1452, 1521, 1752, 1812, 1836, 1844, 1862, 2134, 2232, 2264,
11: 2*, 4*, 5*, 6*, 8*, 9, 10, 14, 15, 17, 18*, 19, 20, 27, 36, 42, 45, 52, 60, 73, 91, 104, 139, 205, 234, 246, 318, 358, 388, 403, 458, 552, 810, 855, 878, 907, 1114, 1131, 1220, 1272, 1431, 1470, 1568, 1614, 1688, 1696, 1907, 2029, 2136, 2288,
12: 1, 2, 3, 5, 10, 12, 19, 20*, 21, 22, 56, 60, 63, 70, 80, 84, 92, 97, 109, 111, 123, 164, 189, 218, 276, 317, 353, 364, 386, 405, 456, 511, 636, 675, 701, 793, 945, 1090, 1268, 1272, 1971, 2088, 2368, 2482,
13: 2*, 3*, 5, 6, 7, 8*, 9*, 12, 16*, 22, 24, 28, 33, 34, 38, 78, 80, 102, 137, 140, 147, 224, 230, 283, 304, 341, 360, 372, 384, 418, 420, 436, 483, 568, 570, 594, 737, 744, 855, 883, 991, 1021, 1193, 1222, 1615, 1628, 1838, 2032, 2146, 2302,
14: 1, 3, 4, 6*, 7, 14, 19, 24, 31, 33, 35, 36, 41, 55*, 60, 106, 114, 129, 152, 153, 172, 222, 265, 286, 400, 448, 560, 584, 864, 1006, 1335, 1363, 1520, 1536, 1659, 1862, 1925, 2332, 2458,
15: 3, 4*, 6, 7*, 14, 24, 43, 54, 58, 73, 85, 93, 102, 184, 220, 221, 228, 232, 247, 291, 305, 486, 487, 505, 551, 552, 590, 1029, 1194, 1274, 1406, 1444, 1532, 1548, 1748, 1986, 2093, 2182, 2202,
16: 2, 4, 6, 8, 10, 14, 20, 30, 46, 48, 52, 70, 74, 78, 150, 178, 204, 298, 306, 346, 366, 378, 400, 476, 498, 502, 614, 634, 1120, 1266, 1530, 1898, 1912, 1972,
17: 3, 5, 7, 8*, 11, 12, 14, 15, 34, 42*, 46, 47, 48, 50, 71, 77, 94, 110*, 114, 147, 154, 176, 228, 235, 258, 275, 338, 350, 419, 450, 480, 515, 589, 624, 666, 716, 724, 810, 815, 1232, 1490, 1934, 2106, 2391,
18: 1, 2, 6, 14, 17*, 21*, 24, 30, 33, 38*, 45, 46, 72, 78, 114, 146, 168, 288, 414, 440, 448, 665, 792, 801, 816, 975, 1165, 1176, 1267, 1466, 1513, 1882, 1920, 1998, 2194, 2272,
19: 2*, 3*, 4*, 19, 20, 31, 34, 47, 56, 59, 61, 70, 74, 91, 92, 96, 98, 107, 120, 145, 156*, 168, 242, 276, 314, 326, 337, 387, 565, 602, 612, 892, 984, 1061, 1067, 1079, 1262, 1328, 2356,
20: 1, 3, 4, 6*, 8, 9, 10, 11, 17, 30, 98*, 100, 110, 126, 154, 158, 160, 168, 178, 182, 228, 266, 270, 280, 340, 416, 480, 574, 774, 980, 1052, 1139, 1338, 1418, 1474, 1487, 1594, 1902, 2326,
21: 2*, 3, 5*, 6, 8*, 9, 10, 11, 14, 17, 26, 43, 64*, 74, 81, 104, 192, 271, 321, 335, 348, 404, 437, 445, 516, 671, 694, 788, 1788, 1943, 2343,
22: 2, 5, 6, 7*, 10, 21, 25, 26, 69, 79, 86, 93, 100*, 101, 154, 158, 161, 171, 202, 214, 294, 354, 359, 424, 454, 602*, 687, 706, 744, 857, 1028, 1074, 1136, 1150, 1345, 1408, 1525, 1572, 1578, 1988, 2142,
23: 2*, 5, 8*, 11*, 15, 22, 26, 39, 42, 45, 54*, 56, 132, 134, 145, 147*, 196, 212*, 218, 252, 343, 580, 662, 816, 820, 846, 1078, 1092, 1174, 1189, 1548, 1632, 2040, 2180, 2348,
24: 1, 3, 4, 5, 8, 14, 19, 22, 38, 45, 53, 54, 70, 71, 117, 140, 144, 169, 186, 192, 195, 196, 430, 653, 661, 744, 834, 855, 870, 927, 1128, 1158, 1390, 1516, 1555, 1617, 1844, 2022, 2060, 2208,
25: 2*, 4*, 6, 12, 14, 24, 28, 44, 46, 54, 58, 60, 118, 124, 144, 192, 210, 250, 268, 310, 496, 532, 1258, 1494, 1944, 2050, 2498,
26: 4, 7, 9, 18*, 20, 22, 24, 30, 43, 69, 132, 140, 186*, 200, 210, 218, 267, 347, 454, 495, 554, 585, 645, 694, 980, 1028, 1060, 1098, 1432, 1714, 1828,
27: 2*, 3, 12, 21, 24, 36, 87, 93, 171, 249, 276, 360, 480, 621, 732, 780, 1716,
28: 2, 3*, 5, 6, 8, 17, 21, 38, 81*, 91, 96, 102, 132, 148, 156*, 240, 258, 260, 276, 457, 464, 465*, 500*, 506*, 535, 684, 746, 838, 930, 982, 1015, 1189, 1296, 1335, 1345, 1390, 1423, 2062,
29: 4*, 5, 6*, 7*, 8*, 14, 30, 32*, 39*, 45, 50*, 76, 116, 151, 222, 357, 402, 462, 570, 588, 636, 671, 695, 844, 1498, 1650, 1770,
30: 1, 2, 5, 9, 11, 12, 21*, 36, 51, 64, 91, 163, 174, 195, 230, 278, 318, 342, 346, 424, 530, 569, 578, 795, 984, 1094, 1167, 1335, 1564, 1605, 1658, 1789, 2159, 2204, 2225,
31: 3*, 7, 12, 17, 24, 30, 31, 33, 40, 176, 218, 308, 404, 420, 630, 693, 890, 915, 922, 1475, 2122, 2185, 2487,
32: 1, 6*, 30, 85, 110, 120, 320, 1050, 1065, 1385, 2490,
33: 2*, 3, 10, 16*, 25, 28, 30, 35, 36, 45, 56, 76, 87, 110, 134, 135, 197, 200, 220, 228, 314, 324, 330, 396, 498, 583, 624, 725, 806, 940, 1145, 1240, 1644, 1750, 2171, 2268,
34: 3*, 6, 8, 10*, 13, 20, 24, 56, 87, 154, 164, 196, 282, 363, 428, 652, 744, 780, 860, 902, 952, 1178, 1493, 1540, 1643, 1904, 2184, 2277, 2468,
35: 4*, 6*, 8*, 18*, 21, 22, 26, 42, 128*, 154, 158, 170, 180, 184, 192, 254, 313, 450, 624, 737, 762, 798, 874, 912, 1002, 1006, 1098, 1234, 1297, 1418, 1714, 1926, 2325, 2343, 2368,
36: 2, 4, 12, 62, 72, 96, 180, 240, 382, 514, 688, 732, 734, 962, 1048, 1088, 1232, 1408, 2088, 2176, 2248,
37: 2*, 10, 13, 14, 24, 36, 40, 52, 70, 71, 180, 181, 251, 267, 371, 463, 521, 543, 754, 896, 1008, 1670, 1835,
38: 1, 3, 7, 10, 12, 18*, 66, 102, 124, 140, 154, 318, 334, 361, 401, 437, 449, 632, 730, 750, 951, 1052, 1182, 1227, 1275, 1440, 2126, 2177, 2217, 2245, 2430, 
39: 2*, 4*, 6, 8*, 12, 24, 25, 26, 35, 40, 48, 51, 55, 76, 161, 217, 250*, 298, 304, 349, 355, 387, 527, 631, 679, 720, 816, 850, 1215, 1820, 2353,
40: 2, 3*, 4, 5, 7, 19, 23, 24, 29, 30, 36, 45, 63, 66, 98, 106, 112, 114, 134, 186, 190, 234, 541, 751, 891, 1064, 1266, 1277, 1317, 1363, 1479, 1600, 1743, 1756, 2157, 2354, 2401, 2434,
41: 3, 5*, 6*, 21, 28, 30, 32*, 34, 42, 48, 77, 78, 83, 164, 170, 172, 187, 201, 212, 248, 269, 273, 339, 380, 406, 409, 490, 955, 1382, 1449, 1475, 1759, 1815, 2176, 2241,
42: 1, 2, 6, 18, 24, 50, 51, 54, 57, 77, 116, 138, 152, 630, 966, 995, 1197, 1241, 1319, 1418, 1424, 1470, 1540, 1620, 1689,
43: 2*, 3*, 5, 10, 12, 13, 14, 15, 16*, 25, 38, 69, 72, 92, 116, 117, 121, 172, 185, 210, 248, 340, 395, 453, 502, 554, 556, 665, 766, 1006, 1651, 1808, 2067,
44: 1, 5, 6*, 14, 24, 27, 31, 32, 33, 50*, 95, 96, 167, 180, 189, 258, 264, 295, 474, 836, 870, 2270,
45: 2*, 4*, 19, 20, 27, 53, 57*, 167, 198, 206, 314, 342, 460, 498, 572, 722, 738, 792, 804, 810, 846, 904, 946, 1050, 1314, 2010, 2119, 2222,
46: 2, 5*, 7, 8, 14, 15, 19, 24, 25*, 40, 46, 67, 91, 118, 120, 135, 142, 150, 154, 211, 214, 236, 237, 273, 360, 433, 446, 608, 658, 662, 720, 1024, 1030, 1652, 2437,
47: 2*, 10, 16*, 30, 38, 46, 68*, 92, 95, 127, 158, 162*, 177, 357, 477, 546, 564, 595, 795, 1002, 1070, 1119, 1125, 1266, 1482, 1728, 1734, 2020, 2094, 2276, 2436, 2460,
48: 1, 8, 10, 12, 14*, 19, 20*, 34, 60, 240, 262, 269, 304, 339, 349, 372, 383, 447, 681, 728, 1068, 1092, 1248, 1303, 1735, 2104, 2432,
49: 4*, 14, 18, 24, 38, 42, 74, 112, 140, 144, 148, 166, 176, 228, 264, 370, 730, 830, 1130, 1190, 2010, 2358, 2454,
50: 3, 5, 7*, 9, 24, 49*, 70, 81, 127, 139, 347, 370, 616, 656, 661, 667, 931, 933, 942, 1474, 1626, 1707, 1779, 1902, 2023, 2091, 2203, 2306,
51: 2*, 4*, 6, 9, 16*, 36, 45, 48, 72, 124, 128*, 170, 298, 385, 652, 808, 1131, 1628, 1662, 2284, 2320,
52: 2, 3*, 12, 14, 15, 98, 103, 114, 182, 238, 257, 308, 326, 345, 394, 402, 446, 500*, 655, 684, 934, 1056, 1062, 1582, 1737, 2412,
53: 6*, 11, 15, 16*, 24, 31, 41, 55*, 66, 80, 84, 140, 150, 195, 201, 480, 595, 810, 1571, 1834,
54: 1, 3, 4, 8, 14, 18, 20, 22*, 38, 57, 64, 120, 134, 238, 253*, 264, 389, 394, 529, 560, 670, 954, 1434, 1592, 1920, 1982,
55: 2*, 6, 10, 12, 17, 35, 41, 47, 48, 151, 152, 160, 230, 272, 303, 354, 358, 430, 458, 524, 606, 625, 649, 678, 839, 987, 1077, 1266, 1267, 2238, 2258, 2267, 2298, 2373,
56: 4, 5*, 7, 8, 9, 12, 18*, 27, 50, 51, 74, 117, 136, 157, 214, 232, 296, 297, 300, 322, 324, 472, 595, 927, 1155, 1254, 1280, 1356, 1731, 1833, 2083, 2115, 2126, 2241, 2389,
57: 2*, 3, 8*, 17, 30, 49*, 60, 70, 106, 109, 110*, 150, 151, 211, 237, 315, 417, 454, 505, 650, 661, 837, 1062, 1124, 1155, 1683, 1748, 2317,
58: 2, 6, 34, 41, 42, 90, 110, 120, 594, 696, 930, 942, 1962, 2333, 2380, 2414, 2430,
59: 3, 4*, 10*, 13, 21, 24, 33, 34, 50*, 75, 86, 87, 154, 220, 479, 522, 533, 555, 570, 678, 717, 1360, 1426, 1982, 2070, 2420, 2494,
60: 1, 2, 6, 7, 9, 11, 44, 53, 105, 108, 161, 173, 230, 275, 355, 366, 420, 462, 520, 609, 1005, 1147, 1874, 2096, 2144, 2415,
61: 2*, 4*, 7, 8*, 12, 14, 15, 37, 45, 55, 82, 84, 102, 107, 125*, 244, 354, 718, 769, 795, 928, 931, 1028, 1116, 1369, 1548, 1656, 2345,
62: 1, 3, 5, 12, 15, 17, 22, 24, 25, 27, 33, 36, 47, 49, 50, 54*, 58, 60, 66, 76, 155, 163, 173, 265, 334, 374, 436, 531, 558, 626, 630, 705, 757, 1053, 1870, 2212,
63: 5, 6, 20*, 21, 24, 27, 28, 54, 74, 82, 93, 99, 175, 288, 354, 360, 949, 1258, 1349, 1542, 1676, 1900, 2012, 2303,
64: 204, 252, 1020,
65: 4*, 8*, 12, 19, 24, 29, 38, 42, 45, 62, 64*, 85, 132, 198, 240, 290, 426, 588, 631, 696, 789, 966, 1000, 1190, 1372, 1508, 1864, 2198,
66: 2, 3, 4, 7, 14, 18, 19, 34, 90, 95, 102, 217, 231, 340, 350, 372, 422, 612, 989, 1060, 1065, 1197, 1286, 1630,
67: 2*, 6, 9*, 19, 27*, 49, 245, 367, 384, 417, 420, 455, 679, 816, 1014, 1487, 1490, 2118, 2154,
68: 1, 5, 7, 24, 65, 107, 130, 149, 150, 161, 210, 388, 402, 1098, 1337, 1351, 1514, 1546,
69: 3, 4*, 10*, 14*, 16*, 21, 22, 24, 61, 76, 192, 248, 253, 259, 284, 325, 396, 422, 478, 778, 1006, 1400, 1464, 1521, 1631, 1739, 2371,
70: 2, 3*, 6, 20, 29, 44, 48, 52*, 59, 60, 84, 92, 111, 122, 154, 194, 210, 541, 591, 702, 710, 748, 761, 894, 1013, 1030, 1059, 1368, 1394, 1544, 1719, 2116, 2454,
71: 3, 4*, 6*, 8*, 10, 31, 36, 41, 65, 74, 80, 84, 90, 105, 138, 157, 220, 234, 266, 404, 429, 670, 775, 894, 1564, 1583, 1719,
72: 1, 2, 6, 7, 13, 14, 21*, 109, 158, 182, 227, 264, 310, 554, 561, 605, 725, 729, 1005, 1358, 2184, 2407,
73: 2*, 3*, 5, 7, 8*, 14, 18, 32*, 51, 75, 102, 108, 143, 195, 210, 242, 330, 345, 470, 548, 875, 951, 1146, 1672, 2414,
74: 1, 4, 5, 6*, 8, 25, 26, 28, 32, 62, 74, 120, 162*, 191, 218, 410, 460, 720, 955, 978, 1158, 1324, 1490, 2217, 2250,
75: 2*, 3, 10, 19, 24, 33, 47, 64*, 73, 75, 98, 141, 166, 240, 252, 365, 451, 495, 712, 739, 830, 844, 1764, 2249,
76: 3*, 6, 9*, 10, 24, 30, 32, 41, 124, 132, 138, 153, 157, 222, 238, 382, 439, 538, 593, 1062, 1080, 1085, 1267, 1875, 1936, 1945, 2022, 2051,
77: 3, 5, 6*, 24, 26*, 37, 40, 44, 72, 74, 81, 85, 186, 225, 244, 258, 305, 348, 447, 504, 634, 681, 915*, 1293, 1716, 1902, 2212, 2442, 2454,
78: 2, 3, 6, 9, 14, 15, 20*, 36, 54, 62, 90, 101, 138, 242, 257, 328, 400, 414, 519, 565, 1322, 1330, 1917, 1949, 2378,
79: 2*, 4*, 5, 6, 81*, 96, 109, 114, 130, 149, 214, 264, 312, 414, 450, 659, 748, 914, 982, 1252, 1572, 1937,
80: 1, 3, 7, 8, 10, 18*, 26, 28, 33, 36, 90, 91, 98, 126, 141, 150, 174, 261, 308, 377, 418, 454, 489, 498, 536, 754, 878, 1358, 1810,
81: 2*, 6, 8*, 10, 16*, 18, 32*, 76, 116, 132, 168, 170, 190, 246, 270, 312, 360, 660, 714, 1362, 1402, 1460, 1658, 2062, 2066, 2310,
82: 2, 3*, 8, 20*, 23, 30, 31, 36, 41, 69, 76, 102, 120, 304, 360, 440, 444*, 574, 586, 836, 1668, 1844,
83: 5, 6*, 12, 20*, 24, 38, 55, 62, 65, 74, 86, 135, 145, 230, 264, 480, 495, 592, 770, 842, 861, 870, 925, 1070, 1094, 1108, 1525, 1736, 1815, 1865, 2358,
84: 1, 4, 14, 15, 17, 26, 34*, 56, 60, 132, 201, 278, 282, 320, 425, 498, 582, 636, 718, 750, 864, 930*, 1250*, 1254, 1500, 1942, 2174, 2355,
85: 2*, 3*, 4*, 5, 7*, 19, 42, 45, 68, 110*, 128*, 160, 165, 192, 324, 334, 345, 366, 404, 452, 588, 621, 930, 1056, 1077, 1396, 2111,
86: 6*, 11, 14, 20, 34, 39, 43, 44, 105, 113, 154, 161, 250, 509, 594, 616, 726, 749, 794, 1069, 1467, 2184,
87: 2*, 7, 14, 17, 24, 30, 32*, 65, 78, 168, 368, 384, 517, 588, 775, 934, 1595, 1828, 2365,
88: 2, 8, 9*, 15, 18, 28, 30, 42, 61, 68, 78*, 98, 99, 100*, 216, 247, 291, 577, 603, 763, 1131, 1150, 1418, 1560, 1587, 1602, 1682, 1809, 1908,
89: 3, 7, 15, 26, 43, 47, 71, 72, 108, 109, 118, 187, 216, 260, 274, 306, 345, 413, 555, 571, 884, 1590, 2084, 2096, 2206,
90: 1, 3, 4, 6, 8, 19, 77, 94, 97, 176, 190, 327, 342*, 360, 396, 465*, 670, 754, 832, 990, 994, 1066, 2320,
91: 2*, 3*, 6, 9*, 20, 22, 45, 54, 84, 86, 105, 129, 130, 150, 176, 187, 322, 328, 385, 493, 578, 707, 794, 798, 1090, 1732, 1737, 1771, 1872, 1965, 2482,
92: 6*, 12, 13*, 15, 63, 65, 74, 118, 226, 273, 282, 408, 434, 439, 471, 670, 752, 770, 1059, 1073, 1692, 1943, 2263,
93: 2*, 7, 30, 60, 162, 178, 180, 210, 244, 252, 266, 318, 638, 844, 854, 1142, 1146, 1202, 1260, 1302, 2475,
94: 4, 5, 12, 13, 28, 32, 37, 68, 96, 124, 126, 142, 184, 220, 248, 468, 614, 960, 1056, 1081, 1226, 1338, 1789, 1828, 2004,
95: 2*, 4*, 7, 36, 45, 57, 86, 98, 204, 225, 255, 258, 390, 430, 460, 476, 523, 575, 784, 1219, 1240, 1641, 2279,
96: 2, 18, 20, 28, 42*, 48, 52*, 64, 74, 90, 140, 153, 188, 206, 240, 262, 287, 340, 486, 526, 543, 792, 936, 1195, 2232, 2256,
97: 3*, 17, 20*, 37, 42, 48, 80, 88, 242, 268, 392, 1203, 1452, 1693, 1816, 2460,
98: 1, 6*, 9, 13, 38, 40, 47, 93*, 98, 136, 187, 202, 295, 319, 351, 650, 873, 1920, 2264,
99: 3, 5, 10*, 12, 14, 15, 24, 37, 47, 51, 74, 82, 142, 224, 266, 280, 304, 383, 668, 722, 900, 960, 1017, 1080, 1134, 1374, 1452, 1624, 2485,
100: 2, 6, 12, 18, 24, 60, 98, 160, 586, 702, 726, 876, 906, 918, 922, 1116, 1132,
101: 3, 4*, 14, 20, 25*, 30, 90, 123, 124, 136, 337, 458, 677, 722, 1181, 1332, 1672, 2240, 2318,
102: 1, 2, 6, 9, 24, 59, 102, 114, 128, 135, 381, 399, 531, 673,
103: 2*, 3*, 8*, 19, 26*, 42*, 98, 120, 124, 126, 177, 208, 209, 313, 624, 697, 819, 1414, 1549, 1562, 1856,
104: 1, 6*, 12, 14*, 24, 28, 33, 48, 49, 77, 97, 144, 168, 212, 263, 318, 395, 441, 550, 568, 585, 620, 702, 786, 924, 985, 1266, 1270, 1346, 1445, 1678, 2062, 2217, 2332, 2360, 2418,
105: 2*, 3, 8*, 12, 19, 20, 22, 66, 116, 126, 144, 155, 164, 175, 219, 225, 268, 298, 306, 387, 389, 624, 636, 710, 804, 1167, 1218, 1275, 1339, 1504, 1582, 2317, 2374,
106: 2, 6, 8, 14, 18, 38, 46, 50, 62, 96, 98, 100, 123, 124, 149, 164, 252, 270, 364, 436, 470, 532, 576, 978, 1065, 1073, 2317, 2401*,
107: 17, 18*, 24, 42, 66, 105, 130, 206, 344, 418, 531, 678, 795, 1146, 1356, 1440, 1524, 1813, 1837, 1966,
108: 1, 2, 15, 26, 50, 177, 356, 446, 449, 655, 1924, 2300, 2477,
109: 10*, 12, 17, 20, 30, 33, 96, 118, 158, 184, 237, 276, 351, 490, 522, 960, 1016, 1193, 1622, 1920, 2330,
110: 1, 3, 4, 5, 13, 20, 24, 27, 46, 70, 102, 104, 162*, 170, 202, 267, 294*, 321, 465, 691, 960, 1650, 1721, 1960, 2464,
111: 2*, 3, 5*, 6, 10, 32*, 42, 46, 106, 120, 333, 337, 470, 766, 954, 1351, 2295,
112: 2, 3*, 6, 21, 35, 50, 64, 79, 105, 107, 124, 130, 252, 258, 285, 667, 701, 900, 975, 992, 1128, 1221, 1261, 1332, 1494, 1697, 1833, 2245, 2387,
113: 6*, 8*, 23, 32*, 37, 45, 93, 99, 110, 114, 164, 188, 256*, 414, 623, 774, 814, 899, 987, 1672, 1974,
114: 1, 12, 14, 26, 29, 43, 51, 64, 73, 89, 100, 245, 381, 429, 492, 569, 709, 1276, 1296, 1378, 1390, 1854, 2401,
115: 2*, 3*, 7, 8*, 14, 62, 120, 126, 241, 522, 586, 817, 902, 1409, 2341, 2408,
116: 4, 6*, 21*, 28, 44, 59, 85, 91, 172, 175, 226, 462, 522, 936, 981, 1115, 1127, 1428, 1767, 1897, 2110, 2276, 2494,
117: 2*, 3, 5, 9, 19, 31, 36, 44, 120, 144, 170, 182, 188, 542, 627, 666, 896,
118: 5, 6, 8, 12, 13*, 16, 18, 46, 87, 163, 170, 171*, 193, 218, 234, 424, 528, 672, 903, 1243, 2200, 2210,
119: 3, 8*, 19, 20, 40, 44, 58, 87, 106, 114, 116, 168, 216, 408, 480, 657, 827, 902, 1165, 1392, 1594, 1611, 2073, 2243,
120: 4, 5, 6, 7*, 18, 20, 30, 62, 86, 138, 140, 147, 169, 256, 360, 373, 402, 426, 493, 526, 583, 1078, 1108, 1228, 1552, 1693,
121: 2*, 4*, 10, 18, 26, 30, 52, 194, 276, 610, 636, 784, 844, 848, 1068, 1144, 2152, 2240,
122: 5, 7, 18*, 54*, 63, 67, 90, 105, 217, 250, 318, 580, 586, 1071, 1099, 1176, 1677, 2160,
123: 2*, 15, 43, 49, 58, 78, 80, 98, 99, 126, 129, 176, 319, 516, 563, 670, 781, 1311, 1478, 1693, 2231,
124: 3*, 4, 10*, 15, 40, 87, 98, 145, 150, 168, 372, 390, 465, 599, 815, 1088, 1536, 1634, 1756, 1953, 2054, 2232,
125: 6*, 30, 36, 57*, 66, 96, 327, 378, 996, 1296, 1542, 1701, 1809, 1911,
126: 2, 4, 7, 10, 12, 18, 20, 26, 37, 59, 60, 94, 126, 127, 145, 205, 326, 478, 483, 558, 763, 1500, 1878, 2250,
127: 3*, 5, 21, 23, 27*, 31, 55, 90, 125, 156, 167, 207, 208, 282, 310, 328, 546, 604, 634, 885, 1014*, 1032, 1074, 1798, 2122, 2394,
128: 1, 6*, 7, 14, 21*, 357, 1456,
129: 5, 8*, 9, 17, 20, 34, 42*, 66, 109, 177, 196, 230, 360, 454, 532, 781, 2032, 2368,
130: 2, 4, 35, 37, 56, 77, 133, 143, 182, 212, 246, 259, 288, 414, 477, 604, 615, 934, 1073, 1311, 1606,
131: 3, 4*, 10, 12, 18*, 31, 52, 88, 112, 192, 202, 263, 267, 420, 424, 496, 816, 940,
132: 1, 6, 8, 16, 21, 35, 47, 48, 64, 65, 71, 77, 84, 96, 135, 202, 234, 314, 319, 322, 345, 476, 528, 807, 1056, 1100, 1274, 1305, 1782,
133: 2*, 10, 13, 14, 21, 30, 34, 100*, 118, 148, 158, 242, 304, 314, 324, 333, 599, 616, 639, 856, 991, 1079, 1181, 1243, 1701, 2076, 2274,
134: 4, 5, 7*, 9, 18*, 25, 26, 37, 66, 78*, 99, 162*, 171, 303, 339, 353, 498, 620, 642, 782, 924, 1166, 2175, 2208, 2342,
135: 2*, 10, 14, 60, 124, 205, 308, 320, 333, 1171, 2298,
136: 2, 3*, 10, 14, 21, 46, 48, 56, 118, 132, 227, 293, 398, 1395, 1490, 1844, 2307,
137: 6*, 11, 19, 36, 44, 48, 65, 78, 202, 381, 482, 549, 668, 706, 750, 960, 1009, 1851,
138: 1, 2, 3, 35, 49, 60, 61, 108, 206, 259, 275, 315, 384, 558, 799, 990, 992, 1154, 1528, 1555, 1564, 1712,
139: 4*, 6, 20, 34, 42, 76, 94, 138, 163, 173, 280, 291, 332, 474, 620, 772, 791, 925, 1281, 1800, 1989, 2106, 2348,
140: 1, 8, 16, 21, 30, 79, 91, 110*, 118, 154, 324, 385, 577, 666, 722, 730, 754, 1012, 1148, 1573, 1721, 1756, 2284,
141: 2*, 3, 4*, 10, 15, 20, 23, 25*, 50, 78, 140, 173, 260, 280, 320, 350, 544, 618, 1107, 1284, 2330, 2468,
142: 6, 8, 24, 25, 36, 51, 81*, 84, 93, 162, 190, 268, 280, 518, 716, 738, 1231, 1899, 2328,
143: 3, 5, 14, 34, 38, 40, 94, 114, 206, 496, 610, 665, 710, 714, 944, 963, 1233, 1533, 1603, 1806, 1992,
144: 6, 10*, 28, 30, 40, 42, 46, 82, 138, 182, 228, 318, 634, 636, 1044, 1184, 2160, 2372,
145: 2*, 3*, 4*, 5, 14, 16*, 31, 33, 46, 57, 136*, 258, 327, 392, 450, 480, 562, 984,
146: 4, 6*, 7, 9, 14*, 15, 34, 83, 99, 135, 217, 285, 414, 555, 564, 572, 670, 692, 857, 1003, 1124, 1130, 1392, 1799, 2033, 2104, 2430,
147: 2*, 3, 17, 19, 22, 37, 57, 96, 163, 192, 264, 280, 302, 571, 728, 959, 983, 1084, 1620, 1647, 1800, 2208, 2244,
148: 2, 3*, 6, 14, 36, 48, 55*, 62, 70, 86, 90, 105, 117, 119, 145, 252, 264, 326, 492, 634, 1034, 1145, 1201, 1896,
149: 6*, 7, 13, 17, 20, 28, 34, 80, 132, 317, 360, 690, 1078, 1455, 1460, 1470, 1538, 1570, 1656, 1765, 2058,
150: 1, 2, 3, 4, 68, 72, 80, 129, 174, 192, 253*, 255, 304, 724, 819, 1027, 1029, 1072, 1264, 1328, 1835, 2378,
151: 2*, 5*, 6, 13, 25*, 28, 29, 44, 49, 54, 117, 127, 180, 287, 348, 412, 595, 695, 734, 738, 753, 1218, 1385, 1995, 2096,
152: 1, 16, 24, 26, 38, 150, 165, 168, 297, 632, 633, 735, 1083, 1260, 2268, 2454, 2490,
153: 3, 8*, 20*, 26, 45, 81, 90, 136, 144, 170, 260, 324, 668, 798, 800, 1442, 1496, 1716, 1772, 2126, 2142, 2184,
154: 5, 6, 8, 9*, 15, 28, 40, 55, 58, 62*, 85, 124, 330, 396, 441, 526, 805, 1202, 1238, 1328, 1603, 1618, 2434,
155: 3, 10, 49*, 61, 87, 95, 102, 105, 108, 153, 449, 493, 537, 596, 927, 1022, 2087, 2396, 2454,
156: 2, 4, 6, 7, 15, 21*, 31*, 32, 64, 66, 84, 93, 120, 168, 183, 199, 287, 375, 510, 665, 979*, 1111, 1518, 2013,
157: 2*, 3*, 10, 17, 32*, 36, 107, 162, 184, 186, 314, 410, 440, 532, 833, 845, 1111, 1470, 1618, 2025, 2058*, 2134,
158: 1, 6*, 7, 10, 15, 32, 79, 109, 152, 168, 182, 185, 267, 825, 828, 927, 992, 1538, 1588, 2266,
159: 2*, 4*, 9, 13, 54, 56, 79*, 89, 91, 123, 290, 566, 577, 620, 671, 724, 898, 1162, 1199, 1298, 1335, 1413, 1433, 1680, 1854, 2060,
160: 4, 7, 8, 17, 22, 74, 151, 170, 354, 627, 675, 1312, 1487,
161: 3, 24, 37, 42, 50, 62, 114, 145, 263, 286, 291, 410, 420, 575, 662, 676*, 969, 1092, 1315, 1606, 1850, 2177, 2270,
162: 2, 3, 5, 6, 30, 98, 128, 168, 272, 311, 393, 417, 1087,
163: 2*, 6, 7, 9*, 15, 22, 27*, 30, 43, 50, 62, 64*, 172, 184, 189, 241, 272*, 399, 450, 1105, 1322, 1632, 1637,
164: 1, 3, 5, 8, 10*, 14, 19, 21, 92, 101, 129, 132, 206, 222, 231, 236, 347, 383, 445, 578, 690, 1082, 1257, 1437, 1828, 2218,
165: 2*, 4*, 5, 6, 8*, 10, 28, 53, 75, 76, 84, 109, 164, 224, 306, 318, 436, 529, 612, 670, 766, 848, 1170, 1349, 1711, 2343,
166: 2, 3*, 5*, 12, 21, 24, 34, 44, 57, 70, 78*, 84, 137, 186, 240, 294*, 353, 500, 552, 744, 828, 1079, 1289, 2214,
167: 3, 6*, 19, 20*, 25, 28, 32*, 34, 56, 60, 118, 215, 373, 464, 790, 828, 959, 966, 1079, 1213, 1542, 1562, 1676, 1898, 2203,
168: 1, 3, 6, 12, 20*, 35, 62, 152, 171*, 176, 224, 230, 342, 388, 513, 645, 823, 1098, 1228, 1330, 1422,
169: 4*, 6, 8*, 12, 14, 40, 70, 112, 152, 180, 186, 192, 210, 218, 284, 372, 814, 1016, 1764, 2132,
170: 4, 14, 15, 17, 23, 27, 42, 60, 79, 120, 123, 242, 252, 255, 290, 369, 513, 600, 807, 1116, 1140, 1175, 1237, 1630, 1708, 2135,
171: 2*, 4*, 8*, 9, 15, 20, 26, 60, 105, 181, 270, 298, 351, 352, 468, 514, 1052, 1470, 2100, 2296,
172: 2, 5, 11, 12, 21*, 37, 47, 74, 80, 228, 284, 342, 360, 380, 390, 440, 462, 566, 584, 712, 722, 819, 1167, 1294, 1647, 1680, 2154, 2460,
173: 3, 14, 20*, 32*, 50, 84, 85, 118, 234, 237, 388, 720, 992, 1002, 1138, 1520, 1744, 2070, 2148,
174: 1, 6, 8, 24, 28, 70, 121, 186, 201, 511, 516, 627, 648, 1578, 1834, 1956, 2040,
175: 2*, 3*, 4*, 5, 18, 24, 30, 44, 68, 167, 180, 195, 196, 208, 480, 483, 609, 624, 1375, 1520, 1626, 1699, 2121, 2452, 2472,
176: 3, 4, 6*, 10, 32, 35, 44, 62, 98, 151, 162*, 343*, 538, 585, 672, 675, 754, 824, 939, 958, 1198, 1618,
177: 2*, 5, 6, 10, 31, 38, 44, 68, 126, 220, 232, 286, 440, 808, 838, 1197, 1242, 1521, 1650, 1799, 2252, 2329,
178: 2, 30, 63, 72, 122, 176, 236, 334, 340, 347, 351, 454, 536, 911, 950, 985, 1268, 1659,
179: 19, 35, 100, 231, 261, 294, 324, 654, 774, 1139, 1465, 1654, 1918, 2376,
180: 1, 2, 4, 7, 8, 10, 26, 43, 76, 78, 140, 180, 198, 408, 516, 687, 790, 874, 962, 1240, 1913, 2049, 2057,
181: 4*, 17, 19, 20, 44, 64*, 70, 75, 110, 138, 157, 177, 187, 270, 290, 308, 378, 504, 860, 898, 987, 1086, 1205, 1955, 2367, 2463,
182: 1, 15, 20*, 48, 112, 129, 167, 285, 316, 325, 509, 602, 700, 981, 1609, 1671, 2352,
183: 2*, 12, 22, 28, 30, 56, 66, 90, 92, 164, 223, 230, 240, 291, 444, 754, 824, 1190, 1275, 1692,
184: 4, 24, 38, 44, 60, 158, 180, 298, 351, 375, 385, 570, 578, 686, 728, 793, 815, 932, 1068, 1757,
185: 12, 16*, 22, 33, 36, 76, 190, 210, 242, 248, 276, 315, 368, 1400, 1638, 1684, 2198, 2232,
186: 5*, 7, 9, 30, 35, 47, 49, 60, 77, 110, 117, 174, 223, 271, 296, 430, 597, 732, 777, 2210,
187: 2*, 3*, 15, 20*, 24, 32*, 37, 52*, 56, 84, 95, 174, 232, 390, 588, 617, 672, 981, 1682,
188: 3, 6*, 17*, 24, 32, 59, 93, 125, 171*, 186, 236, 318, 332, 480, 708, 917, 1206, 1386, 1958,
189: 3, 6, 9, 17, 35, 36, 62, 87, 88, 100, 114, 142, 159, 164, 360, 412, 656, 695, 978, 1001,
190: 2, 3*, 6, 9*, 12, 13, 18, 20, 38, 68, 89, 147, 156, 157, 256, 643, 654, 673, 760, 969, 1196, 1602, 2306,
191: 2*, 6*, 9, 17, 21*, 24, 28, 30, 36, 63, 64*, 81, 135, 525, 550, 958, 1248, 1280, 1399, 2326,
192: 1, 2, 3, 7, 20*, 24, 56, 70, 105, 156, 218, 225, 394, 613, 1034, 1174, 1452, 1454, 1980,
193: 2*, 5, 6, 9*, 22, 51, 66, 110*, 134, 162, 230, 231, 235, 308, 317, 426, 642, 648, 1004, 1508, 1844,
194: 1, 3, 8, 12, 38, 42*, 49, 50*, 60, 62, 68, 81, 90, 120, 140, 156, 308, 330, 335, 370, 399, 412, 476, 1582, 2332, 2369,
195: 4*, 6, 11, 20, 26, 32*, 35, 38, 48, 63, 72, 73, 86, 132, 176, 178, 216, 272, 330, 370, 379, 417, 480, 576, 621, 693, 1260, 1379, 1969, 1976, 2174,
196: 2, 12, 18, 30, 76, 86, 200, 224, 280, 292, 432, 760, 768, 1166, 1756, 1988, 2098,
197: 18*, 28, 31, 36, 40, 42, 47, 56, 62, 68, 74, 80, 85, 120, 132, 175, 202, 283, 326, 328, 372, 722, 1544, 2282,
198: 1, 2, 5, 8, 9, 12, 21*, 32, 60, 74, 78, 90, 91, 98, 105, 302, 420, 560, 628, 1076, 1137, 1496, 1515, 1691, 1874, 2263,
199: 3*, 4*, 8*, 10*, 24, 32*, 55, 88, 273, 320, 400, 406, 577, 626, 1008, 1038, 1077, 1206, 1529, 1770, 1831, 1842, 2065,
200: 1, 6*, 9, 14, 88, 266, 327, 338, 366, 497, 554, 1008, 1330, 1562, 1869, 2009, 2319,
201: 2*, 4*, 54, 86, 104, 138, 190, 232, 258, 271, 353, 355, 442, 552, 855, 1053, 1174, 1186, 1435, 1641, 1890, 2352,
202: 3*, 15, 21, 37, 44, 58*, 80, 110, 124, 129, 143, 220, 276, 458, 468, 520, 699, 829, 2096, 2448,
203: 3, 6*, 7, 8*, 10, 31, 68, 160, 237, 294, 300, 342*, 465, 513, 576, 638, 692, 878, 895, 1116,
204: 4, 5, 6, 8, 24, 26, 75, 117, 359, 450, 520, 572, 632, 906, 1312, 1316, 2086,
205: 2*, 4*, 8*, 16*, 17*, 19, 40, 60, 61, 75, 140, 169, 279, 286, 415, 1002, 1610, 2008,
206: 3, 4, 5*, 7, 45, 48, 117, 201, 202, 213, 288, 324, 638, 684, 695, 956, 1656, 2138,
207: 2*, 6, 13, 17, 18, 24, 45, 133, 212, 267, 390, 398, 468, 496, 579, 1152, 1582, 1611, 2330, 2407,
208: 5, 7, 16, 18, 24, 27*, 28, 37, 38*, 44, 54, 55, 75, 111, 122, 126, 132, 135, 154, 225, 232, 312, 372, 407, 488, 581, 1030, 1229, 1461, 1484, 1583, 2196,
209: 3, 4*, 9, 12, 59, 72, 84, 120, 160, 243, 290, 309, 449, 450, 550, 613, 622, 651, 866, 1766, 1790, 1936, 2034, 2132,
210: 2, 4, 6, 8, 9, 35, 50, 66, 68, 105, 124, 147, 243, 376, 424, 455, 678, 764, 868, 1253, 1585, 2265,
211: 2*, 41, 57, 77, 90, 123, 144, 158, 159, 190, 264, 534, 632, 633, 654, 870, 1330, 1334, 1394, 1578, 2173,
212: 1, 9, 11, 25, 50, 60, 70, 186*, 202, 339, 564, 805, 910, 1085, 1776, 2008, 2250, 2368,
213: 2*, 24, 33, 42*, 118, 137, 174, 396, 399, 478, 906, 2054, 2346,
214: 27*, 42, 51, 63, 123, 144, 146, 147*, 191, 294, 314, 801, 1194, 1250*, 1794, 1985, 2159, 2318,
215: 3, 20, 21, 24, 30, 73, 185, 234, 385, 405, 461, 527, 554, 648, 656, 751, 1320, 1536, 2010, 2060, 2105, 2436,
216: 6, 30, 48, 120, 186, 594, 1146, 1221, 1392,
217: 2*, 15, 42, 60, 68*, 99, 171, 281, 352, 357, 368, 392, 407, 495, 564, 821, 998, 1247, 1732, 1784, 1875,
218: 3, 21, 30, 45, 69, 84, 182, 222, 235, 236, 284, 331, 345, 350, 482, 630, 701, 726, 747, 954, 971, 1277, 1400,
219: 4*, 6, 13, 14, 15, 21*, 27, 72, 84, 107, 164, 170, 223, 286, 299, 371, 481, 502, 504, 636, 642, 1070, 1074, 1160, 1307, 1413, 1418, 1475, 2194, 2468,
220: 7, 8, 19, 47, 60, 98, 164, 305, 307, 410, 434, 498, 774, 834, 1100, 1257, 1394, 2390, 2466,
221: 4*, 7, 13, 15, 29, 102, 117, 139, 147*, 190, 223, 298, 300, 439, 510, 532, 930, 1212, 1316, 1479, 1914,
222: 2, 5, 9, 24, 54, 60, 100*, 120, 151, 184, 234, 271, 324, 368, 406, 844, 1165,
223: 2*, 3*, 10, 36, 42, 124, 206, 239, 241, 273, 280, 324, 377, 406, 449, 508, 650, 949, 988, 1550, 1584, 1686, 1714, 1994,
224: 1, 4, 6*, 11, 12, 14, 24, 77, 100, 114, 180, 234, 240, 401, 444, 524, 639, 656, 1300, 1974, 2067, 2478,
225: 2*, 12, 92, 110, 114, 116, 276, 722, 766, 774, 874, 1848, 2104,
226: 2, 14, 56, 108, 127, 142, 158, 242, 413, 496, 529, 619, 675, 945, 1022, 2043,
227: 5, 18*, 20*, 24, 30, 48, 178, 182, 186, 219*, 282, 315, 452, 456, 564, 608, 714, 747, 790, 924, 1061, 1358, 1467, 1545, 1800, 1862, 2396,
228: 1, 2, 8, 14, 20*, 55, 70, 77, 80, 252, 286, 294, 327, 441, 461, 703, 894, 1122, 1818, 2226, 2395,
229: 10*, 11, 12, 15, 20, 22, 29, 44, 50*, 56, 64*, 171, 192, 231, 322, 432, 812*, 1037, 1404, 1640*, 2154, 2170, 2178, 2234, 2390,
230: 1, 4, 26, 42, 46, 74, 82, 110, 154, 213, 216, 300, 440, 626, 635, 700, 1208, 2132, 2184, 2265,
231: 2*, 3, 4*, 12, 14, 28, 34, 50, 361, 471, 540, 820, 1108, 1598, 1837, 2090, 2418, 2434,
232: 2, 6, 22, 27*, 36, 40, 150, 180, 212, 230, 280, 566, 953, 1250, 1591,
233: 15, 22, 30, 49, 68, 70, 85, 113, 117, 184, 237, 348, 442, 872, 1545, 1566, 1828, 1962, 2045,
234: 1, 14, 18, 27, 48, 61, 89, 97, 100, 116, 119, 186, 256, 292, 420, 528, 628, 1200, 1381, 1629, 2481,
235: 2*, 7, 18, 19, 53, 77, 111, 116, 124, 150, 227, 279, 307, 446,
236: 3, 4, 22, 36, 42*, 48, 49, 78, 84, 93, 104, 121, 142, 143, 168, 197, 219, 236, 285, 298, 322, 467, 511, 578, 587, 906, 1654, 2192,
237: 6, 7, 16*, 162, 290, 372, 481, 513, 679, 993, 1221, 2046, 2123,
238: 2, 7, 8, 15, 24, 25, 42, 46, 67, 114, 154, 242, 292, 680, 706, 1062, 1093, 1381, 1480, 2451,
239: 5, 12, 16*, 60, 105, 109, 118, 290, 300, 390, 450, 1202, 1771, 1866, 1884,
240: 1, 2, 4, 9, 14, 16, 18, 39, 60, 109, 144, 227, 271, 582, 831, 941, 973, 1034, 1320, 1545, 1771, 1868, 1884, 2075, 2082,
241: 3*, 17, 28, 31, 38, 44, 74, 150, 155, 182, 224, 510, 549, 648, 690, 720, 1106, 1503, 1662, 1706, 1900, 1920, 2034,
242: 1, 6*, 8, 10, 16, 19, 30, 70, 117, 120, 133, 222, 274, 384, 450, 541, 870, 1125, 1205, 2091,
243: 2*, 175, 1095,
244: 3*, 12, 14*, 24, 72, 84, 90, 114, 142, 171*, 174, 252, 270, 276, 304, 319, 321, 396, 1180, 1200, 1226, 1630,
245: 3, 4*, 6*, 10, 18*, 24, 27, 40, 48, 58, 294, 304, 406*, 426, 490, 508, 564, 754, 1094, 1652, 1900,
246: 3, 6, 7*, 26*, 35, 37, 190, 240, 251, 360, 454, 489, 506, 620, 993, 1564, 1590, 2156,
247: 2*, 6, 17, 21*, 24, 42, 86, 331, 338, 438, 940, 1035, 1077, 1252, 1782, 2270,
248: 8, 14, 15, 22, 32, 41, 54*, 197, 203*, 276, 326, 380, 696, 801, 1066, 1974, 2060, 2158, 2203,
249: 5, 9, 15, 38, 55, 87, 206, 328*, 634, 686, 980, 1249, 2053, 2148, 2415,
250: 2, 4, 9*, 24, 57, 85, 127, 230, 264, 351, 392, 456, 546, 687, 720, 726, 1000, 1421, 1714, 1889, 2122,
251: 7, 8*, 10, 13, 17, 64*, 89, 122, 132, 172, 180, 227, 335, 341, 461, 800, 986, 1816, 1937, 1945, 1946, 2065,
252: 1, 22*, 36, 54, 80, 86, 208, 324, 366, 488, 534, 541, 604, 726, 760, 947, 1042, 1304, 1960,
253: 2*, 10, 15, 19, 30, 32*, 49*, 56, 76, 125, 129, 240, 399, 525, 576, 635, 766, 1053, 1528, 1957, 2098,
254: 5, 8, 10*, 11*, 19, 39, 50*, 68, 72, 79, 126, 140, 160, 162*, 222, 283, 524, 563, 570, 598, 632, 754, 883, 1092, 1138, 1284, 1359, 2442,
255: 5, 14, 36, 118, 120, 151, 208, 267, 358, 368, 369, 385, 526, 612, 678, 701, 855, 1342, 1640, 1870, 2400,
256: 2, 4, 10, 24, 26, 102, 200, 238, 560, 956, 986, 1274, 2136, 2450,
257: 10, 12, 20*, 23, 59, 86*, 94, 132, 487, 513, 826, 920, 967, 1240, 1281, 1852,
258: 1, 10, 11, 31, 88, 90, 92, 160, 165, 300, 326, 452, 513, 714, 755, 762, 788, 1205, 1260, 1425, 1433, 1758, 1788, 1934, 2142,
259: 3*, 8*, 24, 35, 38, 56, 68*, 77, 108, 138, 158, 184, 334, 415, 514, 824, 962, 1000, 1226, 2011,
260: 4, 5, 6*, 12, 13, 20, 56, 84, 109, 149, 154, 183, 239, 273, 374, 499, 696, 782, 794, 1735, 1895, 2019, 2187, 2232,
261: 2*, 4*, 5*, 12, 27, 31, 37, 49, 90, 92, 117, 121, 135, 188, 218, 240, 804, 868, 920, 1584,
262: 2, 14, 22, 28, 48, 169, 197, 306, 444, 1114, 1750, 1902,
263: 5, 12, 19, 24, 26, 27, 51, 87, 88, 228, 348, 480, 524, 696, 901, 909, 1155, 1191, 1592, 1778, 2392,
264: 1, 4, 7, 10*, 13, 15, 24, 35, 38, 45, 86, 154, 156, 405, 1234, 1941,
265: 3*, 5, 9*, 10, 24, 36, 72, 161, 162, 241, 368, 411, 534, 841, 1527,
266: 3, 6*, 7, 8, 18*, 25*, 30, 40, 62, 84, 113, 154, 177, 272*, 288, 416, 702, 897, 1028, 1519, 2010,
267: 2*, 6, 7*, 8*, 9, 13, 30, 48, 85, 171, 251, 260, 429, 480, 526, 752, 817, 980, 1038, 1109, 1185, 1314,
268: 2, 10, 11, 19, 24, 28, 29, 34, 47, 51, 115, 132, 162, 170, 318, 456, 649, 1326, 1435, 2307,
269: 9, 12, 22, 49, 56, 208, 434, 671, 879, 1074, 1527, 1800,
270: 1, 2, 4, 12, 28, 34, 62, 78*, 84, 87, 126, 132, 210, 222*, 241, 505, 678, 824, 870, 884, 931, 1420, 1505, 1556, 1714, 2481,
271: 2*, 3*, 4*, 18, 41, 69, 79, 97, 220, 313, 381, 709, 720, 802, 829, 1136, 1213, 1238, 1454, 1563,
272: 1, 3, 6*, 8, 11, 12, 53, 91, 177, 200, 206, 472, 576, 582, 624, 842, 855, 957, 1860,
273: 2*, 6, 30, 33, 37, 69, 76, 231, 255, 298, 486, 624, 671, 674, 723, 1603, 2280,
274: 3*, 5, 10*, 13*, 15, 17, 24, 42, 56, 57, 76, 122, 128, 130, 140, 153, 175, 315, 477, 602, 734, 790, 838, 844, 1936, 2001, 2285,
275: 4*, 5, 6*, 8*, 14, 15, 18*, 23, 87, 104, 120, 236, 300, 317, 633, 689*, 830, 881, 1975, 2133, 2228,
276: 2, 5*, 8, 10, 20, 21, 30, 31, 45, 66, 84, 98, 122, 132, 188, 275, 285, 339, 528, 784, 1152, 1232, 2257,
277: 2*, 5, 19, 54, 109, 118, 168, 844, 884, 980, 1130, 1621, 1908, 2046, 2072,
278: 1, 3, 8, 9, 12, 15, 30, 47, 48, 76, 93, 119, 196, 237, 334, 512, 585, 704, 744, 2158,
279: 3, 4*, 6, 9, 24, 47, 138, 156*, 207, 221, 258, 376, 1045, 1119,
280: 2, 3*, 4, 6, 7, 22, 52, 72, 74, 110, 146, 160, 248, 339, 756, 896, 1019, 1420, 2094,
281: 6*, 14, 52*, 54*, 55, 120, 135, 200, 234, 262, 314, 346, 368, 472, 551, 744, 798, 1305, 1404,
282: 1, 2, 7, 13, 14, 33, 63, 93, 105, 177, 294, 376, 437, 628, 1124, 1201, 1674, 1768, 1911, 2208,
283: 2*, 15, 29, 31, 42*, 48, 63, 66, 74, 75, 156, 228, 436, 518, 602, 630, 719, 917, 1694,
284: 1, 4, 39, 54*, 99, 124, 147*, 161, 344, 582, 820, 932, 952, 2473,
285: 5, 15, 22*, 26*, 37, 45, 53, 58, 60, 209, 278, 321, 328, 742, 905, 1292, 1358, 1671, 1736, 1918, 2450,
286: 3*, 10, 13, 24, 54, 80, 84, 87, 156, 464, 487, 516, 686*, 730, 878, 1536, 1908, 2008, 2226, 2238,
287: 3, 6*, 11*, 15, 23, 25, 36, 48, 84, 92, 175, 190, 196, 274, 475, 485, 532, 623, 1781, 1804, 1828,
288: 3, 5, 6, 8, 16, 21, 32, 47, 55, 62, 78, 160, 184, 270, 283, 285, 910,
289: 4*, 6, 24, 88, 114, 240, 312, 358, 362, 616, 1366, 1452, 1956,
290: 3, 7, 10, 16, 28, 42*, 72, 122, 126, 150, 327, 422, 532, 572, 579, 845, 866, 1098, 1168, 1925,
291: 2*, 6, 12, 13, 15, 40, 54, 163, 238, 266, 287, 312, 440, 481, 594, 694, 707, 2086, 2092, 2130,
292: 2, 5, 38, 45, 60, 123, 126, 133, 153, 318, 462, 516, 539, 579, 1000, 1019, 1128, 1254, 1624, 1726,
293: 3, 31, 78, 93, 94, 121, 186, 364, 370, 378, 794, 885, 1312, 1852, 2176,
294: 1, 6, 7, 22, 58, 59, 66, 72, 154, 203, 269, 278, 282, 360, 392, 762, 968, 1073, 1244, 2331,
295: 2*, 17, 23, 32*, 40, 58, 73, 94, 168, 270, 390, 760, 1415, 1416, 1897,
296: 8, 12, 15, 18*, 41, 50, 114, 176, 231, 250, 285, 288, 1055, 1170, 1624, 1765, 1875,
297: 2*, 10, 17, 26, 40, 42*, 63, 92, 221, 242, 324, 402, 506*, 558, 723, 780, 782, 860, 876, 1167, 1602, 2089,
298: 11*, 14, 20*, 42, 53, 111, 130, 132, 156, 176, 216, 366, 626, 768, 806, 1270, 1365, 1380, 1416,
299: 4*, 9, 12, 20, 34, 54*, 63, 78, 113, 120, 186, 268, 290, 351, 383, 462, 464, 567, 588, 1414, 1534, 1908, 2093,
300: 4, 7, 9, 12, 44, 60, 63, 93, 121, 128, 176, 194, 228, 267, 469, 590, 839, 886, 1226, 1977, 2126, 2194, 2233,
301: 2*, 14, 18, 32*, 42, 104, 162, 193, 375, 674, 685, 1026, 1475, 1812, 1914, 2001,
302: 12, 15, 18*, 37, 101, 156, 300, 342, 355, 420, 532, 573, 662, 862, 1725, 2098,
303: 2*, 7, 19, 22, 24, 115, 173, 342, 384, 451, 684, 784, 978, 1550, 1598, 1833, 1902, 2330, 2486,
304: 5, 30, 67, 110*, 152, 179, 329, 330, 479, 564, 724, 999, 1771, 2047, 2170, 2214,
305: 14, 16*, 18*, 20, 21*, 34*, 40, 48, 108, 126, 164, 168, 525, 603, 617, 854, 950, 998, 1105, 1120, 1615, 1986, 2124,
306: 2, 4, 16, 32, 49, 50, 61*, 66, 84, 92, 110, 121, 234, 376, 578, 690, 1849,
307: 9*, 10, 21, 22*, 53, 66, 77, 108, 184, 398, 526, 648, 678, 819, 1122, 1201, 1431, 1550, 1635, 2398,
308: 1, 5, 12, 18*, 39*, 40, 170, 186, 345, 502, 708, 714, 724, 1260, 1452, 1540, 1704, 1740, 2316, 2438,
309: 3, 4*, 7*, 8*, 15, 20, 32*, 33, 119, 200, 216, 477, 652, 1071, 1130, 1224, 1256, 1348, 1572, 1791,
310: 2, 6, 24, 35, 43, 48, 80, 81*, 310, 888, 942, 1075, 1335, 1560,
311: 12, 20, 24, 81, 98, 144, 152, 154, 175, 273, 284, 294*, 342, 750, 884, 1796, 2232,
312: 1, 2, 8, 18, 24, 30, 82, 100*, 114*, 121, 138, 152, 264, 404, 472, 525, 1104, 1980,
313: 2*, 8*, 12, 25, 44, 45, 109, 141, 173, 309, 351, 782, 1050, 1193, 1203, 1266, 1273, 1325,
314: 1, 3, 4, 15, 20, 24, 67, 72, 171, 203*, 559, 570, 998, 1100, 1132, 1428, 1663, 1721, 2400, 2412,
315: 2*, 4*, 6, 15, 17, 19, 22, 23, 38, 67, 68, 84, 86, 93*, 186, 289, 338, 415, 430, 558, 1073, 1082, 1189, 1311,
316: 2, 3*, 41, 54, 65, 68, 110*, 180, 184, 204, 225, 246, 252, 307, 435, 500, 605, 635, 749, 1157, 1165, 1188, 1687, 1801, 1861,
317: 6*, 8*, 30, 52*, 66, 88, 105, 157, 168, 192, 194, 309, 464, 730, 874, 906, 1332, 1560, 2200,
318: 1, 28, 32, 35, 60, 155*, 156*, 200, 224, 296, 351, 375, 869, 1193, 1270, 1324, 1362, 1431, 1440, 1662, 1833, 2106,
319: 2*, 10*, 11, 13, 20, 28, 30, 38, 40, 77, 94, 96, 149, 177, 180, 234, 702, 994, 1379, 1966,
320: 7, 8, 12, 14, 31, 37, 51, 99, 126, 140, 273, 312, 324, 406, 444, 590, 884, 1204, 1240, 1356, 1549, 1571, 2008, 2171, 2440,
321: 4*, 14*, 26, 33, 36, 60, 78, 358, 360, 624, 647, 663, 1158, 1394,
322: 10, 14, 15, 18, 34*, 68, 72, 126, 201, 227, 272, 303, 354, 492, 566, 686, 968, 1127, 1908, 2137, 2470,
323: 10, 16*, 21, 36, 42, 56, 80, 92, 114, 115, 160, 189, 234, 267, 273, 283, 371, 474, 566, 576, 619, 942, 980, 1015, 1086, 1170, 1226, 1386, 1726, 1920, 1980, 2200,
324: 12, 36, 84, 144, 220, 224, 396, 408, 588, 960, 1136, 1400, 1752,
325: 2*, 3*, 4*, 15, 27*, 31, 178, 220, 372, 518, 528, 676, 1039, 1434, 1524, 1802,
326: 4, 6*, 26, 36, 100, 122, 134, 140, 150, 346, 408, 462, 492, 766, 822, 1419, 2058, 2230,
327: 2*, 5, 14, 17, 24, 114, 510, 711, 924, 1023, 1368, 1402,
328: 8, 12, 30, 34, 44, 67, 94*, 122, 132, 147, 398, 448, 725, 851, 1146, 1778, 1800, 1806,
329: 3, 4*, 12, 51, 140, 291, 396, 450, 714, 758, 774, 842, 1100, 1442, 1614, 1717, 1959, 2474,
330: 2, 6, 7*, 14, 22, 32, 70, 79, 134, 180, 190, 241, 272*, 279, 335, 758, 1001, 1009, 1052, 1821, 1902, 2328,
331: 2*, 48, 62, 80, 91, 196, 290, 470, 512*, 530, 580, 590, 851, 926,
332: 1, 3, 19, 24, 36, 40, 43, 44, 45, 56, 64, 67, 101, 110*, 120, 132, 138, 192, 225, 300, 312, 408, 581, 584, 822, 1133, 1744, 2179, 2418,
333: 2*, 6, 8*, 9, 27, 40, 93, 100*, 102, 114, 168, 202, 254, 284, 472, 588, 740, 1043, 1080, 2051,
334: 8, 10*, 20, 21, 79, 87, 113, 155, 302, 608, 801, 988, 1320, 1860,
335: 4*, 17, 18*, 25, 73, 80, 92, 104, 110, 197, 216, 308, 312, 406, 465, 508, 593, 850, 1206, 1848, 1944, 2271,
336: 2, 3, 5*, 26, 30, 61, 126, 153, 180, 252, 332, 352, 462, 463, 496, 644, 1103, 1151, 1463, 1845, 2190, 2474,
337: 5, 6, 8*, 19, 24, 26*, 27*, 33, 36, 49*, 56, 76, 118, 152, 170, 276, 403, 420, 540, 826, 1524, 1564, 1652, 1689, 2099,
338: 1, 57, 80, 115, 157, 277, 298, 656, 669, 712, 942, 1142, 1497, 2192, 2248,
339: 8*, 11, 12, 14, 20, 24, 42*, 60, 97, 168, 171*, 206, 468, 564, 571, 780, 1924, 2454,
340: 4, 5, 8, 39, 54, 55, 72, 92, 279, 282, 308, 336, 364, 376, 416, 659, 717, 723, 744, 887, 1378,
341: 7, 16*, 36, 72, 150, 154, 296, 635, 662, 1603, 1675, 1947, 2053,
342: 3, 10, 15, 18, 26, 50, 54, 64, 87, 109, 111, 120, 152, 217, 224, 292, 411, 622, 660, 811, 972, 1401, 1535, 1670, 1945, 2337,
343: 2*, 6, 12, 18, 21, 96, 177, 342, 1569, 1572, 2298,
344: 3, 9, 23, 44, 95, 299, 304, 518, 546, 702, 862, 865, 1468, 1502,
345: 2*, 4*, 6, 26, 38, 66, 68, 95, 103, 105, 111, 148, 155*, 188, 266, 328, 411, 432, 450, 568, 613, 729, 1110, 1148, 1625, 1833,
346: 2, 12, 15, 35, 67, 114, 209, 482, 650, 852, 921, 1200, 1716, 1775, 1824,
347: 14, 18*, 45, 102, 174, 265, 337, 364, 390, 401, 468, 782, 870, 1336, 1414, 1770,
348: 1, 2, 3, 12, 32, 42*, 76, 194, 225, 231, 280, 304, 383, 552, 588, 914, 1086, 1223, 1242, 1380, 1419, 1725, 2288, 2488,
349: 4*, 6, 7, 17, 107, 116, 187, 261, 297, 301, 630, 663,
350: 1, 4, 7, 12, 18*, 24, 118, 122, 227, 637, 780, 895, 1717, 1765, 2235, 2350,
351: 2*, 3, 7*, 17, 26, 84, 92, 120, 141, 174, 411, 418, 995, 2094, 2462,
352: 2, 5, 6, 8, 20*, 88, 99, 110, 141, 158, 176, 590, 704, 740, 1170, 1404, 1500, 2016, 2220, 2386,
353: 7, 8*, 15, 18*, 24, 38, 93, 114, 128*, 143, 182, 190, 202, 213, 392, 504, 614, 918, 1068, 1190, 1288, 2320, 2350, 2364, 2430,
354: 1, 36, 79, 90, 126, 142*, 155, 211, 307, 437, 484, 798, 876, 892, 1125, 1180, 1354, 1390, 1945, 2076, 2226, 2434,
355: 2*, 11, 13, 17, 38, 100, 137, 168, 204, 208, 324, 341, 385, 722, 1109, 1302, 1876, 1896, 2010, 2402,
356: 15, 124, 225, 260, 312, 328, 333, 340, 419, 583, 942, 1263, 1521, 1800, 1884,
357: 2*, 3, 58, 91, 214, 329, 728, 836, 846, 1526, 2205,
358: 2, 3*, 6, 17*, 76, 98, 470, 750, 906, 1376, 1396, 1422, 1499, 1820, 2084, 2130,
359: 5, 6*, 14, 34, 49, 59, 101, 118, 133, 147*, 383, 500, 519, 520, 565, 602, 1964, 2425,
360: 1, 42*, 50, 64, 82, 86, 91, 162, 230, 334, 472, 702, 1424, 1444, 1558,
361: 2*, 10, 28, 46, 48, 60, 78*, 84, 138, 306, 446, 492, 664, 1178,
362: 18*, 20*, 45, 48, 72, 77, 120, 199, 325, 660, 718, 780, 804, 1290, 2314, 2378,
363: 7, 8*, 9, 10, 12, 13, 14*, 24, 64*, 72, 92, 197, 255, 315, 477, 675, 805, 1154, 1496,
364: 8, 17, 134, 140, 151, 164, 184, 405, 529, 540, 1430, 1494, 1527, 1613,
365: 11, 16*, 17, 102, 511, 635, 810, 1380, 1477, 2034, 2248, 2322,
366: 2, 10, 11, 15, 19, 24, 124, 129, 150, 159, 250, 451, 525, 946, 1628, 2020, 2337,
367: 2*, 18, 45, 80, 144, 147, 239, 274, 332, 345, 529, 864, 1762, 1796, 1799, 2142, 2500*,
368: 1, 14, 15, 17, 26, 28, 104, 105, 173, 190, 254, 302, 327, 368, 514, 528, 674, 675, 684, 787, 888, 942, 954, 1071, 1082, 1278, 1569, 1699,
369: 3, 5, 14, 19, 20, 25, 36, 39, 75, 232, 260, 376, 666, 684, 890, 1480, 1818, 2412,
370: 3*, 6, 19, 32, 70, 144, 180, 258, 297, 298, 316, 528, 566, 771, 1132, 1235, 1340, 2050, 2058, 2204,
371: 4*, 6*, 32*, 39, 58, 66, 68, 72, 202, 302, 308, 705, 726, 850, 1084, 1210*, 1345,
372: 2, 15, 67, 132, 142, 202, 300, 396, 434, 534, 898, 980, 1188, 1312, 1329, 1458, 2278, 2367,
373: 5, 13, 16*, 20*, 23, 31*, 248, 275, 320, 364, 640, 852, 1212, 1568, 2043,
374: 1, 8, 10*, 12, 30, 71, 93, 231, 283, 326, 363, 496, 1509, 1622,
375: 2*, 4*, 10, 20, 134, 160, 185, 189, 294, 385, 418, 536, 880, 925, 1678, 1920, 1993,
376: 3*, 12, 22, 24, 28, 64, 76, 133, 243*, 436, 462, 579, 760, 1065, 1223, 2372, 2456, 2484,
377: 6*, 10, 15, 21, 43, 72, 75, 214, 217, 231, 296, 329, 462, 504, 1014, 1482, 1621,
378: 2, 3, 16, 18, 20*, 39, 54, 60, 73, 80, 86, 182, 224, 435, 554, 720, 775, 1017, 1091, 1138, 1250, 1377,
379: 4*, 6, 17, 18, 31, 33, 168, 312, 418, 990, 1218, 1660, 2047, 2285, 2448,
380: 1, 15, 24, 30, 48, 70, 114, 165, 282, 298, 648, 665, 696, 746, 992, 1278, 2363,
381: 2*, 3, 7, 18, 42*, 51, 53, 56, 290, 462, 476, 561, 599, 1056, 1207, 1650, 1867, 2070,
382: 2, 6, 13, 32, 39, 42, 46, 50, 67, 87, 134, 150, 576, 588, 632, 644, 714, 719, 1330, 1575,
383: 2*, 3, 9, 17, 21, 42*, 92, 190, 199, 244, 286, 307, 316, 360, 372, 518, 852, 1080, 1093, 1540, 1646, 2015, 2127,
384: 1, 4, 6, 14*, 15, 18, 48, 50*, 110, 340, 531, 690, 795, 988, 1253, 1680, 1919, 2188, 2491,
385: 2*, 3*, 10, 14, 44, 62, 201, 216, 312, 366, 603, 623, 1170, 1260, 1826, 2149,
386: 4, 6*, 38, 69, 72, 83, 115, 133, 261, 288, 320, 326, 744, 1112, 1195, 1904,
387: 2*, 14, 31, 34, 71, 90, 94, 101, 125, 142, 159, 190, 216, 394, 566, 858, 1716, 1780, 2249,
388: 2, 3*, 9*, 10, 31, 66, 132, 134, 192, 197, 204, 293, 312, 462, 651, 834, 1023, 1073, 1090, 1330, 2047, 2227,
389: 6*, 11, 19, 42, 76, 102, 185, 252, 345, 355, 369, 878, 936, 1991,
390: 1, 9, 11, 12, 26, 28, 60, 65, 79, 90, 105, 120, 142, 196, 332, 340, 346, 391, 488, 787, 1153, 1833, 2335,
391: 4*, 30, 32*, 36, 45, 60, 168, 180, 254, 282, 294, 308, 408, 452, 530, 876, 1606, 1608, 1740,
392: 3, 16, 69, 85, 103, 175, 264, 317, 335, 352, 395, 475, 518, 552, 664, 758, 874, 912, 981, 1163, 1269, 1287, 1479, 2126,
393: 2*, 5, 6, 26, 39*, 42, 152, 320, 501, 548, 582, 1002, 1150, 1478, 1761, 1793, 1795, 2022,
394: 15, 22, 27*, 28, 38, 65, 104, 146, 182, 296, 390, 403, 1064, 1137, 1184, 1548, 1894, 1950,
395: 3, 7, 16*, 27, 50, 54*, 237, 282, 550, 561, 613, 657, 852, 1590, 1642, 1888, 1921,
396: 2, 4, 6, 10, 24, 32, 52, 75, 98, 114, 150, 170, 216, 548, 748, 818, 844, 860, 1326, 1740, 2037,
397: 2*, 5, 13, 18, 26, 34, 51, 92, 135, 182, 720, 728, 957, 1056, 1498, 1560, 1902, 2034,
398: 1, 3, 9, 11, 13, 26, 27, 29, 42, 88, 126, 188, 297, 376, 387, 644, 675, 743, 1050, 1054, 1165, 1528, 2189, 2326,
399: 4*, 6, 7, 9, 18, 19, 26, 33, 62, 66, 96, 123, 201, 303, 323, 605*, 795, 984, 1050, 1439,
400: 2, 4, 50, 80, 84, 114, 140, 170, 208, 240, 490, 526, 1556, 1760, 1904,
401: 14, 80, 82, 125*, 127, 199, 351, 444, 454, 754, 1113, 1448, 1614, 2118, 2372,
402: 1, 3, 13, 27, 44, 71, 87, 102, 171, 174, 204, 378, 472, 476, 479, 498, 500*, 680, 798, 1010, 1040, 1967, 2052,
403: 2*, 6, 8*, 32*, 42, 116, 167, 182, 210, 225, 250, 270, 383, 632, 651, 800, 1143*, 1242, 1257, 1453, 2239, 2289,
404: 3, 7, 15, 19, 56, 60, 80, 134, 143, 194, 196, 220, 283, 342, 365, 402, 431, 678, 800, 817, 1127, 1147, 1216, 1537, 1566, 1712, 2320,
405: 3, 4*, 6, 7, 8*, 33, 68, 78, 81, 110, 116, 337, 537, 666, 1992, 2034,
406: 4, 6, 9*, 13, 15, 31, 102, 106, 225, 948, 960, 1171, 1521, 1875, 2272,
407: 12, 39, 57, 62, 65, 159, 180, 208, 242, 315, 457, 518, 658, 772, 1528, 2166*, 2423,
408: 2, 5, 13, 30, 34, 132, 169, 180, 330, 386, 435, 589, 736, 760, 1002, 1710, 1902, 2087,
409: 3*, 4*, 16*, 24, 43, 48, 124, 142, 164, 187, 210, 217, 450, 495, 500, 572, 595, 846, 1711, 1772, 2125,
410: 1, 6*, 17, 48, 62, 77, 140, 142, 147*, 160, 246, 389, 550, 610, 731, 766, 834, 980, 1018, 1023, 1224, 1263, 1820, 1961, 2237, 2258,
411: 2*, 10, 15, 24, 33, 48, 135, 144, 300, 374, 475, 542, 1061, 1573, 2134, 2370,
412: 12, 13, 28, 62, 69, 76, 77, 96, 128, 170, 194, 252, 268, 444, 530, 920, 954, 1119, 1222, 1291, 1353, 1385, 1478, 1944, 2154, 2229, 2417,
413: 12, 26, 27, 30, 31, 40, 62, 82, 90, 120, 122, 129, 157, 350, 356, 414, 528, 980, 1204, 1284, 1302, 1320, 1550, 1792, 2173,
414: 3, 5, 7*, 8, 11, 20, 25, 36, 87, 182, 184, 285, 342*, 457, 461, 559, 657, 908, 1035, 1130, 1146, 1614, 2314,
415: 2*, 4*, 6, 8*, 18, 25, 74, 90, 96, 138, 139, 161, 188, 258, 574, 728, 810, 951, 991, 1060, 1083, 1152, 1263, 1295,
416: 3, 36, 49, 50, 53, 72, 78, 108, 115, 191, 350, 487, 583, 606, 620, 664, 738, 784, 1010, 1237, 1319, 2199, 2255,
417: 5, 6, 7, 12, 14, 35, 45, 120, 126, 145, 252, 343, 430, 557, 807, 941, 1640*, 1773, 1964, 2374,
418: 2, 5, 7, 18, 25, 36, 45, 50, 63, 120, 198, 305, 511, 554, 804, 1436, 1688, 1740,
419: 8*, 17, 60, 76, 168, 205, 252, 280, 334, 347, 395, 1083, 1088, 1144, 1190, 1328, 1348, 1530, 1699, 2166, 2414,
420: 1, 2, 4, 15, 20, 61, 93, 97, 215, 262, 300, 330, 504, 534, 600, 728, 758, 996, 1580, 1584, 1644,
421: 2*, 3*, 7*, 27*, 30, 71, 87, 97, 103, 109, 144, 494, 711, 1645, 1961,
422: 1, 6*, 39, 46, 78, 138, 146, 254, 506, 604, 788, 983, 1170, 1386, 1431, 1712, 2290, 2450,
423: 2*, 17, 18, 48, 123, 291*, 301, 440, 2284,
424: 12, 19, 45, 82, 84, 108, 132, 142, 332, 398, 405, 550, 699, 968, 1002, 1110, 1206, 1321, 1406, 1803, 2366,
425: 4*, 9, 15, 20, 49, 61, 74, 102, 162*, 173, 206, 286, 433, 473, 621, 673, 796, 894, 1502, 2200, 2246, 2370,
426: 3, 12, 15, 16, 22, 40, 45, 67, 157, 222, 294, 319, 359, 375, 472, 579, 980, 1200, 1716, 1842, 2354,
427: 2*, 3*, 6, 10, 26, 42, 75, 98, 105, 127, 128*, 151, 181, 203, 208, 967, 1239, 1240, 1535,
428: 6*, 27, 45, 64, 97, 101, 123, 147, 469, 510, 594, 897, 1168, 1709,
429: 9, 12, 53, 97, 98, 104, 128*, 155, 260, 315, 321, 357, 370, 376, 544, 591, 726, 818, 946, 1324, 1354, 1686,
430: 2, 4, 8, 22, 33, 36, 41, 55, 64, 85, 148, 182, 350, 361, 389, 428, 806, 853, 905, 1209, 1438, 1713, 2466,
431: 8*, 17, 19, 28, 35, 40, 50, 62, 171, 204, 300, 426, 752, 1032, 1968, 2235, 2388,
432: 1, 2, 25, 37, 51, 64, 161, 406, 814, 865, 1118, 1126, 1760, 1810,
433: 14*, 16*, 20*, 21, 41, 297, 599, 1064, 2252, 2444,
434: 1, 3, 12, 16, 24, 27, 28, 102, 114, 356, 799, 1172, 1530, 1611, 1920,
435: 2*, 3, 4*, 6, 14, 32*, 50, 51, 55, 71, 96, 257, 364, 872, 1030, 1176, 1861, 1937,
436: 4, 6, 7, 8, 9*, 13, 17, 25*, 30, 89, 110*, 180, 182, 254, 532, 540, 759, 908, 1112, 1988, 2401,
437: 5, 12, 27, 40, 63, 108, 114, 150, 160, 188, 228, 252, 292, 336, 355, 504, 590, 764, 970, 1209, 1658, 1783, 1801, 2259,
438: 2, 7, 9, 10, 12, 17, 24, 30, 43, 48, 134, 688, 750, 792, 859, 1773, 2106, 2420,
439: 5, 9*, 10*, 22*, 24, 26, 30, 41, 45, 46, 47, 49, 76, 151, 152, 168, 224, 236, 361, 372, 408, 456, 465, 632, 696, 726, 750, 868, 914, 1574, 1628, 1922, 2115,
440: 1, 4, 22, 54*, 67, 81, 100, 105, 138, 168, 255, 477, 532, 560, 628, 800, 865, 1029, 1120, 1365, 1384, 1688, 1757,
441: 4*, 32*, 52, 96, 174, 202, 258, 394, 894,
442: 2, 3*, 8, 13, 14, 16, 18, 23, 28, 44, 92, 132, 142, 199, 309, 639, 693, 807, 816, 2390,
443: 6*, 12, 13*, 47, 100*, 129, 140, 182, 184, 300, 502, 510, 622, 800, 954, 1128, 1749, 2134, 2491,
444: 1, 4, 9, 10*, 18, 20, 37, 44, 45, 56, 119, 123, 146, 234, 458, 636, 1152, 1169, 1287, 1330, 1696, 1774, 1970, 2336,
445: 2*, 4*, 8*, 42, 54, 57, 105, 109, 117, 285, 541, 589, 657, 811, 815, 1215, 1235, 1284, 2196, 2364,
