(08:50) gp > a(3)
4, 5, 9,
(08:50) gp > a(5)
7, 18, 25,
(08:50) gp > a(7)
12, 20, 24, 25, 29, 37, 49,
(08:51) gp > a(11)
5, 18, 19, 24, 43, 78, 97, 102, 103, 116, 121,
(08:51) gp > a(13)
2, 14, 45, 70, 82, 87, 99, 124, 155, 167, 169,
(08:51) gp > a(17)
24, 38, 40, 63, 83, 103, 105, 184, 186, 206, 226, 249, 251, 265, 289,
(08:51) gp > a(19)
31, 37, 63, 79, 100, 137, 144, 150, 180, 181, 211, 217, 224, 261, 282, 298, 324, 330, 361,
(08:51) gp > a(23)
21, 30, 38, 40, 70, 79, 89, 111, 149, 198, 248, 281, 331, 380, 418, 440, 450, 459, 489, 491, 499, 508, 529,
(08:51) gp > a(29)
15, 40, 41, 49, 51, 56, 64, 74, 84, 126, 182, 204, 381, 460, 637, 659, 715, 757, 767, 777, 785, 790, 792, 800, 801, 826, 841,
(08:51) gp > a(31)
2, 14, 21, 70, 82, 97, 99, 133, 286, 326, 338, 377, 453, 464, 478, 483, 497, 508, 584, 623, 635, 675, 828, 862, 864, 879, 891, 940, 947, 959, 961,