(08:50) gp > a(3)
4, 5, 9,
(08:50) gp > a(5)
7, 18, 25,
(08:50) gp > a(7)
12, 20, 24, 25, 29, 37, 49,
(08:51) gp > a(11)
5, 18, 19, 24, 43, 78, 97, 102, 103, 116, 121,
(08:51) gp > a(13)
2, 14, 45, 70, 82, 87, 99, 124, 155, 167, 169,
(08:51) gp > a(17)
24, 38, 40, 63, 83, 103, 105, 184, 186, 206, 226, 249, 251, 265, 289,
(08:51) gp > a(19)
31, 37, 63, 79, 100, 137, 144, 150, 180, 181, 211, 217, 224, 261, 282, 298, 324, 330, 361,
(08:51) gp > a(23)
21, 30, 38, 40, 70, 79, 89, 111, 149, 198, 248, 281, 331, 380, 418, 440, 450, 459, 489, 491, 499, 508, 529,
(08:51) gp > a(29)
15, 40, 41, 49, 51, 56, 64, 74, 84, 126, 182, 204, 381, 460, 637, 659, 715, 757, 767, 777, 785, 790, 792, 800, 801, 826, 841,
(08:51) gp > a(31)
2, 14, 21, 70, 82, 97, 99, 133, 286, 326, 338, 377, 453, 464, 478, 483, 497, 508, 584, 623, 635, 675, 828, 862, 864, 879, 891, 940, 947, 959, 961,
(08:51) gp > a(37)
24, 59, 83, 94, 117, 206, 217, 220, 278, 374, 451, 519, 545, 578, 621, 640, 669, 700, 729, 748, 791, 824, 850, 918, 995, 1091, 1149, 1152, 1163, 1252, 1275, 1286, 1310, 1345, 1369,
(08:58) gp > a(41)
24, 46, 71, 135, 204, 300, 378, 444, 448, 455, 457, 554, 566, 590, 600, 613, 678, 789, 806, 875, 892, 1003, 1068, 1081, 1091, 1115, 1127, 1224, 1226, 1233, 1237, 1303, 1381, 1477, 1546, 1610, 1635, 1657, 1681,
(08:58) gp > a(43)
52, 151, 225, 240, 253, 272, 273, 293, 313, 325, 327, 355, 389, 429, 476, 566, 682, 727, 801, 840, 847, 1002, 1009, 1048, 1122, 1167, 1283, 1373, 1420, 1460, 1494, 1522, 1524, 1536, 1556, 1576, 1577, 1596, 1609, 1624, 1698, 1797, 1849,
(08:58) gp > a(47)
38, 239, 322, 328, 351, 366, 388, 408, 462, 483, 541, 545, 559, 608, 622, 644, 924, 957, 989, 1013, 1016, 1028, 1054, 1155, 1181, 1193, 1196, 1220, 1252, 1285, 1565, 1587, 1601, 1650, 1664, 1668, 1726, 1747, 1801, 1821, 1843, 1858, 1881, 1887, 1970, 2171, 2209,
(08:58) gp > a(53)
64, 70, 132, 207, 208, 252, 340, 374, 458, 500, 512, 518, 558, 559, 589, 634, 668, 698, 811, 891, 902, 1099, 1239, 1257, 1317, 1492, 1552, 1570, 1710, 1907, 1918, 1998, 2111, 2141, 2175, 2220, 2250, 2251, 2291, 2297, 2309, 2351, 2435, 2469, 2557, 2601, 2602, 2677, 2739, 2745, 2809,
(08:59) gp > a(59)
275, 391, 392, 394, 422, 485, 559, 565, 714, 800, 893, 939, 971, 1000, 1019, 1050, 1104, 1106, 1194, 1221, 1241, 1275, 1308, 1405, 1476, 1505, 1569, 1589, 1704, 1777, 1892, 1912, 1976, 2005, 2076, 2173, 2206, 2240, 2260, 2287, 2375, 2377, 2431, 2462, 2481, 2510, 2542, 2588, 2681, 2767, 2916, 2922, 2996, 3059, 3087, 3089, 3090, 3206, 3481,
(08:59) gp > a(61)
46, 90, 121, 167, 181, 193, 239, 287, 400, 402, 406, 593, 638, 664, 682, 728, 729, 874, 970, 984, 990, 995, 1075, 1085, 1251, 1272, 1574, 1804, 1806, 1915, 1917, 2147, 2449, 2470, 2636, 2646, 2726, 2731, 2737, 2751, 2847, 2992, 2993, 3039, 3057, 3083, 3128, 3315, 3319, 3321, 3434, 3482, 3528, 3540, 3554, 3600, 3631, 3675, 3721,
