!2
||2||1||1||1||2||1||1||2||1||1||2||1||3||4||1||1||2||2||1||2||1||1||4||1||3||2||1||3||4||1||1||2||2||1||2||1||1||2||3||1||2||1||7||24||1||3||4||2||1||2||1||1||2||1||1||2||1||3||12||2||3||4||2||1||4||1||5||2||1||1||2||4||7||2552||1||1||2||2||1||4||3||1||2||1||5||6||1||23||4||1||1||2||3||3||2||1||1||4||1||1||10||8||3||4||2||1||10||2||9||2||2||1||8||1||1||2||1||11||12||1||1||2||2||3||2||1||25||6
|-
!3
||3||1||2||1||1||1||2||1||1||1||22||2||1||1||2||1||3||1||4||1||1||2||2||1||1||2||4||1||1||1||2||3||21||1||2||1||3||1||4||2||1||10||2||1||1||1||2||2||1||1||2||2||1||4||6||1||3||1||4||1||3||2||2||1||1||1||4||4||1||3||46||2||1||3||2||1||3||1||8||1||3||3||2||1||1||1||30||1||3||1||2||2||1||1||4||2||3131||1||20||3||1||3||2||1||1||1||18||2||1||3||2||3||5||5||4||1||3||1||NA||1||1||2||102||3||5||9||2||1
|-
!4
||full algebra factors||1||1||full algebra factors||1||1||2||1||full algebra factors||1||1||1||1||2||1||full algebra factors||1||1||2||1||1||1||2||2||full algebra factors||1||1||1||2||2||1||1||1||2||1||full algebra factors||2||1||12||1||1||1||2||12||1||1||2||1||full algebra factors||1||5||2||1||2||1||1||1||3||6||1||3||2||1||full algebra factors||2||1||1||1||2||2||1||2||1||1276||3||1||1||1||2||2||full algebra factors||1||1||4||1||3||1||3||2||1||17||1||2||6||1||1||3||2||2||full algebra factors||5||4||1||2||1||NA||5||1||16||1||1||1||4||2||2||1||1||1||6||1||full algebra factors||1||1||2||1||1||2||3
|-
!5
||3||4||1||1||2||1||1||2||1||3||2||1||covering set||2||1||1||covering set||1||1||2||2||1||4||2||1||4||1||1||2||1||5||8||1||163||4||1||covering set||28||1||1||covering set||2||1||6||2||1||2||1||1||2||1||5||2||1||1||2||1||7||6||2||covering set||2||1||5||covering set||5||1||2||2||1||2||1||3||6||2||1||12||1||1||2||1||1||6||1||covering set||2058||2||1||covering set||1||1||26||18||5||2||1||5||18||2||1||2||1||1||12||1||3||6||2||covering set||2||1||3||covering set||1||3||32||30||17||2||1||1||2||1||1||4||3||1||4
|-
!6
||2||1||1||1||1||1||1||1||1||1||1||1||2||1||1||1||1||1||1||2||2||1||1||2||1||1||2||1||1||1||1||1||1||2||2||1||4||1||1||1||4||1||1||1||1||2||1||4||1||3||1||1||1||6||2||1||5||1||1||1||1||6||2||1||1||1||1||2||10||1||3||1||3||1||1||2||1||1||2||1||1||1||8||1||1||1||1||2||2||4||1||49||1||1||1||2||2||1||1||1||2||2||1||6||2||1||1||1||1||1||4||5||1||1||2||1||1||10||2||1||3||2||4||1||4||1||1||3
|-
!7
||5||1||2||3||1||1||4||4||1||1||2||1||3||1||2||1||1||2||4||1||1||2||2||1||1||1||2||2||1||3||18||1||3||1||2||1||1||2||4||2||5||1||4||1||1||1||2||2||3||1||2||4||7||3||2||3||1||2||32||1||1||1||2||1||1||1||2||2||1||1||6||1||127||5||8||3||1||2||424||2||1||1||6||1||5||1||2||3||1||2||2||1||19||5||8||2||1||2||104||1||1||4||20||1||1||3||2||7||1||1||2||26||3||1||256||1||1||4||8||1||3||1||4||3||5||1||4||2
|-
!8
||full algebra factors||2||1||1||4||1||3||full algebra factors||1||1||18||3||1||covering set||1||1||2||2||1||2||1||3||2||1||1||2||full algebra factors||1||12||1||11||4||1||1||2||1||851||16||1||3||6||2||21||8||1||1||26||1||3||2||3||7||2||1||1||2||2||1||4||1||1||2||1||full algebra factors||2||3||3||6||3||3||6||4||389||2632||1||1||20||1||1||2||1||3||6||24||1||2||3||17||4||1||1||314||1||1||2||2||3||2||1||3||6||3||1||96||1||3||4||1||3||2||1||covering set||2||1||1||covering set||2||5||4||1||1||4||1||1||full algebra factors||5||139||2
|-
!9
||full algebra factors||1||1||full algebra factors||1||1||1||1||full algebra factors||1||11||1||1||8||1||full algebra factors||1||3||2||1||1||1||1||8||full algebra factors||1||2||1||2||1||1||2||1||2||1||full algebra factors||1||3||2||1||covering set||5||1||4||1||3||1||1||covering set||1||1||1||536||2||3||1||2||1||2||5||1||1||1||full algebra factors||1||1||2||2||4||2||23||1||2||covering set||1||1||1||1||4||1||full algebra factors||4||1||2||1||1||15||2||8||1||1||1||7||12||2||1||1||1||10||full algebra factors||1||3||1||2||2||1||9||1||2||4||1||3||1||4||2||5||1||1||NA||2||covering set||1||51||6||1||7||1||1
|-
!10
||2||1||1||1||2||1||1||1||1||1||1||5||1||1||1||1||2||1||2||1||2||1||1||1||1||3||1||1||4||2||1||28||2||1||1||1||1||1||1||14||1||1||2||1||1||5||16||1||1||1||1||1||3||2||1||5||1||1||15||1||3||1||2||1||12||1||1||4||2||1||1||1||2||1||2||8||1||3||1||3||1||2||1||1||1||1||2||1||33||2||1||1||1||1||3||10||4||90||3||17||1||1||2||1||1||1||1||2||136||8||1||1||1||2||1||5||2||1||4||4||483||9||1||2||1||1||9||1
|-
!11
||17||2||2||1||covering set||1||covering set||2||5||1||16||1||1||2||2||3||covering set||1||covering set||4||1||1||6||1||1||6||16||1||covering set||3||covering set||18||1||1||8||1||3||2||22||1||covering set||1||covering set||2||3||1||2||2||1||20||2||1||covering set||1||covering set||4||1||5||6||1||1||NA||4||5||covering set||2||covering set||4||1||1||2||6||1||10||4||1||covering set||1||covering set||2||1||3||2||2||1||2||22||1||covering set||2||covering set||2||71||1||4||1||3||6||4||59||covering set||6||covering set||2||1||1||2||1||1||2||16||1||covering set||3||covering set||4||1||1||6||1||15||4||6||5||covering set||1||covering set||8
|-
!12
||2||1||2||1||1||1||1||2||1||2||1||1||2||1||1||1||2||2||1||1||1||1||3||4||partial algebra factors||1||NA||3||1||1||2||1||2||1||1||1||1||2||1||1||1||1||4||3||3||194||1||2||1||1||6||2||3||1||1||1||1||23||15||1||2||1||3||partial algebra factors||6||15||1||2||1||1||2||1||3||1||2||1||2||2||1||2||1||1||6||9||1||1||2||2||1||2||1||1||4||36||2||1||1||3||1||1||2||1||2||11||1||2||1||2||1||1||2||2||7||1||3||2||6||7||1||1||1||2||6||1||1||1||1||12
|-
!13
||5||2||1||1||2||2||2||1||1||1||1||2||4||1||1||3||3||1||1||10||2||3||1||1||15||1||2||14||covering set||1||1||2||1||8||1||1||2||2||3||1||covering set||6||77||1||2||1||6||2||1||3||1||18||2||1||2||1||3||1||1||2||2||2||1||1||1||1||3||1||covering set||2||1||6||1||3||1||34||2||1||3||1||1||4||2||1||covering set||1||2||2||3||6||1||23||2||48||1||2||covering set||2||1||1||covering set||20||1||4||7||15||2||2||4||1||38||3||1||1||8||2||2||4||1||1||1||4||8||21||2||1||95||1
|-
!14
||3||4||1||covering set||NA||1||1||2||partial algebra factors||1||covering set||1||1||2||2||1||2||1||covering set||2||1||1||2||2||1||covering set||1||3||2||1||1||2||1||covering set||4||1||3||140||2||1||covering set||1||1||2||2||1||708||3||covering set||14||3||1||4||4||1||covering set||1||1||12||1||1||4||1||covering set||2||1||1||2||2||NA||covering set||3||1||2||1||1||2||1||covering set||2||7||5||2||26||3||covering set||1||1||2||1||3||4||1||covering set||6||3||19||2||2||1||covering set||1||107||14||1||1||22||1||covering set||2||1||1||2||2||1||covering set||1||1||6||6||1||2||1||covering set||2||NA||1||2
|-
!15
||3||1||2||1||1||1||2||1||1||1||2||1||1||14||2||1||1||1||2||3||1||1||6||1||3||1||2||1||1||1||4||1||7||1||10||5||1||1||16||1||1||4||2||1||1||5||NA||1||1||1||2||2||1||1||84||1||1||2||2||2||1||1||716||1||1||5||2||1||3||1||10||3||1||1||18||2||1||1||2||14||1||1||2||1||7||1||2||1||33||2||4||1||5||1||2||1||1||3||6||1||1||3||2||1||1||1||2||1||5||2||2||3||3||1||64||2||1||3||4||1||1||2||4||4||1||1||6||4
|-
!16
||full algebra factors||1||1||full algebra factors||1||1||1||1||full algebra factors||1||2||1||2||1||1||full algebra factors||1||3||1||2||1||2||1||1||full algebra factors||1||1||1||1||1||12||2||2||1||5||full algebra factors||1||1||6||2||1||3||1||6||1||8||1||15||full algebra factors||2||1||1||2||1||1||1||1||12||3||2||3||1||2||full algebra factors||1||1||2||1||1||1||1||1||1||638||5||2||1||26||1||1||full algebra factors||2||1||2||2||3||2||6||1||1||1||1||1||3||8||1||3||1||1||covering set||2||2||3||1||2||1||3||2||8||1||2||5||2||1||1||2||1||2||3||7||full algebra factors||1||6||1||1||2||1||3
|-
!17
||3||2||2||1||60||1||1||2||1||117||46||2||1123||4||1||1||2||4||9||2||1||1||2||3||1||110||1||7||NA||1||1||4||3||1||24||243||1||8||1||3||2||12||7||NA||1||25||2||4||covering set||2||1||1||4||16||1||2||4||35||covering set||1||3||4||2||1||covering set||2||1||8||1||19||2||1||15||12||2||1||2||2||13||4||partial algebra factors||9||6||1||59||covering set||1||3||4||4||1||4||2||1||10||2||1||6||4||1||2||1||NA||12||1||1||2||3||1||6||18||3173||NA||3||1||18||5||11||80||1||1||2||7||17||928||1||NA||8
|-
!18
||2||2||1||1||1||1||2||2||11||1||1||8||1||1||1||5||2||1||3||1||2||2||2||1||1||1||2||1||1||2||1||24||1||16||1||1||2||1||1||1||30||3||1||5||1||1||2||1||1||110||5||2||1||1||3||2||4||17||1||3||1||4||2||1||2||1||3||1||1||1||1||2||6||3||44||1||7||172||63||1||3||7||1||1||2||15||3||1||1||1||1||10||32||12||1||9||7||2||19||15||11||4||1||1||1||1||2||5||4||1||1||8||8||3||1||1||2||2||1||1||5||28||1||3||2||1||7||6
|-
!19
||19||1||2||partial algebra factors||1||1||2||1||covering set||2||covering set||1||1||6||2||1||5||6||18||1||1||1||108||2||1||3||4||1||covering set||1||covering set||1||1||2||2||1||23||11||2||2||1||1||4||6||5||1||8||1||covering set||2||covering set||2||1||6||2||1||1||1||4||5||1||2||4||partial algebra factors||1||5||6||1||covering set||1||covering set||1||3||2||2||NA||3||1||10||2||1||1||8||2||1||3||4||1||covering set||1||covering set||1||1||2||872||1||1||1||338||1||21||2||2||18||1||9||6||6||covering set||1||covering set||1||9||4||20||1||7||2||6||2||1||2||12||16||1||1||NA||10
|-
!20
||3||10||1||1||2||2||1||covering set||1||1||8||1||covering set||6||21||9||22||1||1||2||1||1||2||1||1||2||2||3||covering set||1||1||2||1||covering set||2||1||1||2||1||9||28||1||1||2||154||1||4||162||3||covering set||1||1||22||2||covering set||4||3||1||2||7||5||2||1||1||2||1||3||6||30||1||covering set||1||1||2||1||covering set||2||1||1||10||1||NA||2||2||1||92||3||1||6||2||19||covering set||2||1||6||1||covering set||2||1||1||12||1||21||668||1||17||10||6||1||10||4||1||covering set||2||5||2||1||covering set||2||1||3||2||1||3||2||143||1||2
|-
!21
||3||1||1||1||4||3||1||1||1||2||1||1||2||1||1||1||1||2||1||1||2||1||1||1||1||1||1||1||98||2||2||4||1||17||1||1||2||1||1||1||1||1||10||2||covering set||1||98||3||1||1||1||1||2||2||1||3||3||1||1||1||36||1||1||2867||covering set||1||3||1||2||2||1||1||1||1||1||2||20||1||1||2||3||1||2||88||2||5||2||1||1||1||1||1||2||1||1||2||1||6||1||1||144||1||17||2||3||2||1||1||48||1||1||1||1||1||2||1||2||1||1||2||1||3||1||4||2||2||3||1
|-
!22
||2||1||2||1||1||1||2||4||1||1||1||1||3||1||1||9||1||4||1||1||1||1||2||3||11||1||1||2||12||1||1||4||2||3||1||1||1||7||1||1||2||2||2||1||8||1||1||4||1||1||2||2||7||1||14||1||1||4||1||1||3||4||2||1||1||1||1||2||4||27||1||1||2||1||2||1||1||2||8||1||3||1||3||1||1||3||1||2||45||1||46||2||39||15||1||1||2||2||1||1||1||1||6||1||1||59||2||3||4||2||1||1||3||4||2||1||5||2||1||2||1||1||7||8||1||22||2||8
|-
!23
||5||6||6||5||covering set||1||covering set||2||1||1||2||2||1||52||2||1||covering set||2||covering set||4||1||55||4||7||5||214||4||1||covering set||1000||covering set||2||1||1||2||1||3||2||8||1||covering set||3||covering set||4||1||5||6||1||1||2||6||3||covering set||3||covering set||2||19||13||20||6||1||2||6||1||covering set||2||covering set||4||5||1||38||3||1||8||18||1||covering set||1||covering set||4||3||3||4||1||1||102||2||117||covering set||1||covering set||4||1||1||2||1||3||8||4||3||covering set||3||covering set||4||3||1||NA||2||15||2||14||223||covering set||1||covering set||2||143||1||4||4||NA||2||2||1||covering set||1||covering set||12
|-
!24
||3||1||1||partial algebra factors||2||NA||1||1||partial algebra factors||1||1||2||1||8||1||1||2||1||16||1||1||2||12||2||1||5||1||2||2||1||1||3||9||2||1||1||1||1||16||2||1||3||1||2||2||1||5||1||partial algebra factors||3||1||3||18||4||1||3||1||3||4||1||5||1||1||partial algebra factors||1||1||1||3||3896||1||9||3||4||102||3||1||1||1||2||3||9||8||2||2||1||1||1||1||2||2||5||1||1||34||9||NA||2||1||662||1||1||1||14||12||4||1||2||1||4||3||1||1||1||116||2||7||2||2||2||1||1||1||5||4||1||1||4||2
|-
!25
||full algebra factors||2||1||full algebra factors||1||1||1||1||full algebra factors||1||1||2||2||1||4||full algebra factors||1||1||1||1||1||2||2||1||full algebra factors||2||1||1||1||2||2||4||1||1||2||full algebra factors||17||14||1||3||2||1||1||3||1||1||1||7||full algebra factors||1||2||1||1||2||1||1||10||26||3||1||1||1||1||full algebra factors||5||5||24||1||1||3||1||24||2||3||1||6||6||1||21||1||full algebra factors||1||3||1||5||1029||1||1||4||2||1||13||9||2||1||1||1||9||1||full algebra factors||1||1||2||6||covering set||1||3||1||1||1||2||2||1||2||1||16||15||1||1||1||full algebra factors||1||3||1||2||3||2||2
|-
!26
||7||6||2||1||4||1||1||2||1||3||2||1||1||2||1||1||2||1||7||4||1||1||28||2||133||6||1||1||2||72||3||NA||1||1||4||3||233||4||1||1||22||1||1||10||18||1||2||6||9||14||1||5||24||6||1||6||1||5||2||1||1||2||1||1||100||2||1||6||2||5||16||1||537||2||1||1||2||1||1||382||1||1||6||2||7||66||8||1||4||1||3||2||1||5||6||1||1||4||2||19||2||24||1||6||1||3||6||6||1||8||1||7||2||1||NA||2||1||1||6||1||1509||2||5||249||2||1||1||300
|-
!27
||full algebra factors||1||2||1||1||2||2||full algebra factors||23||1||10||2||covering set||1||covering set||1||1||2||8||8||1||1||3742||1||1||1||full algebra factors||2||13||1||2||1||7||8||2||1||1||2||8||1||covering set||5||covering set||1||1||2||226||4||1||3||6||2||3||3||2||1||1||2||4||1||1||2||2||full algebra factors||1||1||2||3||covering set||1||covering set||5||23||1||2||22||1||227||156||4||1||1||2||1||23||3||10||2||1||2||230||1||3||8||8||1||covering set||10||covering set||1||51||1||4||8||1||1||6||4||1||1||2||1||7||5||NA||3||1||4||NA||3||3||2||34||1||covering set||3||covering set||3
|-
!28
||2||2||1||1||1||1||26||1||1||1||1||3||10||47||1||1||2||1||1||2||1||2||1||4||1||1||20||1||1||1||2||2||5||1||3||3||3||1||1||1||2||4||1||1||1||2||2||10||1||1||1||39||1||1||2||1||2||1||5||3||1||3||2||1||9||1||2||14||1||1||1||7||1||5||1||1||3||2||7||1||1||2||2||1||5||22||2||1||3||36||1||18||2||1||1||1||2||2||28||1||53||2||4||5||1||2||74||1||1||1||6||2||1||1||10||25||19||1||1||1||1||71||2||4||1||1||8||1
|-
!29
||5||136||1||covering set||2||1||1||38||covering set||3||covering set||1||covering set||10||1||1||covering set||1||covering set||38||covering set||3||4||2||1||covering set||2||1||4||2||1||6||1||covering set||2||1||covering set||2||130||77||covering set||1||1||2||2||5||2||8||covering set||2||1||157||8||2||1||covering set||1||135||2||2||covering set||6||19||covering set||covering set||1||1||4||4||1||covering set||1||35||2||1||1||2||2||covering set||4||1||1||4||22||covering set||covering set||2||1||covering set||1||1||8||2||covering set||142||3||101||6||4||87||covering set||1||1||6||1||1||4||3||covering set||8||1||11||covering set||2||1||covering set||4||25||20||27||1||396||1||covering set||152||3||1||2
|-
!30
||2||1||1||3||1||1||2||1||1||2||30||1||1||1||1||1||1||6||1||1||2||1||3||1||NA||2||1||1||2||1||1||107||3||1||1||395||1||16||2||2||1||1||1||1||2||2||1||1||21||1||4||1||2||1||2||3||1||43||1||24||4||2||1||5||1||1||12||1||1||1||1||16||2||3||2||2||1||1||4||1||5||1||2||8||1||1||1||2||3||1||1||2||1||1||3||1||1||1||1||1||4||3||1||1||8||10||1||3||36||1||1||1||1||4||1||2||2||1||2||2||3||1||20||1||13||1||2||3
|-
!31
||7||1||18||1||NA||1||42||2||1||1||6||72||1||1||2||75||1||1||NA||1||275||1||6||1||15||6||2||2||1||1||6||1||107||2||6||1||1||9||250||22||1||1||20||2||3||4||6||1||637||1||NA||2||1||2||10||1||1||1||2||3||9||2||2||1||11||1||48||32||1||149||2||2||NA||1||2||1||1||1||2||4||1||2||4||3||1||2||14||33||17||1||4||1||17||1||6||2||NA||1||2||1||1||6||12||25||1||2||2||1||1||3||2||3||643||1||464||1||3||2||2||1||3||2||1872||1116||7||4||2||1
|-
!32
||full algebra factors||6||11||1||2||1||1||2||3||covering set||10||1||159||4||1||3||4||4||1||2||2||5||covering set||3||7||58||1||3||NA||6||1||full algebra factors||2||1||2||1||NA||4||21||1||2||10||covering set||72||1||1||14||6||1||2||2||1||10||24||1||covering set||1||3||32||3||1||2||2||5||186||1||1||50||1||1||82||2||covering set||NA||1||covering set||12||NA||3||2||1||NA||2||1||1||6||2||499||covering set||1||3||2||2||1||34||10||9||16||1||3||2||28||15||4||1||1||2||7||covering set||8||33||1||16||5||23||NA||4||3||32||14||407||covering set||3||1||2||2||5||2
|-
!33
||3||6||8||1||1||1||4||1||1||2||1||26||1||1||2||partial algebra factors||3||1||1||1||1||2||1||3||1||1||7||2||1||3||2||2||2||4||1||1||3||2||1||1||2||2||1||1||2||2||7||1||1||2||5||3||5||3||1||1||2||1||4||1||1||4||1||1||1||5||8||1||1||1||1||6||4||1||1||2||2||9||1||2||1||4||74||8||1||1||3||1||1||1||2||43||4||11||1||1||2||2||7||1||110||3||1||31||1||3||7||360||3||7||1||2||1||1||2||2||3||30||3||5||1||2||1||1||1||1||2||12
|-
!34
||13||1||1||partial algebra factors||2||covering set||1||1||partial algebra factors||1||1||1||2||2||1||1||1||2||2||10||5||5||1||2||1||1||3086||1||covering set||1||75||1||15||12||2||1||1||1||2||2||covering set||1||1||36||1||1||1||2||partial algebra factors||1||1||4||1||2||2||1||23||2||34||1||1||2||1||covering set||4||1||2||1||6||3||7||1||1||12||1||covering set||1||1||10||1||1||1||2||2||5||93||1||1||64||covering set||1||3||2||8||1||15||618||1||covering set||1||1||1||9||2||2||1||1||1||46||1||covering set||246||3||2||1||1||3||NA||6||1||3||2||4||12||8||1||1||5
|-
!35
||313||6||6||1||covering set||2||covering set||4||1||1||2||1||1||4||2||5||covering set||1||covering set||2||1||1||2||1||3||2||4||3||covering set||1||covering set||2||1||3||312||1||1||2||2||1||covering set||2||covering set||2||1||1||14||3||1||8||2||1||covering set||1||covering set||174||1||1||2||1||NA||90||6||1||covering set||1||covering set||2||1||5||2||3||1||28||70||1||covering set||1||covering set||6||3||27||22||1||1||2||136||1||covering set||3||covering set||1000||1||NA||4||1||1||2||2||1||covering set||5||covering set||2||5||1||2||1||1||52||2||1||covering set||1||covering set||2||5||1||10||2||5||4||2||1||covering set||1||covering set||2
|-
!36
||full algebra factors||1||1||full algebra factors||1||1||1||1||full algebra factors||1||1||1||1||1||2||full algebra factors||2||1||1||1||1||1||1||1||full algebra factors||7||1||3||1||3||1||1||1||1||1||full algebra factors||2||1||2||1||2||1||5||1||1||1||3||2||full algebra factors||1||1||1||1||3||1||6||1||1||2||5||1||3||1||full algebra factors||1||2||1||1||5||4||1||1||4||1||1||1||7||1||1||1||full algebra factors||29||4||1||2||1||8||1||1||2||10||2||1||5||4||1||1||1||1||full algebra factors||1||1||20||3||1||1||1||2||1||2||2||3||2||2||1||4||1||5||1||1||full algebra factors||1||2||1||2||1||1||2
|-
!37
||13||1||2||3||900||3||1||4||1||1||2||1||2||3||1||1||1||14||63||1||2||1||3||1||3||2||1||2||covering set||1||1||8||NA||1||1||7||12||2||15||2||1||1||2||1||2||2||8||3||1||2||7||1||8||1||1||1158||5||3||1||2||2||1||4||1||1||1||2||4||8||1||14||1||35||12||4||1||covering set||2||1||2||NA||1||2||23||2||1||1||3||1||1||3||313||10||4||2||17||9||2||1||99||574||18||3||1||1||1||1||4||188||2||1||1||covering set||1||1||2||4||3||3||2||1||1||18||9||10||10||5||4
|-
!38
||3||2||1||1||2||1||7||2||43||1||766||2||covering set||covering set||1||1||2||1||41||2||1||1579||2||1||covering set||6||23||1||4||2||15||4||9||1||2||1||NA||2||1||3||26||2||5||NA||1||1||2||1||1||16||2||7||covering set||8||1||2||2||1||3708||6||11||2||1||covering set||252||13||67||4||1||1||2||2||81||4||2||1||2||1||1||212||11||3||2||1||1||2||2||1||28||2||1||covering set||1||1||4||3||95||2||1||251||covering set||12||covering set||8||1||1||270||13||13||4||1||3||2||9||3||NA||3||1||28||5||1||6||1||9||NA||1||35||2
|-
!39
||349||2||2||partial algebra factors||1||1||2||1||covering set||1||covering set||1||3||100||4||35||1||1||2||1||1||1||2||94||1||1||2||1||covering set||8||covering set||42||1||2||10||5||15||1||348||1||27||1||286||2||1||13||36||1||covering set||1||covering set||1||1||4||28||5||5||2||18||1||3||1||2||partial algebra factors||3||7||4||4||covering set||1||covering set||23||1||28||2||1||1||1||24||1||1||2||4||2||1||111||32||6||covering set||2||covering set||5||9||2||6||1||3||1||2||3||3||4||14||8||5||1||2||1||covering set||1||covering set||2||1||38||2||1||1||7||2||1||5||7||3712||2||1||7||8||2
|-
!40
||2||1||2||1||1||1||2||2||1||2||1||1||1||1||1||3||6||1||2||6||1||1||1||4||5||1||1||1||2||19||6||1||1||2||1||1||5||3||1||1||2||3||3||1||2||1||1||77||1||1||1||2||1||2||1||1||2||1||2||1||2||25||2||1||21||2||15||1||4||3||7||1||2||2||1||1||1||1||3||9||partial algebra factors||1||1||1||4||3||2||2||1||2||1||1||1||76||216||3||5||1||23||41||2||1||1||1||2||2||97||5||1||8||4||1||1||9||2||1||1||7||1||1||1||12||1||15||1||1||1||1
|-
!41
||3||2||1||1||10||2||153||covering set||partial algebra factors||1||4||1||covering set||212||1||1||covering set||4||1||2||1||3||6||1||covering set||2||4||261||covering set||1||1||2||NA||covering set||10||3||1||14||2||7||2||1||1||6||1||NA||2||2||1||covering set||2||1||2||1||covering set||3516||covering set||1||14||1||3||4||1||5||covering set||1||1||30||100||53||covering set||3||covering set||6||10||covering set||2||19||1||1082||1||1||2||3||7||24||1||1||2||2||1||covering set||1||1||2||1||covering set||6||1||1||68||11||1||20||2||5||4||26||1||8||124||1||covering set||1||1||122||2||covering set||2||1||covering set||2||1||11||22||1||3||12
|-
!42
||2||1||2523||1||2||1||1||10||17||1||1||1||3||1||2||15||8||2||1||1||1||8||3||3||1||1||5||2||1||1||1||4||2||1||3||1||1||3||1||8||1||1||8||1||1||1||1||3224||NA||1||1||9||2||1||1||1||1||8||1||4||2||2||6||1||1||2||6||4||1||1||2||1||3||8||2||1||6||4||4||1||9||4||2||1||2||2||33||2||63||1||1||1||2||1||1||2||1||2||1||53||1||1||10||9||1||1||1||6||3||5||42||1||6||1||2||1||6||139||11||1||1||4||3||1||50||2522||1||4
|-
!43
||5||2||24||279||1||1||4||2||1||2||2||203||NA||1||4||1||79||1||4||1||covering set||6||covering set||1||1||1||10||1||1||1||38||2||1||1||204||15||7||22||40||9||1||7||4||3||1||1||2||1||3||1||2||4||301||4||NA||3||3||2||76||1||87||3||2||1||covering set||1||covering set||2||1||28||2||3||1||1||2||30||19||1||196||2||1||2||2||8||3||1||40||10||1||2||NA||151||1||5||6||1||15||2||NA||1||105||7||2||77||427||3||458||1||covering set||1||covering set||2||1||3||4||1||covering set||2||4||98||1743||3||30||1||1||1||2||1
|-
!44
||5||4||1||covering set||2||1||1||16||partial algebra factors||1||covering set||5||1||2||1||9||2||2||covering set||12||3||1||18||14||3||covering set||1||1||16||1||17||8||1||covering set||2||1||1||8||2||1||covering set||1||7||4||1||NA||12||1||covering set||2||1||1||2||2||3||covering set||8||1||6||2||1||6||2||covering set||10||1||9||16||2||1||covering set||1||3||2||1||1||NA||2||covering set||6||221||1||2||2||1||covering set||1||3||38||3||1||NA||1||covering set||2||61||7||14||28||141||covering set||12||3||10||2||1||6||1||covering set||6||43||107||26||12||1||covering set||1||7||2||1||1||42||3||covering set||4||3||485||24
|-
!45
||19||1||1||1||2||1||1||1||1||1||3||3||2||2||1||1||1||1||2||2||2||2||1||NA||1||4||1||1||146||3||2||1||11||1||1||1||2||1||1||3||1||1||1||1||18||1||3||4||3||3||2||1||582||5||1||1||1||1||1||1||2||1||3||1||3||1||1||2||6||167||1||2||1||1||2||102||26||3||1||2||1||6||1||1||82||2||6||4||3||1||50||1||covering set||1||1||5||1||1||2||1||2||160||2||1||1||161||19||16||6||8||1||1||5||2||2||7||4||1||1||1||1||1||1||2||2||1||1||9
|-
!46
||2||2||1||1||1||2||1||1||3||2||1||2||1||1||5||81||17||1||1||1||1||1||6||1||1||1||2||4||2||3||2||1||2||1||1||1||2||1||4||1||2||1||1||2||1||1||1||1||1||52||11||1||1||4||1||8||1||8||1||7||10||1||1||5||8||1||4||6||4||16||1||3||1||9||1||1||1||2||2||4||3||1||5||1||1||NA||1||3||1||1||9||1||NA||2||75||1||1||1||4||2955||1||1||1||1||3||7||11||1||1||1||1||12||1||3||3||15||1||2||21||1||935||12||1||1||1||2||4||51
|-
!47
||127||4||2||1555||covering set||1||covering set||32||1||51||2||1||covering set||covering set||2||1||covering set||2||covering set||2||covering set||1||358||4||1||30||74||3||covering set||1||covering set||2||NA||1||6||7||37||8||NA||1||covering set||1||covering set||480||3||1||126||2||1||4||covering set||9||covering set||3||covering set||34||covering set||763||8||1||1||148||18||5||covering set||6||covering set||2||1||459||2038||46||covering set||8||2||1||covering set||3||covering set||222||5||1||2||1||1||NA||4||7||covering set||1||covering set||2||75||3||138||6||NA||2||4||23||covering set||1||covering set||16||1||19||12||3276||3483||2||2||25||covering set||4||covering set||covering set||1||283||4||1||1||4||164||1||covering set||23||covering set||60
|-
!48
||19||4||2||1||1||294||2||1||1||1||2||2||162||17||1||5||12||1||1||4||2||15||1||1||59||15||2||10||9||1||1||2||1||8||3||5||2||1||1||8||2||8||1||1||3||1||2||18||1||1||1||6||1||1||2||1||7||2||35||1||1||4||1||11||1||1||19||2||4||1||1||2||6||3||20||2||12||49||5||3||15||2||2||7||1||1||3||2||1||4||14||35||1||3||1||3||8||1||1||1||41||2||1||36||1||1||2||14||1||1||2||4||13||1||1||6||8||NA||1||3||1||6||1||4||8||1||7||1
|-
!49
||full algebra factors||1||1||full algebra factors||1||1||2||2||full algebra factors||1||1||1||1||2||1||full algebra factors||2||1||2||4||1||1||1||14||full algebra factors||3||1||1||4||24||9||1||1||2||1||full algebra factors||1||1||2||1||1||3||2||122||2||1||1||1||full algebra factors||2||1||2||15||6||1||3||1||1||16||1||3||1||1||full algebra factors||1||5||1||1||42||14||3||1||1||6||4||3||2||1||212||1||covering set||NA||3||2||1||5||1||2||2||1||1||1||2||36||4||1||3||1||52||full algebra factors||1||2||10||2||1||69||1||8||4||4||1||13||6||4||128||1||1||2||4||1||full algebra factors||2||2||2||1||1||2||1
|-
!50
||3||2||1||1||12||6||1||2||1||1||6||1||19||66||1||covering set||2||NA||7||2||1||1||4||2||1||4||2||1||2||1||1||2||2||1||covering set||1||NA||2||1||1||2||1||1||8||5||3||2||1||25||2||1||19||2||1||1||2||2||5||4||1||1||6||4||1||2||1||covering set||NA||1||1||2||2||19||2||11||1049||2||1||3||2||1||1||6||12||1||covering set||1||7||2||5||1||NA||1||193||4||1||95||4||1||1||22||1||11||366||8||1||4||1||1||48||2||5||2||4||1||2||1||covering set||4||1||3||444||9||1||410||1||1||4
|-
!51
||NA||1||8||3||1||1||2||2||1||1||2||4||1||3||2||1||1||2||2||1||1||2||96||1||covering set||1||covering set||1||1||6||4||2||5||1||4||1||3||2||8||1||7||1||2||1||21||2||40||1||1||1||NA||5||9||1||2||1||1||1||6||2||1||8||2||partial algebra factors||1||1||2||1||1||3||4||1||1||23||10||2||covering set||2||covering set||1||3||2||2||1||13||1||2||2||1||2||2||1||1||1||2||2||1||3||2||1||1||3||6||1||1||5||6||1||11||3||2||1||7||1||12||2||167||13||NA||4||1||1||18||1||1||1||8||60
|-
!52
||2||1||2||3||3||1||4||8||1||1||1||4||2||1||2||1||1||4||5||1||1||5||2||19||1||3||4||2||3||1||2||1||2||139||1||1||1||3||1||8||1||2||643||1||1||1||5||4||9||5||5||1||3||63||1||2||1||11||1||1||3||14||2||1||2||9||89||2||1||1||1||2||19||1||2||2||1||2||91||1||1||NA||6||5||3||1||1||6||5||1||2||1||18||3||7||2||4||2||1||1||55||1||8||1||36||3||1||3||1||2||73||6||2||1||1||3||8||2||13||1||137||1||31||3||2||1||14||2
|-
!53
||11||44||1||1||2||1||11||8||3||71||6||71||covering set||20||1||15||covering set||1||1||2||2||211||2||4||1||30||2||1||40||9||1||4||1877||1||2||1||covering set||24||1||1||covering set||2||NA||2220||2||1||4||1||63||2||3||3||10||1||3||2||827||NA||16||12||covering set||2||1||1||covering set||1||NA||4||4||1||2||3||1||NA||1||1||4||1||1839||4||75||115||22||1||covering set||26||11||1||covering set||4||1||4||2||31||2410||1||NA||4||4||17||34||490||1||4||1||43||6||2||covering set||2||46||NA||covering set||5||3||414||2||49||12||1||33||2||1||1||4||5||NA||NA
|-
!54
||3||1||2||partial algebra factors||1||NA||2||1||partial algebra factors||4||1||1||1||2||1||1||3||1||6||8||covering set||1||267||4||3||37||17||1||14||1||11||1044||3||covering set||1||9||1||2||2||2||1||1||2||22||NA||43||3||1||partial algebra factors||1||1||2||1||2||1||1||4||13||200||2||7||1||2||partial algebra factors||10||17||1||1||2||1||1||19||2||6||1||covering set||1||1||34||2||1||48||1||2||3||1||310||1||covering set||4||7||1||1||2||3||NA||1||2||2||1||27||1||2||8||1||3||1||2||258||1||5||1||1||4||203||1||1||6||2||2||31||1205||2||4||2||1||1||1
|-
!55
||17||1||76||1||1||2||2||1||3||1||8||1||covering set||1||covering set||1||1||2||4||6||1||21||6||1||1||1||8||2||1||2||2||1||1||2||2||1||1||1||4||1||covering set||1||covering set||12||1||1||26||56||1||1||2||1||7||1||16||1||1||1||2||1||3||6||2||739||1||4||4||1||covering set||1||covering set||32||1||2||2||8||7||1||2||5||3||1||6||3||31||1||2460||1||1||2||8||1||1||1||2||1||covering set||4||covering set||69||1||29||2||2||1||2665||34||1||33||2||2||1||5||1||4||1||1||NA||6||1||1||1||2||1||covering set||101||covering set||1
|-
!56
||7||2||1||1||2||1||3||2||1||23||2||1||1||26||1||1||4||4||1||covering set||2||1||6||12||1||32||1||1||108||2||1||22||1||1||4||45||covering set||38||7||1||4||1||NA||2||1||5||2||1||5||2||1||3||2||1||1||6||1||23||276||1||1||2||1||1||66||1||5||2||1||1||2||5||3||64||2||211||covering set||1||1||8||1||1||238||1||1||2||1||29||2||1||1||4||2||covering set||8||419||1||26||2||1||2||1||5||2||1||1||8||1||7||2||1||1||NA||2||331||14||1||1||2||1||7||2||19||9||2||12||15||2
|-
!57
||3||1||3||1||1||3||1||16||partial algebra factors||1||1||1||2||1||1||1||5||2||1||5||3||1||2||1||partial algebra factors||1||1||2||1||1||1||1||3||12||1||1||4||20||12||2||2||1||3||4||1||1||8||3||1||4||1||1||2||157||1||1||2||3||83||3||2||1||22||1||1||1||4||2||1||1||2||4||16||1||1||2||1||8||1||7||1||1||4||1||1||2||242||27||4||3||1||2||2||7||1||1||1||6||4||109||1||1||4||1||2||1||1||2||1||1||1||2||3||4||34||3||1||3||1||1||partial algebra factors||2||2||31||2||3||2||16
|-
!58
||2||3||1||273||4||1||3||1||1||1||2||3||1||1||2||3||3||9||1||1||1||31||24||3||3||14||56||1||5||6||1||2||1||3||1||1||64||1||5||1||1||6||5||1||1||2||3||2||1||26||1||2||645||4||1||6||2||1||3||53||3||3||2||1||1||2||18||1||1||14||NA||22||4||5||1||6||2||1||9||1||3||8||1||1||106||1||2||9||11||2||1||32||1||3||51||1||2||1||1||1||1||2||264||9||1||2||6||1||173||1||3||3||1||24||8||2||2||1||15||1||1||11||21||8||2||1||4||81
|-
!59
||3||2||8||covering set||covering set||1||covering set||2||covering set||3||covering set||2||1||2||2||7||covering set||1||covering set||4||1||1||2||12||49||covering set||2||107||covering set||1||covering set||54||3||covering set||2||3||1||4||4||15||covering set||1||covering set||6||1||1||4||2||covering set||2||covering set||1||covering set||2||covering set||covering set||7||3||2||1||5||8||8||covering set||covering set||3||covering set||2||covering set||1||covering set||3||1||4||8||1||covering set||2||covering set||2||1||11||2||30||3||covering set||2||1||covering set||1||covering set||10||41||covering set||28||3||1||8||8||3||covering set||3||covering set||4||3||95||264||6||covering set||50||covering set||1||covering set||2||covering set||covering set||21||1||180||1||9||4||24||covering set||covering set||1||covering set||2
|-
!60
||2||5||1||1||3||1||1||1||9||1||1||1||5||1||194||3||1||3||2||2||1||1||2||1||1||1||1||2||2||2||2||4||1||1||1||NA||3||3||1||1||1||7||1||11||1||4||1||1||1||1||9||1||43||4||1||1||19||2||1||1||1||1||1||53||11||22||1||1||1||4||1||3||13||31||10||4||3||1||29||1||3||1||2||1||1||2||3||1||4||1||2||1||257||1||7||2||2||1||1||11||3||4||4||2||1||1||2||4||10||1||1||1||1||3||1||1||1||1||3||4||partial algebra factors||2||123||2||1||1||7||9
|-
!61
||7||3||2||5||2||1||1||1||1||1552||1||2||NA||1||1||33||5||1||1||2||2||117||1||2||1||1||1||1||14||6||3||1||1||1||3||1||NA||2||2||2||755||174||4||1||34||2||1||1||35||1||1||4||NA||20||5||1||89||5||20||1||6||5||37||1||1||2||3||6||2||1||1||1||5||1||1||6||3080||9||4||3||5||1||1||2||2||1||4||1||3||2||2||4||60||11||1||1||7||2||1||NA||28||1||78||1||1||1||45||2||86||1||1||2||1||3||22||57||8||1||2||3||9||2||2||1||covering set||3||1||6
|-
!62
||3||2||59||9||2||2||1||covering set||1||1||2||1||covering set||80||1||1||6||2||5||4||1||NA||2||1||1||NA||2||51||covering set||2||3||2||2||covering set||12||3||1||530||1||3||22||18||NA||60||1||1||2||2||1||covering set||2||NA||4||1||covering set||22||1||7||8||1||899||2||2||1||2||1||1||30||12||1||covering set||1||895||8||1||covering set||12||3||29||4||1||9||4||4||5||10||1||351||4||10||1||covering set||3||1||2||2||covering set||46||3||1||6||1||47||236||7||1||6||86||31||6||394||253||covering set||9||1||14||1||covering set||20||21||15||2||3||1||2||26||1||4
|-
!63
||5||2||2||1||1||2||8||1||1||20||78||27||1||1||24||3||11||4||12||1||1||2||28||1||1||1||4||450||3||1||2||3||1||1||2||1||1615||1||848||2||1||19||2||3||183||1||26||1||1||3||2||15||1||3||2||1||11||5||32||1||15||3||4||1483||1883||1||2||1||3||1||10||2||105||33||4||1||11||6||4||1||1||4||234||59||1||1||6||5||1||1||66||2||NA||1||2||1||851||1||12||1||1||2||68||1||1||13||30||1||1||7||2||2||1||7||6||1||3||1||36||1||57||16||6||3||1||1||4||36
|-
!64
||full algebra factors||1||1||full algebra factors||2||1||1||full algebra factors||full algebra factors||1||9||6||1||covering set||1||full algebra factors||1||1||2||1||3||1||1||3020||full algebra factors||1||full algebra factors||1||6||5||1||2||1||8||1||full algebra factors||1||8||4||1||3||1||1||4||1||5||13||5||full algebra factors||1||covering set||1||1||6||2||1||1||1||2||2||1||1||11||full algebra factors||1||7||1||3||90||1||3||2||2||1316||1||1||10||2||covering set||1||full algebra factors||4||3||12||26||1||2||1||2||6||1||157||3||2||1||1||1||1||122||full algebra factors||3||3||2||48||1||263||2||1||4||1||1||1||1||4||2||covering set||1||1||2||1||full algebra factors||2||4||14||full algebra factors||15||6||1
|-
!65
||19||4||1||9||2||1||1||10||1||covering set||NA||1193||1||2||1||1||24||6||1||2||14||1||covering set||1||917||2||1||3||2||1||57||8||1||3||4||1||1||10||2||5||4||1||covering set||6||3||93||4||1||1||694||1||5||6||790||1||covering set||1||1||3256||6||1||6||2||1||18||1||3||28||4||1||80||1||1||NA||1||covering set||2||17||3||2||81||3||12||3||1||4||4||9||covering set||1||1||2||1||109||8||2||1||2||1||1311||2||2||1||4||1||7||60||1||covering set||2||1||3||14||9||5||246||1||1||2||2||1||covering set||2||1||4||2||1||4
|-
!66
||2||1||1||1||9||1||1||2||1||1||4||3||1||1||4||1||2||1||2||1||1||1||7||1||3||2||1||1||1||1||1||1||6||1||1||9||1||2||3||6||1||4||1||1||1||1||21||1||289||1||1||2||1||3||2||1||1||5||2||6||3||1||1||5||1||1||1||5||4||4||1||1||1||5||6||7||1||1||1||1||1||3||1||2||9||2||1||1||2||1||1||1||3||1||1||125||8||5||4||1||2||4||2||1||5||1||2||1||1||3||2||8||1||1||1||1||6||1||1||1||1||4||1||8||4||1||2||1
|-
!67
||19||768||2||1||1||1||2||2||3||1||6||1||7||1||4||partial algebra factors||1||7||8||2||27||1||42||1||2829||1||2||2||1||2||10||1||covering set||3||covering set||1||covering set||3||60||3||1||4||14||9||1||NA||2||2||1||2||278||1853||3||1||2||2||NA||3||20||1||5||1||2||1||33||1||18||24||1||2||34||2||11||1||4||1||1||7||8||4||1||1||56||12||127||3||2||3288||1||1||NA||1||NA||1||4||21||NA||22||1504||17||covering set||1||covering set||1||1||2||12||52||1||1||10||66||35||8||146||3||1||NA||4||1||3||1||12||3||161||2||NA||NA
|-
!68
||5||4||10||1||NA||2||NA||62||3||53||198||2||1||4||1||1||2||1||1||2||1||covering set||6||17||1||2||2||5||4||1||89||26||1||1||2||1||15||14||17||1||2||147||covering set||4||6||15||covering set||2||1||4||1||3||2||1||1||22||2||1||NA||1||covering set||2||1||23||4||5||63||4||1||1||2||3||5||NA||1||1||4||1||43||4||1||3||2||1||1||2482||3||5||24||2||covering set||352||1||3||2||10||23||6||4||3||238||6||97||8||2||1||4||2||1||NA||1||7||704||NA||5||covering set||2||5||120||7||5||2||1||1||10||2||19||30
|-
!69
||3||1||1||partial algebra factors||4||covering set||1||11||covering set||2||1||1||2||2||5||1||1||1||10||2||covering set||3||2||4||1||3||4||1||covering set||1||1||1||1||2||1||47||22||1||112||3||covering set||1||1||118||34||5||1||4||covering set||1||1||1||74||2||2||1||1||1||2||1||covering set||4||2||covering set||15||5||1||1||2||2||3699||1||1||4||2||covering set||20||1||4||1||3||1||28||62||covering set||1||1||3||covering set||2||3||3||184||248||3||3||covering set||1||covering set||1||covering set||941||2||4||1||461||1||1||2||1||covering set||1||1||30||1||19||6||2||4||1||1||9||1||2||2||1||5||1
|-
!70
||2||1||2||3||1||1||1||2||3||1||1||1||3||3||1||1||2||1||1||1||3||2||1||1||3||2||1||1||1||1||545||1||1||4||3||3||1||1||1||3||2||1||7||1||3||2||8||1||5||1||3||1||1||1||1||1||1||3||1||2||1||1||1||1||1||5||2||1||13||1||1||1||2||1||4||2||3||6||6||2||1||1||2||1||5||159||1||1||1||1||2||2||1||2||4||1||15||6||6||1||1||4||12||36||1||1||1||1||1||1||3||2||2||2||1||1||2||1||1||2||3||1||1||3||32||1||1||4
|-
!71
||3||52||2||1||covering set||38||covering set||682||117||1||4||4||1||2||8||1||covering set||1||covering set||20||1||1||216||4||1||4||2||1||covering set||1||covering set||NA||1||3||60||1||3||12||2||75||covering set||17||covering set||4||1||1||2||1||7||2||12||1||covering set||1||covering set||4||11||25||16||1||1||48||2||NA||covering set||1||covering set||14||41||1||2||2||1||58||4||3||covering set||2||covering set||4||3||1||2||3||1||30||138||1||covering set||1||covering set||4||1||1||6||2||NA||10||32||7||covering set||36||covering set||6||1||73||2098||3||23||8||4||1||covering set||1||covering set||192||1||1||22||1||1||4||2||1||covering set||1||covering set||24
|-
!72
||2||34||2||NA||1||1||1||4||1||1||2445||1||2||3||311||1||1||1494||1||1||1||1||4||2648||3||1||2||3||1||19||10||2||136||1||2||1||1||2||8||1||15||1||40||1||2||2||2||3||1||328||1||6||2||27||2||5||13||3||4||8||1||1||14||47||1||1||NA||2||1||1||25||1||6||11||1||1||4||11||NA||3||3||1||3||1||17||18||1||6||8||29||1||10||3||8||3||1||1||330||1||3||3||21||27||1||1||2||1||30||24||1||7||2||2||3||2||NA||1||NA||4||7||13||1||38||16||1||3||2||118
|-
!73
||5||2||1||1||2||2||2||8||partial algebra factors||3||1||11||1||1||1||1||15||4||3||1||1||2||1||3||partial algebra factors||50||2||1||3||2||3||24||5||1||1||partial algebra factors||2||9||1||5||6||50||1||12||1||1||2||73||1||2||1||2||1||63||1||6||4||25||1||9||39||8||2||5||1||1||3||2||1||2||1||8||4||3||5||18||8||1||NA||1||1||4||26||1||2||1||3||1||32||1||3||2||1||1||1||2||47||4||1||1||2146||10||5||1||102||1||2||1||4||2||1||covering set||1||21||1||1||44||5||4||4||partial algebra factors||196||5||231||1||3||4||1
|-
!74
||5||132||2||covering set||6||1||5||4||partial algebra factors||1||covering set||1||15||8||1||35||6||4||covering set||2||1||1||32||6||97||covering set||1||3369||2||2||1||4||1||covering set||6||1||3||10||4||883||covering set||5||1||2||1||517||2||7||covering set||140||149||1||NA||2||15||covering set||1||1325||2||7||1||4||2||covering set||2||29||1||2||2||1||covering set||2||3||4||3||1||8||4||covering set||6||1845||1||2||4||2221||covering set||4||9||2||1||1||2||3||covering set||12||1||1||6||2||3||covering set||1||1||116||41||377||6||2||covering set||6||3||1||NA||8||5||covering set||2||1||140||29||47||8||40||covering set||92||1||1||12
|-
!75
||3||1||16||5||9||1||2||1||1||2||2||2||1||1||2||119||5||54||2||1||1||15||4||2||1||1||2||1||1||41||2||1||1||1||1844||1||covering set||23||covering set||1||NA||3||2||1||351||1||10||12||3||2||16||3||1||1||1506||96||1||1||182||23||1||1||6||1||1||2||2||1||23||2||2||1||3||2||2||36||1||1||760||11||1||3||2||1||1||1||2||1||NA||5||14||1||273||12||2||25||1||1||2||1||1239||1||4||2||11||1||6||18||3||4||8||1||covering set||15||covering set||1||3||1||8||1||5||3||2||3||5||8||8||23
|-
!76
||41||1||1||1||1||4||2||1||1||4||1||1||4||1||11||3||1||1||4||22||4||1||1||1||11||1||40||1||1||7||1||2||2||covering set||1||1||1||1||1||1||2||1||covering set||1||3||1||1||2||3||3||2||12||1||10||14||825||5||4||1||2||8||8||1||1||10||2||1||1||2||120||21||1||2||1||7||40||1||1||5||1||1||2||1354||7||1||1||24||6||1||190||1||1||4||1||1||1||2||2||1||55||1||16||1||2||3||3||2||4||2||2||covering set||1||113||1||2||3||5||2||1||covering set||1||3||6||6||16||1||1||2
|-
!77
||3||14||2||1||2||1||1||2||1||1||2||2||covering set||covering set||1||1||covering set||2||3||6||102||1||8||1||covering set||2||1||11||4||1||1||824||3||1||2284||3||covering set||4||1||1||covering set||2||3||4||2||1||20||2||27||8||2||1||covering set||1||3||158||1||3||4||56||covering set||2||2||covering set||covering set||1||1||4||12||7||3486||4||11||8||1||1||2||10||1||2||1||129||4||23||covering set||NA||4||3||covering set||2370||3||covering set||2||1||2||1||1||2||7||1||NA||1||covering set||16||1003||1||10||36||covering set||2||1||1||covering set||5||1||14||1396||123||NA||1||7||2||40||1||4||2||1||4
|-
!78
||2||7||1||1||1||1||8||1||1||13||1||2||1||1||1||45||3||20||1||1||1||2||1||1||1||1||2||2||4||1||1||2||2||1||1||1||12||1||1||1||3||3||1||8||2||2||3||422||1||1||2||10||1||1||1||1||34||1||4||1||3||6||2||43||2||1||2||1||1||2||3||2||1||3||1||1||44||1||8||3||1||12||1||1||1||9||2||1||1||1||2||3||1||1||2||1||263||1||1||1||1||2||4||1||2||1||2||1||1||13||1||2||1||8||1||14||12||1||1||2||1||2||2||3||1||2||3||9
|-
!79
||5||1||4||partial algebra factors||1||3||4||1||covering set||1||covering set||1||3||56||2||1||99||2||2||1||1||2||6||4||3||1||2||4||covering set||3||covering set||56||1||6||10||1||1||1||240||8||1||2||16||4||1||NA||18||2||covering set||4||covering set||18||3||2||16||1||1||NA||114||209||7||4||258||partial algebra factors||3||1||2||4||covering set||3||covering set||10||41||66||NA||821||1||2||4||3||3||7||2||2||NA||1||2||63||covering set||1||covering set||2702||1||48||12||1||1||1||2||1||1||53||2||2||379||1||24||3||covering set||1||covering set||3||1||6||220||5||1||1||2||1||63||43||2||58||1||7||20||1
|-
!80
||3||2||1||7||6||1||3||2||1||NA||208||3||1||2||4||1||2||1||3||102||2||1||162||3||1||2||5||1||2||1||NA||6||2||1||2||1||3||14||1||3||2||1||161||134||1156||NA||2||118||1||254||1||1||502||2||119||4||4||1||2||1||309||8||1||1||2||1||21||16||1||37||64||3||1||12||27||1||2||4||11||2||7||5||16||1||163||6||1||1||2||74||3||28||6||139||4||35||1||4||1||17||150||3||3||6||2||NA||2||2||1||256||2||7||50||30||1||144||4||1||16||3||1||2||1||3||2||1||1||24
|-
!81
||full algebra factors||2||3||full algebra factors||1||1||1||1||full algebra factors||1||1||1||1||4||1||full algebra factors||2||15||1||1||4||2||68||4||full algebra factors||1||1||1||1||12||1||1||1||1||14||full algebra factors||2||2||1||4||1||99||1||2||1||3||2||2||full algebra factors||1||2||1||268||1||3||1||1||3||1||4||2||1||1||full algebra factors||3||1||1||1||2||1||4||2||1||covering set||1||1||1||1||2||3||full algebra factors||2||1||1||1||5||53||1||4||2||3||1||6||6||1||3||1||1||5||full algebra factors||1||274||2||1||1||11||30||1||1||2||6||3||2||2||1||1||4||4||2243||1||full algebra factors||2||NA||3||1||6||2||8
|-
!82
||2||1||14||1||1||1||1||2||3||6||7||1||2||845||1||47||4||3||1||5||1||1||4||5||1||1||1||3||1||1||2||6||2||1||3||15||1||2||5||1||1||2||2||1||2||1||1||6||5||1||166||2||3||16||1||1||1||4||NA||1||1||2||10||25||6||51||1||267||1||1||1||1||2||1||2||2||2||491||3||2||81||1||2||3||4||5||142||8||1||11||1||4||48||5||1||2||2||6||1||1||2||1||6||1||1||1||6||2||1||3||2||1||4||3||3||1||2||1183||5||1||1||6||3||1||11||1||44||6
|-
!83
||5||8||2||1||covering set||2||covering set||covering set||1||1||2||71||covering set||covering set||covering set||1||covering set||1||covering set||4||143||3||6||28||7||NA||2||81||covering set||5||covering set||2||13||covering set||2||25||23||68||NA||1||covering set||2||covering set||408||1||3||14||8||21||covering set||covering set||27||covering set||1||covering set||2||covering set||1||180||3||1||2||2||1603||covering set||1||covering set||2||covering set||13||covering set||2||covering set||988||2||covering set||covering set||1||covering set||16||1||NA||4||1||1||2||2||33||covering set||8||covering set||covering set||5||7||28||2||covering set||14||covering set||NA||covering set||16||covering set||80||1||9||146||1||1||14||6||NA||covering set||1||covering set||covering set||11||covering set||140||27||1||2||4||1||covering set||1||covering set||32
|-
!84
||17||1||1||partial algebra factors||1||1||1||4||partial algebra factors||1||7||3||1||8||1||covering set||1||1||4||1138||NA||1||1||2||1||3||1||1||2||6||NA||1||2||4||1||1||2||1||2||1||3||1||7||2||1||1||1||2||partial algebra factors||40||1||15||1||18||6||1||1||1||200||1||5||2||2||partial algebra factors||2||3||2||1||covering set||1||9||1||1||54||1||7||2||1||2||1||1||3||1||16||2||11||1||24||14||1||1||1||4||2||3||5||1||1||2||17||covering set||12||3||2||1||5||2||9||28||1||1||2||1||2||3||1||2||2||26||1||1||1||1||8||1||3||1||3
|-
!85
||5||2||1||1||4||1||2||1||1||1||1||1||24||2||2||171||39||6||1||1||4||1||1||1||3||25||160||2||14||1||1||1||1||2||1||7||2||1||1||3||5||6||8||1||2||1||1||1||1||1||3||5||2||3||5||1||1||7||3||1||NA||3||1||1253||1||2||3||1||8||18||1||14||19||2||1||1||8||1||9||10||1||10||1||2||4||1||1||2||49||1||1||1||90||1||6||3||287||1||1||1||2||1||1||1||403||2||1||4||230||1||3||394||69||1||6||1||6||1||2||10||1||1||1||5||2||1||1||8
|-
!86
||11||10||1||5||2||1||1||2||1||1||8||1||1||38||1||3||2||26||5||2||2||5||112||1||9||2||14||covering set||2||1||3||12||1||89||2||1||1||4||3||7||2||5||1||6||3||5||16||1||7||4||1||1||2||1||1||6||10||1||covering set||2||1||22||1||1||4||42||9||136||1||NA||2||3||1||24||1||1||28||197||1||6||411||3||36||5||1||10||1||233||4||47||3||2||3||547||20||4||71||2||1||1||2||3||1||10||1||1||6||7||23||2||2||1||8||1||covering set||32||1||5||332||1||1||2||5||1||2||2||7||138
|-
!87
||7||1||2||1||15||1||6||4||91||2||10||5||11||1||2||17||1||15||372||2||covering set||1||covering set||1||1||3||2||2||33||1||2||4||3||1||6||3||1||4||NA||2||1||6||4||1||NA||1||38||12||1||1||2||1||203||48||2||1||5||8||44||27||15||1||2||371||covering set||1||covering set||3||1||1||22||1||1827||7||2||2||1421||3||NA||1||3||2||2||1||1||1||6||7||11||1||26||8||375||176||474||2||1||20||4||1||3||NA||4||11||1||1||2||7||covering set||3||covering set||1||7||15||280||1||1253||7||92||26||35||1||28||3||1||3||4||2
|-
!88
||2||24||1||9||1||5||3||5||171||1||1||2||6||1||1||9||1362||1||1||1||1||8||392||1||1||1||4||1||1||2||2||16||1||1||1||1||20||1||4||11||1||3||16||8||3||NA||2||6||2223||2||2||4||1||1||1||2||4||2||1||1||1||22||10||1||2||1||12||2477||4||1||1||2||1||3||1||2||7||1||NA||1||1||22||64||4||23||2||3||1||1704||1||31||2||41||NA||3||1||4||1||8||11||1||4||8||1||1||1||12||2||31||1||1||2||8||68||1||133||3||1||3||1||9||18||12||1||2||1||2||6
|-
!89
||3||60||5||covering set||2||11||1||2||partial algebra factors||249||covering set||1||NA||146||2||1||covering set||1||covering set||2||1||3||18||10||covering set||covering set||1||95||2||3||3||6||1||covering set||2||1||1||2||2||1||covering set||3||1||6||2||1||4||1||covering set||NA||1||5||2||2||1||covering set||2||3||2||60||367||46||1||covering set||covering set||3||1||10||26||1||covering set||64||covering set||2||3||1||146||1||covering set||4||7||1||2||40||NA||covering set||5||25||2||1||1||2||1||covering set||20||1||17||2||26||1||covering set||2||1||4||2||1||10||2||covering set||6||1||1||covering set||64||3||covering set||13||1||2||2||covering set||4||233||covering set||2||1||1||36
|-
!90
||3||1||1||1||1||20||4||1||1||10||10||4||6||1||5||1||2||1||1||2||1||1||1||3||partial algebra factors||1||covering set||2||1||1||1||1||1||2||4||127||1||8||2||NA||2||1||17||2||1||1||1||12||1||23||32||1||3||6||2||1||3||28||1||1||4||NA||1||covering set||1||1||1||7||14||1||1||6||1||1||3||2||2||1||1||20||9||2||330||1||1||3||1||1||1||2||3||3||1||2||4||11||6||1||5||1||2||11||2||2||405||1||1||1||4||2||14||1||1||1||2||2||1||covering set||1||1||1||1||1||1||4||2||13||1
|-
!91
||NA||1||2||3||1||1||2||1||1||1||2||1||1||2||14||1||1||1||2||4||1||2||2||5||1||3||NA||1||1||1||6||2||3||1||2||3||159||1||6||1||1||1||6||1||covering set||6||covering set||33||1||1||22||2||1||2||2||1||1||1||20||8||7||1||8||1||1||1||6||4||3||5||10||1||3||1||6||1||5||38||8||3||5||1||2||1||1||2||2||3||1||519||NA||9||1||1||18||1||1||10||2||3||1||1||2||1||253||1||8||5||NA||1||NA||2||47||60||6||1||1||1||2||5||1||124||2||1||13||1||2||5
|-
!92
||439||2||2||1||4||6||1||4||1||1||2||1||35||32||1||1||4||26||1||6||1||25||2||1||3||2||1||99||272||2||1||covering set||2||3||6||3||NA||2||3||1||10||1||3||4||1||1||2||2||1||2||1||1||106||1||1||6||4||3||1460||1||covering set||NA||3||5||NA||1||1||2||77||7||NA||2||7||4||1||1||2||14||3||2||1||9||2||1||1||10||2||39||4||8||77||438||4||1||4||1||1||6||1||1||18||9||7||24||1||2351||2||64||3||44||1||1||14||1||775||2||2||7||4||7||1||2||4||7||covering set||26||1||2
|-
!93
||7||3||1||41||18||1||2||1||7||1||2||2||2||1||5||1||59||14||1||3||6||20||1||1||17||1||7||2||496||1||2||2||NA||31||1||1||4||1||3||1||1||2||1||1||2||434||2||1||35||1||1||3||2||1||1||3||11||1||4||5||14||3||32||5||1||6||2||1||NA||1||1||6||1||3||60||2||4||1||1||2||3||2||4||37||86||19||2||6||1||1||1||476||6||1||11||13||1179||2||1||3||142||20||1||8||1||1||4||30||NA||2||2||6||NA||1||1||27||2||1||9||1||271||126||8||31||NA||1||34||1
|-
!94
||5||5||1||partial algebra factors||2||1||95||1||partial algebra factors||1||1||2||163||154||1||NA||1||6||4||1||1||3||1||12||41||9||5||1||NA||1||1||1||5||54||2||7||254||1||covering set||1870||1||1||3||24||1||13||10||41||partial algebra factors||2||1||12||37||6||1||covering set||4||7||640||1||5||1||1||partial algebra factors||3||1||1||4||2||50||1||6||1||6||8||1||1||1||2||56||79||2||2||6||1||43||1524||5||16||2||1||1||1||4||1||105||2||3||2||35||7||1||3||2||2||3||9||1||2326||2||1||13||3494||6||3||1||106||1||NA||1||3||1||5||NA||1||27||13||3
|-
!95
||7||2||2||1||covering set||1||covering set||10||35||3||4||4||1||2||172||23||covering set||1||covering set||4||1||1||2||3||1||18||22||1||covering set||2||covering set||12||1||1||36||251||3||2||NA||3||covering set||1||covering set||2||1||NA||14||1||33||2||2||109||covering set||2||covering set||2||1||147||132||3||1||2||2846||1||covering set||1||covering set||2||13||3||2||2||1||6||24||1||covering set||2||covering set||870||1||1||2||2||193||3396||4||3||covering set||2||covering set||8||3||1||6||2||9||12||4||345||covering set||1||covering set||12||1||1||2||1||273||30||2||1||covering set||3||covering set||216||1||13||4||1||519||12||4||1||covering set||1||covering set||54
|-
!96
||2||1||2||1||1||2||4||2||1||3||1||1||8||2||1||1||2||2||1||1||2||1||1||6||1||1||1||1||7||1||2||2||1||2||1||1||12||4||1||10||1||2||1||12||3||1||2||2||1||1||4||2||1||2||1||4||1||1||5||6||1||16||1||1||4||34||2||2||77||1||13||1||2||1||2||1||1||1||1||2||3||3||654||2||2||3||2||1||1||4||1||1||9||3||2||1||1||3||23||633||2||1||1||8||1||5||1||2||1||1||1||2||1||3||3||5||3||2||1||1||3||2||1||1||2||116||4||4
|-
!97
||17||1||3||621||4||2||1||NA||1||4||2||1||2||4||1||1627||1||2||1||2||1||NA||2||3||1||1||8||184||3||1||5||9||4||16||1||1||5||3||3||2||2||1||covering set||20||1||1||6||66||1127||43||1||42||2||1||2||1||1||3||1||10||61||8||2564||1||1||5||17||8||28||334||7||1||2||1||1||2||1||39||1||1||1||89||6||1||21||2||1||12||7||4||1||1||4||3||8||1||16||2||1||7||5||6||2||4||2||3||1||3||1||2||2||2||3||1||3||1||1||38||21||3||245||1||6||3||16||19||1||3
|-
!98
||13||2||1||3||10||1||3||2||1||covering set||98||3599||245||20||3||1||1104||2||1||6||2||475||covering set||1||5||2||4||41||8||1||1||76||12||1||34||1||3||4||1||1||NA||3||covering set||644||1||1||2||1||1||8||2||19||2780||4||NA||covering set||10||1||88||1||3||18||1||1||2||13||NA||30||1||727||2||12||5||16||1||covering set||2||1||1||2||1||3||2||1||1||38||108||1||covering set||1||7||160||4||89||18||3||NA||12||24||3||covering set||3||1||4||1||51||18||4||covering set||10||69||23||4||1||1433||2||2||5||4||NA||3||covering set||132||3||2||1||3||2
|-
!99
||3||1||4||partial algebra factors||135||1||2||1||covering set||2||covering set||1||1||106||2||1||15||2||38||1||1||1||4||62||1||3||2||108||covering set||1||covering set||1||5||2||2||1||1||1||2||70||1||1||2||6||179||3||26||1||covering set||1||covering set||1||3||4||2||5||83||1||2||1||1||3||10||partial algebra factors||1||11||2||2||covering set||6||covering set||1||1||2||4||1||3||1||10||1||3||1||4||2||1||1||6||2||covering set||300||covering set||1||1||2||10||3||1||2||2||25||1||4||40||8||1||1||2||1||covering set||1||covering set||1||3||4||168||1||1||1||8||1||5||2||144||302||13||1||1726||1
|-
!100
||full algebra factors||1||3||full algebra factors||1||1||1||2||full algebra factors||9||11||1||1||1||1||full algebra factors||1||2||1||1||1||1||4||1||full algebra factors||18||1||1||2||1||1||14||1||1||1||full algebra factors||36||2||2||7||1||2||1||3||1||6||8||1||full algebra factors||1||1||1||2||1||56||1||4||1||10||2||9||1||1||full algebra factors||6||1||9||2||1||1||5||3||1||NA||1||4||1||1||1||2||full algebra factors||1||17||2||1||1||1||3||1||1||2||1||4||2||96||5||2||45||2||full algebra factors||1||209||1||1||1||1||6||1||68||4||1||1||1||1||1||3||1||2||2||2||full algebra factors||1||2||1||2||30||13||1
|-
!101
||3||42||1||3||350||2||1||112||1||1||24||11||covering set||104||1||covering set||covering set||5||3||2||2||1||648||1||1||392||2||113||922||2||1||6||covering set||1||covering set||1||covering set||14||48||5||covering set||1||3||2||2||1||2448||6||1||2||1||3||NA||8||1||12||1||1||2||3||covering set||28||1||559||covering set||34||covering set||NA||covering set||1||8||2||115||966||15||1||12||1||1||4||1||87||2||4||covering set||covering set||9||1||covering set||2||1||2||2||9||12||6||5||4||1||1||2||1||1793||4||55||1||6||NA||covering set||26||5||1||covering set||61||1||28||20||covering set||2||1||23||2||1||15||2||1||55||38
|-
!102
||2||2||3||13||1||2||4||2||17||1||2070||1||4||1||2||5||1||31||3||1||1||1||27||1||1||3||1||8||1||3||2||NA||39||1||3||1||1580||8||4||1||2||1||8||5||7||1||1||2||3||1||2||1||76||1||11||1||1||2||3||4||1||1||3||4075||2||5||1||3||5||3||10||5||2||1||1||2||1||2||981||13||3||1||10||4||1||17||2||12||3||9||1||4||78||1||1||1||5||6||125||3||1||1||3||1||1||2||5||2||1||2||1||1||2||60||13||1||1||4||15||1||3||2||4||1||398||14||1||2
|-
!103
||19||4||2||1||1||1||2||1||1||2||54||4||1||189||32||57||3||1||820||5||3||442||216||32||covering set||1||covering set||2||1||1||NA||12||1||24||6||27||43||2||8||1||1||36||2||9||411||1||2||1||NA||5||42||27||1||4||220||2||11||34||8||2||141||8||2||partial algebra factors||1||27||6||678||215||NA||10||3||341||1||498||1||covering set||2||covering set||135||53||3926||NA||204||1||1||4||2||1||4||2||31||1||160||2||1||NA||1||4||1||39||3||18||1||1||3||NA||8||1||1||6||15||37||13||2||6||NA||1||NA||1||3||4||2||15||65||125||4||1
|-
!104
||97||68||1||covering set||8||covering set||1||covering set||partial algebra factors||1||covering set||28||covering set||2||1||1||2||1||covering set||2||7||1||NA||2||569||covering set||8||9||covering set||1||9||2||2||covering set||2||11||1||2||12||1||covering set||3||11||2||1||1||4||4||covering set||covering set||1||1||2||2||covering set||covering set||1||15||6||3||1||6||1||covering set||2||1||1||8||2||3||covering set||1||1||12||2||covering set||686||1||covering set||96||1||1||2||2||1||covering set||4||1||2||2||1||covering set||3||covering set||2||NA||covering set||4||covering set||1||covering set||1||1||96||3||9||12||12||covering set||2||covering set||3||covering set||6||1||covering set||2||covering set||18||1||1||212||1||covering set||1636||1||27||6
|-
!105
||3||6||1||1||1||3||1||1||partial algebra factors||1||1||1||2||1||1||3||1||1||1||1||2||1||4||2||partial algebra factors||1||1||1||1||2||1||1||1||2||3||1||1||1||2||2||2||1||3||3||1||2||1||1||1||3||1||2||1||1||1||1||2||1||20||1||1||4||1||1||1||47||1||56||1||1||1||1||NA||6||3||3||4||3||3||91||1||1||1||1||2||1||1||1||2||2||2||1||1||2||1||1||5||1||1||1||3||1||1||3||2||6||7||2||1||1||1||2||1||1||1||2||11||1||1||11||partial algebra factors||1||2||3||19||1||2||2
|-
!106
||2||1||1||45||2||1||24||2||1||1||1||5||24||1||1||1||1||1||2||4||22||5||1||1||1||2||1||2||1||4||8||1||11||1||1||1||1||1||1||6||24||1||4||1||2||2||2||1||3||1||3||25||74||2||2||1||1||2||10||1||1||1||4||NA||2||1||5||1||3||1||3||2||1||3||1||2||1||1||1||4||NA||1||2||3||6||1||1||1||1||1||1||2||1||6||1||5||15||2||1||1||1||2||5||5||2||1||2||1||1||3||2||2||31||3||10||1||1||5||1||2||3||5||1||3||1||1||1||1
|-
!107
||17||NA||NA||251||covering set||1||covering set||2||NA||1||2||1||35||NA||262||3||covering set||2||covering set||184||1||17||4||4||NA||42||98||11||covering set||1||covering set||NA||79||1||2||1||1||40||NA||59||covering set||1||covering set||36||191||371||18||2||1||2||114||1||covering set||1||covering set||2||1||7||24||3||3||18||4||5||covering set||5||covering set||30||1||1||1078||1||19||128||6||11||covering set||7||covering set||2||3||5||12||4||1||10||8||NA||covering set||1||covering set||4||3||643||2||1||1||2||16||NA||covering set||1002||covering set||NA||59||37||16||2||3783||2||NA||3997||covering set||1||covering set||NA||249||NA||NA||13||1||154||50||1||covering set||NA||covering set||4
|-
!108
||2||2||6||1||3||1||2||1||1||2||1||2||2||1||1||9||4||21||3||2||1||4||2||1||1||51||2||1||3||2||1||4||4||1||1||11||2||2||1||11||13||2||1||1||12||1||48||4||17||1||1||2||17||NA||1||1||2||1||NA||4||27||2||1||1||1||1||3||9||1||1||7||72||1||3||2||2||6||1||11||31||1||3||1||5||4||2||348||137||129||1||9||31||NA||1||1||29||491||2||1||1||3||3||5||13||4||1||410||1||39||3||1||2||1||5||2||1||179||1||13||1||79||4||382||23||1||5||286||620
|-
!109
||17||2||1||partial algebra factors||2||1||1||19||covering set||4||1||1||6||10||2||3||1||90||2||1||covering set||14||71||6||1||1||1||1||2||5||1||4||3||covering set||1||1||2||91||4||1||1||3||2||2||covering set||1||2||1||covering set||1||9||1||82||4||2||15||1||2||186||3883||covering set||4||1||partial algebra factors||covering set||1||1||1||2||1||11||2||91||10||2||covering set||12||1||18||1||1||1||1||NA||8||3||34||9||covering set||3||9||167||3930||2||3||1||1||26||4||3||covering set||1||1||12||1||1||11||6||16||4||9||12||1||12||1||7||2||1||2||8||5||1||1||2||2||25||1||96
|-
!110
||3||16||2||1||6||1||1||2||77||17||42||1||1||2||2||1||2598||1||1||4||1||5||NA||2||1||2||1||1||2||1||9||2||3||1||4||partial algebra factors||1689||covering set||1||3||4||11||1||4||8||1||2||1||53||982||82||3||2||1||NA||6||1||1||4||1||1||52||3||1||84||2||1||8||1||1||38||1||covering set||14||3||1205||10||2||1||2||11||7||4||1||1||4||46||1||24||4||1||2||16||NA||680||1||5||20||1||59||6||3||1||106||1||3||3046||8||5||2||13||49||2||1||3||12||4||1||34||3||1||2||3||273||4||1||5||24
|-
!111
||3||24||2||1||1||4||6||1||1||1||2||2||covering set||1||covering set||13||5||1||12||8||1||1||42||1||17||1||46||2||1||1||6||2||1||2||2||NA||1||1||2||2||covering set||2||covering set||2||1||1||2||2||1||245||4||2||3||9||12||1||1||4||10||1||1||2||2||1||1||3||8||1||covering set||4||covering set||6||1||5||6||6||1||1||2||2||341||3||16||1||1737||7||194||1||1||16||2||1||17||1||12||1||covering set||7||covering set||1||7||1||2||2||1||43||2||1||11||2||2||8||1||1||2||7||17||2||2||27||187||1||22||1||covering set||1||covering set||1
|-
!112
||2||1||50||1||132||9||2||268||NA||1||1||4||7||1||2||29||2||4||1||1||1||1||3||1||11||2||1||20||107||1||NA||1||2||5||1||21||1||3||4||1||1||1||3||3||1||2||8||2||3||3||1||2||19||1||1||1||6||3||1||1||14||4||2||1||7||2||4||1710||1||2||1||2566||2||1||1||1||1||3||NA||3||3||1||2||7||24||1||1||2||1||1||13||1||10||588||1||22||5||2||1||1||1||1||3||3||2||2||5||6||8||5||7||1||36||7||2||5||1||2||1||2||1||16||2||15||1||3||10||2
|-
!113
||23||2||5||3||8||1||15||2||1||1||2||3||1||308||2||5||2||2||11||covering set||1||NA||2||1||1||NA||8||1||84||1||21||2||1||3||3330||3||covering set||8||1||1||6||11||1||8||2||1||6||2280||covering set||6||10||7||40||1||69||2||4||1||2132||1||1||2||1||1||covering set||1||3||2||1||9||6||3||1||4||4||3||covering set||1||1||22||partial algebra factors||11||1266||1||3||2||4||1365||152||1||NA||22||5||covering set||2||1||7||40||8||1||2||136||13||8||1||19||24||1||1||184||1||NA||22||3||3||14||4||5||40||3||1||4||1||1||2||9||7||6
|-
!114
||29||1||63||partial algebra factors||1||1||1||1||partial algebra factors||2||27||1||1||2||1||1||2||21||2||3||1||20||1||covering set||5||1||2||1||1408||3||1||6||1||36||1||7||1||25||2||15||1||1||2||16||6||3||133||1||partial algebra factors||2||1||1||5||2||1||3||8||4||2||11||7||10||3||partial algebra factors||10||1||2||4||2||3||1||3||2||2||40||1||2||2||106||4||2211||6||1||2||1||1||2||2||2||1||covering set||1||1||10||15||3||1||1||20||1||3||9||2||264||1||13||1||3||162||1||1||3||2||28||1||5||1||1||20||1||NA||1||2||18||1||5||2||1
|-
!115
||7||1||22||NA||3||2||4||1||3||1||18||2||NA||1||38||1||1||1||2||2||127||3||1116||2||1||9||2||2||1||1||2||28||3||1||50||1||1||2||28||2||1||7||NA||1||NA||16||4||1||3||1||2736||1||165||14||2||2||covering set||2||covering set||1||3||1||4||NA||9||1||132||4||1||1||2||2||1||3||1074||2||1||1||NA||1||1||362||2||28||119||NA||48||1||NA||2||2||3||1||2||16||2||NA||5||4||1||1||4||NA||1||1||16||6||4||1||39||4||2||NA||1||6||1||3||1||2||1||3||1||16||6||1||1||4||54
|-
!116
||59||32||1||1||156||1||1||2||249||11||118||2||15||covering set||4||5||2||1||1||14||1||1||2052||6||covering set||8||19||3||2||2||1||36||2||1||2||19||3||2||1||1||2||1||1||1364||15||39||34||3||1||2||2||27||covering set||1||1||2||7||3||20||1||3||10||1||covering set||2||1||9||2||2||1||NA||2||1||4||1||13||2074||7||249||1550||1||1||78||1||1||2||1||15||92||2||1||covering set||2||1||6||4||1||6||1||117||2||1||covering set||30||NA||1||2||1||3||32||2||25||2||3||1||58||3||1||NA||2||5||2||6||187||4||2||1||12
|-
!117
||3||1||2||1||NA||1||1||16||1||2||1||2||6||1||1||1||NA||3||336||1||2||4||3||4||3||1||1||2||8||3||15||2||NA||8||2||1||78||3||1||1||209||13||2||1||2||1||1||2||1||1||15||4||8||1||1||1||1||70||352||1||106||1||2||1||1||11||1||12||4||16||1||1||3||3||97||14||2||2||1||2||5||14||442||8||10||1||177||2||3||1||1||129||4||12||1||2||1||3||1||1||2||1||2||4||35||1||10||4||84||232||2||1||11||1||4||2||2||136||1||2||1||2||2||3||2||1||2||3
|-
!118
||5||2||1||1||15||210||52||85||1||1||1||2||2||1||7||partial algebra factors||2||393||72||2||1||191||1||5||1||1||860||1||599||1||2||2||4||16||1||3||27||1||8||2||26||30||NA||5||1||2||2||18||5||covering set||3||2983||2||3||2||1||1147||1||1||1||1||2||1||1||1||1||2||4||covering set||1||1||2||2||1||1||2||2||1||1||1||27||4||30||8||1||3||4||1||1||12||1||27||1||1||15||5||2||9||1||17||6||12||1||36||1||25||2||1||1||1||2||35||41||1||1||1||2||4||9||1||1||2||18||1||2||1||15||2
|-
!119
||3||28||6||covering set||covering set||665||covering set||2||covering set||13||covering set||1||1||258||2||109||covering set||1||covering set||NA||1||1||34||2||1||covering set||2||1||covering set||2||covering set||64||3||covering set||612||1||NA||2||4||1||covering set||6||covering set||12||1||5||46||1||covering set||2||covering set||3||covering set||24||covering set||covering set||1||3||4||2||23||84||38||covering set||covering set||1||covering set||130||covering set||1||covering set||5||35||NA||6||1||covering set||1||covering set||4||5||5||18||14||11||covering set||2||295||covering set||1||covering set||22||9||covering set||8||1||11||66||4||3||covering set||4||covering set||2||1||1||4||2||covering set||2||covering set||1||covering set||12||covering set||covering set||1||3||2||2||5||6||2||covering set||covering set||3||covering set||4
|-
!120
||5||1||1||1||1||1||1||1||3||2||1||1||1||2||1||7||1||1||5||1||2||8||27||1||1||1||8||1||3||6||1||4||6||1||3||1||5||21||1||1||1||1||6||1||1||1||1||2||1||1||3||1||1||18||1||1||1||1||1||5||3||3||1||1||2||1||1||4||1||7||1||2||4||3||1||4||1||5||1||2||1||1||21||1||4||1||2||1||3||1||2||2||1||1||1||1||3||2||1||11||1||1||1||1||2||8||6||1||2||2||437||138||2||1||1||2||6||1||2||4||1||1||1||1||2||5||3||1
|-
!121
||full algebra factors||1||1||full algebra factors||1||2||60||1||full algebra factors||4||8||1||1||1||1||full algebra factors||1||2||1||2||1||1||3||1||full algebra factors||3||8||1||1||24||3||9||1||2||4||full algebra factors||1||1||11||1||4||1||68||1||1||8||1||1||full algebra factors||10||1||2||2||2||1||2||10||1||3||12||6||NA||2||full algebra factors||1||1||3||2||1||2||1||3||2||5||2||1||2||1||NA||1||full algebra factors||1||1||1||1||1||11||2||2||1||1||1||7||7||2||5||5||3||2||covering set||16||3||4||1||4||125||1||12||2||1||8||1||1||4||5||2||1||1||3||1||full algebra factors||2||3||3||218||1||20||4
|-
!122
||5||6||2||1||2||2||1||26||1||3||10||5||43||covering set||2||1||4||18||111||8||2||1||2||1||1||18||2||703||4||1||1497||NA||2||55||170||1||1||2216||3||covering set||2||2757||3||92||1||13||NA||NA||33||2||1||1||1162||3||1||2||2||59||20||4||63||2||4||53||2||2||1||16||5||1||10||1||NA||76||38||5||140||2||3||2||partial algebra factors||21||covering set||1||1||2||1||99||112||1||5||2798||3||1||6||2||1||2||4||1||NA||5||75||12||1||19||18||2||1||2||1||covering set||2||1||1||covering set||2||7||740||1||3||4||3||15||4||6||1||284
|-
!123
||43||8||8||1||1||7||2||1||5||1||NA||7||covering set||1||2||75||1215||1||4||1||1||2||8||NA||91||26||20||5||1||8||2||3||1||5||2||7||99||1||228||1||1||7||22||161||1||1||446||1||9||20||1730||2||1||3||8||5||47||5||4||3||covering set||2||covering set||11||71||1||12||1||1||1||2||108||37||4||188||2||3||4||2780||1||2499||7||102||1||1||NA||2||73||197||1||10||34||5||15||22||1||27||1666||4||5||1||180||1550||1||15||1||2||66||1||13||34||2||1||3||20||3||235||9||NA||1||1019||6||42||3||1||1||2||2
|-
!124
||599||4||11||partial algebra factors||1||1||4||1||partial algebra factors||16||11||1||2||82||5||1||4||2||2||17||7||2||1||2||1||55||1||2||158||1||NA||1||1||6||1||1||10||3||2||453||137||1||1||4||2||1||1||12||partial algebra factors||1||1||4||1||36||1||19||2||923||2||5||1||1||4||partial algebra factors||1||77||12||1||6||4||1||9||2||314||2||179||1||16||10||8||5||1||1||32||2||1||3||1||2||1||1||3||5||104||1||1||42||5||8||1||NA||1||2||246||2||7||1||6||2||2||1||6||1||12||4||3||4||1||2||1||3||4||33||598||20||13||2||11
|-
!125
||full algebra factors||2||3||1||2||24||5||covering set||1||1||4||1||covering set||2||1||1||covering set||2||1||4||2||1||2||1||3||12||full algebra factors||1||covering set||9||55||78||1||covering set||4||13||covering set||20||1||1||covering set||8||1||2||2||1||10||6||1||covering set||1||NA||NA||3||covering set||12||3||623||2||1||covering set||4||1||full algebra factors||covering set||3||2233||100||40||35||covering set||1||1||2||5||covering set||4||1||1||2||1||5||2||1||covering set||686||1||91||covering set||4||7||covering set||6||1||6||67||covering set||6||33||69||178||2||5||4||23||1||2||1||covering set||2||4||1||covering set||1||1||12||10||covering set||18||3||383||4||1||NA||full algebra factors||1||1||16
|-
!126
||2||1||50||1||2||1||1||46||9||1||1||1||1||4||1||3||1||1||1||3||4||25||1||1||5||1||11||1||2||1||4||103||1||1||1||1||4||1||5||1||1||14||1||2||1||2||2||1||1||1||1||1||2||1||3||2||2||1||1||1||96||41||1||103||4||1||4||14||1||1||1||2||4||1||2||1||3||2||2||1||5||1||1||2||1||2||3||1||1||2||1||4||1||2||1||22||2||1||1||603||1||159||5||1||1||1||102||5||7||1||1||2||66||6||1||2||1||1||25||9||1||2||1||5||1||1||1||1
|-
!127
||5||2||4||3||1||1||14||2||1||2||6||1||NA||1||124||1||NA||3||4||1||13||9||2||3||NA||1||1922||8||1||2||30||2||NA||1||NA||1||41||142||8||1||7||1||12||4||1||13||36||6||7||1||10||6||7||1||28||2||9||2||356||2||1||1||58||11||1||21||74||3||23||1||10||4||3||1||2||1||1||3||NA||1||83||2||2458||1||1||51||2||2||1||2||NA||1||443||15||2||7||1||3||16||7||3||1||4||8||3||1||6||3||1||4||2||4||2119||3||8||1||5||2||28||4||NA||1||176||4||1||1||4||2
|-
!128
||full algebra factors||18||1||15||2||6||3||2||1||1||18||46||1||4||2||459||36||2||3||10||1||7||2118||5||5||1442||2||1||NA||66||1||2||5||5||98||59||699||20||15||1||2||246||1||covering set||2||NA||2||1||1||22||34||3||6||1||1||2||11||21||covering set||41||9||NA||2||1||4||1||3||2||1||37||2||124||1||1128||4||759||2||116||1||2||3||7||2||5||covering set||covering set||1563||989||12||1||11||10||1||11||188||14||495||2||1||1||10||3||1||1132||17||1||4||5||257||2||1||NA||2||1||3||2||7||1545||NA||1||3||32||5||3||26||1||NA||full algebra factors
|-
