!1
|-
||3
!2
|-
||3||3
!3
|-
||algebra||0||3
!4
|-
||5||3||3||5
!5
|-
||3||0||0||0||3
!6
|-
||3||5||3||3||11||3
!7
|-
||algebra||0||5||0||7||0||7
!8
|-
||3||3||0||3||3||0||3||3
!9
|-
||5||0||3||0||0||0||3||0||7
!10
|-
||5||3||3||7||7||5||7||3||3||53
!11
|-
||5||0||0||0||3||0||3||0||0||0||47
!12
|-
||3||7||3||7||13||3||3||17||1217||3||7||3
!13
|-
||7||0||3||0||3||0||0||0||3||0||3||0||7
!14
|-
||3||3||0||3||0||0||5||17||0||0||3||0||3||3
!15
|-
||3||0||5||0||31||0||3||0||3||0||7||0||89||0||3
!16
|-
||7||5||37||13||3||3||353||23||43||11||3||3||7||11||17||41
!17
|-
||3||0||0||0||61||0||7||0||0||0||79||0||5||0||0||0||3
!18
|-
||17||5||3||7||11||3||3||5||3||3||13||3||3||5||139||3||11||5
!19
|-
||5||0||3||0||0||0||7||0||13||0||5||0||163||0||0||0||3||0||11
!20
|-
||3||11||0||3||73||0||0||3||0||3||3||0||3||0||0||7||3||0||7||3
!21
|-
||3||0||2617||0||31||0||3||0||3||0||0||0||3||0||3||0||7||0||11||0||3
!22
|-
||11||3||1153||457||3||7||7||3||5||7||3||3||127||5||3||7||7||3||17||5||3||11
!23
|-
||7||0||0||0||163||0||3||0||0||0||3||0||3||0||0||0||3||0||7||0||0||0||11
!24
|-
||3||19||83||3||0||79||3||5||11||0||5||17||17||479||0||5||19||3||7||0||3||5||5||3
!25
|-
||11||0||3||0||3||0||5||0||3||0||67||0||0||0||5||0||3||0||13||0||3||0||3||0||5
!26
|-
||algebra||11||0||5||3||0||157||algebra||0||43||5||0||3||3||0||7||13||0||3||97||0||3||7||0||5||103
!27
|-
||3||0||3||0||13||0||0||0||3||0||281||0||31||0||37||0||23||0||3||0||0||0||109||0||3||0||3
!28
|-
||7||3||11||7||7||19||5||3||3||5||3||13||31||3||3||83||73||3||5||3||3||5||7||5||19||23||3||37
!29
|-
||139||0||0||0||0||0||3||0||0||0||3||0||53||0||0||0||17||0||3||0||0||0||3||0||0||0||0||0||17
!30
|-
||109||229||3||3||971||3||881||809||43||3||31||3||3||283||13||7||7||3||3||113||3||7||5||13||3||151||3||3||19||7
!31
|-
||algebra||0||3||0||0||0||7||0||7||0||5||0||7||0||3||0||3||0||5||0||2269||0||337||0||7||0||11||0||3||0||13
!32
|-
||5||47||0||5||43||0||3||71||0||3||0||0||3||3||0||31||7||0||3||3||0||0||3||0||53||3||0||5||5||0||5||37
!33
|-
||3||0||3||0||11||0||3||0||5||0||11||0||3||0||19||0||0||0||251||0||3||0||5||0||17||0||3||0||37||0||3||0||3
!34
|-
||11||5||3||19||0||3||0||3||3||0||5||227||5||0||0||71||3||3||13||0||0||17||11||5||0||3||3||0||3||0||5||3||5||269
!35
|-
||31||0||0||0||5||0||3||0||0||0||3||0||3||0||0||0||13||0||13||0||0||0||3||0||3||0||0||0||3||0||59||0||0||0||17
!36
|-
||5||257||557||3||11||13||7||139||3||11||5||3||29||13||3||3||43||37||13||11||3||3||11||227||3||13||5||3||5||7||31||29||3||5||59||5
!37
|-
||5||0||19||0||3||0||0||0||5||0||5||0||31||0||5||0||3||0||0||0||3||0||13||0||5||0||17||0||47||0||31||0||3||0||7||0||17
!38
|-
||3||3||0||3||5||0||3||5||0||3||3||0||0||3||0||3||5||0||19||31||0||5||3||0||3||0||0||3||3||0||31||3||0||7||3||0||3||3
!39
|-
||53||0||3||0||0||0||439||0||3||0||11||0||3||0||0||0||5||0||3||0||3||0||13||0||0||0||3||0||5||0||3||0||11||0||0||0||3||0||5
!40
|-
||17||19||3||41||7||3||5||17||11||5||17||7||599||3||3||7||7||5||43||127||5||337||7||7||1021||3||3||5||29||7||11||5||5||37||3||5||227||3||11||139
!41
|-
||3||0||0||0||3||0||0||0||0||0||3||0||271||0||0||0||7||0||3||0||0||0||3||0||43||0||0||0||7||0||3||0||0||0||0||0||3||0||0||0||3
!42
|-
||5||31||7||3||11||3||3||29||3||23||5||977||3||7||3||311||7||3||5||17||13||7||19||7||3||11||3719||3||5||3||7||19||1879||3||5||3||3||79||3||421||13||11
!43
|-
||7||0||1847||0||3||0||7||0||3||0||0||0||5||0||5||0||5||0||23||0||3||0||3||0||7||0||5||0||19||0||61||0||0||0||3||0||7||0||3||0||13||0||0
!44
|-
||103||17||0||3||0||0||3||73||0||0||859||0||3||137||0||13||3||0||3||0||0||29||5||0||0||3||0||3||7||0||79||3||0||19||0||0||11||3||0||0||3||0||7||5
!45
|-
||7||0||3||0||13||0||7||0||3||0||0||0||307||0||157||0||5||0||29||0||5||0||0||0||7||0||193||0||89||0||5||0||23||0||23||0||3||0||31||0||107||0||3||0||17
!46
|-
||5||11||631||53||3||7||919||19||3||29||127||3||11||3||983||5||3||7||31||3||3||499||3||3||31||3||3||7||7||3||5||41||3||31||3||19||0||3||463||227||5||3||2749||397||17||3671
!47
|-
||5||0||0||0||3||0||3||0||0||0||7||0||17||0||0||0||3||0||3||0||0||0||31||0||317||0||0||0||3||0||3||0||0||0||7||0||3259||0||0||0||3||0||3||0||0||0||13
!48
|-
||7||13||5||3||1171||3||0||17||5||3||7||5||3||0||5||3||7||7||3||29||0||59||7||3||3||13||13||0||11||3||7||11||3||5||0||3||5||5||3||7||19||0||3||5||3||0||7||491
!49
|-
||1153||0||43||0||0||0||59||0||3||0||109||0||31||0||0||0||17||0||5||0||5||0||3||0||0||0||3||0||7||0||17||0||17||0||0||0||0||0||5||0||3||0||0||0||0||0||41||0||5
!50
|-
||3||3||0||13||3||0||3||5||0||7||3||0||83||3||0||31||0||0||3||0||0||7||227||0||3||3||0||5||7||0||7||3||0||0||17||0||3||0||0||3||5||0||5||3||0||3||461||0||3||3
!51
|-
||7||0||3||0||13||0||3||0||17||0||5||0||0||0||19||0||5||0||107||0||3||0||11||0||3||0||3||0||13||0||3||0||19||0||5||0||61||0||0||0||5||0||13||0||3||0||19||0||3||0||31
!52
|-
||0||3||3||5||61||19||7||13||5||97||3||23||47||5||3||5||11||3||11||421||3||73||5||3||5||29||79||13||3||7||5||3||5||7||3||7||1231||3||7||7||19||3||2273||13||13||5||7||269||2957||3||3||43
!53
|-
||7||0||0||0||3||0||5||0||0||0||17||0||3||0||0||0||3||0||3||0||0||0||3||0||349||0||0||0||5||0||3||0||0||0||3||0||3||0||0||0||3||0||5||0||0||0||31||0||3||0||0||0||7
!54
|-
||3||5||239||5||0||3||3||41||37||0||0||11||7||19||0||5||13||11||3||0||3||0||109||3||0||7||3||3||5||0||3||5||0||3||0||3||5||5||5||0||107||5||97||0||0||17||7||3||3||0||7||139||5||3
!55
|-
||37||0||13||0||7||0||0||0||3||0||1901||0||11||0||3||0||3||0||3391||0||0||0||3||0||5||0||17||0||37||0||5||0||3||0||0||0||5||0||3||0||3||0||29||0||0||0||3||0||0||0||353||0||41||0||7
!56
|-
||53||5||0||3||13||0||5||3||0||7||107||0||3||3||0||3||7||0||0||13||0||5||3||0||2011||547||0||3||3||0||7||5||0||3||5||0||19||0||0||7||3||0||3||3||0||7||7||0||3||199||0||5||3||0||107||2633
!57
|-
||3||0||5||0||19||0||47||0||5||0||71||0||7||0||3||0||13||0||5||0||7||0||19||0||3||0||7||0||0||0||7||0||3||0||59||0||7||0||7||0||1279||0||3||0||113||0||11||0||5||0||7||0||13||0||5||0||3
!58
|-
||17||59||3||13||13||3||463||0||11||11||3||3||17||3||5||11||3||137||79||5||3||5||5||7||17||7||3||179||31||83||7||3||5||5||13||11||7||3||211||109||7||3||13||5||3||17||3||3||227||11||29||367||3||19||29||3||19||7
!59
|-
||3||0||0||0||0||0||3||0||0||0||3||0||71||0||0||0||1613||0||7||0||0||0||3||0||0||0||0||0||31||0||197||0||0||0||0||0||3||0||0||0||13||0||19||0||0||0||61||0||3||0||0||0||3||0||0||0||0||0||3
!60
|-
||7||23||3||1609||1163||3||3||11||3||43||5||173||5||13||17||3||313||47||79||149||17||11||41||3||41||569||3||3||7||3||3||5||3||3||61||17||3||43||101||11||5||113||839||11||3||7||23||7||0||397||5||3||37||3||3||127||5||3||7||5
!61
|-
||11||0||617||0||3||0||13||0||7||0||5||0||47||0||1831||0||3||0||271||0||5||0||13||0||11||0||19||0||3||0||0||0||3||0||23||0||5||0||5||0||7||0||23||0||3||0||7||0||43||0||5||0||251||0||5||0||3||0||71||0||349
!62
|-
||3||3||0||3||13||0||0||3||0||5||7||0||3||0||0||3||3||0||17||3||0||3||3||0||3||13||0||0||41||0||13||53||0||7||0||0||0||3||0||3||3||0||3||5||0||3||3||0||0||3||0||43||23||0||3||0||0||43||3||0||3||3
!63
|-
||algebra||0||5||0||5||0||3||0||11||0||19||0||3||0||3||0||7||0||227||0||29||0||0||0||3||0||algebra||0||563||0||241||0||7||0||131||0||23||0||3||0||41||0||149||0||59||0||7||0||3||0||3||0||5||0||5||0||3||0||5||0||7||0||41
!64
|-
||19||3||317||19||0||223||13||3||43||0||3||31||0||3||0||31||7||0||167||0||3||11||3||13||0||0||7||5||3||0||29||3||3||5||0||3||11||61||0||0||2903||3||19||3||0||7||13||7||17||0||3||0||113||3||0||7||3||53||593||0||23||1093||3||31
!65
|-
||7||0||0||0||3||0||3||0||0||0||0||0||7||0||0||0||479||0||3||0||0||0||11||0||3||0||0||0||0||0||3||0||0||0||3||0||31||0||0||0||3||0||5||0||0||0||3||0||17||0||0||0||5||0||0||0||0||0||3||0||3||0||0||0||5
!66
|-
||3||7||3||5||11||0||157||43||3||3||881||13||13||7||3||3||101||3||109||19||7||3||73||3||5||5||139||47||31||17||3||5||37||5||23||3||5||769||7||7||7||647||3||17||3||11||5||199||3||41||3||3||11||5||5||5||3||3||181||5||397||0||37||3||149||3
!67
|-
||757||0||103||0||197||0||67||0||3||0||31||0||13||0||7||0||0||0||0||0||3||0||37||0||109||0||3||0||19||0||5||0||3||0||3||0||79||0||5||0||3||0||59||0||7||0||3||0||43||0||0||0||881||0||113||0||577||0||3||0||11||0||233||0||587||0||7
!68
|-
||11||79||0||7||3||0||3||3||0||23||7||0||53||5||0||7||3||0||5||83||0||3||0||0||5||3||0||3||17||0||3||7||0||3||3||0||569||3||0||19||3||0||3||13||0||0||3||0||5||47||0||3||7||0||5||11||0||5||7||0||3||3||0||3||2707||0||5||127
!69
|-
||3||0||11||0||0||0||0||0||19||0||701||0||3||0||0||0||19||0||3||0||0||0||5||0||0||0||3||0||7||0||3||0||29||0||0||0||5||0||3||0||0||0||3||0||0||0||5||0||0||0||3||0||569||0||0||0||3||0||13||0||73||0||0||0||0||0||443||0||3
!70
|-
||5||3||7||7||5||3||43||11||3||7||61||7||19||3||3||5||0||7||7||3||29||677||277||89||11||67||3||883||3||17||179||3||5||0||31||19||5||89||3||19||29||3||13||3||97||61||5||5||23||13||3||11||23||31||5||3||3||5||0||5||73||3||2731||7||3||47||17||29||3||19
!71
|-
||3||0||0||0||5||0||3||0||0||0||3||0||13||0||0||0||13||0||3||0||0||0||3||0||43||0||0||0||1061||0||7||0||0||0||3||0||3||0||0||0||5||0||7||0||0||0||19||0||3||0||0||0||3||0||5||0||0||0||97||0||3||0||0||0||3||0||19||0||0||0||3
!72
|-
||7||3373||3||197||7||5||19||41||11||0||13||3||3||199||5||229||107||3||0||7||37||61||7||3||3||5||11||13||7||131||3||211||5||3||1061||59||7||17||3||503||7||3||107||0||71||13||61||3||3||19||53||11||421||31||3||109||1879||2503||73||3||3||13||5||3911||7||457||191||0||29||3||61||11
!73
|-
||13||0||23||0||17||0||13||0||67||0||3||0||863||0||3||0||3||0||29||0||3||0||47||0||7||0||0||0||509||0||19||0||5||0||3||0||0||0||3||0||11||0||5||0||167||0||5||0||661||0||13||0||3||0||73||0||3||0||3||0||569||0||3||0||5||0||13||0||19||0||17||0||19
!74
|-
||5||3||0||11||0||0||7||877||0||0||31||0||0||5||0||5||3||0||3||0||0||19||19||0||0||61||0||7||43||0||3||2179||0||3||0||0||3||3||0||0||3||0||61||3||0||227||5||0||29||0||0||0||7||0||0||3||0||3||0||0||7||47||0||5||0||0||0||59||0||0||37||0||3||101
!75
|-
||3||0||3||0||13||0||5||0||7||0||11||0||3||0||3||0||19||0||0||0||3||0||31||0||31||0||197||0||83||0||59||0||3||0||5||0||11||0||41||0||7||0||3||0||7||0||137||0||211||0||5||0||17||0||3||0||0||0||17||0||3||0||3||0||109||0||41||0||53||0||29||0||3||0||3
!76
|-
||37||3||43||3767||3||3||0||0||7||5||0||13||103||0||3||5||3||13||13||3||0||0||109||3||5||3||19||0||5||3||7||19||0||157||0||3167||193||3||3||19||13||0||29||0||197||13||3||7||0||7||3||5||3||5||0||0||3||13||7||3||0||3||0||11||29||0||89||47||5||0||3||3||59||7||3||5
!77
|-
||3||0||0||0||257||0||7||0||0||0||3||0||0||0||0||0||2671||0||0||0||0||0||7||0||3||0||0||0||3||0||7||0||0||0||13||0||3||0||0||0||3||0||149||0||0||0||107||0||3||0||0||0||3||0||5||0||0||0||7||0||79||0||0||0||0||0||3||0||0||0||5||0||0||0||0||0||3
!78
|-
||3||7||29||13||19||19||3||7||269||5||13||3||19||7||3||3||5||23||3||7||3||3||97||5||7||19||383||3||29||151||7||5||3||19||5||7||7||7||5||317||3793||5||79||19||7||3||43||337||0||1021||3||5||5||13||5||13||3||3||4397||3||23||7||3||3||79||179||3||5||53||3947||181||3||5||5||5||11||1259||3
!79
|-
||5||0||7||0||0||0||401||0||7||0||3||0||109||0||0||0||7||0||5||0||17||0||13||0||0||0||3||0||7||0||23||0||67||0||0||0||5||0||3||0||3||0||7||0||0||0||19||0||2083||0||7||0||3||0||0||0||23||0||4229||0||593||0||5||0||0||0||5||0||3||0||7||0||7||0||0||0||1217||0||0
!80
|-
||3||13||0||algebra||5||0||3||7||0||3||3||0||13||3||0||3||41||0||257||5||0||467||3||0||5||5||0||3||7||0||3||3||0||31||3||0||3||5||0||5||7||0||17||3||0||3||5||0||3||3||0||71||3||0||349||5||0||3||23||0||7||5||0||algebra||3||0||3||7||0||3||3||0||5||3||0||661||5||0||7||3
!81
|-
||293||0||97||0||5||0||3||0||3||0||3209||0||3||0||1277||0||5||0||3||0||3||0||227||0||43||0||5||0||19||0||7||0||3||0||0||0||3||0||449||0||0||0||271||0||3||0||11||0||3||0||53||0||13||0||19||0||1579||0||5||0||3||0||3||0||1663||0||337||0||3||0||5||0||3||0||3||0||5||0||11||0||7
!82
|-
||19||7||17||31||17||3||7||1597||19||461||23||3||13||3||3||5||11||7||31||13||11||11||4441||13||13||3||7||17||3||5||2311||11||11||151||3||3||13||3||43||13||3||3||29||5||3||1061||3||3||1913||29||19||43||31||3||19||461||3||881||7||17||5||97||5||2153||5||13||17||3||3||7||3||7||797||5||43||19||3||359||11||317||149||13
!83
|-
||7||0||0||0||3||0||0||0||0||0||13||0||3||0||0||0||13||0||3||0||0||0||3||0||3||0||0||0||37||0||3||0||0||0||0||0||17||0||0||0||7||0||0||0||0||0||23||0||0||0||0||0||3||0||181||0||0||0||3||0||3||0||0||0||3||0||37||0||0||0||3||0||5||0||0||0||0||0||3||0||0||0||7
!84
|-
||167||7||5||11||0||0||3||41||683||0||0||2053||5||2131||0||3||0||47||23||0||3||3||109||5||0||11||3||31||5||0||61||41||7||0||0||7||3||47||3||0||5||3||3||5||0||3||0||3||13||0||0||53||383||83||0||7||7||3||37||0||5||5||3||3||0||7||7||0||3||0||7||11||5||13||0||103||19||3||313||0||13||487||5||19
!85
|-
||7||0||79||0||3||0||41||0||3||0||3||0||47||0||5||0||43||0||29||0||17||0||5||0||67||0||131||0||3||0||5||0||3||0||19||0||3623||0||3||0||601||0||0||0||257||0||3||0||53||0||47||0||3||0||5||0||3||0||1021||0||31||0||11||0||79||0||7||0||7||0||19||0||0||0||3||0||3||0||163||0||3||0||2179||0||31
!86
|-
||7||3527||0||3||3||0||5||0||0||47||3||0||3||3||0||13||3||0||3||3||0||271||7||0||11||37||0||11||0||0||17||103||0||47||3||0||7||19||0||3||3||0||31||19||0||3||3||0||7||5||0||3||139||0||43||5||0||0||31||0||223||7||0||149||13||0||3||3||0||3||0||0||3||3||0||3||5||0||7||257||0||3||3||0||5||13
!87
|-
||709||0||3||0||23||0||3||0||29||0||0||0||197||0||13||0||13||0||7||0||3||0||0||0||241||0||11||0||5||0||47||0||0||0||29||0||3||0||4253||0||107||0||37||0||13||0||157||0||7||0||3||0||5||0||0||0||11||0||31||0||5||0||73||0||7||0||3||0||5||0||13||0||5||0||479||0||0||0||7||0||3||0||31||0||3||0||163
!88
|-
||13||593||31||7||7||29||7||409||5||857||11||3||13||3||5||1069||31||167||227||151||659||11||31||3||53||11||3||17||0||3||19||1187||3||7||41||13||11||29||1493||11||3||137||7||5||103||11||29||3||5||13||349||17||17||7||281||3||7||101||3||2477||23||3||677||23||3||83||5||347||11||19||7||19||3659||0||3||149||3||743||11||5||349||5||7||17||53||107||59||797
!89
|-
||3||0||0||0||0||0||17||0||0||0||0||0||5||0||0||0||17||0||5||0||0||0||11||0||0||0||0||0||461||0||3||0||0||0||0||0||0||0||0||0||3||0||3||0||0||0||3||0||3||0||0||0||661||0||0||0||0||0||3||0||241||0||0||0||0||0||7||0||0||0||127||0||541||0||0||0||7||0||53||0||0||0||5||0||0||0||0||0||3
!90
|-
||3||19||3||3||67||13||0||7||59||17||5||3||0||0||7||17||17||3||13||0||0||3||157||3||5||0||3||0||23||3||3||107||3||3||0||3||13||7||0||73||59||0||3||7||3||3||37||3||0||7||59||0||379||53||3||0||3||3||1447||3||3||31||0||3||0||23||3||19||3||0||157||113||3||0||631||11||0||0||3||7||5||919||0||0||5||5||3||3||17||3
!91
|-
||37||0||17||0||157||0||5||0||3||0||3||0||11||0||3||0||1451||0||13||0||997||0||0||0||19||0||3||0||3||0||5||0||17||0||3||0||11||0||3||0||3||0||4421||0||337||0||487||0||19||0||3||0||3||0||11||0||3||0||5||0||19||0||3||0||3||0||37||0||0||0||7||0||1871||0||5||0||3||0||263||0||3||0||3||0||3187||0||7||0||11||0||11
!92
|-
||89||3||0||3||3||0||107||83||0||41||7||0||11||5||0||3||43||0||3||3089||0||193||3||0||3||3||0||3||3||0||0||71||0||31||3||0||3||5||0||3||7||0||541||7||0||389||11||0||11||5||0||151||3||0||11||3||0||3||5||0||863||0||0||3||3||0||3||3||0||3||17||0||7||3||0||37||3||0||19||5||0||89||5||0||7||31||0||3||3||0||3||13
!93
|-
||71||0||3||0||67||0||13||0||23||0||83||0||163||0||0||0||5||0||3||0||109||0||7||0||47||0||3||0||7||0||3||0||3||0||5||0||1259||0||3||0||61||0||13||0||523||0||0||0||7||0||7||0||61||0||3||0||5||0||439||0||3||0||3||0||17||0||3||0||179||0||1949||0||5||0||3||0||1783||0||5||0||37||0||7||0||11||0||5||0||479||0||3||0||5
!94
|-
||43||3||11||31||0||31||347||3||7||0||3||11||89||1543||0||13||3||3||0||0||7||17||3||3||0||223||67||19||0||0||1447||5||5||907||0||7||5||0||3||0||41||23||5||3||0||11||17||5||13||0||3||11||7||37||0||3||0||7||191||0||0||11||5||313||0||47||7||0||17||0||3||3||241||79||0||0||3||3||7||0||13||17||7||3||0||19||3||5||71||0||0||67||3||0
!95
|-
||37||0||0||0||3||0||71||0||0||0||5||0||5||0||0||0||3||0||3||0||0||0||3||0||193||0||0||0||13||0||13||0||0||0||211||0||29||0||0||0||3||0||4463||0||0||0||23||0||241||0||0||0||17||0||3||0||0||0||103||0||5||0||0||0||577||0||2153||0||0||0||7||0||3||0||0||0||3||0||3||0||0||0||37||0||7||0||0||0||67||0||3||0||0||0||5
!96
|-
||0||13||3||5||5||3||3||0||17||3||5||3||3||1471||3||23||0||7||3||61||113||3||89||13||5||19||19||3||83||157||29||37||3||5||0||3||0||11||79||3||953||19||271||73||3||0||29||3||3||73||3271||3||7||79||0||7||3||109||5||43||3||0||19||3||47||19||0||7||3||0||5||29||7||71||3||7||13||3||13||13||17||3||167||3||3||5||3||101||11||3||3||13||43||3||199||2657
!97
|-
||19||0||3||0||2879||0||0||0||3||0||3||0||241||0||41||0||47||0||5||0||0||0||3||0||23||0||3||0||3||0||11||0||3||0||0||0||59||0||5||0||11||0||7||0||3||0||3||0||0||0||3||0||3||0||97||0||127||0||61||0||1847||0||0||0||3||0||29||0||3||0||3||0||11||0||3||0||0||0||5||0||11||0||13||0||5||0||3||0||3||0||0||0||19||0||3||0||19
!98
|-
||7||13||0||3||149||0||3||5||0||7||0||0||79||11||0||173||5||0||11||3||0||0||3||0||3||2087||0||11||59||0||17||19||0||3||3||0||3||157||0||11||17||0||3||0||0||13||17||0||3||3||0||5||11||0||0||3||0||7||7||0||11||3||0||3||3||0||31||7||0||5||71||0||7||3||0||3||0||0||3||5||0||37||5||0||7||47||0||0||13||0||73||3||0||37||3||0||11||787
!99
|-
||3||0||43||0||0||0||3||0||3||0||5||0||7||0||0||0||7||0||3||0||5||0||5||0||0||0||7||0||0||0||157||0||3||0||0||0||3||0||3||0||601||0||3||0||0||0||5||0||5||0||43||0||5||0||0||0||3||0||37||0||3||0||3||0||0||0||3||0||43||0||17||0||67||0||0||0||19||0||89||0||3||0||0||0||0||0||7||0||5||0||3||0||3||0||0||0||5||0||3
!100
|-
||7||11||3||179||3||3||1297||5||7||5||13||3||79||3911||47||109||1381||3||149||3||3||7||2113||3||23||0||11||61||37||13||1327||3||5||17||13||7||59||13||13||23||3||3||7||1733||3||3671||47||13||7||23||59||5||5||7||5||3||73||131||3||3||19||7||4373||7||29||47||19||31||3||11||7||41||5||79||5||3947||3||83||23||3||3||3067||3||17||47||401||5||5||3||863||41||619||151||97||3||3||0||3||31||17
!101
|-
||3||0||0||0||17||0||3||0||0||0||3||0||7||0||0||0||0||0||163||0||0||0||59||0||311||0||0||0||3||0||71||0||0||0||3||0||7||0||0||0||5||0||3||0||0||0||5||0||19||0||0||0||11||0||67||0||0||0||3||0||229||0||0||0||17||0||3||0||0||0||13||0||3||0||0||0||109||0||13||0||0||0||11||0||0||0||0||0||5||0||3||0||0||0||3||0||5||0||0||0||3
!102
|-
||0||19||139||13||19||13||17||7||5||3||29||281||3||337||7||5||11||13||3||5||3||11||5||3||5||47||457||13||61||3||3||7||677||3||43||31||3||5||1321||3||1237||31||59||19||7||641||0||1279||3||163||5||7||41||3||37||5||47||5||19||5||71||2423||3||19||193||3||3167||7||3||617||31||3||3||397||1327||353||19||5||3||5||71||3||7||3||0||5||0||7||5||3||5||0||3||67||17||29||1301||7||7||31||7||7
!103
|-
||673||0||3||0||3||0||311||0||0||0||67||0||0||0||5||0||3||0||73||0||7||0||5||0||31||0||3||0||3||0||19||0||2239||0||7||0||67||0||0||0||3||0||47||0||3||0||11||0||13||0||7||0||5||0||13||0||37||0||3||0||7||0||3||0||0||0||139||0||7||0||13||0||11||0||3||0||3||0||0||0||11||0||5||0||29||0||3||0||7||0||0||0||5||0||13||0||5||0||3||0||3||0||11
!104
|-
||11||41||0||13||0||0||0||5||0||0||71||0||3||0||0||3||5||0||3||0||0||3||991||0||0||3||0||0||3||0||3||3||0||31||0||0||131||113||0||0||5||0||13||19||0||3||17||0||0||0||0||3||3||0||0||0||0||0||3||0||5||5||0||19||0||0||7||7||0||0||7||0||3||3||0||3||0||0||3||0||0||5||3||0||0||3||0||17||3||0||0||3||0||7||0||0||587||0||0||0||5||0||59||1009
!105
|-
||3||0||7||0||13||0||7||0||7||0||7||0||277||0||3||0||7||0||0||0||7||0||101||0||19||0||3||0||1609||0||31||0||7||0||5||0||5||0||3||0||373||0||3||0||37||0||19||0||3||0||3||0||0||0||3||0||3||0||0||0||7||0||3||0||7||0||3||0||29||0||97||0||89||0||7||0||7||0||3||0||0||0||23||0||43||0||5||0||11||0||3||0||13||0||5||0||1549||0||71||0||101||0||7||0||3
!106
|-
||103||3||13||311||3||269||17||3||3||883||1213||19||1051||43||3||4397||5||19||47||17||3||11||23||13||5||3||13||101||3||5||7||3||3||13||3||3||11||67||13||67||5||3||7||3||1303||5||3||13||7||3||59||5||7||0||17||13||3||7||983||3||5||1571||3||17||3||5||19||2131||5||29||3||3||17||3||3||11||17||3||7||13||3||317||967||11||13||3||61||0||3221||11||5||3||43||13||7||19||19||3||3||353||5||3||43||0||3||61
!107
|-
||13||0||0||0||3||0||3||0||0||0||3||0||3||0||0||0||47||0||3||0||0||0||11||0||1627||0||0||0||41||0||3||0||0||0||3||0||13||0||0||0||277||0||7||0||0||0||0||0||11||0||0||0||11||0||19||0||0||0||5||0||17||0||0||0||191||0||43||0||0||0||5||0||3||0||0||0||3||0||23||0||0||0||733||0||11||0||0||0||3||0||5||0||0||0||3||0||3||0||0||0||3||0||3||0||0||0||53
!108
|-
||59||7||1319||71||3727||7||59||197||31||3||7||5||5||47||17||19||11||3||563||19||53||3||257||89||3||53||37||3||73||3||3||163||11||769||383||397||11||13||3||1069||7||3||3||7||3||11||7||0||3||5||3||5||3373||31||137||7||59||3||43||3||0||887||5||3||107||3||3||211||47||3||17||0||5||11||17||113||7||3||3||11||3||29||19||3||13||0||3||23||17||5||3||61||43||3779||5||19||17||3613||3||5||2833||11||11||89||5||389||5||2371
!109
|-
||23||0||3||0||0||0||7||0||5||0||0||0||5||0||0||0||5||0||7||0||727||0||3||0||0||0||3||0||0||0||263||0||0||0||0||0||31||0||7||0||101||0||7||0||0||0||113||0||11||0||3||0||5||0||0||0||43||0||3||0||7||0||5||0||0||0||5||0||47||0||1627||0||43||0||0||0||0||0||5||0||7||0||3||0||0||0||3||0||263||0||5||0||523||0||0||0||5||0||0||0||19||0||0||0||0||0||3||0||5
!110
|-
||3||109||0||541||7||0||3||3||0||3||257||0||3||0||0||7||3||0||7||3||0||11||5||0||5||3||0||11||2153||0||7||5||0||263||3||0||0||3||0||31||7||0||3||59||0||11||7||0||3||67||0||101||0||0||3||3||0||5||41||0||7||3||0||13||7||0||5||3||0||5||5||0||3||0||0||3||17||0||23||5||0||257||7||0||3||0||0||19||7||0||3||269||0||3||43||0||5||3||0||13||3||0||3||3||0||71||7||0||1997||3
!111
|-
||3||0||7||0||19||0||0||0||3||0||17||0||3||0||29||0||11||0||7||0||0||0||13||0||3||0||3943||0||19||0||31||0||1999||0||0||0||3||0||3||0||5||0||7||0||37||0||17||0||0||0||3||0||7||0||7||0||5||0||17||0||3||0||0||0||1373||0||571||0||7||0||59||0||3||0||3||0||0||0||43||0||547||0||17||0||13||0||3||0||7||0||0||0||109||0||5||0||5||0||3||0||5||0||3||0||0||0||1033||0||61||0||3
!112
|-
||0||3||7||41||23||109||17||13||3||7||5||19||37||3||3||47||0||3||19||3||3||7||13||337||5||7||17||43||3||7||0||3||227||47||3||7||13||5||3||31||3||3||17||3||5||11||127||3||5||3||7||7||13||337||5||5||7||1051||19||47||19||0||3||5||3||23||1663||37||3||7||3||3||0||3||23||19||107||3||2293||0||3||7||61||3||193||271||13||2339||5||37||13||3||3||7||3||5||3727||3||3||191||19||271||439||3||7||29||17||5||139||41||3||11
!113
|-
||7||0||0||0||3||0||31||0||0||0||3||0||157||0||0||0||241||0||0||0||0||0||3||0||3||0||0||0||3||0||31||0||0||0||37||0||7||0||0||0||139||0||11||0||0||0||5||0||3||0||0||0||149||0||5||0||0||0||5||0||2659||0||0||0||3||0||0||0||0||0||0||0||7||0||0||0||17||0||61||0||0||0||557||0||3||0||0||0||3||0||3||0||0||0||0||0||19||0||0||0||17||0||3||0||0||0||11||0||3||0||0||0||0
!114
|-
||7||227||3||3||0||2447||13||31||11||0||19||5||11||5||0||71||5||11||13||0||3||7||0||241||0||7||5||3||137||0||11||11||13||5||0||179||7||139||37||0||269||3||109||5||0||0||821||3||47||0||7||3||5||3||0||5||41||19||197||0||3||7||3||13||0||5||3||17||0||0||23||13||3||2087||0||17||5||5||0||0||59||41||5||7||0||11||3||5||5||0||11||0||7||3||0||307||5||7||3673||0||11||67||29||5||0||7||331||0||11||0||3||3||89||103
!115
|-
||113||0||41||0||5||0||719||0||11||0||3||0||7||0||3||0||5||0||7||0||19||0||3||0||0||0||5||0||0||0||401||0||7||0||0||0||31||0||3||0||61||0||1097||0||43||0||7||0||101||0||3||0||7||0||7||0||3||0||3||0||7||0||4397||0||3||0||7||0||23||0||31||0||5||0||353||0||3||0||2027||0||83||0||1867||0||0||0||0||0||103||0||19||0||3||0||3833||0||7||0||19||0||3||0||0||0||3||0||5||0||283||0||43||0||1879||0||461
!116
|-
||271||13||0||17||59||0||3||7||0||3||227||0||0||7||0||3||71||0||3||17||0||0||3||0||839||0||0||3||173||0||563||5||0||3||5||0||3||3||0||47||31||0||23||3||0||1097||3||0||3||43||0||0||223||0||13||3||0||3||3||0||3||11||0||0||0||0||439||3||0||3||17||0||3||5||0||107||5||0||3||3||0||163||3||0||5||31||0||59||3||0||0||5||0||3||5||0||7||3||0||449||3||0||97||0||0||1009||3||0||311||3||0||7||7||0||751||7
!117
|-
||3||0||47||0||541||0||3||0||7||0||541||0||13||0||3||0||137||0||3||0||3||0||7||0||5||0||3||0||5||0||47||0||3||0||5||0||113||0||103||0||79||0||37||0||3||0||41||0||71||0||43||0||7||0||3||0||19||0||0||0||0||0||3||0||101||0||257||0||13||0||23||0||3||0||53||0||397||0||7||0||19||0||5||0||3||0||13||0||7||0||3||0||1439||0||23||0||3||0||3||0||5||0||3||0||11||0||29||0||37||0||3||0||251||0||31||0||3
!118
|-
||29||5||433||11||3||0||0||0||3||151||3||11||53||0||3||11||0||3||71||7||0||5||3||79||19||3||3||0||3||3||13||31||13||0||0||3||5||3||11||257||11||0||109||3||3||3037||5||3||0||3||0||17||3||3||0||0||3||127||0||7||151||3||0||647||3||3||5||0||3||0||3||7||263||3||3||17||0||877||647||7||3||1061||3||0||0||7||13||7||3||3||0||3||3||11||17||3||17||0||5||5||3||0||31||3||0||7||0||3||109||3||13||0||59||3||23||13||593||13
!119
|-
||3||0||0||0||0||0||31||0||0||0||7||0||3||0||0||0||79||0||5||0||0||0||47||0||0||0||0||0||7||0||7||0||0||0||0||0||3||0||0||0||3||0||7||0||0||0||127||0||17||0||0||0||19||0||0||0||0||0||97||0||79||0||0||0||0||0||5||0||0||0||59||0||277||0||0||0||41||0||3||0||0||0||3||0||0||0||0||0||0||0||31||0||0||0||0||0||167||0||0||0||0||0||13||0||0||0||3||0||37||0||0||0||11||0||0||0||0||0||3
!120
|-
||5||5||41||3||97||7||5||5||3||7||0||17||37||0||7||13||313||13||3||29||3||0||0||17||3||5||5||3||31||257||5||71||0||7||5||13||7||7||3||47||7||59||3||0||5||5||73||79||3||5||3||5||17||929||0||19||3||3||193||37||109||19||3||3||5||0||103||17||7||3||5||3||523||317||19||7||0||3||7||5||137||3||47||7||17||7||29||0||311||17||5||5||3||163||23||3||83||5||0||3||97||3||5||17||7||5||47||37||7||0||0||3||5||19||1097||113||3||181||1439||7
!121
|-
||293||0||127||0||163||0||23||0||5||0||109||0||7||0||307||0||3||0||0||0||3||0||7||0||227||0||5||0||17||0||193||0||3467||0||3||0||37||0||41||0||7||0||47||0||31||0||197||0||5||0||7||0||11||0||5||0||11||0||137||0||0||0||29||0||5||0||11||0||5||0||13||0||241||0||7||0||31||0||13||0||2213||0||59||0||11||0||3||0||61||0||541||0||61||0||983||0||53||0||5||0||3||0||13||0||3||0||53||0||3433||0||5||0||7||0||5||0||19||0||29||0||5
!122
|-
||29||3||0||3||31||0||59||1723||0||3||5||0||1217||17||0||3||3||0||7||43||0||3||3||0||0||13||0||19||5||0||3||67||0||0||3||0||31||317||0||5||0||0||3||53||0||3||23||0||3||19||0||3||5||0||5||43||0||7||3||0||5||11||0||3||7||0||967||19||0||101||3||0||11||3||0||5||3||0||7||3||0||0||41||0||11||421||0||3||31||0||73||3||0||0||0||0||0||5||0||3||3||0||919||0||0||3||3||0||97||311||0||13||3||0||11||5||0||107||3||0||3||31
!123
|-
||0||0||3||0||5||0||3||0||3||0||991||0||3||0||5||0||13||0||3||0||7||0||0||0||397||0||3||0||101||0||0||0||3||0||7||0||3||0||179||0||19||0||71||0||3||0||5||0||3||0||883||0||5||0||5||0||7||0||5||0||17||0||19||0||563||0||13||0||5||0||7||0||19||0||3||0||5||0||3||0||13||0||409||0||5||0||3||0||5||0||3||0||0||0||4007||0||3||0||157||0||37||0||7||0||3||0||53||0||0||0||3||0||7||0||3||0||3||0||5||0||3||0||41
!124
|-
||algebra||239||3||139||0||7||13||algebra||0||0||5||7||151||3||0||23||3||37||11||0||3||5||11||19||0||7||algebra||11||3||0||409||1307||3||47||0||3||5||11||7||0||43||13||421||71||0||13||3||5||0||0||5||37||5||41||0||17||23||137||3||0||61||3||3||algebra||0||3||5||229||5||0||5||0||7||19||0||7||7||3||11||0||13||5||11||61||0||11||67||11||3||0||7||3||5||67||0||3||643||3||109||0||7||5||0||3||0||5||263||3||47||0||3||13||5||5||0||43||61||0||5||0||5||3||17||23
!125
|-
||5||0||0||0||3||0||0||0||0||0||53||0||3||0||0||0||5||0||59||0||0||0||7||0||7||0||0||0||3||0||5||0||0||0||0||0||3||0||0||0||3||0||263||0||0||0||3||0||0||0||0||0||3||0||3||0||0||0||3||0||823||0||0||0||11||0||3||0||0||0||3||0||3||0||0||0||0||0||3||0||0||0||17||0||3||0||0||0||3||0||0||0||0||0||0||0||3||0||0||0||13||0||11||0||0||0||13||0||19||0||0||0||3||0||13||0||0||0||0||0||3||0||0||0||41
!126
|-
||317||5||7||7||0||263||3||419||19||0||7||13||13||107||3||0||5||7||0||271||3||13||7||241||47||19||5||13||7||3||7||1051||23||3||5||3||3||61||3||7||113||19||3||0||19||5||59||2719||269||11||3||5||1669||4253||31||0||13||1367||11||3||193||29||3||3||5||29||3||43||11||19||7||5||439||179||11||3||41||13||31||347||0||5||41||3||211||7||13||3||2053||3||3||97||3||37||11||7||3||43||13||139||37||0||19||4253||23||3||29||271||37||5||383||3||31||2797||13||5||73||19||19||3||5||7||19||0||37||587
!127
|-
||algebra||0||19||0||13||0||677||0||3||0||5||0||2341||0||7||0||7||0||2551||0||17||0||13||0||103||0||11||0||3||0||0||0||3||0||283||0||7||0||5||0||0||0||47||0||59||0||3||0||859||0||3||0||3||0||71||0||7||0||5||0||17||0||3||0||3||0||0||0||11||0||7||0||127||0||3||0||3||0||41||0||3||0||19||0||7||0||13||0||151||0||13||0||353||0||3||0||41||0||3||0||1949||0||29||0||5||0||53||0||0||0||19||0||59||0||0||0||1823||0||3||0||5||0||11||0||19||0||0
!128
|-
