!1
|-
||3
!2
|-
||3||3
!3
|-
||algebra||0||3
!4
|-
||3||5||13||3
!5
|-
||3||0||0||0||5
!6
|-
||5||3||3||5||3||3
!7
|-
||algebra||0||3||0||19||0||7
!8
|-
||algebra||3||0||algebra||3||0||3||7
!9
|-
||19||0||3||0||0||0||31||0||3
!10
|-
||17||5||3||3||5||3||5||7||5||3
!11
|-
||3||0||0||0||3||0||3||0||0||0||3
!12
|-
||5||3||7||5||5||3||7||3||3||251||3||17
!13
|-
||3||0||5||0||151||0||0||0||59||0||5||0||3
!14
|-
||3||5||0||1097||0||0||3||3||0||0||7||0||17||3
!15
|-
||algebra||0||3||0||7||0||5||0||algebra||0||13||0||41||0||43
!16
|-
||3||83||3||3||5||29||3||7||3||23||5||19||487||139||3||5
!17
|-
||0||0||0||0||3||0||3||0||0||0||3||0||3||0||0||0||3
!18
|-
||19||11||73||7||5||19||7||3||3||17||3||3||7||3||5||5||163||1607
!19
|-
||3||0||43||0||0||0||5||0||3||0||5||0||3||0||0||0||5||0||5
!20
|-
||3||3||0||3||3||0||0||3||0||3||31||0||3||0||0||3||3||0||3||19
!21
|-
||5||0||5||0||3||0||43||0||5||0||0||0||17||0||3||0||587||0||7||0||127
!22
|-
||5||5||3||7||53||5||3||7||349||3||7||5||3||31||17||3||491||7||3||17||3||229
!23
|-
||3||0||0||0||5||0||29||0||0||0||11||0||19||0||0||0||17||0||7||0||0||0||3
!24
|-
||algebra||11||3||algebra||0||3||563||5||algebra||0||3||3||5||3||0||algebra||5||3||11||0||179||13||109||3
!25
|-
||7||0||31||0||79||0||3||0||3||0||47||0||0||0||3||0||7||0||3||0||3||0||11||0||3
!26
|-
||algebra||3||0||3||5||0||3||algebra||0||5||5||0||3||3||0||5||11||0||13||3||0||409||3||0||3||13
!27
|-
||5||0||3||0||17||0||0||0||3||0||3||0||61||0||3||0||3||0||31||0||0||0||47||0||7||0||3
!28
|-
||5||7||3||7||199||3||3||13||7||3||5||13||7||7||163||5||19||5||3||17||157||461||11||3||5||5||13||3
!29
|-
||5||0||0||0||0||0||373||0||0||0||5||0||3||0||0||0||3||0||3||0||0||0||47||0||0||0||0||0||149
!30
|-
||7||5||3||7||7||0||5||7||3||139||3||7||227||11||13||7||3||5||11||5||3||11||3||3||7||47||19||7||19||3
!31
|-
||algebra||0||3||0||5||0||3||0||5||0||5||0||3||0||5||0||83||0||3||0||3||0||17||0||5||0||3||0||53||0||5
!32
|-
||3||71||0||3||3||0||7||7||0||5||0||0||127||3||0||3||19||0||5||17||0||0||3||0||3||5||0||3||3||0||5||3
!33
|-
||13||0||337||0||19||0||13||0||3||0||43||0||149||0||53||0||0||0||13||0||3||0||3||0||11||0||3||0||853||0||19||0||23
!34
|-
||313||17||5||3||0||3||0||13||3||0||433||3||5||0||0||37||11||3||3||0||0||61||13||7||0||19||19||0||7||0||3||19||3||3
!35
|-
||algebra||0||0||0||11||0||3||0||0||0||11||0||3||0||0||0||5||0||3||0||0||0||11||0||algebra||0||0||0||3||0||3||0||0||0||5
!36
|-
||13||3||3||7||3||3||7||7||3||127||7||11||37||3||5||13||3||17||13||73||5||2621||3||3||3271||5||317||43||7||31||7||11||17||0||3||83
!37
|-
||3||0||3||0||5||0||3||0||3||0||1249||0||31||0||3||0||5||0||0||0||3||0||53||0||3||0||79||0||5||0||3||0||1097||0||5||0||3
!38
|-
||349||229||0||3||3||0||7||967||0||3||241||0||0||191||0||71||3||0||7||11||0||31||5||0||3||0||0||5||17||0||3||3||0||3||3||0||1879||3
!39
|-
||5||0||5||0||0||0||7||0||5||0||3||0||113||0||0||0||317||0||0||0||13||0||3||0||0||0||907||0||5||0||61||0||5||0||0||0||31||0||37
!40
|-
||3||41||401||3||79||19||3||5||3||13||47||7||3||31||3||3||7||1259||5||19||61||3||5||13||3||19||3||3||7||5||7||19||7||3||17||23||3||5||3||7
!41
|-
||1319||0||0||0||3||0||0||0||0||0||3||0||19||0||0||0||3||0||113||0||0||0||3||0||7||0||0||0||3||0||3||0||0||0||0||0||19||0||0||0||3
!42
|-
||5||167||3||17||3||3||0||17||37||19||617||11||11||3||3||5||73||67||19||3||1873||5||41||3||5||3||3||7||887||241||11||61||3||149||29||19||37||17||71||67||13||3
!43
|-
||5||0||5||0||547||0||3||0||499||0||0||0||3||0||5||0||7||0||13||0||3||0||271||0||7||0||3||0||13||0||3||0||0||0||73||0||3||0||13||0||5||0||37
!44
|-
||19||7||0||3||0||0||3||5||0||0||41||0||5||3||0||3||3||0||313||0||0||3||47||0||0||11||0||137||5||0||101||17||0||5||0||0||3||3||0||0||5||0||379||5
!45
|-
||7||0||5||0||3||0||37||0||7||0||13||0||7||0||5||0||3||0||151||0||43||0||0||0||5||0||7||0||113||0||0||0||3||0||3||0||5||0||3||0||3||0||139||0||3
!46
|-
||127||17||5||7||29||5||11||139||3||241||11||3||5||7||373||3||19||5||3||7||3||3||0||5||19||211||31||5||7||3||7||7||0||19||383||3||151||13||3||3||5||7||3||5||7||5
!47
|-
||19||0||0||0||109||0||3||0||0||0||3||0||43||0||0||0||5||0||19||0||0||0||7||0||3||0||0||0||1051||0||53||0||0||0||3||0||3||0||0||0||3||0||3||0||0||0||0
!48
|-
||algebra||3||3||algebra||3||3||0||3||algebra||17||3||17||5||0||3||algebra||5||3||7||11||0||313||3||3||algebra||37||409||0||3||5||13||3||3||7||0||algebra||7||887||19||13||3||0||5||11||37||0||1531||3
!49
|-
||3||0||3||0||0||0||103||0||17||0||5||0||3||0||0||0||5||0||59||0||7||0||7||0||0||0||5||0||31||0||3||0||23||0||0||0||31||0||13||0||7||0||19||0||0||0||5||0||3
!50
|-
||4229||3||0||11||109||0||7||7||0||13||19||0||3||3||0||3||0||0||3||3||0||5||5||0||37||3||0||3||13||0||7||2617||0||0||67||0||3||577||0||181||3||0||7||3||0||283||3||0||7||7
!51
|-
||103||0||0||0||7||0||89||0||3||0||17||0||0||0||3||0||3||0||5||0||7||0||7||0||41||0||283||0||7||0||19||0||5||0||3||0||7||0||0||0||0||0||7||0||3||0||19||0||23||0||29
!52
|-
||11||197||7||3||7||3||3||13||5||19||73||7||79||163||79||17||7||31||3||13||3||139||11||3||3||19||3||3||5||5||3||13||3||61||5||41||17||43||3||3||5||163||29||1429||3||19||19||11||229||7||5||3
!53
|-
||3||0||0||0||19||0||3||0||0||0||3||0||83||0||0||0||47||0||17||0||0||0||19||0||7||0||0||0||3||0||5||0||0||0||389||0||5||0||0||0||41||0||19||0||0||0||5||0||3||0||0||0||479
!54
|-
||17||149||79||1213||0||3||13||3||7||0||0||13||5||5||0||7||0||3||0||0||3||0||19||5||0||71||5||43||5||0||0||5||0||311||0||3||727||7||3||0||3||5||17||0||0||31||37||19||47||0||3||5||337||5
!55
|-
||7||0||3||0||59||0||0||0||11||0||13||0||23||0||3||0||5||0||3||0||0||0||5||0||73||0||17||0||5||0||7||0||3||0||0||0||3||0||3||0||11||0||3||0||3||0||0||0||0||0||31||0||19||0||3
!56
|-
||3||7||0||5||3||0||3||3||0||3||7||0||3||3||0||5||3||0||0||3||0||3||11||0||37||3||0||7||3||0||53||7||0||3||3||0||7||0||0||3||31||0||3||1093||0||13||13||0||3||3||0||73||13||0||5||19
!57
|-
||41||0||3||0||47||0||5||0||3||0||17||0||17||0||223||0||3||0||2731||0||3||0||3||0||1483||0||3||0||0||0||7||0||3||0||3||0||17||0||13||0||7||0||7||0||83||0||109||0||0||0||3||0||19||0||7||0||5
!58
|-
||3||47||109||3||7||31||3||103||3||1291||17||79||5||7||3||19||5||7||7||1277||47||13||167||211||3||13||7||67||587||3||3||7||7||73||233||11||73||103||277||5||19||3||3||73||3||3||17||19||223||7||3||5||11||29||0||13||3||3
!59
|-
||7||0||0||0||0||0||0||0||0||0||5||0||3||0||0||0||3||0||3||0||0||0||7||0||0||0||0||0||0||0||3||0||0||0||0||0||7||0||0||0||3||0||47||0||0||0||3||0||3||0||0||0||23||0||0||0||0||0||0
!60
|-
||7||3||5||5||3||167||613||3||5||13||3||3||37||5||3||7||5||907||271||7||3||5||3||11||47||67||37||29||0||3||0||13||3||179||11||3||5||17||3||37||7||191||61||5||13||19||5||5||5||5||3||11||43||3||13||3||17||23||61||0
!61
|-
||3||0||5||0||97||0||3||0||3||0||11||0||113||0||3||0||7||0||227||0||11||0||5||0||5||0||3||0||5||0||0||0||5||0||43||0||3||0||7||0||571||0||97||0||5||0||43||0||3||0||1163||0||11||0||19||0||3||0||19||0||17
!62
|-
||5||3||0||373||157||0||0||103||0||7||3||0||3||0||0||3||7||0||3||13||0||3||7||0||5||23||0||0||3||0||3||7||0||5||0||0||3||67||0||3||3||0||3||3||0||1949||7||0||0||3||0||3||151||0||3||0||0||3||5||0||19||3
!63
|-
||algebra||0||3||0||3||0||5||0||algebra||0||29||0||47||0||3||0||5||0||71||0||3||0||7||0||algebra||0||algebra||0||3||0||13||0||3||0||3||0||59||0||421||0||17||0||5||0||3||0||1619||0||algebra||0||31||0||5||0||5||0||3||0||3||0||5||0||3
!64
|-
||19||17||5||5||0||3||3||61||5||0||7||73||0||467||0||3||7||7||3||0||19||37||5||3||0||0||3||3||193||0||11||19||3||3||0||13||19||17||0||0||7||3||73||5||0||877||5||3||3||0||3||0||5||3||0||17||1723||5||19||0||7||61||3||5
!65
|-
||3||0||0||0||5||0||5||0||0||0||0||0||5||0||0||0||503||0||7||0||0||0||31||0||5||0||0||0||11||0||97||0||0||0||5||0||3||0||0||0||107||0||3||0||0||0||523||0||5||0||0||0||3||0||0||0||0||0||3||0||7||0||0||0||7
!66
|-
||19||2267||131||37||71||13||19||5||349||31||3||3||5||3||19||7||29||11||17||3||3||73||5||3||3359||3||3||5||41||5||13||0||3||5||3||317||17||19||3||0||47||3||7||11||7||5||11||3||13||997||73||11||149||11||11||0||53||17||3||3||5||3||29||1231||23||3
!67
|-
||5||0||7||0||4013||0||0||0||0||0||5||0||31||0||3||0||0||0||3||0||19||0||19||0||3||0||43||0||47||0||5||0||13||0||23||0||5||0||7||0||379||0||3||0||17||0||5||0||3||0||0||0||7||0||61||0||5||0||197||0||17||0||163||0||13||0||3
!68
|-
||3||3||0||257||7||0||5||353||0||5||3||0||3||3||0||3||19||0||37||43||0||3||0||0||7||1597||0||3||3||0||107||3||0||3||11||0||7||7||0||13||19||0||47||3||0||0||31||0||23||3||0||43||7||0||199||139||0||17||47||0||109||5||0||13||5||0||3||17
!69
|-
||29||0||3||0||0||0||0||0||7||0||3||0||61||0||0||0||3||0||4493||0||0||0||3||0||0||0||19||0||5||0||7||0||89||0||0||0||5||0||3||0||53||0||19||0||0||0||3||0||0||0||3||0||19||0||0||0||19||0||3||0||5||0||0||0||0||0||37||0||11
!70
|-
||3||5||0||83||0||3||17||73||53||3||19||3||3||7||2213||199||79||113||5||7||733||11||7||3||11||103||3||11||13||5||151||5||5||17||421||3||59||5||19||7||317||3||23||17||7||19||7||3||7||61||11||3||13||7||3||53||0||103||7||31||3||5||5||3||7||3||67||19||11||47
!71
|-
||7||0||0||0||3||0||3||0||0||0||263||0||23||0||0||0||19||0||0||0||0||0||3||0||13||0||0||0||631||0||3||0||0||0||3||0||317||0||0||0||3||0||17||0||0||0||7||0||3||0||0||0||5||0||5||0||0||0||7||0||3||0||0||0||17||0||13||0||0||0||61
!72
|-
||5||3||3||137||67||31||5||19||3||3911||17||5||79||3||5||5||13||3||263||149||7||19||3||19||23||607||241||23||3||3||19||3||7||5||3||17||0||3||3||421||19||3||37||3||3||13||17||163||13||37||7||19||3||151||5||3||3||7||23||3||47||7||67||0||13||3||31||11||317||0||0||19
!73
|-
||5||0||19||0||5||0||3||0||7||0||31||0||3||0||31||0||7||0||3||0||13||0||5||0||3||0||17||0||131||0||3||0||3||0||179||0||0||0||3||0||5||0||19||0||3||0||29||0||3||0||7||0||311||0||71||0||7||0||19||0||3||0||3||0||29||0||3||0||11||0||7||0||23
!74
|-
||3||3||0||7||0||0||3||5||0||0||3||0||5||3||0||257||11||0||3||0||0||3||3||0||0||23||0||13||3||0||227||3||0||7||0||0||3||13||0||0||5||0||5||3||0||11||41||0||3||0||0||7||3||0||0||11||0||3||13||0||3||239||0||5||0||0||3||3||0||0||3||0||163||3
!75
|-
||41||0||5||0||5||0||7||0||47||0||3||0||823||0||79||0||7||0||0||0||577||0||3||0||19||0||19||0||3||0||7||0||5||0||3||0||5||0||109||0||811||0||5||0||7||0||7||0||67||0||3||0||3||0||43||0||0||0||7||0||7||0||3||0||19||0||5||0||1277||0||7||0||11||0||5
!76
|-
||3||23||5||47||5||3||0||11||3||17||0||3||359||0||3||3||31||3||3||31||0||0||7||3||19||5||3||0||19||11||3||2861||0||7||0||7||97||113||3||67||13||0||0||0||11||3||31||7||0||5||3||3||5||3||0||0||3||3||5||3||3||401||0||5||5||0||229||5||5||0||5||3||3||229||23||19
!77
|-
||3||0||0||0||47||0||3||0||0||0||5||0||0||0||0||0||3||0||3||0||0||0||29||0||17||0||0||0||3||0||3||0||0||0||3||0||71||0||0||0||5||0||3||0||0||0||3||0||13||0||0||0||11||0||3||0||0||0||67||0||3||0||0||0||0||0||5||0||0||0||41||0||3||0||0||0||7
!78
|-
||5||29||11||71||3||167||7||0||37||997||41||3||227||1637||5||157||3||1091||17||3||17||5||5||3||47||3||3||0||31||3||619||17||5||7||7||5||13||3||7||593||3||5||211||181||3||43||3||0||31||13||47||13||7||311||379||257||5||191||0||23||19||3||3||73||3||5||7||0||3||7||179||863||389||271||3||4091||3||5
!79
|-
||3||0||149||0||0||0||31||0||53||0||5||0||43||0||0||0||613||0||5||0||3||0||0||0||0||0||13||0||11||0||67||0||617||0||0||0||3||0||2267||0||17||0||3||0||0||0||1877||0||3||0||17||0||7||0||0||0||5||0||199||0||5||0||5||0||0||0||3||0||5||0||73||0||3||0||0||0||0||0||7
!80
|-
||algebra||17||0||algebra||3||0||3||5||0||5||3||0||5||0||0||algebra||5||0||3||3||0||5||31||0||algebra||3||0||3||127||0||13||3||0||23||5||0||73||3||0||37||43||0||13||19||0||17||3||0||algebra||7||0||3||211||0||353||19||0||11||3||0||7||3||0||algebra||5||0||3||3||0||179||7||0||17||13||0||3||449||0||5||3
!81
|-
||23||0||13||0||3||0||659||0||7||0||227||0||7||0||3||0||11||0||59||0||3||0||157||0||227||0||29||0||257||0||67||0||5||0||7||0||11||0||3||0||0||0||223||0||149||0||13||0||43||0||5||0||3||0||17||0||37||0||103||0||23||0||3||0||5||0||7||0||19||0||2221||0||5||0||47||0||17||0||7||0||3
!82
|-
||5||2531||7||3||19||5||13||17||3||13||0||7||157||5||43||37||7||3||61||61||7||3||73||1451||5||53||3||311||31||13||19||7||269||3||11||3||3||13||5||19||59||17||0||17||17||3||7||3||5||1579||3||13||17||7||3||19||3||1571||11||13||5||101||3||5||173||5||19||7||3||3||5||3||7||13||59||3||41||3||3||17||3||331
!83
|-
||17||0||0||0||5||0||0||0||0||0||3||0||3||0||0||0||101||0||3||0||0||0||977||0||3||0||0||0||3||0||11||0||0||0||0||0||5||0||0||0||59||0||3||0||0||0||5||0||0||0||0||0||17||0||83||0||0||0||3||0||3||0||0||0||3||0||7||0||0||0||3||0||3||0||0||0||0||0||7||0||0||0||41
!84
|-
||5||167||3||13||0||163||41||5||7||0||7||3||0||5||0||7||0||1039||5||0||11||19||7||17||0||3||13||23||3||0||0||29||3||0||0||17||13||5||61||0||3||23||11||5||0||83||5||41||7||0||0||7||0||3||0||3||3||7||17||0||0||3||19||5||0||3||269||0||3||0||3||7||73||5||0||13||3||5||397||0||137||1879||3||179
!85
|-
||11||0||277||0||31||0||5||0||929||0||7||0||2557||0||37||0||31||0||3||0||3||0||19||0||7||0||827||0||37||0||7||0||5||0||5||0||0||0||29||0||223||0||0||0||3||0||151||0||3||0||149||0||197||0||7||0||59||0||89||0||3||0||13||0||97||0||67||0||7||0||439||0||37||0||3||0||5||0||3||0||13||0||13||0||5
!86
|-
||7||7||0||3||5||0||13||3||0||3||3||0||521||11||0||5||3||0||7||3079||0||3||3||0||3||3803||0||3||0||0||647||53||0||7||3||0||3||0||0||2239||13||0||3||13||0||3||17||0||491||3||0||3||11||0||5||19||0||0||3||0||17||811||0||5||3||0||71||269||0||5||3||0||3||3||0||7||227||0||41||3||0||109||7||0||3||3
!87
|-
||61||0||3||0||3||0||37||0||3217||0||0||0||17||0||5||0||19||0||419||0||7||0||2131||0||5||0||73||0||13||0||5||0||0||0||3||0||7||0||3||0||3||0||7||0||3||0||19||0||23||0||47||0||3||0||0||0||7||0||3||0||5||0||3||0||5||0||149||0||5||0||13||0||113||0||11||0||0||0||7||0||3||0||3||0||19||0||5
!88
|-
||3||7||11||3||1697||5||53||11||3||5||2371||3||223||59||23||3||29||11||3||59||31||5||31||163||3||37||11||3||107||3||167||11||19||613||5||3||3||53||67||5||5||131||3||151||5||0||17||67||3||5||3||5||379||3||5||5||13||3||277||37||757||5||3||3||19||5||23||5||11||3||53||3191||97||17||109||103||79||3||3||691||7||3||5||3||1433||7||5||3
!89
|-
||3||0||0||0||0||0||3||0||0||0||73||0||3||0||0||0||0||0||47||0||0||0||73||0||0||0||0||0||3||0||11||0||0||0||0||0||3||0||0||0||11||0||53||0||0||0||11||0||7||0||0||0||3||0||0||0||0||0||29||0||13||0||0||0||0||0||5||0||0||0||3||0||19||0||0||0||3||0||13||0||0||0||23||0||0||0||0||0||109
!90
|-
||4421||3||3||7||3||3||0||13||3||5||3||71||0||0||3||7||7||3||5||3||0||5||3||13||29||0||3||0||37||19||7||857||3||47||0||3||41||3||0||7||3||0||5||3||3||1553||3||557||0||3||1847||0||3||3||31||0||5||7||23||3||0||0||0||0||0||281||491||7||127||0||61||11||7||7||3||17||0||0||7||3||7||983||5||0||7||19||3||281||0||3
!91
|-
||439||0||19||0||13||0||3||0||13||0||11||0||3||0||3||0||7||0||5||0||3||0||0||0||31||0||3||0||0||0||3||0||3||0||61||0||7||0||19||0||5||0||5||0||3||0||41||0||3||0||19||0||151||0||11||0||17||0||53||0||0||0||3||0||23||0||0||0||0||0||457||0||3||0||11||0||1811||0||7||0||19||0||569||0||3||0||11||0||31||0||3
!92
|-
||7||3||0||929||5||0||3||7||0||3||7||0||389||163||0||5||5||0||5||3||0||5||3||0||47||3||0||3||0||0||0||5||0||3||17||0||43||3||0||7||3||0||1621||71||0||17||7||0||3||19||0||3||17||0||5||3||0||31||59||0||3||0||0||31||3||0||0||3||0||17||401||0||79||17||0||3||3||0||149||11||0||0||941||0||5||3||0||13||3||0||17||17
!93
|-
||5||0||3||0||5||0||7||0||7||0||107||0||67||0||11||0||3||0||11||0||3||0||3||0||5||0||5||0||19||0||31||0||811||0||19||0||7||0||71||0||19||0||7||0||3||0||0||0||17||0||3||0||31||0||5||0||3||0||3||0||53||0||0||0||101||0||149||0||353||0||3||0||113||0||61||0||3||0||43||0||3||0||19||0||89||0||43||0||997||0||11||0||3
!94
|-
||7||7||3||3||0||3||3||7||7||0||5||5||3||5||0||17||157||3||0||0||19||5||17||19||0||631||149||7||4337||0||19||19||3||3||0||211||11||0||3||0||347||3||11||0||0||3||29||3||317||0||5||13||13||157||0||0||0||13||5||0||3||7||3||5||0||7||5||151||3||0||13||37||5||157||0||0||5||7||103||0||151||3||7||3||0||53||3||5||11||0||3||5||5||61
!95
|-
||3343||0||0||0||3||0||37||0||0||0||19||0||13||0||0||0||7||0||2843||0||0||0||3||0||3||0||0||0||3||0||71||0||0||0||13||0||11||0||0||0||0||0||3||0||0||0||3||0||5||0||0||0||337||0||151||0||0||0||17||0||3||0||0||0||3||0||43||0||0||0||31||0||0||0||0||0||7||0||3||0||0||0||17||0||7||0||0||0||5||0||397||0||0||0||3
!96
|-
||17||61||11||0||7||5||2857||1009||5||41||3||53||599||67||43||19||7||59||19||401||3||19||53||11||7||4159||3||5||3||3||7||3||13||0||3||3||109||7||3||7||251||353||5||5||0||7||31||3||7||3||5||593||3||5||743||3||17||7||31||7||5||3||3||43||619||5||43||7||59||107||7||3||5||3||521||107||3||3||5||0||3||0||0||71||277||3||1163||113||383||0||23||11||41||61||31||1307
!97
|-
||13||0||3||0||5||0||0||0||3||0||0||0||3||0||3||0||787||0||3||0||0||0||71||0||5||0||3||0||43||0||17||0||11||0||0||0||11||0||3||0||0||0||3||0||13||0||7||0||0||0||3||0||7||0||5||0||3||0||19||0||149||0||0||0||5||0||7||0||13||0||311||0||7||0||5||0||0||0||167||0||3||0||17||0||31||0||137||0||17||0||0||0||3||0||157||0||7
!98
|-
||3||5||0||7||3||0||7||3||0||3||0||0||3||3||0||5||79||0||3||5||0||0||7||0||107||19||0||7||3||0||3||5||0||3||5||0||19||5||0||3||3||0||3||0||0||17||0||0||3||5||0||11||5||0||0||3||0||5||13||0||0||0||0||3||47||0||19||3||0||5||3||0||5||1531||0||179||0||0||59||3||0||13||3||0||31||7||0||0||43||0||3||17||0||3||127||0||3||709
!99
|-
||algebra||0||2237||0||0||0||5||0||algebra||0||23||0||1693||0||0||0||157||0||127||0||3||0||3||0||0||0||17||0||5||0||19||0||3||0||0||0||59||0||5||0||61||0||5||0||0||0||19||0||algebra||0||11||0||13||0||0||0||59||0||3||0||5||0||3||0||0||0||109||0||3||0||7||0||5||0||0||0||3||0||47||0||algebra||0||3||0||0||0||67||0||3||0||1069||0||19||0||0||0||17||0||5
!100
|-
||3||107||3||7||7||7||3||17||19||3||191||29||5||109||3||3||19||3||157||5||3||3||5||1291||5||7||5||13||19||7||3||521||311||11||31||109||3||19||3||67||7||11||11||13||5||3||19||5||3||19||41||31||7||37||0||17||3||3||5||3||11||3617||3||19||11||13||37||0||311||3||7||0||73||7||521||13||71||53||3||19||3||7||41||3||29||13||3||3||5||19||3||0||43||29||13||7||53||53||0||43
!101
|-
||59||0||0||0||3||0||53||0||0||0||23||0||197||0||0||0||0||0||3||0||0||0||7||0||283||0||0||0||5||0||103||0||0||0||3||0||601||0||0||0||3||0||109||0||0||0||19||0||0||0||0||0||17||0||1091||0||0||0||7||0||3||0||0||0||7||0||3||0||0||0||7||0||71||0||0||0||37||0||241||0||0||0||3||0||0||0||0||0||59||0||3||0||0||0||97||0||379||0||0||0||5
!102
|-
||19||11||17||5||3||7||47||3||3||5||3||83||11||337||3||11||67||7||13||19||5||109||17||167||17||3||61||127||3||31||13||3||991||7||3||11||17||1381||463||23||5||3||7||3||191||0||3||17||41||149||7||13||59||3||5||557||37||17||5||3||5||5||3||0||3||5||1447||0||421||5||3||3||7||47||353||157||3||37||0||7||101||797||709||3||29||3||7||0||3||0||151||3||3||0||17||5||0||3||23||181||109||13
!103
|-
||97||0||127||0||5||0||3||0||3||0||5||0||0||0||3||0||5||0||47||0||3||0||7||0||7||0||2089||0||193||0||19||0||5||0||59||0||3||0||0||0||31||0||3||0||0||0||7||0||3||0||7||0||7||0||257||0||3||0||17||0||5||0||5||0||0||0||3||0||11||0||137||0||13||0||7||0||19||0||53||0||3||0||599||0||3||0||43||0||2053||0||0||0||3||0||7||0||3||0||0||0||19||0||7
!104
|-
||3||3||0||23||0||0||0||13||0||0||3||0||11||0||0||5||3||0||3||0||0||5||5||0||0||3||0||0||311||0||3||23||0||691||0||0||23||61||0||0||3||0||3||3||0||3||3||0||0||0||0||7||7||0||0||0||0||3||5||0||19||3||0||3||0||0||3||1117||0||0||5||0||3||281||0||3||0||0||3||0||0||5||19||0||0||163||0||37||5||0||0||0||0||41||0||0||5||0||0||0||19||0||5||5
!105
|-
||149||0||11||0||23||0||17||0||5||0||631||0||43||0||3301||0||3||0||13||0||3||0||7||0||0||0||3||0||5||0||11||0||3||0||23||0||19||0||11||0||179||0||31||0||47||0||3||0||5||0||751||0||0||0||19||0||17||0||17||0||61||0||7||0||7||0||5||0||3||0||61||0||983||0||5||0||17||0||313||0||11||0||7||0||103||0||3||0||3||0||571||0||97||0||47||0||13||0||3||0||3||0||7||0||3
!106
|-
||17||19||3||17||2707||7||37||5||5||3||5||17||3||167||59||3||0||397||7||733||7||13||13||3||13||373||7||53||31||3||3||7||3||7||43||5||797||19||7||13||5||3||239||5||3||499||53||7||17||7||3||3||73||3||3||269||73||3||43||5||103||43||3||7||157||7||7||7||3||7||1061||3||11||17||109||3||211||5||227||5||19||3||17||73||2473||821||0||17||5||3||647||71||5||37||11||3||3||7||5||19||23||19||193||5||7||0
!107
|-
||449||0||0||0||7||0||5||0||0||0||3||0||1213||0||0||0||3||0||101||0||0||0||7||0||31||0||0||0||7||0||3||0||0||0||0||0||3||0||0||0||19||0||11||0||0||0||7||0||151||0||0||0||3691||0||7||0||0||0||3||0||11||0||0||0||7||0||487||0||0||0||3||0||3||0||0||0||5||0||3||0||0||0||7||0||3||0||0||0||0||0||107||0||0||0||3||0||5||0||0||0||197||0||479||0||0||0||59
!108
|-
||17||157||5||0||3||0||13||499||2437||5||97||5||107||229||59||5||19||0||17||3||5||563||61||3||73||3||89||19||2027||599||5||31||3||2273||3||139||5||3||1471||17||0||3||5||31||37||17||3||3||19||13||0||103||271||7||5||3||197||1657||11||13||13||3||3||17||23||3||5||3||0||587||5||7||41||3||67||19||3||11||47||5||3||199||3||7||11||19||3||919||53||569||5||139||5||7||17||23||7||41||7||149||3||3||7||3||3||2129||89||3
!109
|-
||3||0||359||0||0||0||3||0||3||0||0||0||17||0||0||0||5||0||3||0||3||0||17||0||0||0||157||0||19||0||5||0||0||0||0||0||3||0||3||0||37||0||3||0||0||0||19||0||3||0||5||0||0||0||0||0||5||0||5||0||3||0||5||0||0||0||5||0||97||0||5||0||0||0||0||0||0||0||3||0||71||0||5||0||0||0||5||0||13||0||3||0||19||0||0||0||17||0||0||0||5||0||3||0||0||0||5||0||5
!110
|-
||3||3||0||3||7||0||3||31||0||13||7||0||3||3||0||227||61||0||331||23||0||863||19||0||13||103||0||19||3||0||43||2083||0||5||3||0||0||13||0||7||3||0||317||3||0||3||11||0||3||661||0||2339||3||0||197||3||0||3||101||0||7||11||0||19||3||0||3||211||0||19||3||0||5||0||0||3023||7||0||113||43||0||223||457||0||7||0||0||3||7||0||3||7||0||23||3||0||3||3||0||71||37||0||0||29||0||3||5||0||13||5
!111
|-
||79||0||3||0||5||0||0||0||3||0||5||0||151||0||3||0||3||0||23||0||0||0||3||0||0||0||7||0||3||0||7||0||7||0||0||0||7||0||3||0||7||0||379||0||3||0||0||0||0||0||3||0||607||0||11||0||7||0||11||0||61||0||0||0||3||0||17||0||3||0||3||0||17||0||61||0||0||0||37||0||5||0||3||0||11||0||7||0||11||0||0||0||1427||0||13||0||19||0||5||0||3||0||5||0||0||0||3||0||7||0||113
!112
|-
||23||5||31||67||13||5||157||137||0||3||5||107||3||47||419||53||67||229||3||29||3||3||7||3||1697||11||151||307||11||5||1399||13||53||17||5||3||101||821||5||7||37||41||3||17||41||13||2017||73||3||5||23||5||19||3||5||31||41||1619||17||17||5||11||3||3||5||17||67||17||7||3||17||11||3||5||17||167||857||151||37||0||37||3||19||5||3||7||3||13||67||3||3||13||11||13||5||3||59||19||3||139||127||877||7||157||109||3||83||3||5||19||3||5
!113
|-
||29||0||0||0||3||0||79||0||0||0||7||0||11||0||0||0||7||0||0||0||0||0||53||0||29||0||0||0||0||0||3||0||0||0||3||0||3||0||0||0||29||0||7||0||0||0||3||0||3||0||0||0||23||0||3||0||0||0||3||0||3||0||0||0||3||0||0||0||0||0||19||0||3||0||0||0||11||0||0||0||0||0||3||0||7||0||0||0||3||0||41||0||0||0||0||0||19||0||0||0||5||0||5||0||0||0||3||0||2917||0||0||0||2089
!114
|-
||7||7||17||61||0||0||59||5||3||0||47||7||43||3||0||97||59||3||5||0||59||5||0||3||0||257||7||5||3||0||17||3||17||13||0||3||17||101||3||0||13||3||19||0||0||0||13||7||19||0||5||71||3||11||0||29||3||211||31||0||31||5||3||3371||0||3||73||11||0||0||3||61||11||3||0||11||31||3||19||0||3||19||19||7||0||7||5||139||19||0||11||0||3||13||0||11||751||11||5||0||5||31||13||17||0||151||3||3||5||0||0||271||31||139
!115
|-
||59||0||5||0||5||0||23||0||73||0||499||0||19||0||7||0||5||0||7||0||3||0||5||0||3||0||3||0||0||0||3||0||7||0||79||0||0||0||3||0||61||0||19||0||13||0||11||0||839||0||7||0||479||0||3||0||11||0||7||0||13||0||3||0||29||0||3||0||23||0||17||0||3||0||107||0||17||0||31||0||151||0||13||0||97||0||0||0||17||0||59||0||37||0||0||0||31||0||5||0||47||0||3||0||5||0||11||0||151||0||3||0||1031||0||269
!116
|-
||3||7||0||3||19||0||3||7||0||331||0||0||0||127||0||3||29||0||3||5||0||3||5||0||3||0||0||3||3||0||13||3||0||11||3||0||3||3659||0||5||13||0||17||3||0||3||3||0||5||3||0||0||3||0||5||0||0||7||5||0||3||89||0||31||0||0||3||19||0||149||11||0||5||3||0||11||3||0||3||19||0||31||13||0||3||3||0||3||59||0||0||3||0||17||3||0||239||3||0||5||7||0||5||0||0||1283||3||0||0||17||0||67||3||0||53||0
!117
|-
||5||0||47||0||7||0||19||0||0||0||5||0||13||0||3||0||11||0||13||0||3||0||3||0||71||0||3||0||7||0||7||0||7||0||13||0||5||0||3||0||3||0||113||0||0||0||7||0||239||0||3||0||11||0||5||0||3||0||0||0||1759||0||53||0||3||0||11||0||19||0||5||0||2999||0||113||0||5||0||19||0||17||0||389||0||37||0||2081||0||11||0||5||0||3||0||3||0||1823||0||3||0||19||0||67||0||3||0||19||0||29||0||3||0||0||0||0||0||7
!118
|-
||3||149||31||3||17||31||0||5||3||3||83||3||3||0||7||0||0||859||3889||17||0||13||23||61||3||0||13||0||13||19||2999||1721||11||0||0||109||29||937||3||3||7||0||5||7||809||3||7||227||0||2729||0||3||13||7||5||0||0||31||7||29||11||41||0||3||5||3||23||0||43||0||659||5||43||37||3||7||0||3||3||17||17||3||7||0||0||0||3||3||11||3||0||19||197||3||17||11||29||0||23||3||13||0||19||13||0||3||383||3||19||0||43||0||7||7||73||619||5||13
!119
|-
||5||0||0||0||0||0||3||0||0||0||1283||0||73||0||0||0||3||0||3||0||0||0||7||0||0||0||0||0||139||0||3||0||0||0||0||0||23||0||0||0||3||0||43||0||0||0||5||0||0||0||0||0||3331||0||0||0||0||0||11||0||31||0||0||0||0||0||17||0||0||0||3||0||67||0||0||0||3||0||19||0||0||0||3||0||0||0||0||0||7||0||3||0||0||0||0||0||3||0||0||0||3||0||3||0||0||0||7||0||0||0||0||0||13||0||0||0||0||0||3
!120
|-
||algebra||3||3||algebra||3||467||7||17||algebra||7||0||479||59||41||5||algebra||3||7||7||0||3||0||0||3||algebra||7||3||5||5||11||0||7||0||7||3||algebra||181||71||5||5||3||3||7||0||3||7||17||13||algebra||13||61||103||11||3||0||29||43||19||3||7||13||199||439||algebra||3||0||17||5||3||5||89||3||13||5||19||7||0||7||11||13||algebra||7||3||5||5||3||0||0||3||571||53||659||3||23||7||37||569||7||0||algebra||7||47||173||37||3||7||739||3||79||0||11||211||709||23||5||17||3||113||3||5
!121
|-
||5||0||3||0||73||0||3||0||3||0||151||0||5||0||601||0||17||0||5||0||7||0||31||0||4483||0||7||0||5||0||11||0||643||0||5||0||149||0||3||0||1847||0||5||0||17||0||199||0||7||0||13||0||1163||0||11||0||3||0||139||0||0||0||3||0||5||0||337||0||1609||0||19||0||5||0||7||0||0||0||3||0||3||0||31||0||3||0||13||0||19||0||3||0||113||0||43||0||0||0||17||0||397||0||37||0||19||0||79||0||3||0||5||0||811||0||3||0||61||0||11||0||5
!122
|-
||43||5||0||19||5||0||613||7||0||7||3||0||0||3||0||83||3||0||3||3||0||7||11||0||5||13||0||151||31||0||5||3||0||7||197||0||7||3||0||3||0||0||827||5||0||293||13||0||3||61||0||3||149||0||3||3||0||199||3||0||0||19||0||5||11||0||5||0||0||7||7||0||3||47||0||3||3||0||17||7||0||0||47||0||487||11||0||19||3||0||3||5||0||3||3||0||3||3||0||19||5||0||2999||3||0||19||17||0||13||3||0||547||0||0||3||3||0||151||19||0||5||7
!123
|-
||599||0||5||0||11||0||7||0||3||0||149||0||7||0||0||0||7||0||13||0||5||0||3||0||7||0||0||0||3||0||0||0||11||0||5||0||7||0||389||0||13||0||5||0||19||0||547||0||229||0||7||0||11||0||353||0||3||0||233||0||1279||0||5||0||11||0||1129||0||103||0||3||0||5||0||19||0||3||0||31||0||3||0||19||0||5||0||17||0||71||0||0||0||0||0||7||0||59||0||19||0||0||0||293||0||5||0||3||0||197||0||17||0||3||0||41||0||3||0||3||0||709||0||3
!124
|-
||algebra||11||2371||3||0||3||7||algebra||3||0||5||19||3||31||0||3||19||3||5||0||3||3||37||11||0||5||algebra||149||5||0||139||0||103||3||0||31||7||263||0||0||3923||3||5||5||0||7||7||3||3||0||19||47||0||0||0||17||3||0||7||0||37||263||13||algebra||0||13||17||37||37||0||59||0||0||19||0||0||7||0||3||0||773||7||5||3||0||31||5||3||7||0||3||5||3||61||0||43||3||5||5||0||19||11||5||13||0||3||5||211||3||0||127||3||13||683||0||5||137||97||41||0||23||37||0||0
!125
|-
||7||0||0||0||5||0||0||0||0||0||3||0||3||0||0||0||3||0||7||0||0||0||13||0||13||0||0||0||0||0||3||0||0||0||0||0||0||0||0||0||73||0||3||0||0||0||3||0||0||0||0||0||433||0||53||0||0||0||7||0||3||0||0||0||5||0||3||0||0||0||3||0||3||0||0||0||0||0||7||0||0||0||3||0||3||0||0||0||7||0||0||0||0||0||3||0||3||0||0||0||3||0||11||0||0||0||5||0||3||0||0||0||461||0||3||0||0||0||0||0||3||0||0||0||3
!126
|-
||5||379||3||19||5||3||2749||3||47||859||13||0||29||5||17||5||853||137||31||3||3||89||71||3||7||3||3||13||139||101||31||97||17||37||3||3||7||13||0||47||3||3||31||29||3||31||23||13||0||3||137||2467||317||3||13||7||11||5||3||5||43||3||3||43||173||3||7||3||103||457||3||0||0||349||47||97||13||3||13||5||11||7||7||11||43||499||3||19||3||0||43||3||5||7||19||3||0||13||17||17||3||811||41||3||7||1447||11||5||0||31||433||2711||109||71||5||31||7||37||3||11||5||3||31||107||3||41
!127
|-
||algebra||0||7||0||223||0||19||0||61||0||5||0||3||0||11||0||1361||0||7||0||59||0||17||0||0||0||5||0||7||0||3||0||23||0||7||0||11||0||0||0||59||0||7||0||3||0||167||0||3||0||467||0||0||0||3||0||0||0||19||0||11||0||7||0||19||0||0||0||5||0||5||0||17||0||5||0||0||0||11||0||17||0||11||0||17||0||3||0||317||0||3||0||241||0||191||0||137||0||5||0||151||0||3||0||3||0||17||0||3041||0||31||0||13||0||7||0||7||0||151||0||61||0||17||0||619||0||59
!128
|-
