1025: 6, 158, 454,
1026: 4, 15, 27, 180, 912,
1027: 3, 52, 57, 659,
1028: 6, 666, 702,
1029: 17, 21, 45, 242, 275,
1030: 1, 21, 255,
1031: 10, 14, 32, 44, 60, 154, 462,
1032: 3, 20, 179,
1033:
1034: 2, 6, 14, 198, 896, 926,
1035: 92, 116, 207,
1036: 9, 12, 23, 36, 48, 213, 531,
1037: 12, 152, 284,
1038: 4, 41, 78, 106, 132, 220, 508,
1039: 2, 5, 8, 11, 345, 465, 558,
1040: 28,
1041: 2, 6, 26, 66, 77,
1042: 1, 15, 24,
1043: 4, 16, 176, 240,
1044: 2, 3, 275,
1045: 2, 18, 48, 773, 959,
1046: 16,
1047: 4, 573,
1048:
1049: 4,
1050: 3, 32, 114,
1051: 6, 62,
1052: 4, 20, 144,
1053: 33, 132, 402, 822,
1054: 34, 96, 234, 364, 796,
1055:
1056: 2, 11, 16, 584, 990,
1057: 28, 75, 184, 459, 584,
1058:
1059: 1, 90, 630,
1060: 2, 105, 162,
1061:
1062: 4, 16, 171,
1063: 952,
1064: 254,
1065: 4, 48, 201, 345, 383, 731,
1066: 1, 2, 4, 26, 29, 466,
1067:
1068: 1,
1069: 4, 12, 29, 76, 188,
1070: 52, 390,
1071: 1, 41, 86, 90, 143, 180, 366, 489,
1072: 137,
1073: 8, 22, 80, 128, 304,
1074: 6, 44,
1075: 1, 30, 40, 69,
1076: 10, 194,
1077: 3, 460,
1078: 1, 4, 154, 252, 552, 797,
1079:
1080: 2, 102,
1081: 5, 9, 57, 69, 257, 519,
1082:
1083: 14, 60, 260, 404, 754, 908,
1084: 2, 4, 10, 27, 778,
1085: 14, 22,
1086: 15, 761,
1087: 71,
1088: 2, 10, 12, 780, 834,
1089:
1090: 5, 11, 18, 87,
1091: 4, 12, 70,
1092: 1, 599,
1093: 1, 832,
1094: 284, 752,
1095: 2, 21, 160,
1096: 10, 21,
1097: 608,
1098: 1,
1099: 1, 2, 6, 17, 780,
1100: 2, 52, 102,
1101: 2, 10, 81,
1102: 8, 23, 221,
1103:
1104: 2, 4, 5, 39, 105,
1105: 18, 39,
1106: 6, 8, 12, 14, 226, 490,
1107: 3, 11, 17, 21, 207,
1108: 1, 20, 77,
1109: 64,
1110: 4, 363, 453,
1111: 6, 10, 23, 772,
1112:
1113: 53, 89, 614,
1114: 24, 82, 89,
1115:
1116: 23, 50,
1117: 1,
1118: 2,
1119: 1, 3, 10, 693, 824,
1120: 5, 53, 963,
1121: 2, 14, 30, 68, 176,
1122: 3, 9, 12, 20, 72,
1123: 42, 206, 472, 489, 764,
1124: 262,
1125: 405,
1126: 1, 6, 34, 429, 437,
1127: 24, 100,
1128: 5, 18, 98,
1129: 12, 41,
1130: 40, 90,
1131: 1, 124,
1132: 5, 40,
1133: 2, 10, 24,
1134: 1, 10, 12, 68,
1135: 2, 4, 27, 32, 53, 63, 144, 371,
1136: 16,
1137: 396, 692,
1138: 6,
1139: 4, 6, 12, 18, 46,
1140: 3, 23, 33, 75,
1141: 14, 15, 39, 130, 168,
1142:
1143: 1, 4, 10, 65, 120, 204, 296,
1144: 437, 896,
1145:
1146: 2, 9, 440,
1147: 1, 287, 652,
1148: 12, 24, 56,
1149: 1, 5, 15, 24, 108, 348,
1150: 1, 256, 628,
1151: 2,
1152:
1153: 486, 989,
1154: 386,
1155: 2, 3, 4, 11, 24, 149, 174,
1156: 6, 23, 60, 74,
1157: 4, 12, 76,
1158: 16,
1159: 108, 165, 772,
1160: 18, 24, 34,
1161: 246, 897,
1162: 12, 36,
1163: 2, 140,
1164: 1, 448, 486,
1165:
1166: 12, 48,
1167: 5, 92, 748,
1168: 18, 77, 177,
1169: 40,
1170: 23, 29, 51, 152, 528,
1171: 4, 5, 28, 60, 174, 417,
1172:
1173: 6, 46, 354,
1174: 22, 39, 323,
1175: 6, 18, 34, 334,
1176: 4, 8, 20, 164,
1177: 3, 16, 99, 171, 864,
1178: 4, 38, 62, 338,
1179: 2, 10, 21,
1180: 6, 10, 106, 144, 330,
1181: 12, 60, 84, 1002,
1182: 1, 35, 456,
1183: 1, 4, 6, 8, 16, 20,
1184: 2, 16, 32,
1185: 4, 28, 192, 231, 992,
1186: 3, 15, 65, 443, 706, 728,
1187:
1188: 5, 9, 10,
1189: 4, 8, 10, 668, 714,
1190: 6, 10, 14, 496,
1191: 124, 214,
1192: 1, 3, 111,
1193: 2, 6, 98, 958,
1194: 1, 450,
1195: 3, 9, 14, 71,
1196: 288,
1197: 1, 3, 5, 36, 116,
1198: 4, 24, 26, 80, 94, 108, 200,
1199: 30,
1200: 24, 26,
1201: 1, 48,
1202: 4,
1203: 1, 804,
1204: 3, 65,
1205: 14, 16,
1206: 4, 6, 11, 34,
1207: 3, 268, 868,
1208: 210,
1209: 17, 27, 32, 45, 120, 410,
1210: 1, 14, 18, 50, 70, 83, 275,
1211:
1212: 3, 27, 52, 549,
1213: 324,
1214: 270,
1215: 36, 42,
1216: 16, 21, 138, 644,
1217: 200, 464,
1218: 1, 4, 5, 10, 929, 932,
1219: 18, 33, 114,
1220: 492, 1000,
1221: 2, 3, 183, 560, 646,
1222: 1, 3, 75, 84, 423,
1223: 2,
1224: 5, 17, 41,
1225: 15,
1226: 2,
1227: 216, 525,
1228: 10, 20, 36, 152, 566,
1229: 198, 250,
1230: 3, 4, 9, 10, 41,
1231: 1, 196,
1232:
1233: 10, 34,
1234: 3, 6, 10, 11, 62, 71, 318,
1235: 6, 16,
1236: 27, 204, 528,
1237: 24, 33, 44, 104, 160, 684,
1238: 18, 66, 102, 112,
1239: 2, 27, 56,
1240: 23, 45,
1241: 6, 900,
1242: 3, 17, 53, 124, 128, 209, 255, 688,
1243: 24, 64,
1244: 4, 1010,
1245: 2, 4, 41, 90, 190, 740,
1246: 242, 315,
1247: 32, 40,
1248: 4, 185, 741,
1249: 24, 201,
1250:
1251: 10, 24, 53, 60, 95,
1252: 4, 5, 36, 456,
1253: 6, 80, 306, 636,
1254: 2,
1255: 1, 2, 3, 30, 125,
1256: 106, 242, 260,
1257: 1, 9,
1258: 9, 17, 342, 990,
1259: 58, 774,
1260: 10, 742, 800,
1261: 1, 2, 5, 17, 231, 255,
1262: 952,
1263: 10,
1264: 1, 15, 46, 364,
1265: 16, 30,
1266: 8, 82, 84, 449,
1267: 101, 120, 124,
1268: 4, 46, 100, 104, 442,
1269: 5, 26, 36, 74, 88, 144, 184, 228, 252,
1270: 2, 35, 143,
1271: 220,
1272:
1273: 1, 4, 9, 14, 981,
1274: 398, 738,
1275: 1, 20, 56, 71,
1276: 1, 3, 11, 22, 23,
1277:
1278: 402,
1279: 2, 4, 640,
1280: 168,
1281: 4, 34, 36,
1282: 1, 5,
1283: 54, 130,
1284: 2, 5, 78, 208,
1285: 4, 9,
1286: 176,
1287: 15, 27,
1288: 5, 129, 422, 630,
1289: 206,
1290: 20, 24,
1291: 9, 71, 137, 880,
1292:
1293: 6, 90, 692,
1294: 72,
1295: 4,
1296: 1, 4, 14, 15, 129, 590,
1297: 3, 20, 53, 113, 152, 549,
1298: 2, 10,
1299: 3, 30,
1300: 100, 107, 434,
1301: 2, 314,
1302: 12, 20, 36, 365, 447,
1303: 17, 188,
1304: 56,
1305: 4, 5, 36, 65, 172,
1306:
1307: 48,
1308: 2, 6, 14, 28,
1309: 1, 2, 6, 161, 509,
1310: 24, 60,
1311: 42, 46, 47, 210, 897,
1312: 4, 11, 15,
1313: 4, 42, 424, 640,
1314: 5, 48,
1315: 1, 3, 32, 504,
1316: 14, 96, 186,
1317: 52,
1318: 1, 88, 408,
1319: 8, 14, 76, 104,
1320: 4, 9,
1321: 3,
1322: 4, 8,
1323: 2, 45, 161,
1324: 1, 2, 3, 4, 54, 311,
1325: 4, 12, 14, 104, 296, 378, 802,
1326: 20, 80, 84, 483, 536,
1327:
1328: 2,
1329: 6, 28, 38, 68, 166, 354,
1330: 4, 80, 917,
1331:
1332: 1, 104,
1333: 21, 273,
1334: 120,
1335: 9, 12, 16, 22,
1336: 6, 12, 63,
1337:
1338: 30,
1339: 34, 35, 231,
1340: 18,
1341: 1, 46,
1342: 3, 27, 305, 316,
1343: 8,
1344: 1, 10, 50,
1345: 162,
1346: 14, 34,
1347: 3, 71, 83, 117, 296, 881,
1348: 21,
1349: 22, 152,
1350: 1, 4, 10, 14,
1351: 4, 24, 66, 93, 416, 443,
1352: 196,
1353: 1, 81, 189, 382,
1354: 9, 50, 1010,
1355:
1356: 4, 6,
1357: 3, 24, 29, 81, 197, 779,
1358:
1359: 14, 16, 140,
1360: 1, 9, 15, 81, 82,
1361: 8, 38,
1362: 33,
1363: 24, 246,
1364: 78, 732,
1365: 1, 9, 62, 557, 730,
1366: 1, 8, 9, 848,
1367: 4, 56, 64,
1368: 2, 5, 8, 36, 142, 245,
1369: 4,
1370: 4, 96,
1371: 29, 474,
1372: 3,
1373: 6, 98,
1374: 1, 6, 8, 26, 236,
1375: 2, 24, 236,
1376: 384,
1377: 87, 429,
1378: 2, 201,
1379:
1380: 47,
1381: 1, 2, 4, 11, 20, 53,
1382: 4, 40, 296,
1383: 138, 502,
1384: 3, 15,
1385: 14, 40,
1386: 6, 11, 53, 184,
1387: 1, 75, 81, 101, 111, 296,
1388: 8, 178, 530,
1389: 34, 42, 130, 155, 382,
1390: 102, 285, 328,
1391: 2, 26, 174,
1392: 11, 155,
1393: 1, 2, 4, 9, 21, 33, 65, 93, 332, 640,
1394: 4, 22, 100, 1000,
1395: 8, 190,
1396: 34, 42,
1397: 52,
1398: 38,
1399: 20, 740,
1400: 4, 16, 406,
1401: 72,
1402: 1, 3, 9, 17,
1403: 8, 28, 956,
1404: 3, 75,
1405: 18, 27, 45, 52, 93, 117, 292, 382,
1406: 16, 518,
1407: 9, 124,
1408: 5, 77,
1409:
1410: 2, 8, 29, 72, 77, 401, 546,
1411:
1412: 12, 40, 112,
1413: 9, 82, 449,
1414: 11, 12, 68, 148, 188, 210, 508, 626,
1415: 2,
1416: 1, 842,
1417: 4, 16, 143, 144, 239,
1418: 4, 766,
1419: 3, 128,
1420: 2, 3, 4, 78, 83, 996,
1421: 14,
1422: 1, 57, 69, 132,
1423: 1, 190,
1424: 4, 34, 246, 504,
1425: 21,
1426: 5, 51, 116, 172, 843,
1427:
1428: 1, 336, 950,
1429: 3, 18, 29, 364,
1430: 18,
1431: 2, 624,
1432: 63, 93, 792,
1433: 2,
1434: 724,
1435: 1, 2, 9, 16, 52, 393, 711,
1436: 2, 4, 20, 26, 300,
1437: 4, 20,
1438: 5, 209,
1439: 6, 24, 936,
1440: 30, 33,
1441: 1, 23, 36, 42, 45, 720,
1442:
1443: 1, 2,
1444: 1, 27, 32,
1445: 2, 4, 82, 116,
1446: 1002,
1447: 333,
1448: 4,
1449: 1, 5, 214, 519,
1450: 1, 14, 93,
1451: 2, 12, 448,
1452: 87,
1453: 78, 474,
1454: 78,
1455: 1, 35, 89, 206,
1456: 2, 32, 726, 808,
1457: 36,
1458: 2, 12, 62, 218,
1459: 2, 3, 44,
1460: 52,
1461: 5, 15,
1462: 676,
1463: 4, 10,
1464: 15, 122, 664,
1465: 3, 16, 21, 824,
1466: 4, 400,
1467: 3,
1468: 2, 4, 22, 820,
1469: 6, 12, 62, 828,
1470: 2, 3, 5, 321, 420, 424,
1471: 4, 40, 50, 449,
1472:
1473: 708,
1474: 1, 4, 24, 70,
1475: 222, 544,
1476: 1, 2, 3, 32, 70, 284,
1477: 147,
1478: 2, 8, 88,
1479: 3, 9, 24, 117, 165, 474, 965,
1480: 2, 3, 15, 21, 46, 390,
1481:
1482: 11, 251,
1483:
1484:
1485: 1, 11, 112, 119, 144, 174,
1486: 12, 501,
1487:
1488: 1, 4,
1489: 4, 5, 17, 38, 113, 201, 662, 986,
1490: 2, 10, 60, 84, 98, 110,
1491: 11, 17, 32, 35,
1492: 3, 16, 27, 545,
1493: 690,
1494: 4, 30,
1495: 1, 39, 54,
1496: 6, 86, 508,
1497: 16, 501,
1498:
1499: 2, 4, 124,
1500: 3, 5, 12, 16, 26, 82, 154, 322, 892,
1501: 18, 35, 90, 276,
1502: 276,
1503: 2, 5, 216, 329,
1504: 3, 10, 17, 22,
1505: 36, 440,
1506: 1, 3, 5, 75,
